# Target Z    :  13
# Target A    :  27
# Target state:  
# Projectile  : p
# Reaction    : (p,n')    
# Final state :  
# Quantity    : Cross section
# Frame       : L
# MF          :    3
# MT          :    4
# X4 ID       : F0007003 
# X4 code     : 13-AL-27(P,N)14-SI-27,,SIG
# Author      : Sekharan                 
# Year        : 1976
# Data points :     89
#    E(MeV)       xs(mb)      dxs(mb)     dE(MeV)      Evaluation  C/E(F)      Chi-2     Delta(mb)
  5.64900E+00  3.10000E-02  1.24000E-03  0.00000E+00  1.07627E+01   347.2      7.4902E+07   10.73              
  5.70000E+00  7.50000E-02  3.00000E-03  0.00000E+00  1.16084E+01   154.8      1.4780E+07   11.53              
  5.74900E+00  4.10000E-02  1.64000E-03  0.00000E+00  1.24210E+01   303.0      5.6984E+07   12.38              
  5.78300E+00  5.00000E-03  2.00000E-04  0.00000E+00  1.29849E+01   2597.      4.2119E+09   12.98              
  5.78700E+00  4.40000E-02  1.76000E-03  0.00000E+00  1.30512E+01   296.6      5.4619E+07   13.01              
  5.79600E+00  8.40000E-02  3.36000E-03  0.00000E+00  1.32005E+01   157.1      1.5239E+07   13.12              
  5.80100E+00  2.02000E-01  8.08000E-03  0.00000E+00  1.32834E+01   65.76      2.6211E+06   13.08              
  5.80700E+00  3.19000E-01  1.27600E-02  0.00000E+00  1.33829E+01   41.95      1.0482E+06   13.06              
  5.81100E+00  5.14000E-01  2.05600E-02  0.00000E+00  1.34492E+01   26.17      3.9582E+05   12.94              
  5.81500E+00  7.88000E-01  3.15200E-02  0.00000E+00  1.35156E+01   17.15      1.6305E+05   12.73              
  5.82100E+00  1.25600E+00  5.02400E-02  0.00000E+00  1.36151E+01   10.84      6.0516E+04   12.36              
  5.82600E+00  1.60700E+00  6.42800E-02  0.00000E+00  1.36980E+01   8.524      3.5381E+04   12.09              
  5.83000E+00  1.80300E+00  7.21200E-02  0.00000E+00  1.37643E+01   7.634      2.7507E+04   11.96              
  5.83700E+00  2.03700E+00  8.14800E-02  0.00000E+00  1.38804E+01   6.814      2.1128E+04   11.84              
  5.84600E+00  2.77900E+00  1.11160E-01  0.00000E+00  1.40296E+01   5.048      1.0244E+04   11.25              
  5.85700E+00  4.37800E+00  1.75120E-01  0.00000E+00  1.42121E+01   3.246       3154.       9.834              
  5.86900E+00  6.75800E+00  2.70320E-01  0.00000E+00  1.44111E+01   2.132       801.5       7.653              
  5.87800E+00  8.24000E+00  3.29600E-01  0.00000E+00  1.45603E+01   1.767       367.7       6.320              
  5.88900E+00  7.03300E+00  2.81320E-01  0.00000E+00  1.47427E+01   2.096       751.1       7.710              
  5.89900E+00  6.21500E+00  2.48600E-01  0.00000E+00  1.49086E+01   2.399       1223.       8.694              
  5.91000E+00  6.99600E+00  2.79840E-01  0.00000E+00  1.50910E+01   2.157       836.8       8.095              
  5.92000E+00  1.00400E+01  4.01600E-01  0.00000E+00  1.52568E+01   1.520       168.7       5.217              
  5.93000E+00  1.35900E+01  5.43600E-01  0.00000E+00  1.54227E+01   1.135       11.37       1.833              
  5.94000E+00  1.68200E+01  6.72800E-01  0.00000E+00  1.55885E+01  0.9268       3.350       1.232              
  5.95100E+00  1.86600E+01  7.46400E-01  0.00000E+00  1.57709E+01  0.8452       14.98       2.889              
  5.96100E+00  1.79600E+01  7.18400E-01  0.00000E+00  1.59367E+01  0.8873       7.932       2.023              
  5.97100E+00  1.64000E+01  6.56000E-01  0.00000E+00  1.61026E+01  0.9819      0.2056      0.2974              
  5.98300E+00  1.62400E+01  6.49600E-01  0.00000E+00  1.63016E+01   1.004      8.9850E-03  6.1575E-02          
  5.98600E+00  1.81100E+01  7.24400E-01  0.00000E+00  1.63513E+01  0.9029       5.894       1.759              
  5.99300E+00  2.35300E+01  9.41200E-01  0.00000E+00  1.64674E+01  0.6998       56.31       7.063              
  5.99700E+00  2.76300E+01  1.10520E+00  0.00000E+00  1.65338E+01  0.5984       100.8       11.10              
  6.00200E+00  2.96600E+01  1.18640E+00  0.00000E+00  1.66415E+01  0.5611       120.4       13.02              
  6.00800E+00  3.00900E+01  1.20360E+00  0.00000E+00  1.68154E+01  0.5588       121.6       13.27              
  6.01300E+00  2.84900E+01  1.13960E+00  0.00000E+00  1.69603E+01  0.5953       102.4       11.53              
  6.01700E+00  2.62700E+01  1.05080E+00  0.00000E+00  1.70762E+01  0.6500       76.55       9.194              
  6.02300E+00  2.43600E+01  9.74400E-01  0.00000E+00  1.72501E+01  0.7081       53.24       7.110              
  6.02900E+00  2.29900E+01  9.19600E-01  0.00000E+00  1.74240E+01  0.7579       36.63       5.566              
  6.03400E+00  2.19800E+01  8.79200E-01  0.00000E+00  1.75689E+01  0.7993       25.17       4.411              
  6.03800E+00  2.15100E+01  8.60400E-01  0.00000E+00  1.76849E+01  0.8222       19.76       3.825              
  6.04400E+00  2.08900E+01  8.35600E-01  0.00000E+00  1.78588E+01  0.8549       13.16       3.031              
  6.05100E+00  2.00300E+01  8.01200E-01  0.00000E+00  1.80617E+01  0.9017       6.036       1.968              
  6.05500E+00  1.95600E+01  7.82400E-01  0.00000E+00  1.81776E+01  0.9293       3.122       1.382              
  6.05900E+00  1.89400E+01  7.57600E-01  0.00000E+00  1.82935E+01  0.9659      0.7281      0.6465              
  6.06800E+00  1.88600E+01  7.54400E-01  0.00000E+00  1.85544E+01  0.9838      0.1641      0.3056              
  6.07100E+00  1.85500E+01  7.42000E-01  0.00000E+00  1.86413E+01   1.005      1.5153E-02  9.1339E-02          
  6.07600E+00  1.82000E+01  7.28000E-01  0.00000E+00  1.87863E+01   1.032      0.6485      0.5863              
  6.08300E+00  1.73100E+01  6.92400E-01  0.00000E+00  1.89891E+01   1.097       5.881       1.679              
  6.08900E+00  1.78100E+01  7.12400E-01  0.00000E+00  1.91630E+01   1.076       3.607       1.353              
  6.09300E+00  1.97200E+01  7.88800E-01  0.00000E+00  1.92790E+01  0.9776      0.3126      0.4410              
  6.09700E+00  2.35800E+01  9.43200E-01  0.00000E+00  1.93949E+01  0.8225       19.69       4.185              
  6.10300E+00  2.57300E+01  1.02920E+00  0.00000E+00  1.95688E+01  0.7605       35.84       6.161              
  6.10900E+00  2.62000E+01  1.04800E+00  0.00000E+00  1.97427E+01  0.7535       37.96       6.457              
  6.11300E+00  2.50300E+01  1.00120E+00  0.00000E+00  1.98586E+01  0.7934       26.68       5.171              
  6.11900E+00  2.23800E+01  8.95200E-01  0.00000E+00  2.00325E+01  0.8951       6.876       2.347              
  6.12400E+00  1.98000E+01  7.92000E-01  0.00000E+00  2.01775E+01   1.019      0.2272      0.3775              
  6.12900E+00  1.72300E+01  6.89200E-01  0.00000E+00  2.03224E+01   1.179       20.13       3.092              
  6.13400E+00  1.51300E+01  6.05200E-01  0.00000E+00  2.04673E+01   1.353       77.78       5.337              
  6.14000E+00  1.34900E+01  5.39600E-01  0.00000E+00  2.06412E+01   1.530       175.6       7.151              
  6.14500E+00  1.24400E+01  4.97600E-01  0.00000E+00  2.07861E+01   1.671       281.3       8.346              
  6.14800E+00  1.16200E+01  4.64800E-01  0.00000E+00  2.08731E+01   1.796       396.3       9.253              
  6.15700E+00  1.17400E+01  4.69600E-01  0.00000E+00  2.11339E+01   1.800       400.2       9.394              
  6.16200E+00  1.36900E+01  5.47600E-01  0.00000E+00  2.12788E+01   1.554       192.1       7.589              
  6.16600E+00  1.50500E+01  6.02000E-01  0.00000E+00  2.13948E+01   1.422       111.1       6.345              
  6.17500E+00  1.51300E+01  6.05200E-01  0.00000E+00  2.16556E+01   1.431       116.3       6.526              
  6.17700E+00  1.41200E+01  5.64800E-01  0.00000E+00  2.17136E+01   1.538       180.8       7.594              
  6.18200E+00  1.24400E+01  4.97600E-01  0.00000E+00  2.18585E+01   1.757       358.3       9.419              
  6.18900E+00  1.06100E+01  4.24400E-01  0.00000E+00  2.20614E+01   2.079       728.1       11.45              
  6.19300E+00  9.71300E+00  3.88520E-01  0.00000E+00  2.21773E+01   2.283       1029.       12.46              
  6.19700E+00  1.00300E+01  4.01200E-01  0.00000E+00  2.22933E+01   2.223       934.3       12.26              
  6.20300E+00  1.07300E+01  4.29200E-01  0.00000E+00  2.24672E+01   2.094       747.8       11.74              
  6.21600E+00  1.40000E+01  5.60000E-01  0.00000E+00  2.28440E+01   1.632       249.4       8.844              
  6.22500E+00  1.89200E+01  7.56800E-01  0.00000E+00  2.31048E+01   1.221       30.58       4.185              
  6.23500E+00  2.47700E+01  9.90800E-01  0.00000E+00  2.33946E+01  0.9445       1.927       1.375              
  6.24700E+00  3.08100E+01  1.23240E+00  0.00000E+00  2.37425E+01  0.7706       32.89       7.068              
  6.25900E+00  3.32700E+01  1.33080E+00  0.00000E+00  2.40902E+01  0.7241       47.58       9.180              
  6.26900E+00  3.22500E+01  1.29000E+00  0.00000E+00  2.43801E+01  0.7560       37.22       7.870              
  6.27900E+00  2.94900E+01  1.17960E+00  0.00000E+00  2.46699E+01  0.8366       16.70       4.820              
  6.29000E+00  2.55500E+01  1.02200E+00  0.00000E+00  2.49887E+01  0.9780      0.3016      0.5613              
  6.30000E+00  2.08700E+01  8.34800E-01  0.00000E+00  2.52786E+01   1.211       27.89       4.409              
  6.30600E+00  1.95900E+01  7.83600E-01  0.00000E+00  2.54525E+01   1.299       55.97       5.862              
  6.30900E+00  1.92000E+01  7.68000E-01  0.00000E+00  2.55394E+01   1.330       68.14       6.339              
  6.31400E+00  2.04100E+01  8.16400E-01  0.00000E+00  2.56844E+01   1.258       41.74       5.274              
  6.32100E+00  2.12700E+01  8.50800E-01  0.00000E+00  2.58872E+01   1.217       29.45       4.617              
  6.32500E+00  2.08400E+01  8.33600E-01  0.00000E+00  2.60032E+01   1.248       38.36       5.163              
  6.33000E+00  1.93600E+01  7.74400E-01  0.00000E+00  2.61481E+01   1.351       76.84       6.788              
  6.33700E+00  1.72500E+01  6.90000E-01  0.00000E+00  2.63510E+01   1.528       174.0       9.101              
  6.34300E+00  1.56900E+01  6.27600E-01  0.00000E+00  2.65249E+01   1.691       298.0       10.83              
  6.35200E+00  1.52300E+01  6.09200E-01  0.00000E+00  2.67857E+01   1.759       359.8       11.56              
  6.36400E+00  1.56900E+01  6.27600E-01  0.00000E+00  2.71335E+01   1.729       332.5       11.44              
#
# Average deviation:                                                6.199      4.9807E+07   7.014    
#
# Full reference:
#K.K.Sekharan, H.Laumer, B.D.Kern, F.Gabbard
#Jour. Nuclear Instrum.and Methods in Physics Res. Vol.133, p.253, 1976
#A neutron detector for measurement of total neutron production cross sections.
#
# Quality information:
#
# Quality  F0007003 : T2
# Date     F0007003 : 05-01-2018
# Reaction F0007003 : NP:   89 E-range:   5.65    -   6.36     MeV 13-AL-27(P,N)14-SI-27,,SIG          pdf: y
# Paper    F0007003 : K.K.Sekharan+ Jour. Nuclear Instrum.and Methods in Physics Res. Vol.133, p.253, 1976 A neutron detector for measurement of total neutron pro
# Action   F0007003 : 
# Comment  F0007003 : Evaluation        N=    89 F=   6.20     chi-2=  4.981E+07 D=   7.01     mb T=   18.9     mb E=   15.5     K1=  6.20     K2= 1.000E+35
# Comment  F0007003 : TALYS             N=    89 F=   6.20     chi-2=  4.981E+07 D=   7.01     mb T=   18.9     mb E=   15.5     K1=  6.20     K2= 1.000E+35
# Comment  F0007003 : cendl3.1          N=     0 F=   0.00     chi-2=   0.00     D=   0.00     mb T=   0.00     mb E=   15.5     K1=  0.00     K2=  0.00
# Comment  F0007003 : eaf.2010          N=     0 F=   0.00     chi-2=   0.00     D=   0.00     mb T=   0.00     mb E=   15.5     K1=  0.00     K2=  0.00
# Comment  F0007003 : endfb8.0          N=     0 F=   0.00     chi-2=   0.00     D=   0.00     mb T=   0.00     mb E=   15.5     K1=  0.00     K2=  0.00
# Comment  F0007003 : irdff1.0          N=     0 F=   0.00     chi-2=   0.00     D=   0.00     mb T=   0.00     mb E=   15.5     K1=  0.00     K2=  0.00
# Comment  F0007003 : jeff3.3           N=     0 F=   0.00     chi-2=   0.00     D=   0.00     mb T=   0.00     mb E=   15.5     K1=  0.00     K2=  0.00
# Comment  F0007003 : jendl4.0          N=     0 F=   0.00     chi-2=   0.00     D=   0.00     mb T=   0.00     mb E=   15.5     K1=  0.00     K2=  0.00
# Comment  F0007003 : tendl.2017        N=     0 F=   0.00     chi-2=   0.00     D=   0.00     mb T=   0.00     mb E=   15.5     K1=  0.00     K2=  0.00
