# Target Z    :  29
# Target A    :   0
# Target state:  
# Projectile  : p
# Reaction    : (p,xn)
# E-inc       : 1000.000 MeV
# Quantity    : Double-differential cross section
# Frame       : L
# MF          :    6
# MT          :  201
# X4 ID       : O1170011 
# X4 code     : 29-CU-0(P,X)0-NN-1,,DA/DE
# Author      : Trebukhovsky             
# Year        : 2003
# Data points :    227
# E-out(MeV) xs(mb/MeV.sr) dxs(mb/MeV.sr) dE(MeV)      Evaluation  C/E(F)      Chi-2     Delta(mb)
  2.46000E+00  3.16000E-05  7.50000E-06  0.00000E+00  1.50000E+01
  2.79000E+00  2.69000E-05  5.00000E-06  0.00000E+00  1.50000E+01
  3.21000E+00  2.18000E-05  2.40000E-06  0.00000E+00  1.50000E+01
  3.71000E+00  1.85000E-05  2.00000E-06  0.00000E+00  1.50000E+01
  4.47000E+00  1.49000E-05  1.60000E-06  0.00000E+00  1.50000E+01
  5.48000E+00  1.12000E-05  1.20000E-06  0.00000E+00  1.50000E+01
  6.43000E+00  8.70000E-06  9.60000E-07  0.00000E+00  1.50000E+01
  7.38000E+00  7.18000E-06  7.90000E-07  0.00000E+00  1.50000E+01
  8.57000E+00  6.85000E-06  7.50000E-07  0.00000E+00  1.50000E+01
  9.65000E+00  5.59000E-06  6.10000E-07  0.00000E+00  1.50000E+01
  1.05000E+01  4.92000E-06  5.40000E-07  0.00000E+00  1.50000E+01
  1.12000E+01  4.50000E-06  4.90000E-07  0.00000E+00  1.50000E+01
  1.23000E+01  4.06000E-06  4.50000E-07  0.00000E+00  1.50000E+01
  1.35000E+01  3.53000E-06  3.90000E-07  0.00000E+00  1.50000E+01
  1.49000E+01  3.29000E-06  3.60000E-07  0.00000E+00  1.50000E+01
  1.65000E+01  2.82000E-06  3.10000E-07  0.00000E+00  1.50000E+01
  1.85000E+01  2.54000E-06  2.80000E-07  0.00000E+00  1.50000E+01
  2.08000E+01  2.33000E-06  2.60000E-07  0.00000E+00  1.50000E+01
  2.21000E+01  2.13000E-06  2.30000E-07  0.00000E+00  1.50000E+01
  2.52000E+01  1.94000E-06  2.10000E-07  0.00000E+00  1.50000E+01
  2.89000E+01  1.71000E-06  1.90000E-07  0.00000E+00  1.50000E+01
  3.11000E+01  1.63000E-06  1.80000E-07  0.00000E+00  1.50000E+01
  3.36000E+01  1.56000E-06  1.70000E-07  0.00000E+00  1.50000E+01
  3.64000E+01  1.53000E-06  1.70000E-07  0.00000E+00  1.50000E+01
  3.95000E+01  1.50000E-06  1.70000E-07  0.00000E+00  1.50000E+01
  4.31000E+01  1.40000E-06  1.50000E-07  0.00000E+00  1.50000E+01
  4.72000E+01  1.37000E-06  1.50000E-07  0.00000E+00  1.50000E+01
  5.20000E+01  1.29000E-06  1.40000E-07  0.00000E+00  1.50000E+01
  5.75000E+01  1.20000E-06  1.30000E-07  0.00000E+00  1.50000E+01
  6.40000E+01  1.12000E-06  1.20000E-07  0.00000E+00  1.50000E+01
  7.17000E+01  1.04000E-06  1.10000E-07  0.00000E+00  1.50000E+01
  8.10000E+01  9.80000E-07  1.60000E-07  0.00000E+00  1.50000E+01
  9.20000E+01  9.20000E-07  1.50000E-07  0.00000E+00  1.50000E+01
  1.06000E+02  8.10000E-07  1.30000E-07  0.00000E+00  1.50000E+01
  1.24000E+02  7.40000E-07  1.20000E-07  0.00000E+00  1.50000E+01
  1.47000E+02  6.20000E-07  1.00000E-07  0.00000E+00  1.50000E+01
  1.77000E+02  5.70000E-07  9.00000E-08  0.00000E+00  1.50000E+01
  2.19000E+02  4.90000E-07  8.00000E-08  0.00000E+00  1.50000E+01
  2.80000E+02  4.00000E-07  6.00000E-08  0.00000E+00  1.50000E+01
  2.46000E+00  2.81000E-05  7.10000E-06  0.00000E+00  3.00000E+01
  2.79000E+00  2.47000E-05  4.70000E-06  0.00000E+00  3.00000E+01
  3.21000E+00  2.05000E-05  2.30000E-06  0.00000E+00  3.00000E+01
  3.71000E+00  1.76000E-05  1.90000E-06  0.00000E+00  3.00000E+01
  4.47000E+00  1.39000E-05  1.50000E-06  0.00000E+00  3.00000E+01
  5.48000E+00  1.08000E-05  1.20000E-06  0.00000E+00  3.00000E+01
  6.43000E+00  8.17000E-06  9.00000E-07  0.00000E+00  3.00000E+01
  7.38000E+00  7.19000E-06  7.90000E-07  0.00000E+00  3.00000E+01
  8.57000E+00  6.43000E-06  7.10000E-07  0.00000E+00  3.00000E+01
  9.65000E+00  5.32000E-06  5.80000E-07  0.00000E+00  3.00000E+01
  1.05000E+01  4.54000E-06  5.00000E-07  0.00000E+00  3.00000E+01
  1.12000E+01  4.25000E-06  4.70000E-07  0.00000E+00  3.00000E+01
  1.23000E+01  3.95000E-06  4.30000E-07  0.00000E+00  3.00000E+01
  1.35000E+01  3.51000E-06  3.90000E-07  0.00000E+00  3.00000E+01
  1.49000E+01  3.12000E-06  3.40000E-07  0.00000E+00  3.00000E+01
  1.65000E+01  2.73000E-06  3.00000E-07  0.00000E+00  3.00000E+01
  1.85000E+01  2.40000E-06  2.60000E-07  0.00000E+00  3.00000E+01
  2.08000E+01  2.16000E-06  2.40000E-07  0.00000E+00  3.00000E+01
  2.21000E+01  2.01000E-06  2.10000E-07  0.00000E+00  3.00000E+01
  2.52000E+01  1.91000E-06  2.00000E-07  0.00000E+00  3.00000E+01
  2.89000E+01  1.78000E-06  1.80000E-07  0.00000E+00  3.00000E+01
  3.11000E+01  1.64000E-06  1.70000E-07  0.00000E+00  3.00000E+01
  3.36000E+01  1.58000E-06  1.60000E-07  0.00000E+00  3.00000E+01
  3.64000E+01  1.49000E-06  1.60000E-07  0.00000E+00  3.00000E+01
  3.95000E+01  1.43000E-06  1.60000E-07  0.00000E+00  3.00000E+01
  4.31000E+01  1.35000E-06  1.50000E-07  0.00000E+00  3.00000E+01
  4.72000E+01  1.30000E-06  1.40000E-07  0.00000E+00  3.00000E+01
  5.20000E+01  1.22000E-06  1.30000E-07  0.00000E+00  3.00000E+01
  5.75000E+01  1.13000E-06  1.20000E-07  0.00000E+00  3.00000E+01
  6.40000E+01  1.05000E-06  1.20000E-07  0.00000E+00  3.00000E+01
  7.17000E+01  9.70000E-07  1.10000E-07  0.00000E+00  3.00000E+01
  8.10000E+01  8.40000E-07  1.30000E-07  0.00000E+00  3.00000E+01
  9.20000E+01  8.20000E-07  1.30000E-07  0.00000E+00  3.00000E+01
  1.06000E+02  7.00000E-07  1.10000E-07  0.00000E+00  3.00000E+01
  1.24000E+02  6.50000E-07  1.00000E-07  0.00000E+00  3.00000E+01
  1.47000E+02  5.70000E-07  9.00000E-08  0.00000E+00  3.00000E+01
  1.77000E+02  4.80000E-07  8.00000E-08  0.00000E+00  3.00000E+01
  2.19000E+02  4.10000E-07  6.00000E-08  0.00000E+00  3.00000E+01
  2.80000E+02  3.20000E-07  5.00000E-08  0.00000E+00  3.00000E+01
  2.46000E+00  3.01000E-05  7.30000E-06  0.00000E+00  6.00001E+01
  2.79000E+00  2.32000E-05  4.60000E-06  0.00000E+00  6.00001E+01
  3.21000E+00  2.01000E-05  2.20000E-06  0.00000E+00  6.00001E+01
  3.71000E+00  1.52000E-05  1.70000E-06  0.00000E+00  6.00001E+01
  4.47000E+00  1.23000E-05  1.40000E-06  0.00000E+00  6.00001E+01
  5.48000E+00  9.61000E-06  9.80000E-07  0.00000E+00  6.00001E+01
  6.43000E+00  8.51000E-06  8.00000E-07  0.00000E+00  6.00001E+01
  7.38000E+00  6.73000E-06  7.00000E-07  0.00000E+00  6.00001E+01
  8.57000E+00  5.70000E-06  6.00000E-07  0.00000E+00  6.00001E+01
  9.65000E+00  4.98000E-06  5.20000E-07  0.00000E+00  6.00001E+01
  1.05000E+01  4.03000E-06  4.20000E-07  0.00000E+00  6.00001E+01
  1.12000E+01  3.75000E-06  3.90000E-07  0.00000E+00  6.00001E+01
  1.23000E+01  3.54000E-06  3.60000E-07  0.00000E+00  6.00001E+01
  1.35000E+01  3.14000E-06  3.40000E-07  0.00000E+00  6.00001E+01
  1.49000E+01  2.86000E-06  3.00000E-07  0.00000E+00  6.00001E+01
  1.65000E+01  2.46000E-06  2.70000E-07  0.00000E+00  6.00001E+01
  1.85000E+01  2.35000E-06  2.30000E-07  0.00000E+00  6.00001E+01
  2.08000E+01  2.04000E-06  2.10000E-07  0.00000E+00  6.00001E+01
  2.21000E+01  1.88000E-06  2.00000E-07  0.00000E+00  6.00001E+01
  2.52000E+01  1.73000E-06  1.80000E-07  0.00000E+00  6.00001E+01
  2.89000E+01  1.66000E-06  1.70000E-07  0.00000E+00  6.00001E+01
  3.11000E+01  1.53000E-06  1.50000E-07  0.00000E+00  6.00001E+01
  3.36000E+01  1.46000E-06  1.50000E-07  0.00000E+00  6.00001E+01
  3.64000E+01  1.39000E-06  1.40000E-07  0.00000E+00  6.00001E+01
  3.95000E+01  1.30000E-06  1.40000E-07  0.00000E+00  6.00001E+01
  4.31000E+01  1.21000E-06  1.10000E-07  0.00000E+00  6.00001E+01
  4.72000E+01  1.06000E-06  1.10000E-07  0.00000E+00  6.00001E+01
  5.20000E+01  1.02000E-06  1.00000E-07  0.00000E+00  6.00001E+01
  5.75000E+01  8.80000E-07  1.00000E-07  0.00000E+00  6.00001E+01
  6.40000E+01  8.50000E-07  1.00000E-07  0.00000E+00  6.00001E+01
  7.17000E+01  7.10000E-07  1.00000E-07  0.00000E+00  6.00001E+01
  8.10000E+01  7.70000E-07  1.00000E-07  0.00000E+00  6.00001E+01
  9.20000E+01  6.70000E-07  9.00000E-08  0.00000E+00  6.00001E+01
  1.06000E+02  4.90000E-07  8.00000E-08  0.00000E+00  6.00001E+01
  1.24000E+02  3.50000E-07  6.00000E-08  0.00000E+00  6.00001E+01
  1.47000E+02  3.00000E-07  5.00000E-08  0.00000E+00  6.00001E+01
  1.77000E+02  2.60000E-07  4.00000E-08  0.00000E+00  6.00001E+01
  2.19000E+02  2.00000E-07  3.00000E-08  0.00000E+00  6.00001E+01
  2.80000E+02  1.30000E-07  2.00000E-08  0.00000E+00  6.00001E+01
  2.46000E+00  2.97000E-05  7.30000E-06  0.00000E+00  9.00000E+01
  2.79000E+00  2.39000E-05  4.60000E-06  0.00000E+00  9.00000E+01
  3.21000E+00  2.02000E-05  2.20000E-06  0.00000E+00  9.00000E+01
  3.71000E+00  1.64000E-05  1.80000E-06  0.00000E+00  9.00000E+01
  4.47000E+00  1.27000E-05  1.40000E-06  0.00000E+00  9.00000E+01
  5.48000E+00  9.52000E-06  9.70000E-07  0.00000E+00  9.00000E+01
  6.43000E+00  7.86000E-06  9.20000E-07  0.00000E+00  9.00000E+01
  7.38000E+00  6.65000E-06  7.30000E-07  0.00000E+00  9.00000E+01
  8.57000E+00  5.46000E-06  6.00000E-07  0.00000E+00  9.00000E+01
  9.65000E+00  4.79000E-06  5.30000E-07  0.00000E+00  9.00000E+01
  1.05000E+01  3.86000E-06  4.20000E-07  0.00000E+00  9.00000E+01
  1.12000E+01  3.43000E-06  3.80000E-07  0.00000E+00  9.00000E+01
  1.23000E+01  3.09000E-06  3.40000E-07  0.00000E+00  9.00000E+01
  1.35000E+01  2.80000E-06  3.10000E-07  0.00000E+00  9.00000E+01
  1.49000E+01  2.38000E-06  2.60000E-07  0.00000E+00  9.00000E+01
  1.65000E+01  1.95000E-06  2.10000E-07  0.00000E+00  9.00000E+01
  1.85000E+01  1.71000E-06  1.90000E-07  0.00000E+00  9.00000E+01
  2.08000E+01  1.56000E-06  1.70000E-07  0.00000E+00  9.00000E+01
  2.21000E+01  1.41000E-06  1.50000E-07  0.00000E+00  9.00000E+01
  2.52000E+01  1.21000E-06  1.30000E-07  0.00000E+00  9.00000E+01
  2.89000E+01  1.12000E-06  1.20000E-07  0.00000E+00  9.00000E+01
  3.11000E+01  1.06000E-06  1.20000E-07  0.00000E+00  9.00000E+01
  3.36000E+01  9.50000E-07  1.00000E-07  0.00000E+00  9.00000E+01
  3.64000E+01  9.00000E-07  1.00000E-07  0.00000E+00  9.00000E+01
  3.95000E+01  8.60000E-07  9.00000E-08  0.00000E+00  9.00000E+01
  4.31000E+01  7.40000E-07  8.00000E-08  0.00000E+00  9.00000E+01
  4.72000E+01  6.90000E-07  8.00000E-08  0.00000E+00  9.00000E+01
  5.20000E+01  6.00000E-07  7.00000E-08  0.00000E+00  9.00000E+01
  5.75000E+01  5.40000E-07  6.00000E-08  0.00000E+00  9.00000E+01
  6.40000E+01  4.50000E-07  5.00000E-08  0.00000E+00  9.00000E+01
  7.17000E+01  4.10000E-07  5.00000E-08  0.00000E+00  9.00000E+01
  8.10000E+01  3.50000E-07  6.00000E-08  0.00000E+00  9.00000E+01
  9.20000E+01  3.10000E-07  5.00000E-08  0.00000E+00  9.00000E+01
  1.06000E+02  2.20000E-07  4.00000E-08  0.00000E+00  9.00000E+01
  1.24000E+02  1.70000E-07  3.00000E-08  0.00000E+00  9.00000E+01
  1.47000E+02  1.30000E-07  2.00000E-08  0.00000E+00  9.00000E+01
  1.77000E+02  6.90000E-08  1.40000E-08  0.00000E+00  9.00000E+01
  2.19000E+02  2.40000E-08  6.00000E-09  0.00000E+00  9.00000E+01
  2.46000E+00  2.85000E-05  7.10000E-06  0.00000E+00  1.20000E+02
  2.79000E+00  2.61000E-05  4.90000E-06  0.00000E+00  1.20000E+02
  3.21000E+00  1.90000E-05  2.10000E-06  0.00000E+00  1.20000E+02
  3.71000E+00  1.44000E-05  1.60000E-06  0.00000E+00  1.20000E+02
  4.47000E+00  1.08000E-05  1.20000E-06  0.00000E+00  1.20000E+02
  5.48000E+00  8.97000E-06  9.20000E-07  0.00000E+00  1.20000E+02
  6.43000E+00  7.28000E-06  8.00000E-07  0.00000E+00  1.20000E+02
  7.38000E+00  5.67000E-06  6.20000E-07  0.00000E+00  1.20000E+02
  8.57000E+00  5.03000E-06  5.50000E-07  0.00000E+00  1.20000E+02
  9.65000E+00  4.21000E-06  4.60000E-07  0.00000E+00  1.20000E+02
  1.05000E+01  3.61000E-06  4.00000E-07  0.00000E+00  1.20000E+02
  1.12000E+01  3.13000E-06  3.40000E-07  0.00000E+00  1.20000E+02
  1.23000E+01  2.62000E-06  2.90000E-07  0.00000E+00  1.20000E+02
  1.35000E+01  2.35000E-06  2.60000E-07  0.00000E+00  1.20000E+02
  1.49000E+01  2.00000E-06  2.20000E-07  0.00000E+00  1.20000E+02
  1.65000E+01  1.66000E-06  1.80000E-07  0.00000E+00  1.20000E+02
  1.85000E+01  1.39000E-06  1.50000E-07  0.00000E+00  1.20000E+02
  2.08000E+01  1.27000E-06  1.40000E-07  0.00000E+00  1.20000E+02
  2.21000E+01  1.16000E-06  1.30000E-07  0.00000E+00  1.20000E+02
  2.52000E+01  9.70000E-07  1.10000E-07  0.00000E+00  1.20000E+02
  2.89000E+01  7.80000E-07  9.00000E-08  0.00000E+00  1.20000E+02
  3.11000E+01  7.10000E-07  8.00000E-08  0.00000E+00  1.20000E+02
  3.36000E+01  6.40000E-07  7.00000E-08  0.00000E+00  1.20000E+02
  3.64000E+01  6.00000E-07  7.00000E-08  0.00000E+00  1.20000E+02
  3.95000E+01  5.50000E-07  6.00000E-08  0.00000E+00  1.20000E+02
  4.31000E+01  4.80000E-07  5.00000E-08  0.00000E+00  1.20000E+02
  4.72000E+01  4.00000E-07  4.00000E-08  0.00000E+00  1.20000E+02
  5.20000E+01  3.30000E-07  4.00000E-08  0.00000E+00  1.20000E+02
  5.75000E+01  2.90000E-07  3.00000E-08  0.00000E+00  1.20000E+02
  6.40000E+01  2.30000E-07  3.00000E-08  0.00000E+00  1.20000E+02
  7.17000E+01  2.00000E-07  2.00000E-08  0.00000E+00  1.20000E+02
  8.10000E+01  1.70000E-07  2.00000E-08  0.00000E+00  1.20000E+02
  9.20000E+01  1.30000E-07  2.00000E-08  0.00000E+00  1.20000E+02
  1.06000E+02  1.10000E-07  2.00000E-08  0.00000E+00  1.20000E+02
  1.24000E+02  7.10000E-08  1.20000E-08  0.00000E+00  1.20000E+02
  1.47000E+02  4.20000E-08  8.00000E-09  0.00000E+00  1.20000E+02
  1.77000E+02  1.90000E-08  6.00000E-09  0.00000E+00  1.20000E+02
  2.46000E+00  2.65000E-05  7.10000E-06  0.00000E+00  1.50000E+02
  2.79000E+00  2.10000E-05  4.30000E-06  0.00000E+00  1.50000E+02
  3.21000E+00  1.79000E-05  2.00000E-06  0.00000E+00  1.50000E+02
  3.71000E+00  1.43000E-05  1.60000E-06  0.00000E+00  1.50000E+02
  4.47000E+00  1.13000E-05  1.20000E-06  0.00000E+00  1.50000E+02
  5.48000E+00  8.81000E-06  9.20000E-07  0.00000E+00  1.50000E+02
  6.43000E+00  6.52000E-06  7.20000E-07  0.00000E+00  1.50000E+02
  7.38000E+00  5.69000E-06  6.30000E-07  0.00000E+00  1.50000E+02
  8.57000E+00  4.56000E-06  5.00000E-07  0.00000E+00  1.50000E+02
  9.65000E+00  3.83000E-06  4.20000E-07  0.00000E+00  1.50000E+02
  1.05000E+01  3.21000E-06  3.50000E-07  0.00000E+00  1.50000E+02
  1.12000E+01  2.76000E-06  3.00000E-07  0.00000E+00  1.50000E+02
  1.23000E+01  2.31000E-06  2.50000E-07  0.00000E+00  1.50000E+02
  1.35000E+01  2.01000E-06  2.20000E-07  0.00000E+00  1.50000E+02
  1.49000E+01  1.71000E-06  1.90000E-07  0.00000E+00  1.50000E+02
  1.65000E+01  1.33000E-06  1.50000E-07  0.00000E+00  1.50000E+02
  1.85000E+01  1.12000E-06  1.20000E-07  0.00000E+00  1.50000E+02
  2.08000E+01  1.02000E-06  1.10000E-07  0.00000E+00  1.50000E+02
  2.21000E+01  9.20000E-07  1.00000E-07  0.00000E+00  1.50000E+02
  2.52000E+01  7.80000E-07  9.00000E-08  0.00000E+00  1.50000E+02
  2.89000E+01  5.90000E-07  6.00000E-08  0.00000E+00  1.50000E+02
  3.11000E+01  5.40000E-07  6.00000E-08  0.00000E+00  1.50000E+02
  3.36000E+01  4.60000E-07  5.00000E-08  0.00000E+00  1.50000E+02
  3.64000E+01  3.90000E-07  4.00000E-08  0.00000E+00  1.50000E+02
  3.95000E+01  3.30000E-07  4.00000E-08  0.00000E+00  1.50000E+02
  4.31000E+01  2.80000E-07  3.00000E-08  0.00000E+00  1.50000E+02
  4.72000E+01  2.50000E-07  3.00000E-08  0.00000E+00  1.50000E+02
  5.20000E+01  2.10000E-07  2.00000E-08  0.00000E+00  1.50000E+02
  5.75000E+01  1.80000E-07  2.00000E-08  0.00000E+00  1.50000E+02
  6.40000E+01  1.40000E-07  2.00000E-08  0.00000E+00  1.50000E+02
  7.17000E+01  1.10000E-07  2.00000E-08  0.00000E+00  1.50000E+02
  8.10000E+01  9.10000E-08  1.80000E-08  0.00000E+00  1.50000E+02
  9.20000E+01  6.20000E-08  1.20000E-08  0.00000E+00  1.50000E+02
  1.06000E+02  4.10000E-08  8.00000E-09  0.00000E+00  1.50000E+02
  1.24000E+02  2.90000E-08  6.00000E-09  0.00000E+00  1.50000E+02
# Full reference:
#Yu.V.Trebukhovsky,  Yu.E.Titarenko,  V.F.Batyaev, E.I.Karpikhin,  R.D.Mulambetov,  S.V.Mulambetova, G.N.Smirnov,  K.A.Lipatov,  A.B.Koldobsky,
# V.M.Zhivun, Yu.V.Nekrasov,  V.S.Barashenkov,  H.Kumawat,  S.G.Mashnik, R.E.Prael
#Prog. Inst. Teoret. i Experiment. Fiziki, Moscow Repts No.3, p.03, 2003
#Double-differential cross sections of neutrons from 0.8, 1.0 and 1.6-GeV proton- irradiated Pb, W, Zr, Cu, Al and Na-targets.
#
