$SPEC_ID:
No sample description was entered.
$SPEC_REM:
DET# 1
DETDESC# EPS-140909 Easy-MCA-8k SN 16175454
AP# Maestro Version 7.01
$DATE_MEA:
03/07/2022 18:37:13
$MEAS_TIM:
904 1117
$DATA:
0 8191
       0
       0
       0
       0
       0
       0
       0
       0
       0
       0
       0
       0
       0
       0
       0
       0
       0
       0
       0
       0
       0
       0
       0
       0
       0
       0
       0
       0
       0
       0
       0
       0
       0
       0
       0
       0
       0
       1
       0
      38
     253
    5924
   47619
   52566
   45285
   48825
   54781
   61546
   65408
   64499
   57543
   50115
   44435
   42203
   42507
   44343
   47238
   49743
   51385
   54713
   56778
   61034
   66606
   76056
   87120
   99482
  107097
  119805
  156090
  255580
  432036
  617666
  677321
  547966
  330023
  154911
   70188
   42503
   37453
   36935
   37365
   37879
   39140
   40957
   41988
   44227
   46423
   48517
   50907
   52703
   53758
   55550
   56295
   57451
   58237
   60134
   61557
   63493
   66276
   67994
   70971
   73954
   77871
   82046
   88654
   96414
  107061
  121941
  139149
  157945
  176388
  191334
  202074
  207130
  208622
  209171
  207046
  203386
  197200
  192900
  188302
  185177
  184141
  186265
  190161
  204784
  233429
  283738
  382537
  571108
  863249
 1198098
 1486706
 1698223
 1777846
 1604085
 1152768
  644622
  293320
  132130
   80317
   67647
   64104
   64452
   66709
   73603
   84421
   99172
  122549
  172517
  271849
  411464
  515668
  505913
  397666
  281448
  213158
  175573
  135227
   87392
   50108
   31061
   23675
   21597
   20816
   20645
   20552
   21021
   21301
   21344
   21947
   21678
   21838
   21739
   21606
   21306
   20560
   19941
   19189
   19099
   18819
   18332
   18417
   18426
   18301
   18054
   18125
   18368
   18112
   18307
   18291
   18419
   18789
   18716
   18963
   19351
   19970
   20124
   20729
   20819
   21730
   22089
   22685
   23066
   22783
   22198
   20553
   18614
   16859
   14962
   14215
   14004
   13994
   14273
   14773
   15816
   18712
   22290
   24376
   24315
   21239
   18257
   16352
   15948
   15262
   14902
   14477
   14027
   13678
   13720
   13757
   13749
   13797
   13916
   13834
   14165
   14262
   14223
   14654
   15099
   15633
   16622
   17070
   16760
   16619
   15898
   15485
   15136
   15109
   14867
   15066
   15047
   14859
   14959
   14938
   15093
   15362
   15458
   15903
   16564
   17204
   17806
   18100
   18676
   18905
   18592
   17835
   16312
   14558
   12289
   10287
    8590
    7398
    6916
    6780
    6891
    7079
    7140
    7215
    7636
    7657
    8000
    8333
    8212
    8518
    8062
    7747
    6710
    5449
    4479
    3713
    3258
    2707
    2462
    2258
    2042
    2038
    1996
    2093
    2156
    2208
    2252
    2236
    2206
    2227
    2117
    1939
    1865
    1854
    1924
    2350
    2965
    3727
    3741
    3294
    2376
    1577
    1315
    1154
    1088
    1065
    1078
    1064
    1127
    1077
    1138
    1090
    1070
    1078
    1020
    1007
    1020
    1043
     989
     974
     962
     900
     953
     916
     860
     899
     819
     840
     900
     880
     907
     956
     917
     983
     954
     917
     866
     787
     779
     756
     699
     679
     723
     708
     682
     678
     636
     677
     646
     639
     647
     655
     660
     619
     630
     610
     614
     639
     583
     571
     598
     491
     546
     519
     493
     511
     500
     502
     480
     497
     493
     460
     467
     450
     457
     490
     487
     395
     506
     431
     422
     426
     406
     389
     343
     404
     378
     345
     339
     326
     338
     305
     321
     326
     322
     308
     304
     303
     290
     286
     266
     276
     276
     251
     239
     260
     263
     241
     241
     260
     244
     243
     209
     219
     225
     220
     219
     207
     237
     234
     218
     208
     198
     240
     220
     194
     179
     235
     215
     243
     213
     243
     219
     180
     174
     192
     160
     158
     180
     175
     154
     146
     161
     168
     162
     177
     158
     171
     169
     188
     173
     182
     178
     146
     140
     148
     146
     135
     145
     147
     136
     149
     166
     127
     158
     152
     146
     173
     136
     147
     147
     140
     144
     139
     149
     149
     149
     134
     142
     133
     172
     174
     211
     232
     229
     257
     193
     156
     125
     132
     137
     110
     120
     142
     119
     106
     131
     125
     122
     145
     132
     108
     129
     123
     117
     127
     123
     114
     120
     121
     123
     118
     111
     116
     137
     118
     116
     118
     115
     113
     104
     100
     119
     148
     112
     104
     109
      93
      97
     104
     111
     107
      87
     122
     105
     121
     125
     124
     117
     120
     121
     132
     155
     156
     119
     102
     128
     129
     106
      73
     112
     126
     107
     106
     104
     105
     105
     104
     102
      75
      94
     106
      88
      98
      95
     100
     112
      89
      92
     114
      90
      90
      98
      95
      92
     110
      82
      93
      97
      81
     112
      79
      94
      81
      94
      78
     100
      79
      89
      80
      75
      91
     111
      92
      93
     107
      94
      95
      87
      90
      78
      79
      92
      88
      71
     108
      73
      96
      79
      87
      99
      86
      99
      89
      93
      84
     101
      92
      81
      80
     102
      87
      76
      67
      75
      69
      69
     113
      73
      80
      75
      98
      86
      79
      68
      86
      66
      66
      95
      77
      65
      85
      99
      65
      76
      89
      80
      80
      90
      89
      68
      70
      85
      69
      66
      89
      76
      74
      72
      83
      75
     102
      68
      82
      82
      69
      80
      87
      62
      61
      69
      64
      71
      66
      86
      76
      96
      87
      72
      49
      64
      62
      88
      66
      73
      60
      62
      77
      72
      80
      81
      69
      72
      78
      51
      74
      63
      64
      65
      72
      69
      44
      77
      66
      63
      66
      66
      59
      76
      64
      64
      67
      77
      69
      60
      59
      67
      65
      66
      66
      69
      51
      65
      83
      62
      72
      51
      61
      65
      59
      70
      67
      65
      66
      60
      64
      65
      68
      68
      68
      55
      56
      69
      96
     147
     162
     141
     136
      76
      70
      67
      54
      49
      61
      62
      55
      65
      80
     110
      77
      92
      74
      75
      56
      66
      54
      59
      47
      48
      45
      48
      50
      57
      61
      61
      66
      53
      65
      49
      46
      53
      44
      48
      46
      54
      55
      52
      38
      57
      38
      58
      44
      49
      43
      59
      54
      43
      51
      50
      38
      49
      52
      54
      46
      58
      70
      55
      70
      73
      59
      50
      51
      36
      35
      53
      49
      50
      52
      46
      33
      35
      51
      56
      38
      44
      44
      48
      37
      47
      37
      52
      39
      45
      42
      32
      38
      29
      45
      38
      46
      48
      34
      43
      36
      39
      43
      28
      36
      34
      39
      45
      36
      46
      48
      43
      41
      46
      42
      37
      42
      35
      40
      41
      32
      34
      48
      32
      30
      38
      35
      33
      35
      38
      35
      45
      43
      42
      35
      38
      34
      32
      33
      36
      40
      30
      25
      23
      32
      34
      39
      41
      33
      44
      42
      31
      31
      33
      42
      36
      32
      45
      36
      33
      29
      49
      23
      27
      25
      35
      34
      31
      22
      28
      34
      40
      36
      29
      23
      27
      29
      22
      40
      32
      30
      24
      27
      31
      31
      33
      27
      30
      36
      39
      31
      21
      30
      27
      28
      27
      31
      36
      37
      24
      48
      39
      36
      31
      30
      27
      24
      28
      32
      26
      23
      35
      25
      34
      35
      19
      21
      25
      27
      12
      17
      25
      30
      23
      25
      33
      20
      34
      25
      27
      31
      23
      23
      30
      52
      42
      62
      80
      76
      95
      61
      38
      29
      32
      27
      23
      20
      23
      23
      22
      26
      20
      33
      21
      22
      23
      19
      24
      24
      16
      18
      19
      22
      22
      27
      17
      28
      20
      25
      18
      22
      23
      19
      23
      20
      23
      21
      15
      25
      21
      12
      29
      19
      17
      25
      26
      17
      26
      19
      16
      20
      19
      17
      14
      16
      14
      24
      18
      22
      21
      19
      13
      20
      13
      23
      22
      20
      15
      18
      21
      26
      18
      18
      17
      16
      31
      11
      17
      19
      22
      15
      15
      24
      23
      18
      23
      23
      19
      17
      16
      14
      17
      17
      16
      16
      11
      17
      13
      16
      23
       8
      18
      12
      15
      18
      17
      18
      11
      16
      19
      15
      20
      19
      16
      12
      23
      18
      19
      17
      16
      19
      17
      17
      13
      16
      18
      17
      22
      18
      23
      19
      15
      15
      12
      18
      22
      18
      25
      16
      20
      17
      16
      17
      16
      23
      23
      17
      20
      17
      19
      17
      21
      18
      15
      18
      21
      13
      17
      13
      26
      13
      16
      18
      12
      22
       8
      15
       8
      18
      15
      19
      15
      15
      21
      18
      18
      18
      10
      17
      10
      19
      14
      15
      23
      13
      15
      31
      20
      30
      42
      31
      51
      58
      63
      89
      81
      72
      57
      55
      48
      28
      18
      19
      18
      14
       9
       7
      12
      16
      16
      17
      15
      12
       9
      12
      11
      10
      15
      19
      13
       7
      17
      11
      12
       9
      11
      16
      18
      13
      12
      15
      11
      15
      11
      16
      14
      14
       9
       3
      16
      13
      14
      10
      16
      16
      10
      12
      18
      11
      11
       9
      11
      12
      10
      12
      10
      10
      15
      15
       6
      13
      15
      10
      10
      11
       9
      21
      12
      16
      13
      13
      15
      10
      16
       7
       9
      16
      13
       7
       9
       4
      10
      11
      11
      15
      10
      17
      14
      14
       7
      14
      10
      11
      10
       9
      11
       8
      10
      14
       8
      11
      13
      14
      13
      12
      15
       9
      16
       9
      13
      14
      15
      13
      13
      11
       9
      14
      14
      16
      12
      11
      17
      14
       5
       7
      12
      13
      17
      15
      13
       9
      10
      10
       6
      16
      10
      13
      14
       9
      11
      11
       7
       7
      18
      12
      10
      10
      13
       9
      10
      10
       9
      17
       4
      13
       8
      12
       8
      13
      14
      13
      17
      14
      23
      12
      21
      21
       6
      13
       8
      10
      15
      11
       9
       9
       6
      11
      14
      11
      13
       8
       7
       8
       9
      11
       9
      11
      11
       5
      10
      10
      14
      11
       5
       7
       9
      12
       9
      14
      12
       7
      10
      10
       7
      12
      10
      10
       5
       7
       7
       6
      15
      10
      16
      16
      11
      11
      13
       6
      10
      16
      15
      29
      22
      26
      23
      28
      13
       3
       8
      20
       6
       9
       8
      10
      13
       7
      12
      12
       8
      12
       8
      13
       8
      10
       7
       9
       8
       6
      10
       8
      13
      10
      10
       7
       9
       5
      11
      11
       9
       5
       7
       9
       8
      11
       9
       6
       8
       7
      11
       6
       4
      14
       7
       7
      10
      10
       7
      14
       7
      10
       9
       8
       8
       6
       6
       5
       7
       4
       8
      16
      10
      12
       8
      11
      10
       6
       7
       9
       8
       9
      10
       6
      12
       5
       7
      12
       6
       6
       6
      10
       7
      11
      10
       8
       5
       4
      11
       6
       8
      11
      11
       8
      12
       6
       9
       8
      10
       5
      13
       7
       4
      14
       5
      10
       6
       6
       7
      13
       9
       5
      14
      17
      12
       9
       8
      21
       5
      10
       6
       8
      14
      11
       8
       8
      13
       7
       5
       7
      10
      15
       6
       7
       7
       2
       7
       7
       9
      10
       8
      10
       4
      11
      19
       9
       6
       8
       9
       8
       3
       3
       8
       2
       5
       7
       7
       6
       7
       9
       6
       6
      15
       4
       9
       8
       6
      13
      12
      10
      11
      15
       3
       8
      11
      11
       7
       6
       2
      11
      12
       5
       5
       8
      11
       3
       6
       4
       5
       9
       4
       8
       5
       9
       7
       0
       7
       4
      13
       7
       6
      10
      12
       4
      11
       5
       6
       5
      13
      10
      13
      23
      18
      31
      28
      21
      14
       9
      10
       4
       7
      11
      10
       8
      10
       2
       8
       7
       7
      11
       7
       5
       8
       3
       8
       7
       8
      10
       9
       6
       5
       7
       8
       8
      12
       8
       6
       6
       6
       6
       6
       5
       8
       8
      11
       5
       6
      11
       9
       3
       3
       9
       7
       7
       2
       6
       7
       6
      15
      14
      11
       7
      13
      10
       5
       3
       7
       6
       7
       7
       8
      12
       5
       6
      11
       6
       7
       6
       4
       7
       2
      13
       4
      10
       3
       9
       5
       5
       7
       7
       8
       5
       3
       5
       4
       4
       9
       7
       8
       6
       7
       7
      12
       6
       5
       9
       5
       5
       4
       7
       8
       4
       8
       4
       5
       6
       2
       6
       6
       3
       6
       8
      11
       3
       3
       3
       9
       6
       4
       3
       7
       7
       3
       5
       6
       8
       7
       7
      12
       6
       8
       4
       7
       6
       9
       9
       8
      12
       9
      11
      15
      19
      12
      18
      12
       9
      10
      11
       5
       6
       7
       7
      10
       7
       6
       7
      11
       7
       4
       8
      10
       3
       7
       6
       8
       6
      10
      12
      10
      11
       9
      15
       9
       4
       3
       7
       1
       7
       6
       7
       2
      11
       4
       5
       9
       6
       6
       7
       5
       4
       5
       9
       5
      11
       6
       4
       5
       4
       4
       5
       5
       1
      11
       6
       5
       7
      10
       4
      10
       9
       3
       3
       3
       3
       2
       2
      10
       4
       4
       8
       8
       2
       3
       6
       9
       4
       2
      10
       3
       6
       9
       3
       5
       6
       4
       8
       6
       5
       6
       6
       4
       5
       3
       5
       4
       2
       5
       8
       6
       8
       4
       6
       7
       5
       9
       4
       8
       8
       6
       5
       9
       9
       8
       7
       6
       3
       2
       9
      10
       5
       3
       8
       7
       4
      10
       4
       6
       7
       3
       4
       2
       1
       8
       6
       5
       8
       6
       5
       3
       6
       4
       0
       5
       3
       3
      11
       5
       4
       5
       5
       7
       6
       8
       3
       7
       3
       7
       3
       9
       7
       5
       4
       7
       7
       4
       7
       7
       7
       6
       7
       6
       4
       3
       8
       1
       6
       8
       8
       8
      11
       7
      10
       3
      11
      18
      14
      27
      18
      25
      12
       7
       6
       4
       3
       3
       5
      10
       5
       8
       7
       7
       4
       6
       3
       8
       6
       5
       4
       2
       4
       9
       5
       4
       7
      10
       5
       5
       5
       6
       2
       9
       5
       8
       6
      10
       5
       9
       4
       7
       3
       7
       7
       4
      23
      15
      21
      28
      29
      19
      18
      10
       7
       5
       5
       4
       3
       9
       4
       8
       8
       6
       5
       4
       5
       8
       3
       7
       4
       6
       4
       5
       8
       4
       2
       4
       5
       2
       7
       4
       5
       7
       9
       5
       6
       6
       8
       3
       3
       7
       9
       1
       5
       4
       1
      10
       3
       4
       7
       2
       5
       7
       5
      12
       5
       5
       2
       5
       7
       6
       5
       1
       3
       3
       5
       1
       4
       4
       0
       5
       3
       3
       4
       7
       6
       7
       6
       3
       4
       5
       5
       3
       4
       5
       8
      10
       9
       4
      12
       7
      10
      11
      13
      17
      12
      10
       3
       5
       8
       5
       4
       2
       3
       7
       7
       6
       2
       1
       5
       1
       3
       1
       2
       2
       8
       2
       8
       4
       5
       6
       3
       6
       2
       4
       5
       2
       7
       4
       5
       5
       6
       4
       3
       4
       7
       3
       3
       5
       7
       4
       5
       9
       6
       7
       3
       3
       8
       5
       8
       3
       2
       4
       3
       3
       3
       5
       4
       3
       5
       8
       4
       5
       7
       5
       4
       5
       7
       3
       9
       6
       2
       3
       4
       4
       8
       4
      11
       3
       2
       6
       5
       1
       4
       2
       2
       6
       9
       2
       6
       2
       5
       4
       1
       3
       4
       3
       4
       3
       1
       4
       5
       4
       2
       6
       4
       2
       2
       6
       5
       3
       2
       7
       2
       5
       6
       2
       9
       5
       7
       5
       3
       1
       9
       6
      12
       6
       6
      10
      11
       4
      10
       2
       3
       5
       4
       4
       7
       3
       7
       2
       5
       2
       5
       3
       3
       2
       3
       3
       4
       9
       3
       3
       6
       2
       2
       4
       5
       4
       3
       2
       5
       5
       4
       5
       2
       3
       6
       5
       3
       3
       4
       7
       2
       3
       3
       3
       4
       4
       7
       2
       3
       2
       4
       9
       7
       4
       1
       2
       2
       4
       3
       5
       4
       3
       1
       4
       7
       5
       5
       2
       2
       3
       5
       4
       5
       7
       4
       3
       5
       3
       4
       2
       6
       0
       2
       4
       5
       3
       3
       2
       1
       3
       4
       5
       3
       3
       4
       5
       6
       3
       3
       2
       4
       7
       6
       9
       5
       2
       3
       3
       4
       2
       5
       2
       3
       3
       5
       4
       4
       1
       4
       1
       6
       5
       4
       5
       4
       2
       2
       5
       2
       1
       3
       2
       3
       3
       1
       3
       3
       4
       8
       3
       4
       2
       2
       5
       1
       3
       2
       3
       4
       3
       5
       1
       4
       1
       5
       6
       6
       2
       3
       2
       6
       4
       2
       7
       6
       4
       2
       3
       4
       5
       6
       4
       0
       4
       3
       5
       3
       5
       4
       4
       7
       8
       3
       0
       1
       4
       2
       4
       3
       5
       5
       4
       2
       6
       3
       3
       4
       3
       3
       4
       4
       6
       2
       6
       0
       2
       4
       3
       4
       2
       2
       7
       3
       2
       3
       3
       5
       6
       3
       6
       2
       1
       2
       1
       3
       3
       3
       7
       4
       4
       5
       3
       4
       5
       4
       2
       4
       3
       4
       1
       5
       3
       3
       3
       4
       4
       3
       2
       5
       2
       3
       4
       1
       8
       5
       1
       2
       2
       2
       5
       6
       3
       3
       7
       3
       3
       2
       1
       4
       4
       5
       5
       4
       4
       1
       6
       3
       2
       5
       2
       5
       3
       4
       5
       0
       7
       1
       4
       1
       3
       3
       7
       2
       2
       6
       3
       5
       0
       3
       4
       2
       4
       2
       2
       3
       2
       3
       2
       3
       4
       2
       6
       3
       6
       3
       3
       3
       4
       6
       4
       3
       4
       5
       4
       3
       4
       8
       2
       2
       2
       3
       4
       2
      14
      13
      13
       9
       1
       8
       5
       4
       4
       7
       4
       7
       9
       8
      14
      13
       9
       5
       2
       1
       2
       3
       1
       8
       4
       4
       2
       2
       3
       0
       2
       4
       6
       4
       5
       2
       1
       4
       8
       7
       7
       5
       6
       7
       3
       3
       1
       5
       2
       2
       4
       3
       6
       2
       5
       4
       5
       2
       2
       5
       4
       4
       5
       4
       5
       3
       4
       3
       6
       5
       4
       7
       0
       2
       2
       2
       3
       3
       2
       5
       7
       4
       3
       1
       4
       2
       4
       1
       2
       4
       3
       4
       4
       3
       5
       3
       3
       5
       6
       3
       6
       6
       6
       7
       4
       3
       2
       2
       3
       8
       0
       1
       2
       7
       4
       5
       2
       5
       1
       3
       7
       8
       5
       6
       4
       6
       5
       2
       3
       6
       6
       4
       3
      10
       6
       1
      11
       9
       9
       7
       7
       8
       3
       5
       6
       2
       5
       8
       7
       2
       3
       4
       5
       2
       6
       5
       7
       3
       4
       5
       5
       4
       4
       0
       3
       6
       6
       2
       1
       5
       2
       4
       6
       4
       2
       3
       6
       2
       4
       3
       2
       3
       2
       3
       7
       2
       2
       5
       2
       6
       2
       1
       4
       2
       3
       9
       5
       9
       1
       4
       4
       2
       4
       1
       5
       5
       5
       0
       3
       5
       4
       6
       5
       3
       4
       3
       5
       5
       6
       3
       4
       4
       9
       1
       3
       2
       3
       4
       0
       4
       3
       1
       3
       1
       4
       3
       4
       5
       5
       2
       8
       2
       4
       5
       1
       2
       0
       3
       4
       1
       2
       0
       2
       4
       4
       4
       2
       1
       5
       2
       5
       3
       3
       5
       4
       2
       3
       3
       7
       6
       5
       6
       5
       5
       2
       4
       6
       7
       2
       8
       5
       4
       4
       5
       2
       3
       2
       5
       6
       4
       1
       3
       2
       6
       3
       2
       6
       2
       5
       1
       1
       3
       5
       1
       2
       1
       3
       1
       4
       4
       6
       5
       3
       2
       1
       3
       4
       1
       0
       9
       3
       4
       2
       3
       5
       6
       5
       4
       1
       1
       3
       2
       0
       4
       1
       4
       3
       6
       1
       2
       1
       2
       0
       4
       4
       0
       3
       2
       4
       5
       2
       1
       6
       1
       3
       2
       2
       2
       4
       3
       4
       3
       1
       4
       2
       3
       6
       5
       2
       5
       3
       1
       5
       4
       1
       1
       1
       2
       3
       3
       2
       3
       0
       1
       3
       3
       7
       0
       6
       3
       1
       3
       2
       3
       2
       3
       2
       1
       4
       2
       4
       3
       2
       3
       3
       1
       2
       2
       2
       1
       4
       1
       2
       0
       1
       3
       4
       3
       2
       3
       1
       2
       0
       3
       5
       3
       5
       6
       3
       4
       2
       5
       0
       2
       3
       2
       4
       1
       1
       4
       1
       0
       1
       1
       2
       1
       2
       1
       3
       0
       1
       2
       1
       0
       1
       0
       5
       1
       4
       2
       1
       5
       1
       1
       2
       4
       1
       2
       3
       1
       4
       2
       1
       1
       5
       2
       4
       3
       0
       5
       1
       0
       1
       2
       3
       2
       3
       1
       2
       2
       1
       3
       3
       2
       1
       3
       5
       2
       2
       3
       1
       2
       6
       3
       4
       3
       4
       9
       6
       4
       3
       1
       4
       3
       4
       0
       0
       4
       1
       1
       0
       2
       0
       1
       0
       1
       2
       1
       1
       3
       5
       3
       2
       1
       2
       3
       2
       2
       1
       0
       2
       1
       1
       1
       0
       0
       0
       0
       0
       0
       2
       3
       2
       1
       1
       3
       1
       0
       1
       1
       1
       0
       0
       0
       0
       3
       2
       3
       2
       1
       6
       2
       3
       1
       2
       3
       3
       2
       7
       9
      10
      12
       6
       4
       4
       0
       0
       0
       2
       0
       1
       2
       3
       3
       0
       5
       2
       3
       0
       2
       0
       1
       2
       0
       1
       1
       1
       1
       2
       1
       1
       1
       2
       4
       4
       1
       4
       1
       1
       1
       1
       2
       1
       1
       3
       1
       1
       0
       2
       1
       0
       5
       1
       0
       1
       3
       2
       2
       1
       0
       1
       0
       1
       1
       0
       2
       1
       0
       1
       1
       1
       2
       2
       2
       0
       0
       0
       1
       1
       1
       1
       1
       1
       3
       1
       0
       1
       2
       1
       0
       3
       0
       4
       1
       2
       2
       0
       1
       2
       2
       1
       2
       0
       3
       0
       2
       1
       2
       2
       0
       1
       2
       1
       1
       1
       1
       1
       2
       2
       2
       0
       1
       2
       1
       1
       2
       0
       2
       3
       1
       1
       1
       1
       1
       0
       1
       1
       3
       2
       2
       0
       1
       4
       1
       1
       1
       2
       0
       0
       2
       1
       2
       2
       2
       2
       1
       0
       2
       1
       3
       2
       0
       0
       0
       2
       2
       3
       0
       1
       1
       4
       1
       0
       0
       1
       2
       4
       2
       4
       1
       2
       1
       3
       0
       0
       2
       3
       0
       2
       2
       2
       3
       6
       4
       1
       1
       3
       3
       2
       2
       3
       2
       5
       2
       2
       4
       2
       5
       3
       0
       1
       3
       3
       1
       6
       3
       1
       2
       9
       1
       2
      10
      17
      17
      21
      34
      45
      43
      39
      48
      25
      11
      12
       9
       6
       1
       3
       0
       3
       1
       1
       2
       1
       4
       0
       0
       5
       2
       1
       2
       1
       1
       0
       2
       1
       0
       0
       4
       3
       1
       2
       0
       2
       2
       3
       2
       1
       2
       0
       1
       2
       1
       0
       1
       1
       0
       1
       0
       0
       1
       5
       3
       0
       0
       4
       0
       1
       1
       1
       1
       2
       0
       1
       0
       1
       1
       2
       0
       2
       2
       2
       0
       2
       1
       6
       1
       2
       0
       0
       1
       2
       4
       0
       1
       2
       1
       1
       2
       1
       1
       0
       1
       1
       0
       7
       1
       3
       0
       0
       4
       3
       3
       0
       2
       1
       1
       1
       1
       1
       2
       2
       2
       5
       0
       3
       1
       1
       2
       1
       2
       5
       2
       3
       0
       1
       1
       6
       1
       4
       5
       0
       4
       2
       0
       3
       7
       1
       2
       3
       2
       1
       2
       1
       0
       0
       0
       0
       1
       1
       1
       1
       1
       3
       1
       2
       0
       2
       3
       0
       0
       0
       1
       0
       0
       0
       1
       0
       1
       2
       0
       1
       0
       1
       1
       0
       0
       1
       1
       1
       0
       2
       1
       1
       0
       1
       0
       0
       0
       0
       2
       0
       1
       2
       1
       1
       1
       0
       0
       2
       0
       0
       2
       0
       2
       1
       0
       3
       1
       0
       0
       1
       0
       1
       2
       0
       1
       0
       0
       1
       3
       1
       2
       1
       2
       0
       2
       1
       1
       0
       2
       1
       3
       0
       0
       0
       0
       2
       1
       2
       1
       5
       1
       0
       0
       0
       0
       2
       1
       1
       3
       1
       3
       0
       2
       1
       1
       0
       3
       1
       1
       2
       0
       1
       1
       0
       0
       1
       0
       0
       2
       2
       0
       1
       1
       1
       0
       0
       1
       2
       1
       0
       4
       2
       1
       1
       1
       3
       1
       0
       0
       3
       2
       1
       0
       0
       4
       3
       2
       1
       1
       0
       0
       2
       1
       2
       0
       1
       3
       2
       2
       1
       2
       0
       0
       3
       2
       0
       1
       1
       1
       0
       0
       1
       0
       2
       1
       0
       2
       0
       1
       1
       1
       3
       1
       1
       2
       1
       1
       1
       2
       0
       0
       2
       1
       2
       1
       2
       2
       0
       0
       1
       2
       1
       0
       1
       0
       0
       1
       0
       0
       0
       1
       0
       0
       1
       2
       1
       0
       2
       0
       1
       1
       2
       0
       2
       1
       2
       2
       0
       3
       1
       1
       0
       0
       0
       1
       0
       0
       1
       3
       0
       1
       4
       0
       1
       2
       1
       0
       2
       1
       0
       0
       1
       1
       0
       1
       0
       0
       0
       2
       2
       1
       0
       0
       0
       1
       0
       2
       1
       0
       0
       1
       1
       0
       0
       1
       0
       1
       0
       4
       0
       0
       0
       0
       1
       1
       1
       1
       1
       0
       1
       0
       0
       0
       1
       0
       1
       0
       0
       1
       1
       2
       0
       0
       3
       0
       0
       0
       1
       0
       1
       1
       0
       1
       1
       1
       0
       0
       2
       1
       0
       0
       1
       0
       0
       1
       1
       1
       0
       0
       1
       1
       1
       1
       2
       0
       0
       1
       0
       1
       0
       0
       1
       0
       0
       1
       1
       1
       0
       0
       1
       1
       2
       0
       0
       1
       0
       0
       1
       1
       1
       0
       0
       0
       1
       3
       3
       0
       0
       1
       0
       0
       1
       1
       1
       1
       0
       1
       0
       0
       0
       1
       1
       2
       2
       1
       1
       0
       2
       0
       0
       2
       0
       0
       0
       0
       2
       0
       0
       0
       0
       0
       0
       2
       2
       0
       0
       0
       0
       1
       1
       0
       1
       1
       0
       1
       3
       0
       1
       0
       0
       0
       1
       0
       1
       1
       0
       2
       1
       0
       1
       1
       0
       1
       0
       3
       0
       1
       0
       0
       2
       0
       0
       0
       3
       3
       0
       0
       1
       0
       0
       0
       0
       0
       1
       0
       0
       2
       4
       0
       0
       0
       0
       1
       0
       1
       0
       1
       1
       0
       1
       2
       1
       3
       2
       0
       1
       0
       1
       1
       0
       1
       0
       1
       0
       1
       1
       0
       0
       0
       0
       1
       1
       0
       1
       0
       0
       0
       0
       1
       1
       0
       0
       0
       0
       1
       0
       0
       0
       0
       1
       0
       1
       1
       0
       1
       0
       0
       1
       0
       0
       1
       0
       0
       2
       0
       1
       0
       0
       0
       1
       1
       1
       1
       0
       1
       2
       1
       1
       1
       0
       1
       1
       0
       0
       2
       0
       0
       0
       2
       1
       2
       3
       3
       7
       1
       3
       4
       2
       2
       1
       0
       1
       0
       1
       0
       0
       0
       1
       0
       0
       0
       1
       2
       0
       0
       1
       0
       0
       1
       0
       1
       0
       0
       0
       0
       1
       1
       0
       0
       0
       1
       1
       1
       3
       0
       0
       1
       2
       1
       1
       2
       1
       0
       1
       0
       0
       0
       0
       1
       1
       1
       0
       1
       2
       1
       0
       1
       0
       1
       0
       1
       0
       0
       0
       1
       1
       0
       0
       0
       1
       0
       0
       0
       0
       0
       0
       0
       0
       1
       2
       1
       0
       0
       0
       1
       0
       0
       1
       1
       0
       1
       0
       1
       0
       1
       0
       0
       2
       0
       1
       1
       1
       2
       2
       1
       1
       0
       2
       0
       1
       0
       0
       0
       0
       0
       1
       1
       0
       1
       0
       0
       1
       0
       0
       2
       1
       0
       0
       0
       0
       0
       0
       0
       0
       1
       1
       0
       1
       0
       1
       0
       0
       1
       0
       1
       2
       1
       0
       0
       2
       0
       0
       0
       0
       0
       0
       0
       0
       1
       0
       0
       0
       1
       0
       0
       0
       0
       1
       0
       0
       2
       0
       1
       0
       2
       2
       0
       1
       0
       1
       0
       1
       2
       0
       0
       0
       0
       2
       1
       2
       1
       1
       0
       0
       0
       0
       0
       0
       0
       0
       1
       0
       0
       2
       0
       0
       0
       2
       0
       1
       0
       0
       0
       0
       0
       0
       1
       0
       0
       2
       0
       2
       0
       0
       1
       0
       0
       0
       0
       0
       2
       1
       1
       0
       1
       0
       1
       2
       1
       0
       0
       0
       1
       1
       1
       1
       0
       0
       1
       1
       0
       1
       1
       0
       0
       0
       0
       0
       1
       0
       1
       0
       0
       0
       1
       0
       0
       1
       0
       0
       0
       0
       0
       0
       0
       0
       0
       0
       0
       0
       2
       0
       0
       1
       0
       1
       0
       0
       0
       1
       2
       0
       1
       0
       0
       0
       0
       0
       0
       1
       1
       1
       0
       0
       0
       1
       0
       1
       2
       1
       1
       1
       0
       0
       0
       0
       0
       1
       2
       0
       0
       0
       1
       1
       0
       0
       0
       0
       0
       0
       0
       0
       0
       0
       2
       0
       1
       0
       0
       0
       0
       1
       0
       0
       1
       1
       0
       0
       0
       0
       0
       1
       1
       0
       1
       0
       1
       0
       1
       1
       0
       0
       0
       1
       1
       0
       0
       0
       0
       0
       0
       0
       0
       1
       1
       1
       0
       1
       0
       0
       1
       0
       0
       0
       0
       1
       2
       0
       1
       0
       1
       0
       0
       0
       2
       0
       0
       0
       0
       0
       1
       0
       0
       2
       0
       0
       0
       1
       0
       0
       0
       0
       0
       0
       0
       1
       0
       0
       1
       0
       1
       0
       1
       0
       1
       0
       0
       0
       0
       1
       1
       0
       0
       1
       0
       1
       0
       0
       0
       1
       0
       0
       0
       1
       0
       0
       1
       0
       0
       0
       0
       1
       1
       1
       0
       0
       0
       1
       0
       0
       0
       1
       1
       0
       1
       0
       0
       3
       0
       1
       0
       0
       1
       0
       0
       1
       3
       0
       2
       0
       1
       0
       1
       1
       0
       0
       0
       0
       1
       0
       1
       1
       0
       0
       0
       0
       0
       0
       2
       0
       0
       0
       1
       1
       0
       0
       0
       1
       0
       0
       0
       0
       0
       0
       0
       0
       0
       0
       0
       1
       0
       3
       1
       0
       0
       1
       1
       0
       1
       1
       0
       0
       1
       2
       0
       0
       1
       0
       2
       0
       1
       3
       0
       1
       1
       0
       1
       0
       1
       1
       0
       0
       1
       0
       0
       1
       0
       0
       1
       0
       0
       0
       0
       0
       1
       0
       2
       1
       0
       0
       1
       0
       0
       0
       0
       1
       0
       0
       1
       0
       0
       1
       0
       1
       0
       0
       0
       0
       0
       0
       0
       1
       0
       0
       0
       0
       1
       0
       0
       1
       1
       0
       0
       0
       0
       0
       1
       0
       0
       0
       0
       0
       2
       0
       0
       0
       0
       1
       1
       0
       0
       1
       0
       1
       0
       0
       1
       0
       0
       0
       1
       2
       0
       1
       0
       1
       2
       0
       0
       2
       0
       0
       1
       2
       0
       1
       0
       1
       0
       1
       0
       0
       0
       2
       0
       0
       0
       0
       0
       0
       1
       0
       1
       1
       0
       0
       0
       1
       0
       2
       1
       1
       0
       1
       1
       1
       0
       0
       1
       0
       0
       0
       0
       0
       0
       1
       0
       0
       2
       0
       0
       1
       0
       0
       0
       0
       1
       1
       0
       0
       0
       0
       0
       0
       0
       0
       0
       0
       1
       1
       0
       0
       1
       0
       1
       0
       0
       1
       0
       0
       0
       1
       1
       0
       1
       0
       1
       0
       0
       2
       1
       0
       0
       2
       0
       0
       1
       0
       0
       1
       0
       1
       0
       1
       0
       0
       0
       2
       2
       2
       0
       0
       0
       1
       0
       0
       0
       0
       0
       0
       0
       0
       0
       0
       0
       0
       2
       1
       0
       0
       0
       0
       1
       0
       0
       0
       3
       0
       0
       1
       0
       0
       2
       1
       1
       0
       1
       1
       3
       1
       0
       0
       1
       0
       0
       0
       3
       0
       2
       0
       0
       0
       0
       0
       0
       0
       0
       0
       0
       0
       0
       0
       0
       0
       1
       1
       0
       1
       1
       0
       0
       0
       0
       0
       1
       0
       1
       0
       0
       0
       0
       1
       1
       0
       2
       0
       0
       0
       1
       0
       0
       0
       2
       0
       0
       0
       1
       0
       1
       0
       0
       0
       1
       0
       0
       0
       0
       0
       1
       0
       0
       0
       0
       0
       1
       0
       0
       0
       1
       0
       0
       0
       0
       0
       0
       0
       0
       0
       0
       0
       0
       1
       0
       2
       0
       0
       0
       0
       0
       0
       0
       0
       0
       0
       0
       0
       0
       0
       0
       0
       0
       0
       1
       0
       0
       0
       0
       0
       0
       0
       1
       0
       1
       0
       0
       1
       0
       0
       1
       0
       0
       0
       1
       2
       0
       1
       0
       0
       0
       0
       1
       0
       1
       0
       0
       0
       2
       0
       0
       1
       0
       1
       0
       1
       0
       1
       0
       0
       0
       0
       0
       0
       2
       1
       1
       0
       0
       0
       1
       1
       0
       1
       1
       1
       0
       0
       0
       0
       0
       0
       0
       2
       0
       2
       1
       0
       1
       1
       0
       0
       0
       0
       2
       1
       0
       0
       0
       1
       0
       0
       0
       0
       0
       1
       1
       1
       1
       1
       0
       0
       0
       2
       0
       0
       0
       1
       0
       0
       0
       0
       0
       0
       0
       0
       1
       1
       0
       0
       1
       0
       1
       0
       0
       1
       0
       1
       0
       0
       0
       0
       1
       1
       0
       0
       0
       1
       0
       0
       1
       0
       0
       2
       0
       0
       1
       0
       0
       2
       2
       1
       0
       0
       0
       0
       0
       0
       1
       0
       0
       0
       1
       1
       0
       0
       0
       1
       0
       1
       0
       0
       0
       0
       1
       0
       1
       1
       0
       0
       0
       0
       1
       1
       0
       0
       1
       0
       0
       0
       0
       0
       2
       2
       0
       0
       2
       2
       0
       1
       0
       1
       0
       0
       0
       0
       0
       0
       0
       0
       0
       0
       0
       1
       2
       0
       0
       0
       0
       0
       1
       2
       0
       0
       1
       0
       0
       0
       0
       0
       1
       0
       0
       1
       0
       0
       0
       0
       0
       0
       0
       0
       1
       0
       0
       0
       0
       0
       1
       1
       1
       0
       0
       0
       1
       1
       0
       0
       1
       0
       0
       1
       0
       0
       0
       0
       1
       0
       1
       0
       1
       0
       0
       0
       0
       1
       0
       0
       0
       1
       0
       1
       1
       0
       0
       0
       0
       1
       0
       0
       1
       0
       0
       1
       1
       0
       0
       1
       1
       0
       1
       0
       0
       0
       0
       1
       0
       0
       1
       0
       1
       1
       0
       0
       0
       0
       0
       0
       2
       0
       0
       0
       2
       0
       0
       0
       2
       0
       0
       0
       0
       0
       0
       0
       0
       0
       0
       0
       0
       0
       0
       0
       0
       0
       0
       0
       0
       0
       0
       0
       0
       0
       2
       0
       1
       0
       0
       0
       0
       1
       0
       1
       1
       2
       1
       0
       0
       0
       1
       1
       0
       0
       0
       1
       0
       0
       0
       1
       0
       0
       1
       1
       1
       0
       1
       1
       1
       0
       1
       2
       0
       1
       0
       0
       0
       1
       0
       0
       0
       0
       0
       1
       0
       0
       0
       0
       0
       1
       0
       0
       0
       1
       0
       0
       0
       0
       1
       0
       1
       2
       1
       0
       0
       0
       1
       1
       0
       0
       0
       1
       0
       1
       0
       0
       0
       0
       0
       1
       2
       1
       0
       1
       0
       1
       0
       0
       0
       0
       1
       1
       2
       0
       0
       0
       0
       0
       0
       1
       1
       0
       0
       0
       0
       0
       1
       0
       1
       0
       0
       0
       0
       0
       0
       0
       1
       0
       0
       1
       1
       1
       1
       1
       1
       0
       0
       0
       0
       0
       0
       0
       0
       0
       1
       0
       1
       0
       0
       1
       1
       0
       1
       2
       0
       0
       1
       1
       0
       2
       1
       0
       0
       2
       1
       0
       1
       1
       0
       2
       0
       0
       0
       0
       0
       1
       0
       0
       0
       0
       0
       2
       1
       0
       0
       0
       0
       0
       1
       0
       0
       1
       0
       0
       0
       0
       0
       0
       0
       1
       0
       0
       1
       0
       0
       0
       0
       1
       0
       0
       1
       0
       1
       0
       0
       0
       0
       0
       0
       1
       0
       0
       1
       0
       0
       0
       0
       1
       1
       0
       1
       0
       0
       1
       0
       1
       1
       0
       1
       0
       0
       1
       0
       0
       0
       1
       0
       0
       0
       0
       0
       0
       0
       0
       1
       0
       0
       0
       0
       2
       1
       1
       0
       1
       0
       0
       0
       0
       0
       0
       2
       0
       0
       0
       0
       1
       0
       0
       0
       0
       0
       2
       0
       0
       1
       0
       2
       0
       0
       1
       2
       0
       0
       0
       0
       0
       0
       0
       1
       0
       1
       0
       1
       1
       1
       0
       0
       0
       0
       0
       0
       0
       0
       0
       0
       0
       0
       0
       1
       0
       0
       0
       1
       0
       0
       0
       0
       0
       0
       1
       1
       0
       0
       1
       0
       0
       0
       0
       0
       0
       1
       1
       1
       1
       1
       0
       1
       0
       1
       1
       1
       0
       0
       0
       0
       0
       0
       2
       0
       0
       0
       0
       1
       1
       1
       0
       0
       0
       0
       0
       0
       0
       1
       0
       0
       0
       0
       0
       0
       0
       0
       0
       0
       1
       0
       0
       0
       0
       0
       2
       0
       0
       0
       1
       1
       0
       0
       0
       0
       0
       0
       0
       0
       0
       1
       0
       0
       0
       0
       0
       0
       0
       0
       0
       0
       1
       0
       1
       0
       0
       0
       0
       0
       0
       1
       1
       0
       1
       0
       0
       0
       1
       0
       0
       0
       0
       0
       0
       0
       0
       0
       0
       0
       0
       1
       0
       2
       0
       0
       0
       0
       1
       0
       0
       0
       0
       0
       0
       1
       0
       0
       0
       0
       1
       0
       0
       0
       0
       0
       0
       0
       1
       0
       0
       0
       0
       0
       0
       1
       0
       0
       0
       0
       0
       0
       1
       0
       0
       0
       0
       0
       0
       0
       0
       0
       0
       0
       0
       0
       0
       0
       0
       0
       0
       0
       0
       0
       1
       1
       0
       0
       0
       0
       0
       0
       0
       0
       0
       0
       0
       0
       0
       0
       0
       0
       0
       0
       0
       0
       0
       0
       0
       0
       0
       0
       0
       0
       0
       0
       0
       0
       0
       0
       0
       1
       0
       0
       0
       0
       0
       0
       0
       0
       0
       0
       0
       0
       0
       0
       0
       0
       0
       0
       0
       0
       0
       1
       0
       0
       0
       0
       1
       0
       0
       0
       0
       0
       0
       0
       0
       0
       0
       0
       0
       0
       0
       0
       0
       0
       0
       0
       0
       0
       0
       0
       0
       0
       0
       0
       0
       0
       0
       0
       0
       0
       0
       0
       0
       0
       0
       0
       0
       0
       0
       0
       0
       0
       0
       0
       0
       0
       1
       0
       0
       1
       0
       0
       0
       1
       0
       0
       0
       0
       0
       0
       0
       1
       0
       0
       0
       0
       0
       0
       1
       0
       1
       0
       0
       0
       0
       0
       0
       0
       1
       0
       0
       0
       0
       0
       0
       0
       0
       1
       1
       0
       0
       0
       0
       1
       0
       0
       1
       0
       0
       0
       0
       0
       0
       0
       0
       2
       0
       0
       0
       0
       1
       0
       0
       0
       3
       0
       0
       0
       0
       0
       0
       1
       0
       0
       1
       0
       1
       0
       2
       0
       1
       1
       0
       0
       0
       0
       1
       0
       2
       1
       0
       1
       0
       1
       0
       2
       0
       1
       1
       7
       1
       5
       0
       4
      10
       4
       3
       5
       4
       2
       4
       0
       1
       1
       0
       0
       1
       0
       1
       0
       0
       0
       0
       0
       1
       0
       0
       0
       0
       0
       1
       1
       1
       0
       0
       0
       0
       0
       1
       0
       0
       0
       0
       0
       0
       0
       0
       0
       0
       0
       0
       0
       0
       0
       0
       0
       0
       0
       0
       0
       1
       1
       0
       0
       1
       0
       0
       0
       0
       1
       1
       0
       0
       0
       0
       0
       0
       1
       0
       0
       1
       1
       0
       0
       0
       0
       0
       0
       0
       0
       0
       0
       0
       0
       0
       0
       0
       0
       0
       1
       0
       0
       1
       0
       0
       0
       0
       0
       1
       0
       0
       0
       0
       0
       0
       0
       0
       0
       0
       0
       0
       0
       0
       0
       0
       0
       0
       0
       0
       0
       0
       0
       0
       0
       0
       0
       0
       0
       0
       0
       0
       0
       0
       0
       0
       0
       0
       0
       0
       1
       0
       0
       0
       0
       0
       0
       0
       0
       0
       0
       0
       0
       0
       0
       0
       1
       0
       0
       0
       0
       0
       0
       0
       0
       0
       0
       0
       0
       0
       0
       0
       0
       0
       0
       0
       0
       1
       0
       0
       0
       0
       0
       0
       0
       1
       1
       0
       0
       0
       0
       0
       0
       0
       0
       0
       0
       0
       0
       0
       0
       0
       0
       0
       0
       0
       0
       0
       0
       0
       0
       0
       0
       0
       0
       0
       0
       0
       0
       1
       0
       0
       0
       0
       0
       0
       0
       0
       0
       1
       0
       0
       0
       0
       0
       0
       0
       0
       0
       0
       0
       0
       0
       0
       0
       0
       0
       0
       0
       0
       0
       0
       0
       0
       0
       0
       0
       0
       0
       0
       0
       0
       0
       0
       0
       0
       0
       0
       0
       0
       0
       0
       0
       0
       0
       0
       0
       0
       0
       0
       0
       0
       0
       0
       0
       0
       1
       0
       0
       0
       0
       1
       0
       0
       0
       0
       0
       0
       1
       0
       0
       0
       0
       0
       0
       0
       0
       0
       0
       0
       0
       0
       0
       0
       0
       0
       0
       1
       0
       0
       0
       0
       0
       0
       0
       1
       0
       0
       0
       0
       0
       0
       0
       0
       1
       0
       0
       0
       0
       0
       0
       0
       0
       0
       0
       0
       0
       0
       0
       0
       0
       0
       0
       0
       0
       0
       0
       0
       0
       1
       0
       0
       0
       0
       0
       0
       0
       0
       0
       0
       0
       0
       0
       0
       0
       0
       0
       0
       0
       0
       0
       0
       0
       0
       0
       0
       0
       0
       0
       0
       0
       0
       0
       0
       0
       0
       0
       0
       0
       0
       0
       0
       0
       1
       0
       0
       0
       0
       0
       0
       0
       0
       0
       0
       0
       0
       0
       0
       0
       0
       0
       0
       0
       0
       0
       0
       0
       0
       0
       0
       0
       0
       0
       0
       0
       0
       0
       1
       0
       0
       0
       0
       0
       0
       0
       0
       0
       0
       0
       0
       0
       0
       0
       0
       0
       0
       0
       0
       0
       0
       0
       0
       0
       0
       0
       0
       0
       0
       0
       0
       0
       0
       0
       0
       0
       0
       0
       0
       0
       0
       0
       0
       0
       0
       0
       0
       0
       0
       0
       0
       0
       0
       0
       0
       0
       0
       0
       0
       0
       0
       0
       0
       0
       0
       0
       0
       0
       0
       0
       0
       0
       0
       0
       0
       0
       0
       0
       0
       0
       0
       0
       0
       0
       0
       0
       0
       0
       0
       0
       0
       0
       0
       0
       0
       0
       0
       0
       0
       0
       0
       0
       0
       0
       0
       0
       0
       0
       0
       1
       0
       0
       0
       0
       0
       0
       0
       0
       0
       0
       0
       0
       1
       0
       0
       0
       0
       0
       0
       0
       0
       0
       0
       0
       0
       0
       0
       0
       0
       0
       0
       0
       0
       0
       0
       0
       0
       0
       0
       0
       0
       0
       0
       0
       0
       0
       0
       0
       0
       0
       0
       0
       0
       0
       0
       0
       0
       0
       0
       0
       1
       0
       0
       1
       0
       0
       0
       0
       0
       0
       0
       0
       0
       0
       0
       0
       0
       0
       0
       0
       0
       0
       0
       0
       0
       0
       0
       0
       0
       0
       0
       0
       0
       0
       0
       0
       0
       0
       0
       0
       0
       0
       0
       0
       0
       0
       0
       0
       0
       0
       0
       0
       0
       0
       0
       0
       0
       0
       0
       0
       0
       0
       0
       0
       0
       0
       0
       0
       0
       0
       0
       0
       0
       0
       0
       0
       0
       0
       0
       0
       0
       0
       0
       0
       0
       0
       0
       0
       0
       0
       0
       0
       0
       0
       0
       0
       0
       0
       0
       0
       0
       0
       0
       0
       0
       0
       0
       0
       0
       0
       0
       0
       0
       0
       0
       0
       0
       0
       0
       0
       0
       0
       0
       0
       0
       0
       0
       0
       0
       0
       0
       0
       0
       0
       0
       0
       0
       0
       0
       0
       0
       0
       0
       0
       0
       0
       0
       0
       0
       0
       0
       0
       0
       0
       0
       0
       0
       0
       0
       0
       1
       0
       0
       0
       0
       0
       0
       0
       0
       0
       0
       0
       0
       0
       0
       0
       0
       0
       0
       0
       0
       0
       0
       0
       0
       0
       0
       0
       0
       0
       0
       0
       0
       0
       0
       0
       0
       0
       0
       0
       0
       0
       0
       0
       0
       0
       0
       0
       0
       0
       0
       0
       0
       0
       1
       0
       0
       0
       0
       0
       0
       0
       0
       0
       0
       0
       0
       0
       0
       0
       0
       1
       0
       0
       0
       0
       0
       0
       0
       0
       0
       0
       0
       0
       0
       0
       0
       0
       0
       0
       0
       1
       0
       0
       0
       0
       0
       0
       0
       0
       0
       0
       0
       0
       0
       0
       0
       1
       0
       0
       1
       0
       0
       0
       0
       0
       0
       0
       0
       0
       0
       0
       0
       0
       0
       0
       0
       0
       0
       0
       0
       0
       0
       0
       0
       0
       0
       0
       0
       0
       0
       0
       0
       0
       0
       0
       0
       0
       0
       0
       0
       0
       0
       0
       0
       0
       0
       0
       0
       0
       0
       0
       0
       0
       0
       0
       0
       0
       0
       0
       0
       0
       0
       0
       0
       0
       0
       0
       0
       0
       0
       0
       0
       0
       0
       0
       0
       0
       0
       0
       0
       0
       0
       0
       0
       0
       0
       0
       0
       0
       0
       0
       0
       0
       0
       0
       0
       0
       0
       0
       0
       0
       0
       0
       0
       0
       0
       0
       0
       0
       0
       0
       0
       0
       0
       0
       0
       0
       0
       0
       0
       0
       0
       0
       0
       0
       0
       0
       0
       0
       0
       0
       0
       0
       0
       0
       0
       0
       0
       0
       0
       0
       0
       0
       0
       0
       0
       0
       0
       0
       0
       0
       0
       0
       0
       0
       0
       0
       0
       0
       0
       0
       0
       0
       0
       0
       0
       0
       0
       0
       0
       0
       0
       0
       0
       0
       0
       0
       0
       0
       0
       0
       0
       0
       0
       0
       0
       0
       0
       0
       0
       0
       0
       0
       0
       0
       0
       0
       0
       0
       0
       0
       0
       0
       0
       0
       0
       0
       0
       0
       0
       0
       0
       0
       0
       0
       0
       0
       0
       0
       0
       0
       0
       0
       0
       0
       0
       0
       0
       0
       0
       0
       0
       0
       0
       0
       0
       0
       0
       0
       0
       0
       0
       0
       0
       0
       0
       0
       0
       0
       0
       0
       0
       0
       0
       0
       0
       0
       0
       0
       0
       0
       0
       0
       0
       0
       0
       0
       0
       0
       0
       0
       0
       0
       0
       0
       0
       0
       0
       0
       0
       0
       0
       0
       0
       0
       0
       0
       0
       0
       0
       0
       0
       0
       0
       0
       0
       0
       0
       0
       0
       0
       1
       0
       0
       0
       0
       0
       0
       0
       0
       0
       0
       0
       0
       0
       0
       0
       0
       0
       0
       0
       0
       0
       0
       0
       0
       0
       0
       0
       0
       0
       0
       0
       0
       0
       0
       0
       0
       0
       0
       0
       0
       0
       0
       0
       0
       0
       0
       0
       0
       0
       0
       0
       0
       0
       0
       0
       0
       0
       0
       0
       0
       0
       0
       0
       0
       0
       0
       0
       0
       0
       0
       0
       0
       0
       0
       0
       0
       0
       0
       0
       0
       0
       0
       0
       0
       0
       0
       0
       0
       0
       0
       0
       0
       0
       0
       0
       1
       0
       0
       0
       0
       0
       0
       0
       0
       0
       0
       1
       0
       0
       0
       0
       0
       0
       0
       0
       0
       0
       0
       0
       0
       0
       0
       0
       0
       0
       0
       0
       0
       0
       0
       0
       0
       0
       0
       0
       0
       0
       0
       0
       0
       0
       0
       0
       0
       0
       0
       0
       0
       0
       0
       0
       0
       0
       0
       0
       0
       0
       0
       0
       1
       0
       0
       0
       0
       0
       0
       0
       0
       0
       0
       0
       0
       0
       0
       0
       0
       0
       0
       0
       0
       0
       0
       0
       0
       0
       0
       0
       0
       0
       0
       0
       0
       0
       0
       0
       0
       0
       0
       0
       0
       0
       0
       0
       0
       0
       0
       0
       0
       0
       0
       0
       0
       0
       0
       0
       0
       0
       0
       0
       0
       0
       0
       0
       0
       0
       0
       0
       0
       0
       1
       0
       0
       0
       0
       0
       0
       0
       0
       0
       0
       0
       0
       0
       0
       0
       0
       0
       0
       0
       0
       0
       0
       0
       0
       0
       0
       0
       0
       0
       0
       0
       0
       0
       0
       0
       0
       0
       0
       0
       0
       1
       0
       0
       0
       0
       0
       0
       0
       0
       0
       0
       0
       0
       0
       0
       0
       0
       0
       0
       0
       0
       0
       0
       0
       0
       0
       0
       0
       0
       0
       0
       0
       0
       0
       0
       0
       0
       0
       0
       0
       0
       0
       0
       0
       0
       0
       0
       0
       0
       0
       0
       0
       0
       0
       0
       0
       1
       0
       0
       0
       0
       0
       0
       0
       0
       0
       0
       0
       0
       0
       0
       0
       0
       0
       0
       0
       0
       0
       0
       0
       0
       0
       0
       0
       0
       0
       0
       0
       0
       0
       0
       0
       0
       0
       0
       0
       0
       0
       0
       0
       0
       0
       0
       0
       0
       0
       0
       0
       0
       0
       0
       0
       0
       0
       0
       0
       0
       0
       0
       0
       0
       0
       0
       0
       0
       0
       0
       0
       0
       0
       0
       0
       0
       0
       0
       0
       0
       0
       0
       0
       0
       0
       0
       0
       0
       0
       0
       0
       0
       0
       0
       0
       0
       0
       0
       0
       0
       0
       0
       0
       0
       0
       0
       0
       0
       0
       0
       0
       0
       0
       0
       0
       0
       0
       0
       0
       0
       0
       0
       0
       0
       0
       0
       0
       0
       0
       0
       0
       0
       0
       0
       0
       0
       0
       0
       0
       0
       0
       0
       0
       0
       0
       0
       1
       0
       0
       0
       0
       0
       0
       0
       0
       0
       0
       0
       0
       0
       0
       0
       0
       0
       0
       0
       0
       0
       0
       0
       0
       0
       0
       0
       0
       0
       0
       0
       0
       0
       0
       0
       0
       0
       0
       0
       0
       0
       0
       0
       0
       0
       0
       0
       0
       0
       1
       0
       0
       0
       0
       0
       0
       0
       0
       0
       0
       0
       0
       0
       0
       0
       0
       0
       0
       0
       0
       0
       0
       0
       0
       0
       0
       0
       0
       0
       0
       0
       0
       0
       0
       0
       0
       0
       0
       0
       0
       0
       0
       0
       0
       0
       0
       0
       0
       0
       0
       0
       0
       0
       0
       0
       1
       0
       0
       0
       0
       0
       0
       0
       0
       0
       0
       0
       0
       0
       0
       0
       0
       0
       0
       0
       0
       0
       0
       0
       0
       0
       0
       0
       0
       0
       0
       0
       0
       0
       0
       0
       0
       0
       0
       0
       1
       0
       0
       0
       0
       0
       0
       0
       0
       0
       0
       0
       0
       0
       0
       1
       0
       0
       0
       0
       0
       0
       0
       0
       0
       0
       0
       0
       0
       0
       0
       0
       0
       0
       0
       0
       0
       0
       0
       0
       0
       0
       0
       0
       0
       0
       0
       0
       0
       0
       0
       0
       0
       0
       0
       0
       0
       0
       0
       0
       0
       0
       0
       1
       0
       0
       0
       0
       0
       0
       0
       0
       0
       0
       0
       0
       0
       0
       0
       0
       0
       0
       0
       0
       0
       0
       0
       0
       0
       0
       0
       0
       0
       0
       0
       0
       0
       0
       0
       0
       0
       0
       0
       0
       0
       0
       0
       0
       0
       0
       0
       0
       0
       0
       0
       0
       0
       0
       0
       0
       0
       0
       0
       0
       0
       0
       0
       0
       0
       0
       0
       0
       0
       0
       0
       0
       0
       0
       0
       0
       0
       0
       0
       0
       0
       0
       0
       0
       0
       0
       0
       0
       0
       0
       0
       0
       0
       0
       0
       0
       0
       0
       0
       0
       0
       0
       0
       0
       0
       0
       0
       0
       0
       0
       0
       0
       0
       0
       0
       0
       0
       0
       0
       0
       0
       0
       0
       0
       0
       0
       0
       0
       0
       0
       0
       0
       0
       0
       0
       0
       0
       0
       0
       0
       0
       0
       0
       0
       0
       0
       0
       0
       0
       0
       0
       0
       0
       0
       0
       0
       0
       0
       0
       0
       0
       0
       0
       0
       0
       0
       0
       0
       0
       0
       0
       0
       0
       0
       0
       0
       0
       0
       0
       0
       0
       0
       0
       0
       0
       0
       0
       0
       0
       0
       0
       0
       0
       0
       0
       0
       0
       0
       0
       0
       0
       0
       0
       0
       0
       0
       0
       0
       0
       0
       0
       0
       0
       0
       0
       0
       0
       0
       0
       0
       0
       0
       0
       0
       0
$ROI:
0
$PRESETS:
Live Time
3600
0
$ENER_FIT:
8.931054 0.240803
$MCA_CAL:
3
8.931054E+000 2.408025E-001 6.157388E-008 keV
$SHAPE_CAL:
3
9.658150E+000 -1.618950E-003 2.758845E-007
