$SPEC_ID:
No sample description was entered.
$SPEC_REM:
DET# 1
DETDESC# EPS-140909 Easy-MCA-8k SN 16175454
AP# Maestro Version 7.01
$DATE_MEA:
03/08/2022 04:04:37
$MEAS_TIM:
3580 3600
$DATA:
0 8191
       0
       0
       0
       0
       0
       0
       0
       0
       0
       0
       0
       0
       0
       0
       0
       0
       0
       0
       0
       0
       0
       0
       0
       0
       0
       0
       0
       0
       0
       0
       0
       0
       0
       0
       0
       0
       0
       0
       0
       1
       5
      69
    1336
    1502
     948
     823
     753
     716
     742
     704
     742
     780
     890
    1019
    1098
    1171
    1082
     947
     870
     770
     833
     805
     791
     788
     804
     759
     729
     690
     757
     796
     785
     809
     809
     862
     803
     829
     876
     841
     898
     960
    1063
    1174
    1261
    1327
    1371
    1506
    1529
    1643
    1716
    1861
    2061
    2193
    2424
    2661
    2933
    3206
    3340
    3628
    4001
    4363
    5092
    5958
    7537
    9256
   11366
   13617
   15305
   16721
   17477
   18111
   18228
   18215
   17576
   16560
   15246
   13999
   12665
   11722
   11048
   10589
   10549
   11822
   16472
   32081
   64689
  112269
  163990
  207141
  231658
  220666
  166367
   96061
   42921
   17567
    8615
    6054
    5107
    4669
    4099
    3366
    3009
    3419
    6314
   15246
   32107
   52710
   63645
   58726
   43277
   30567
   23957
   19044
   13218
    7304
    3944
    2470
    2050
    1736
    1613
    1575
    1566
    1604
    1481
    1509
    1567
    1690
    1965
    2354
    2690
    2903
    2629
    2679
    3140
    3620
    3726
    3137
    2355
    1832
    1546
    1486
    1368
    1329
    1199
    1249
    1192
    1143
    1163
    1133
    1147
    1100
    1077
    1125
    1142
    1177
    1352
    1540
    1832
    1786
    1653
    1342
    1226
    1138
    1260
    1142
    1097
    1054
     981
     971
     941
     929
     956
     998
    1459
    3244
    7523
   14394
   21045
   21786
   16821
    9397
    4090
    1645
     917
     774
     761
     770
     785
     808
     754
     757
     767
     757
     768
     765
     732
     755
     935
    1183
    2044
    3202
    4328
    4499
    3668
    2284
    1352
     879
     755
     730
     645
     673
     675
     681
     723
     731
     818
     833
     836
     838
     811
     830
     804
     746
     684
     639
     666
     670
     622
     667
     660
     619
     616
     620
     689
     685
     656
     727
     686
     693
     663
     651
     662
     639
     652
     652
     592
     552
     564
     579
     564
     592
     594
     575
     565
     572
     534
     552
     649
     535
     579
     569
     543
     566
     553
     529
     538
     557
     521
     541
     451
     536
     516
     488
     542
     487
     513
     528
     518
     504
     517
     552
     529
     531
     505
     515
     503
     550
     545
     536
     533
     474
     517
     505
     454
     528
     476
     493
     465
     474
     455
     479
     455
     483
     496
     614
     580
     657
     678
     667
     582
     544
     464
     465
     412
     442
     401
     411
     412
     420
     432
     415
     451
     432
     444
     425
     481
     428
     462
     408
     402
     390
     406
     393
     429
     390
     416
     394
     373
     383
     411
     379
     374
     349
     356
     379
     328
     391
     321
     372
     368
     352
     335
     358
     365
     339
     345
     328
     364
     346
     379
     356
     339
     349
     375
     349
     319
     360
     313
     371
     324
     332
     323
     370
     328
     325
     363
     340
     329
     329
     334
     333
     323
     337
     285
     324
     320
     347
     286
     338
     306
     339
     326
     368
     360
     385
     330
     323
     329
     302
     319
     298
     310
     304
     296
     293
     291
     318
     280
     269
     259
     278
     320
     291
     295
     302
     303
     332
     255
     285
     272
     281
     273
     287
     250
     266
     275
     266
     275
     296
     256
     287
     271
     272
     241
     301
     298
     284
     269
     264
     274
     257
     278
     274
     252
     258
     224
     277
     257
     283
     286
     265
     237
     257
     255
     264
     227
     256
     264
     263
     253
     242
     222
     250
     214
     241
     224
     239
     260
     230
     252
     249
     270
     220
     200
     227
     233
     248
     233
     245
     236
     222
     210
     236
     232
     268
     243
     239
     238
     232
     220
     205
     214
     236
     208
     191
     226
     216
     204
     232
     230
     221
     192
     208
     221
     213
     194
     206
     217
     211
     184
     212
     183
     224
     252
     274
     314
     380
     380
     345
     309
     262
     238
     241
     262
     223
     244
     250
     213
     185
     182
     201
     199
     163
     168
     184
     219
     195
     197
     168
     213
     179
     189
     167
     178
     188
     182
     174
     176
     179
     186
     195
     185
     168
     172
     168
     175
     155
     163
     173
     159
     165
     167
     187
     166
     130
     193
     192
     146
     149
     191
     166
     180
     178
     155
     165
     178
     166
     151
     167
     146
     166
     166
     149
     152
     152
     170
     149
     142
     157
     166
     163
     173
     149
     167
     157
     137
     149
     150
     170
     145
     166
     142
     144
     159
     141
     151
     156
     171
     161
     155
     150
     160
     154
     138
     150
     134
     129
     180
     156
     163
     140
     150
     148
     152
     148
     143
     118
     123
     144
     136
     139
     130
     126
     134
     112
     134
     114
     137
     132
     147
     127
     144
     126
     118
     124
     150
     149
     167
     180
     174
     206
     198
     152
     153
     126
     118
     116
     117
     125
     121
     146
     135
     126
     144
     116
     112
     139
     119
     117
     107
     121
     113
     124
     114
     109
     127
     112
     125
     137
     118
     110
     119
     145
     128
     117
     109
     103
     134
     100
     115
     113
     106
     127
     105
     112
     121
     110
     103
     132
     111
     110
     124
     111
     103
     114
     111
     131
     101
     121
     105
     102
     124
     109
     117
     126
     113
     105
     104
     114
     107
     144
     131
     135
     121
     102
     119
      90
     128
      88
     112
     101
      97
      97
     106
     103
     103
     106
     103
     110
      96
     100
     113
      88
      98
      93
     103
     108
     110
     125
     118
     132
     116
     105
      98
     103
     108
      92
      89
      91
      85
      83
      93
     111
      99
      81
      92
      89
      87
      93
      94
     105
      95
      73
      83
      81
      93
      84
     109
     101
     135
     182
     210
     178
     167
     116
      99
      86
      81
      76
      78
      94
      78
      70
      64
      85
     100
     101
      79
      89
      79
      83
      74
      81
      78
      91
      67
      67
      71
      82
      74
      99
      79
      75
      61
      71
      82
      71
      80
      79
      63
      75
      76
      70
      70
      82
      70
     101
      61
      76
      73
      83
      83
      68
      79
      81
      70
      70
      74
      83
      79
      68
      70
      88
      68
      58
      77
      61
      53
      80
      89
      73
      70
      66
      81
      70
      57
      58
      61
      90
      73
      83
      68
      70
      66
      67
      58
      67
      88
      65
      70
      64
      72
      63
      59
      62
      77
      56
      72
      76
      76
      50
      74
      46
      71
      66
      61
      67
      60
      69
      48
      60
      60
      66
      82
      67
      53
      50
      65
      60
      71
      62
      47
      60
      53
      71
      55
      55
      69
      65
      71
      62
      58
      48
      59
      58
      73
      57
      59
      49
      56
      67
      50
      54
      49
      61
      54
      64
      59
      53
      49
      60
      47
      54
      57
      56
      57
      65
      53
      51
      55
      47
      54
      51
      59
      49
      52
      46
      42
      64
      52
      54
      51
      43
      54
      56
      65
      63
      57
      50
      55
      50
      42
      51
      49
      37
      53
      38
      41
      56
      46
      45
      38
      43
      39
      45
      50
      47
      47
      47
      51
      37
      51
      51
      52
      59
      38
      63
      41
      47
      58
      39
      53
      51
      50
      55
      37
      48
      36
      61
      37
      34
      37
      40
      38
      47
      51
      32
      53
      51
      56
      43
      44
      50
      34
      44
      44
      49
      49
      43
      41
      48
      41
      48
      33
      37
      41
      45
      39
      43
      42
      39
      39
      47
      50
      44
      47
      40
      39
      52
      52
      60
      58
      44
      52
      31
      43
      36
      34
      47
      36
      50
      33
      39
      41
      30
      48
      40
      47
      48
      42
      50
      36
      36
      40
      37
      36
      45
      34
      35
      33
      33
      32
      33
      32
      44
      33
      34
      38
      32
      34
      35
      48
      37
      46
      27
      30
      41
      40
      26
      28
      39
      33
      32
      35
      39
      40
      40
      42
      38
      40
      34
      25
      44
      23
      30
      37
      32
      33
      29
      42
      32
      32
      41
      31
      46
      33
      34
      36
      46
      42
      25
      40
      28
      35
      24
      38
      37
      39
      30
      24
      37
      37
      40
      34
      29
      33
      40
      25
      39
      34
      40
      28
      35
      38
      34
      32
      50
      42
      65
      70
      80
     104
      95
     106
      94
      68
      49
      43
      40
      26
      32
      41
      37
      28
      27
      35
      22
      37
      31
      25
      33
      36
      22
      27
      26
      22
      26
      27
      22
      33
      35
      28
      36
      28
      39
      29
      28
      41
      28
      25
      36
      24
      27
      31
      22
      30
      27
      31
      39
      43
      25
      34
      22
      33
      21
      37
      29
      15
      39
      25
      35
      42
      24
      30
      30
      27
      44
      21
      27
      28
      30
      33
      29
      30
      20
      29
      28
      38
      34
      36
      33
      20
      25
      26
      24
      20
      31
      33
      33
      37
      24
      43
      23
      28
      30
      33
      21
      25
      37
      30
      22
      33
      28
      24
      30
      28
      21
      28
      25
      37
      29
      33
      22
      35
      26
      32
      30
      32
      26
      31
      31
      29
      30
      32
      32
      20
      27
      41
      29
      21
      32
      34
      20
      34
      25
      20
      27
      29
      43
      33
      36
      32
      29
      29
      20
      25
      33
      23
      27
      27
      31
      18
      23
      19
      27
      22
      20
      26
      29
      17
      26
      31
      32
      36
      34
      23
      28
      38
      50
      77
      85
      87
      83
      63
      58
      44
      21
      24
      32
      22
      24
      26
      16
      21
      28
      31
      18
      22
      22
      24
      31
      26
      17
      23
      19
      25
      36
      32
      23
      17
      20
      24
      31
      25
      24
      14
      28
      24
      24
      24
      22
      27
      21
      24
      33
      18
      24
      20
      28
      36
      20
      28
      17
      25
      28
      24
      20
      25
      39
      47
      72
     106
     141
      94
      90
      51
      34
      26
      26
      20
      18
      23
      27
      19
      21
      24
      25
      15
      21
      28
      23
      21
      20
      27
      29
      22
      28
      17
      21
      22
      18
      26
      24
      33
      21
      20
      29
      19
      22
      20
      22
      15
      23
      21
      26
      28
      24
      17
      19
      25
      22
      24
      26
      18
      21
      21
      26
      18
      23
      17
      35
      23
      23
      29
      19
      16
      20
      20
      31
      26
      20
      16
      19
      23
      18
      26
      18
      20
      22
      13
      24
      22
      22
      22
      35
      20
      12
      23
      22
      25
      31
      19
      23
      17
      20
      23
      21
      27
      20
      19
      16
      21
      30
      23
      25
      28
      20
      12
      15
      23
      20
      20
      15
      20
      24
      21
      21
      18
      27
      22
      29
      24
      52
      30
      35
      30
      19
      35
      22
      26
      20
      26
      24
      30
      20
      21
      21
      28
      21
      22
      23
      33
      24
      21
      22
      19
      19
      17
      25
      24
      21
      28
      11
      22
      21
      19
      22
      16
      22
      21
      13
      23
      20
      21
      34
      22
      16
      14
      16
      15
      27
      24
      21
      21
      20
      19
      15
      24
      24
      23
      18
      21
      27
       8
      14
      19
      22
      17
      18
      23
      26
      14
      18
      17
      13
      15
      22
      18
      19
      25
      13
      16
      23
      19
      18
      34
      20
      21
      16
      20
      18
      31
      20
      16
      20
      24
      35
      33
      38
      49
      47
      50
      32
      33
      21
      19
      11
      22
      19
      14
      18
      16
      18
      15
      24
      17
      22
      11
      20
      16
      16
      32
      20
      15
      19
      19
      23
      12
      13
      22
      15
      15
      19
      18
      26
      16
      15
      22
      30
      16
      18
      20
      23
      24
      11
      20
      18
      21
      17
      14
      18
      26
      15
      24
      19
      32
      30
      32
      29
      21
      23
      25
      14
      15
      17
      25
      19
      15
      20
      15
      18
      23
      15
      17
      18
      21
      17
      20
      20
      20
      16
      19
      13
      12
      15
      15
      25
      22
      26
      15
      21
      17
      24
      23
      12
      14
      15
      18
      12
      15
      20
      15
      15
      13
      13
      20
      21
      16
      11
      15
      23
      17
      22
      16
      14
      19
      15
      20
      28
      26
      18
      25
      16
      16
      13
      17
      20
      13
      18
      18
       7
      12
      13
      16
      13
      14
      18
      14
      23
      11
      18
      25
      24
      21
      23
      39
      59
      50
      50
      35
      32
      29
      31
      23
      35
      28
      23
      25
      22
      14
      21
      17
      21
      16
      20
       8
      15
      19
      18
      24
      16
      14
      18
      24
      24
      18
      20
      28
      37
      16
      19
      17
      13
      14
      16
      25
      16
      20
      16
      11
      21
      22
      16
      17
      25
      18
       8
      16
      12
      16
      11
      11
      18
      18
      18
      10
      12
      10
      14
      22
      13
      20
      15
      20
      23
      28
      31
      19
      16
      27
      19
      19
      16
       9
      18
      12
      11
      11
       9
      13
       6
      23
      14
      11
      13
      18
      13
      11
      13
      12
      13
      19
      20
      12
      19
      18
      17
      16
      15
      20
      18
      13
      10
      23
      13
      25
      15
      19
      24
      23
      21
      14
      13
      15
      15
      13
      14
      13
      23
      13
      17
      12
      16
      13
      10
      16
      13
       9
       9
      13
      19
      18
      18
      11
      12
       9
      11
      22
      19
      14
      21
      15
      10
      14
      12
      11
      17
      18
      13
      14
      17
      18
      20
      13
      10
      17
       9
      16
      18
      14
      18
      16
      12
      19
      13
      22
      20
      16
      15
      20
      19
      19
      13
      26
      15
      10
      19
      14
      17
      15
      12
      12
      11
      14
      14
      17
      12
      15
      17
      26
      19
      27
      38
      38
      40
      32
      24
      19
      17
      13
      12
      20
      15
      18
      11
      12
      10
       7
      19
      14
      20
      14
      12
       9
      12
      14
      16
      21
      23
      24
      21
      14
      14
      12
       9
      21
      13
      10
      17
      16
       8
      14
      17
      20
       8
      13
      10
      16
      12
      21
      16
      25
      27
      32
      27
      20
      18
      15
      21
      11
      13
      10
      13
      10
      15
      16
      20
      18
      12
      10
      15
      17
      16
       8
      19
      14
      12
      12
      12
      12
      14
      12
      14
      22
      12
      18
      12
      12
      19
      10
      14
      19
      13
      14
      15
      13
      12
      15
      17
      17
      13
      12
      13
      13
       7
      25
      19
      17
      11
      15
      12
      17
       7
       7
      12
      20
      17
      21
      11
      14
      11
      16
      12
      15
      20
       8
      12
      17
      17
      11
      14
       8
      12
      18
      17
      17
      19
      13
      11
      16
      12
      13
      22
      27
      35
      44
      58
      54
      60
      37
      31
      20
      21
      11
       9
      16
       9
      15
      13
      12
      15
      18
      14
      10
      14
      12
      14
      12
      11
       7
      19
      17
      19
      15
      18
      14
      12
       8
      17
      12
       6
      14
      13
      11
       9
      14
      16
      11
      14
      14
       8
      11
       9
      10
      13
      15
      17
      13
      19
      14
      19
      11
      12
      19
       4
      13
       8
      12
       7
      15
      14
      12
      15
      12
      16
      19
      13
      11
       7
       7
      12
       7
      10
      11
      15
      10
      16
       5
       9
      15
      13
      10
      22
      15
      14
      21
      13
      13
      16
      17
      14
      14
      10
       8
      18
      14
       8
      10
      11
      11
      12
      11
      14
      13
      13
      15
      13
      12
      12
       8
      23
      11
      13
      15
      11
      18
      13
       7
      10
      16
      24
      21
      17
      32
      14
      21
      23
      24
      26
      35
      43
      37
      30
      45
      27
      20
      16
      17
       8
      13
      11
       9
      16
      12
       7
       9
       8
      21
      15
       9
      13
      12
       5
      16
      10
       8
      12
      11
       7
      12
      11
      11
       6
      13
      16
      16
      11
      12
       6
      13
      13
      12
      14
       7
      18
      10
       8
      11
      12
      11
      12
       9
      14
      11
      11
       9
       6
      13
      13
      18
       7
       8
      17
      10
      14
      13
       9
       7
      13
      10
      11
       8
      15
      11
      12
       6
      13
      18
      10
      11
      10
      10
      20
      12
      18
       9
       7
       8
      10
      12
      11
       9
      13
      18
       8
      13
      11
       6
       9
      11
       9
      10
      12
      11
      16
      10
       9
       8
       9
      15
       5
      14
      12
       9
       5
      14
       8
      10
       9
      15
      11
      11
       9
      12
      10
      16
      10
       8
      16
       8
      12
      14
      11
      11
      12
       9
      12
      16
      15
       9
      10
      15
      12
      10
       6
       5
      11
      10
      11
      10
      12
      10
      10
      10
       6
       5
      14
      13
      14
       7
      14
       7
      13
      12
      11
      15
      10
       8
      12
       8
      11
      15
      12
      11
      13
      13
      13
       9
       9
       9
      17
      19
      10
       7
       8
      10
       7
      13
      10
      14
       7
      10
      12
      13
       9
       9
      10
      15
      12
       9
       8
      15
       9
      10
      11
       7
       5
       8
       9
      11
      13
      13
       7
       7
       8
      15
       8
      12
      11
       9
      13
      15
      10
      13
       4
      11
      12
       9
       7
      10
       6
       8
      11
      18
       9
      12
      14
      11
       6
      13
      12
      16
       7
      14
      11
      11
      15
       7
      12
      11
      10
       9
      12
       8
      20
      10
      10
       4
      15
       8
      12
       9
       8
       9
      17
      15
       7
      10
       5
      11
       8
      13
      10
      11
      12
      13
      11
       9
      11
      12
      14
      11
       7
       7
       6
      10
       8
      15
       5
      12
       8
      11
      18
       9
      12
       8
      11
      11
       9
      15
      11
      11
      11
      11
      13
       9
      15
       5
       9
      14
      12
      10
      11
      10
       9
       8
      11
      15
       6
       9
      11
      13
      12
       2
      12
      10
      16
      12
      11
      10
       7
      14
      11
      11
       8
      10
       6
      10
      10
      18
      24
      10
      24
      35
      24
      22
      16
      18
      21
      15
      15
      31
      31
      41
      35
      32
      27
      18
      22
      13
      12
      11
      10
       9
      14
      12
       5
      10
       7
      12
      20
      10
      12
      13
       8
      11
       8
      15
      10
      11
       8
       8
       7
       7
      11
       8
      14
       6
      13
       7
       9
      15
      12
      18
       7
      10
       8
       8
      15
       5
       9
      11
       9
      11
      13
      13
      12
       9
      12
       8
       9
      14
       8
      13
      15
      12
      14
      11
      10
      16
      16
       4
       6
       9
      12
       9
      12
      15
      16
       9
      18
      15
      16
      14
      17
       9
      12
       8
       8
      12
       8
      17
      14
       8
      13
      14
       9
      10
       8
      14
      12
       8
      10
      13
      10
      15
       8
      13
      10
      15
       5
      12
      10
      11
      11
      12
       4
      13
       8
       7
      11
       8
      15
      10
      12
      37
      36
      37
      38
      29
      21
      12
      18
      14
       9
      10
      12
       9
       8
       7
      12
      11
      12
       9
       7
      15
      12
      14
      13
      10
      14
       7
       6
      14
       7
       9
      10
      19
      11
       7
       8
      15
      10
       6
       7
      11
      12
      14
      10
      11
       9
       6
       9
      10
       7
       8
      10
      10
      12
       9
      12
      12
      16
      13
       8
       7
      17
      10
       6
       6
      10
       8
      13
      11
       9
      11
       9
       8
      11
       9
      11
       9
      13
      10
      14
       9
       7
      15
       9
      14
       8
      10
      11
       8
      17
       4
      15
       9
      13
       5
       8
       5
       9
      11
      13
      10
       9
       8
      11
      12
      10
      13
      13
      15
       7
       8
       6
      14
       9
      14
       9
       9
      11
       9
      17
      15
      15
      13
       7
       5
      17
       4
       9
      19
      10
      16
       9
      10
      13
      12
       9
      10
      16
      12
      13
      10
      10
       8
      13
      11
       9
       5
       8
      10
      11
      12
      18
      18
      19
      18
      20
      18
      11
       9
      16
      10
      10
      12
       8
       9
      13
       7
      10
       7
       7
       7
       7
      10
      11
      12
      10
       5
       6
       5
      10
       9
       7
      13
       9
       7
      11
      13
       7
       6
       6
      11
       6
       5
       7
       7
       5
       3
      13
       4
      14
       8
      10
      12
       5
      10
       7
       8
      11
       6
      10
       6
       9
       6
      16
       6
      12
       7
      10
       5
       5
       9
       7
       9
       9
       7
       7
      10
       7
       6
       9
       7
       2
       6
      10
       5
       9
       4
      10
      11
      12
       8
      11
      10
       5
       9
       6
       3
       9
       6
       6
       5
       5
      11
       8
       2
      12
       8
       7
       8
      12
       7
       8
       5
       7
       6
      12
       3
      11
      10
       8
       8
       8
       5
      10
       7
       3
       5
       8
      10
       4
       6
       7
       5
       6
       1
       8
       3
      10
       7
       9
       6
       3
       5
       6
      10
       4
       5
       4
       5
      10
       4
       6
       6
       9
       8
      14
       5
       8
       4
       5
       5
       7
       6
      10
      12
       6
       4
       7
       3
       7
       9
       6
       3
       8
       1
       5
       4
       9
       6
       6
       4
       1
       5
       6
       6
       2
       7
       7
       3
       9
       8
       0
       9
       4
      11
       4
       8
       5
       5
       9
       4
       2
       5
       7
       5
       5
       9
       6
       1
       6
       5
       6
       9
       5
       6
       2
       4
       5
       8
      14
      10
      18
      21
      26
      32
      20
      18
      12
      16
       7
       8
       3
       4
       8
       1
       7
       6
       4
       6
       2
       4
       3
       3
       3
       3
       0
       9
       6
       3
       2
       5
       4
       5
       5
       3
       6
       2
       2
       5
       6
       7
       3
       3
       3
       4
       1
       5
       5
       4
       2
       4
       4
       3
       7
       6
       5
       5
       8
       3
       9
       1
       3
       5
       4
       2
       5
       1
       5
       3
      10
       7
       3
       7
       8
       3
       9
      11
       3
       3
       4
       4
       6
       5
       3
       5
       4
       4
       4
       3
       6
       6
       6
       6
       7
       1
       8
       6
       4
       4
       5
       4
       3
       5
       5
       4
       5
       1
       6
       8
      10
      16
      13
       3
       2
       5
       2
       4
       0
       4
       7
       7
       3
       2
       4
       7
       5
       3
       8
       4
       4
       5
       2
       6
       4
       5
       8
       6
       4
       4
       3
       6
       0
       1
       6
       6
       2
       3
       2
       5
       2
       3
       4
       2
       5
       4
       5
       2
       5
       5
       2
       1
       7
       3
       6
       6
       2
       5
       3
       7
       5
       2
       3
       2
       7
       3
       5
       4
       7
       5
       9
       8
      11
       7
       5
       6
       2
       6
       4
       6
       4
       2
       6
       2
       0
       2
       4
       2
       4
       3
       4
       6
       1
       5
       4
       1
       5
       4
       5
       6
       4
       3
       6
       2
       3
       3
       4
       5
       3
       8
       2
       5
       2
       7
       4
       5
       2
       2
       4
       4
       3
       5
       2
       4
       1
       3
       3
       6
       7
       3
       3
       5
       3
       2
       7
       3
       1
       3
       3
       2
       6
       3
       1
       2
       2
       2
       4
       3
       2
       3
       5
       4
       3
       1
       6
       6
       5
       1
       4
       4
       1
       4
       3
       3
       3
       6
       7
       5
       3
       5
       4
       3
       3
       6
       3
       4
       4
       7
       4
       3
       3
       5
       6
       4
       3
       5
      14
      16
      23
      42
      76
     126
     203
     206
     223
     183
     181
     101
      60
      30
      17
       7
       4
       4
       4
       4
       3
       3
       2
       2
       1
       1
       2
       1
       0
       0
       2
       2
       3
       2
       3
       1
       2
       1
       0
       2
       2
       3
       3
       3
       1
       5
       3
       2
       3
       4
       3
       5
       2
       2
       0
       3
       2
       1
       5
       2
       2
       0
       2
       0
       5
       1
       2
       0
       0
       1
       4
       4
       3
       3
       2
       4
       4
       2
       3
       3
       1
       2
       1
       3
       2
       2
       2
       4
       3
       5
       5
       4
       5
       1
       3
       2
       1
       1
       2
       1
       0
       2
       6
       7
       3
       2
       1
       3
       4
       0
       1
       6
       1
       6
       4
       4
       1
       6
       5
       7
       2
       4
       5
       2
       6
       2
       3
       3
       4
       2
       5
       2
       1
       3
       2
       0
       5
       3
       1
       1
       3
       3
       2
       1
       0
       2
       5
       1
       5
       4
       2
       2
       2
       0
       2
       2
       1
       2
       0
       3
       2
       2
       1
       1
       1
       4
       2
       2
       5
       2
       1
       4
       2
       1
       4
       5
       2
       3
       5
       3
       2
       2
       2
       3
       1
       1
       5
       3
       4
       5
       5
       2
       1
       3
       3
       1
       1
       2
       0
       0
       2
       6
       1
       2
       4
       5
       2
       1
       1
       1
       2
       1
       1
       6
       1
       3
       0
       2
       1
       3
       1
       0
       2
       1
       2
       5
       3
       3
       2
       2
       1
       0
       4
       6
       0
       0
       3
       1
       4
       1
       2
       4
       0
       2
       2
       3
       1
       3
       1
       0
       6
       2
       1
       1
       3
       2
       0
       3
       2
       0
       4
       3
       1
       0
       0
       3
       3
       1
       2
       1
       1
       1
       2
       1
       2
       1
       3
       4
       1
       2
       1
       2
       2
       3
       4
       2
       4
       0
       3
       1
       1
       1
       3
       2
       8
       2
       4
       2
       2
       1
       3
       2
       3
       3
       7
      10
       9
       1
       3
       5
       4
       3
       9
       4
      15
       7
       5
       9
       6
       4
       4
       2
       3
       2
       3
       3
       3
       0
       4
       3
       1
       2
       4
       5
       2
       0
       3
       4
       2
       3
       1
       3
       2
       3
       3
       5
       0
       1
       3
       0
       1
       1
       0
       2
       3
       2
       5
       2
       3
       3
       0
       3
       3
       1
       2
       2
       1
       2
       1
       1
       2
       2
       1
       1
       0
       3
       1
       4
       4
       4
       5
       1
       9
       2
       3
       5
       1
       2
       2
       3
       2
       3
       1
       1
       2
       1
       3
       3
       2
       0
       2
       2
       1
       2
       4
       4
       5
       3
       6
       0
       2
       2
       1
       1
       0
       4
       2
       4
       4
       0
       3
       0
       3
       2
       1
       1
       2
       2
       1
       3
       1
       1
       0
       3
       5
       3
       2
       1
       2
       1
       4
       1
       2
       2
       1
       0
       2
       3
       0
       0
       3
       1
       3
       0
       2
       0
       1
       0
       3
       0
       0
       1
       1
       2
       2
       2
       3
       0
       4
       1
       1
       1
       1
       2
       3
       4
       4
       1
       1
       3
       4
       3
       0
       0
       2
       0
       1
       2
       0
       2
       1
       1
       0
       3
       0
       2
       2
       3
       0
       2
       1
       3
       1
       0
       5
       1
       1
       0
       0
       4
       1
       0
       2
       0
       3
       1
       3
       3
       1
       1
       1
       3
       0
       1
       1
       1
       0
       1
       0
       1
       4
       1
       3
       0
       3
       2
       0
       1
       3
       0
       1
       0
       1
       1
       1
       2
       5
       2
       2
       3
       2
       3
       1
       2
       1
       1
       1
       3
       1
       3
       2
       1
       1
       1
       2
       1
       0
       0
       1
       3
       0
       0
       1
       2
       0
       2
       2
       1
       1
       1
       0
       1
       2
       3
       1
       3
       2
       1
       0
       2
       1
       2
       3
       1
       1
       1
       1
       3
       2
       0
       0
       0
       0
       2
       1
       2
       2
       2
       1
       0
       0
       0
       2
       0
       2
       0
       1
       1
       1
       1
       3
       1
       1
       0
       1
       2
       3
       2
       1
       1
       4
       2
       3
       9
       4
       5
       6
       6
       3
       1
       3
       2
       2
       2
       0
       2
       1
       0
       1
       4
       3
       3
       1
       2
       1
       5
       0
       1
       1
       1
       0
       0
       1
       1
       1
       0
       0
       2
       2
       1
       0
       2
       1
       0
       1
       1
       3
       2
       3
       2
       3
       1
       3
       1
       2
       0
       0
       1
       1
       2
       1
       1
       1
       1
       0
       2
       3
       0
       0
       0
       2
       2
       0
       1
       2
       2
       2
       3
       1
       0
       2
       6
       7
      11
      18
      17
      21
      32
      21
       6
      10
       4
       4
       2
       0
       2
       0
       1
       3
       1
       2
       0
       3
       2
       0
       1
       0
       1
       1
       1
       2
       1
       2
       3
       0
       1
       2
       2
       2
       1
       2
       0
       1
       2
       0
       1
       0
       0
       2
       0
       1
       0
       0
       0
       1
       1
       1
       2
       0
       3
       0
       3
       0
       3
       1
       1
       0
       2
       1
       4
       2
       3
       3
       0
       2
       2
       1
       2
       2
       2
       1
       2
       0
       2
       0
       1
       3
       0
       1
       2
       1
       0
       0
       1
       1
       0
       0
       0
       3
       1
       2
       0
       2
       4
       1
       3
       1
       3
       4
       1
       0
       0
       3
       1
       4
       4
       2
       1
       2
       1
       1
       1
       4
       0
       1
       2
       1
       1
       2
       1
       1
       1
       1
       3
       1
       1
       2
       0
       4
       0
       1
       1
       3
       2
       1
       0
       3
       0
       2
       2
       2
       1
       3
       4
       0
       2
       2
       3
       1
       0
       0
       0
       0
       3
       1
       0
       1
       2
       2
       1
       0
       2
       1
       4
       1
       2
       2
       3
       3
       0
       0
       2
       2
       2
       2
       1
       1
       1
       2
       3
       1
       0
       1
       1
       0
       2
       3
       0
       5
       6
       2
       3
       1
       3
       1
       1
       1
       3
       1
       0
       2
       2
       0
       0
       0
       1
       2
       2
       2
       1
       0
       0
       1
       0
       2
       0
       1
       2
       2
       2
       0
       1
       2
       1
       1
       2
       0
       1
       1
       3
       1
       2
       0
       2
       0
       0
       2
       1
       1
       1
       2
       2
       2
       2
       3
       1
       1
       1
       3
       4
       1
       3
       0
       3
       0
       2
       3
       2
       3
       1
       4
       1
       1
       2
       0
       1
       0
       0
       3
       0
       1
       2
       0
       1
       1
       1
       1
       1
       0
       2
       1
       1
       2
       3
       0
       0
       2
       2
       2
       2
       1
       0
       2
       0
       1
       2
       0
       1
       1
       3
       3
       1
       1
       4
       1
       0
       1
       0
       0
       0
       0
       4
       0
       0
       1
       0
       5
       0
       1
       0
       1
       2
       1
       0
       1
       2
       2
       2
       0
       3
       1
       2
       1
       2
       1
       3
       0
       2
       1
       2
       1
       1
       2
       3
       0
       2
       2
       1
       1
       0
       3
       1
       1
       2
       4
       2
       1
       3
       2
       1
       2
       1
       0
       1
       1
       4
       1
       1
       2
       2
       1
       3
       1
       2
       3
       2
       1
       4
       2
       2
       4
       0
       3
       0
       2
       1
       0
       2
       2
       1
       0
       1
       0
       1
       1
       0
       1
       2
       1
       0
       2
       1
       0
       2
       3
       3
       0
       3
       0
       0
       1
       1
       2
       2
       0
       1
       1
       1
       2
       1
       0
       2
       1
       3
       1
       2
       2
       1
       0
       1
       1
       0
       2
       1
       0
       2
       4
       2
       1
       3
       1
       1
       0
       1
       2
       1
       0
       0
       4
       1
       1
       2
       0
       3
       2
       1
       1
       0
       1
       1
       2
       1
       1
       0
       1
       2
       1
       1
       1
       0
       1
       3
       1
       0
       1
       2
       0
       1
       0
       0
       1
       1
       1
       2
       1
       0
       2
       0
       1
       1
       0
       0
       0
       2
       1
       4
       0
       1
       0
       1
       0
       2
       1
       2
       1
       1
       0
       2
       1
       0
       0
       0
       2
       2
       0
       3
       0
       1
       1
       1
       0
       0
       0
       2
       1
       2
       3
       1
       1
       1
       0
       0
       0
       2
       2
       0
       2
       0
       2
       1
       1
       0
       2
       0
       1
       0
       3
       2
       2
       1
       2
       1
       0
       1
       0
       0
       2
       1
       3
       2
       0
       3
       1
       0
       1
       2
       0
       2
       0
       1
       0
       2
       1
       2
       1
       2
       1
       1
       2
       1
       0
       2
       1
       1
       0
       3
       1
       0
       1
       2
       3
       0
       1
       0
       0
       0
       0
       0
       0
       3
       0
       0
       0
       1
       2
       4
       3
       0
       3
       2
       0
       0
       1
       1
       0
       2
       1
       4
       0
       0
       2
       3
       0
       2
       2
       2
       3
       1
       0
       1
       0
       1
       3
       0
       2
       1
       4
       3
       3
       2
       1
       3
       3
       1
       0
       1
       1
       1
       1
       2
       1
       1
       1
       0
       1
       1
       1
       2
       1
       1
       1
       1
       0
       2
       0
       1
       2
       4
       1
       1
       1
       1
       1
       2
       1
       0
       2
       2
       1
       1
       1
       0
       0
       1
       1
       2
       4
       2
       2
       2
       0
       2
       0
       0
       0
       0
       1
       0
       1
       0
       0
       1
       0
       4
       0
       4
       0
       1
       0
       1
       1
       2
       1
       3
       0
       1
       1
       1
       0
       1
       0
       1
       2
       1
       2
       1
       1
       1
       1
       1
       1
       0
       3
       1
       1
       3
       0
       0
       1
       1
       1
       1
       0
       0
       1
       1
       2
       2
       0
       1
       0
       0
       1
       0
       0
       1
       2
       1
       2
       1
       0
       2
       0
       2
       0
       3
       1
       3
       1
       1
       2
       1
       1
       2
       0
       2
       3
       3
       2
       3
       1
       3
       6
       9
       6
       6
       7
       7
       3
       4
       1
       1
       3
       0
       3
       0
       4
       0
       2
       1
       3
       1
       1
       1
       1
       0
       1
       1
       2
       0
       0
       1
       0
       1
       1
       2
       1
       3
       3
       0
       3
       2
       0
       3
       1
       1
       2
       1
       0
       1
       1
       1
       1
       0
       0
       3
       1
       0
       0
       0
       2
       1
       1
       1
       1
       1
       0
       1
       2
       2
       0
       0
       1
       0
       0
       0
       1
       1
       2
       1
       1
       0
       2
       1
       1
       0
       1
       0
       1
       1
       1
       1
       0
       0
       2
       0
       3
       0
       1
       3
       0
       1
       2
       1
       1
       4
       0
       0
       1
       0
       1
       0
       0
       1
       0
       3
       2
       0
       2
       0
       0
       1
       1
       1
       1
       2
       1
       1
       0
       1
       0
       3
       2
       2
       1
       0
       0
       2
       1
       0
       1
       1
       0
       2
       2
       1
       1
       0
       1
       2
       3
       0
       0
       2
       1
       0
       0
       1
       1
       3
       0
       2
       2
       0
       2
       3
       3
       1
       0
       1
       1
       1
       1
       1
       1
       1
       0
       0
       1
       0
       1
       0
       2
       0
       3
       0
       1
       4
       6
       0
       1
       0
       2
       0
       0
       1
       0
       2
       1
       1
       0
       6
       0
       3
       2
       0
       1
       1
       0
       0
       3
       0
       0
       2
       2
       0
       3
       2
       1
       2
       2
       1
       2
       1
       1
       3
       1
       1
       0
       1
       3
       1
       2
       2
       3
       2
       1
       2
       6
      12
       6
       7
       4
       1
       1
       3
       1
       0
       0
       2
       0
       0
       1
       0
       1
       1
       1
       1
       0
       1
       2
       0
       1
       1
       0
       0
       3
       1
       1
       2
       4
       1
       2
       0
       1
       3
       0
       1
       1
       2
       0
       0
       0
       0
       3
       0
       0
       4
       0
       3
       0
       4
       0
       0
       2
       2
       0
       1
       2
       1
       0
       0
       3
       1
       1
       2
       1
       2
       3
       1
       1
       0
       0
       1
       1
       1
       2
       1
       1
       4
       2
       0
       0
       2
       0
       3
       3
       0
       2
       2
       1
       0
       1
       0
       1
       1
       2
       0
       1
       1
       1
       1
       1
       3
       1
       2
       2
       1
       1
       1
       3
       0
       2
       0
       0
       2
       0
       2
       5
       2
       3
       0
       4
       1
       1
       1
       1
       5
       1
       1
       0
       0
       4
       2
       2
       2
       1
       2
       1
       1
       2
       4
       3
       0
       1
       1
       1
       1
       1
       1
       0
       0
       1
       0
       1
       2
       1
       2
       0
       3
       1
       2
       2
       0
       2
       0
       2
       1
       0
       0
       1
       0
       0
       1
       2
       4
       0
       2
       1
       0
       2
       0
       1
       1
       3
       1
       0
       1
       1
       3
       0
       0
       2
       4
       1
       0
       3
       0
       1
       0
       1
       1
       2
       2
       2
       1
       2
       2
       0
       1
       3
       1
       2
       0
       0
       0
       1
       0
       1
       1
       1
       1
       1
       0
       2
       2
       1
       0
       2
       1
       2
       2
       1
       1
       0
       1
       2
       1
       1
       1
       2
       1
       0
       1
       1
       1
       1
       1
       1
       2
       1
       2
       1
       3
       0
       2
       0
       0
       1
       0
       0
       1
       1
       1
       2
       2
       2
       1
       2
       1
       1
       1
       2
       2
       0
       0
       0
       3
       0
       1
       1
       0
       0
       3
       1
       1
       1
       0
       2
       0
       1
       0
       4
       3
       2
       1
       2
       1
       3
       1
       0
       0
       0
       1
       2
       2
       1
       2
       0
       1
       4
       1
       2
       3
       2
       2
       0
       1
       1
       1
       3
       2
       1
       0
       0
       0
       2
       5
       5
       1
       0
       0
       0
       6
       1
       2
       1
       1
       0
       0
       1
       2
       2
       0
       1
       3
       2
       1
       0
       0
       0
       0
       1
       1
       0
       2
       0
       1
       3
       1
       3
       1
       0
       0
       1
       0
       1
       2
       1
       5
       2
       3
       2
       5
       0
       0
       3
       0
       0
       0
       2
       2
       2
       1
       0
       0
       1
       1
       5
       3
       3
       0
       2
       3
       2
       2
       1
       3
       3
       0
       2
       4
       2
       1
       0
       1
       4
       2
       0
       2
       0
       0
       2
       2
       2
       1
       1
       0
       2
       3
       0
       0
       0
       1
       3
       1
       0
       1
       3
       0
       1
       2
       2
       1
       0
       0
       3
       1
       2
       1
       1
       2
       2
       0
       2
       1
       0
       2
       0
       0
       3
       2
       0
       0
       0
       1
       1
       4
       2
       0
       2
       0
       2
       0
       4
       0
       0
       1
       0
       0
       2
       2
       1
       1
       0
       0
       2
       1
       2
       2
       1
       2
       0
       0
       1
       1
       1
       0
       0
       0
       0
       0
       1
       0
       1
       0
       0
       0
       0
       0
       0
       0
       0
       2
       0
       0
       1
       2
       1
       2
       2
       1
       0
       1
       1
       1
       0
       1
       0
       0
       1
       0
       1
       0
       2
       1
       0
       0
       0
       1
       0
       0
       0
       2
       0
       0
       1
       2
       0
       1
       2
       1
       0
       0
       2
       1
       0
       0
       0
       0
       1
       1
       1
       1
       1
       1
       1
       1
       0
       2
       0
       0
       2
       0
       3
       2
       5
       2
       2
       2
       2
       1
       2
       1
       0
       1
       0
       2
       0
       0
       1
       1
       0
       1
       0
       0
       2
       0
       1
       1
       1
       0
       0
       1
       0
       0
       1
       3
       0
       0
       0
       2
       2
       1
       0
       1
       1
       0
       1
       0
       0
       0
       2
       0
       0
       0
       0
       0
       0
       0
       2
       2
       0
       0
       0
       1
       1
       0
       1
       0
       0
       0
       0
       2
       0
       2
       2
       1
       0
       2
       0
       0
       2
       1
       1
       0
       0
       0
       0
       2
       1
       0
       1
       1
       0
       1
       0
       0
       2
       0
       0
       0
       0
       0
       1
       0
       3
       1
       0
       0
       0
       2
       2
       0
       0
       0
       1
       1
       0
       1
       2
       0
       1
       0
       0
       0
       0
       0
       2
       0
       0
       1
       0
       0
       0
       0
       0
       0
       2
       1
       0
       0
       0
       1
       0
       1
       0
       0
       1
       0
       1
       0
       1
       0
       0
       0
       0
       0
       1
       0
       1
       0
       0
       0
       0
       0
       0
       1
       0
       0
       0
       0
       0
       0
       1
       0
       0
       0
       0
       1
       1
       0
       0
       1
       0
       0
       0
       0
       0
       0
       0
       0
       1
       1
       0
       0
       1
       0
       0
       0
       0
       0
       0
       1
       2
       0
       1
       0
       0
       1
       0
       0
       0
       0
       0
       0
       0
       0
       0
       0
       0
       0
       0
       1
       0
       1
       0
       0
       0
       0
       0
       0
       1
       0
       1
       0
       1
       1
       1
       0
       0
       0
       0
       0
       0
       1
       0
       0
       0
       0
       0
       0
       0
       0
       0
       0
       0
       1
       0
       0
       0
       0
       0
       0
       0
       0
       1
       0
       0
       1
       0
       1
       0
       0
       0
       0
       1
       0
       0
       0
       0
       0
       0
       0
       0
       0
       0
       0
       0
       0
       0
       1
       0
       0
       0
       0
       0
       0
       1
       0
       0
       0
       1
       0
       1
       1
       0
       0
       0
       0
       0
       0
       1
       0
       0
       1
       0
       1
       1
       0
       0
       0
       0
       0
       0
       1
       0
       0
       1
       0
       0
       0
       0
       0
       0
       0
       0
       1
       0
       0
       1
       0
       1
       0
       0
       0
       0
       1
       1
       0
       0
       0
       0
       0
       0
       0
       0
       1
       1
       1
       0
       1
       0
       0
       0
       0
       0
       1
       2
       0
       1
       1
       0
       1
       0
       0
       1
       0
       0
       1
       0
       0
       0
       1
       0
       3
       1
       0
       2
       1
       2
       7
       5
      13
      19
      22
      32
      44
      43
      29
      24
      20
      16
       6
       8
       2
       0
       1
       0
       0
       0
       0
       0
       0
       1
       0
       0
       0
       0
       0
       0
       0
       0
       0
       0
       0
       0
       0
       0
       0
       0
       0
       0
       1
       0
       0
       0
       0
       0
       0
       0
       0
       0
       0
       0
       0
       0
       0
       0
       0
       0
       1
       1
       0
       0
       0
       1
       0
       0
       0
       0
       0
       0
       0
       0
       0
       0
       0
       0
       0
       0
       0
       0
       0
       1
       0
       1
       0
       0
       0
       0
       0
       0
       0
       1
       0
       0
       0
       0
       0
       0
       0
       0
       0
       0
       0
       0
       0
       0
       0
       0
       0
       0
       0
       0
       0
       0
       0
       0
       0
       0
       0
       0
       0
       0
       0
       0
       0
       1
       0
       0
       0
       0
       0
       0
       0
       0
       0
       0
       0
       0
       0
       1
       0
       0
       0
       0
       0
       0
       0
       0
       0
       1
       0
       0
       0
       0
       0
       0
       0
       0
       0
       0
       0
       0
       0
       0
       0
       0
       0
       0
       1
       0
       0
       0
       1
       0
       0
       0
       0
       0
       0
       1
       0
       0
       0
       0
       0
       0
       1
       0
       0
       0
       0
       0
       0
       0
       0
       0
       0
       0
       0
       0
       0
       0
       0
       0
       0
       0
       0
       0
       0
       0
       0
       0
       0
       0
       0
       0
       0
       0
       0
       0
       0
       0
       0
       0
       0
       0
       0
       0
       0
       0
       0
       0
       0
       0
       0
       0
       0
       0
       0
       1
       1
       0
       0
       0
       0
       0
       0
       0
       0
       0
       0
       0
       1
       0
       0
       1
       0
       0
       0
       0
       0
       0
       0
       0
       0
       0
       0
       0
       0
       0
       0
       0
       0
       0
       0
       0
       1
       0
       0
       0
       1
       0
       0
       0
       0
       0
       0
       0
       0
       0
       0
       0
       0
       0
       0
       0
       0
       0
       1
       0
       0
       0
       0
       0
       0
       0
       0
       0
       0
       0
       0
       0
       0
       0
       0
       0
       0
       0
       0
       0
       0
       0
       0
       0
       0
       0
       0
       0
       0
       0
       0
       0
       0
       0
       0
       0
       0
       0
       0
       2
       0
       0
       0
       0
       0
       0
       0
       0
       0
       0
       0
       0
       0
       0
       0
       0
       0
       0
       0
       0
       0
       1
       0
       0
       0
       0
       0
       0
       0
       0
       0
       0
       0
       0
       0
       0
       0
       0
       0
       0
       0
       0
       0
       0
       0
       0
       0
       0
       1
       0
       0
       0
       0
       0
       0
       0
       0
       0
       0
       0
       0
       0
       0
       0
       0
       0
       0
       0
       0
       0
       0
       0
       1
       0
       0
       0
       0
       0
       0
       0
       0
       0
       0
       0
       0
       0
       0
       0
       0
       0
       0
       0
       0
       0
       0
       0
       0
       0
       0
       0
       0
       0
       0
       0
       0
       0
       0
       0
       0
       0
       0
       0
       0
       0
       0
       0
       0
       0
       0
       0
       0
       0
       0
       0
       0
       0
       0
       0
       0
       0
       0
       0
       0
       0
       0
       1
       0
       0
       2
       0
       1
       0
       0
       0
       0
       0
       0
       0
       0
       0
       0
       0
       0
       1
       0
       1
       0
       0
       0
       1
       0
       0
       0
       0
       0
       0
       0
       0
       0
       0
       0
       0
       0
       0
       0
       0
       0
       0
       0
       0
       0
       0
       0
       0
       0
       0
       0
       1
       0
       0
       0
       0
       0
       0
       0
       0
       0
       0
       0
       1
       1
       0
       0
       0
       0
       0
       0
       0
       0
       1
       0
       0
       0
       0
       0
       0
       1
       0
       0
       0
       0
       0
       0
       0
       1
       0
       0
       0
       0
       0
       0
       0
       0
       0
       0
       0
       0
       0
       0
       0
       0
       0
       0
       0
       0
       0
       1
       0
       0
       0
       0
       0
       0
       0
       0
       0
       0
       0
       0
       0
       0
       0
       0
       0
       0
       0
       0
       0
       0
       0
       0
       0
       0
       0
       0
       0
       0
       0
       0
       0
       0
       0
       0
       0
       0
       0
       0
       0
       0
       0
       0
       0
       0
       0
       0
       0
       0
       0
       0
       0
       0
       0
       0
       0
       0
       0
       1
       0
       0
       0
       0
       0
       0
       0
       0
       0
       0
       0
       0
       0
       0
       0
       0
       0
       0
       0
       0
       0
       0
       0
       0
       0
       0
       1
       0
       0
       0
       0
       0
       0
       0
       0
       0
       0
       0
       0
       0
       1
       0
       0
       0
       0
       0
       1
       0
       0
       0
       0
       0
       0
       0
       0
       0
       0
       0
       0
       0
       0
       0
       0
       0
       0
       0
       0
       0
       0
       1
       0
       0
       0
       0
       0
       0
       0
       0
       0
       1
       0
       0
       0
       0
       0
       0
       0
       1
       0
       0
       1
       0
       0
       0
       0
       0
       0
       0
       0
       0
       0
       0
       0
       0
       0
       0
       0
       0
       0
       0
       0
       0
       0
       0
       0
       0
       0
       0
       0
       0
       0
       0
       0
       0
       0
       0
       0
       0
       0
       0
       0
       0
       0
       0
       0
       0
       0
       0
       0
       1
       0
       0
       0
       0
       0
       0
       0
       0
       0
       0
       1
       0
       0
       0
       0
       0
       0
       0
       0
       0
       0
       0
       0
       0
       0
       0
       0
       0
       0
       0
       0
       0
       0
       0
       0
       0
       0
       0
       0
       0
       0
       0
       2
       0
       0
       0
       0
       0
       0
       0
       0
       1
       1
       0
       0
       0
       0
       0
       0
       0
       0
       0
       0
       1
       0
       0
       0
       0
       0
       0
       0
       1
       1
       1
       0
       0
       0
       0
       0
       0
       0
       0
       1
       0
       0
       0
       0
       0
       0
       0
       0
       0
       0
       1
       0
       0
       0
       0
       0
       0
       0
       0
       0
       0
       0
       0
       0
       0
       0
       0
       0
       0
       0
       0
       0
       0
       0
       0
       0
       0
       0
       0
       0
       0
       0
       0
       0
       1
       0
       0
       0
       1
       0
       0
       0
       0
       0
       0
       0
       0
       0
       0
       0
       0
       0
       0
       0
       0
       0
       0
       0
       0
       0
       0
       0
       0
       1
       0
       0
       0
       0
       0
       0
       0
       0
       0
       0
       0
       0
       0
       0
       0
       0
       0
       0
       0
       0
       0
       0
       0
       0
       0
       0
       0
       0
       0
       0
       0
       0
       0
       0
       0
       0
       0
       0
       0
       0
       0
       0
       0
       0
       0
       0
       1
       0
       0
       0
       0
       0
       0
       0
       0
       0
       0
       0
       0
       0
       0
       0
       0
       0
       0
       0
       0
       0
       0
       1
       0
       0
       0
       0
       0
       0
       0
       0
       0
       0
       0
       0
       0
       0
       0
       0
       0
       0
       0
       0
       0
       1
       0
       0
       1
       0
       0
       0
       1
       0
       0
       0
       0
       0
       0
       0
       0
       0
       0
       0
       0
       0
       0
       0
       0
       0
       0
       0
       0
       0
       0
       0
       0
       0
       0
       0
       0
       0
       0
       1
       0
       0
       1
       0
       0
       0
       0
       0
       0
       0
       0
       0
       0
       0
       0
       0
       1
       0
       0
       0
       0
       0
       0
       0
       0
       0
       0
       0
       0
       0
       0
       0
       0
       0
       0
       0
       0
       0
       0
       1
       0
       0
       1
       0
       0
       0
       0
       0
       0
       0
       0
       0
       0
       0
       0
       0
       0
       0
       0
       0
       0
       0
       0
       0
       0
       0
       0
       0
       0
       0
       0
       0
       1
       0
       0
       0
       0
       0
       0
       0
       0
       0
       0
       0
       0
       0
       0
       0
       0
       1
       0
       0
       0
       0
       0
       0
       0
       1
       0
       0
       0
       0
       0
       0
       0
       0
       0
       0
       0
       0
       0
       0
       0
       0
       0
       0
       0
       0
       0
       0
       0
       0
       0
       0
       0
       0
       0
       0
       0
       0
       0
       0
       0
       0
       0
       0
       0
       0
       0
       0
       0
       0
       0
       0
       0
       0
       0
       0
       0
       1
       0
       1
       0
       0
       0
       1
       0
       0
       0
       0
       0
       0
       0
       0
       0
       0
       0
       0
       0
       0
       0
       0
       0
       0
       1
       0
       0
       0
       0
       0
       0
       0
       0
       0
       1
       0
       0
       0
       0
       0
       0
       0
       0
       0
       0
       0
       0
       0
       0
       0
       1
       0
       0
       0
       0
       0
       0
       0
       0
       0
       0
       0
       0
       0
       0
       0
       0
       0
       0
       0
       0
       0
       0
       0
       0
       0
       0
       0
       0
       0
       0
       1
       0
       0
       0
       0
       1
       0
       0
       0
       0
       0
       0
       0
       0
       0
       0
       0
       0
       0
       0
       0
       0
       1
       0
       0
       0
       0
       0
       0
       0
       0
       0
       0
       0
       0
       0
       0
       0
       0
       0
       0
       0
       0
       0
       0
       0
       0
       1
       1
       0
       0
       0
       0
       0
       0
       0
       0
       0
       0
       0
       0
       0
       0
       0
       0
       0
       0
       0
       0
       0
       0
       0
       0
       0
       0
       0
       0
       0
       0
       0
       0
       0
       0
       0
       0
       0
       0
       0
       0
       0
       0
       0
       0
       0
       0
       0
       0
       0
       0
       0
       0
       0
       0
       0
       0
       0
       0
       0
       1
       0
       0
       1
       0
       1
       0
       0
       0
       0
       0
       0
       0
       0
       0
       0
       1
       0
       0
       0
       1
       0
       0
       1
       0
       0
       0
       0
       0
       0
       0
       0
       0
       0
       0
       0
       1
       0
       0
       0
       0
       0
       0
       0
       0
       0
       0
       0
       0
       1
       0
       0
       0
       0
       0
       0
       0
       0
       0
       0
       0
       0
       0
       0
       0
       0
       1
       0
       0
       0
       0
       0
       0
       0
       0
       0
       0
       0
       0
       0
       0
       0
       0
       0
       0
       0
       0
       0
       0
       1
       0
       0
       1
       0
       0
       0
       0
       0
       0
       0
       0
       0
       0
       0
       0
       0
       0
       0
       0
       0
       0
       0
       0
       0
       0
       0
       0
       0
       1
       0
       0
       0
       0
       0
       0
       0
       0
       0
       0
       0
       0
       0
       0
       0
       0
       0
       0
       0
       0
       0
       0
       0
       0
       0
       0
       0
       0
       0
       0
       0
       0
       0
       0
       0
       0
       0
       0
       0
       0
       0
       0
       0
       0
       0
       1
       0
       0
       0
       0
       0
       0
       0
       0
       0
       1
       0
       0
       0
       0
       0
       0
       0
       0
       0
       0
       0
       0
       0
       0
       0
       0
       0
       0
       0
       0
       0
       0
       0
       0
       0
       0
       0
       0
       0
       0
       0
       0
       0
       0
       0
       0
       0
       0
       0
       0
       0
       0
       0
       0
       0
       0
       0
       0
       0
       0
       0
       0
       0
       0
       0
       0
       0
       1
       0
       0
       0
       1
       0
       0
       1
       0
       0
       0
       0
       0
       1
       0
       0
       0
       0
       0
       0
       0
       0
       0
       0
       0
       0
       0
       0
       0
       0
       0
       1
       0
       0
       1
       0
       0
       0
       0
       0
       0
       0
       0
       0
       0
       0
       0
       0
       1
       1
       0
       0
       0
       0
       0
       0
       0
       0
       0
       0
       0
       0
       0
       0
       0
       0
       0
       0
       0
       0
       0
       0
       0
       0
       0
       0
       0
       0
       0
       0
       0
       0
       0
       0
       0
       0
       1
       0
       1
       0
       0
       0
       0
       0
       1
       0
       0
       0
       0
       0
       0
       0
       0
       0
       0
       0
       0
       0
       0
       0
       0
       0
       0
       0
       0
       0
       0
       0
       0
       0
       0
       0
       0
       0
       0
       0
       0
       0
       0
       0
       0
       0
       0
       0
       0
       0
       0
       0
       1
       0
       0
       0
       0
       0
       0
       0
       0
       0
       0
       0
       0
       0
       0
       0
       0
       0
       0
       0
       0
       0
       0
       0
       0
       0
       0
       0
       0
       0
       0
       0
       0
       0
       0
       0
       0
       0
       0
       0
       0
       0
       0
       0
       0
       0
       0
       1
       0
       0
       0
       0
       0
       0
       0
       0
       0
       1
       0
       0
       0
       1
       0
       1
       1
       0
       0
       0
       0
       0
       1
       0
       0
       0
       0
       1
       1
       0
       0
       0
       0
       0
       0
       0
       0
       0
       0
       0
       0
       0
       0
       0
       0
       0
       0
       0
       0
       0
       0
       0
       0
       0
       0
       0
       0
       0
       0
       0
       0
       0
       0
       0
       1
       0
       0
       0
       0
       0
       1
       0
       0
       0
       1
       0
       0
       0
       0
       0
       0
       0
       0
       1
       0
       0
       0
       1
       0
       0
       0
       0
       0
       0
       0
       0
       0
       0
       0
       0
       0
       0
       0
       0
       0
       0
       0
       0
       0
       0
       0
       0
       0
       0
       0
       0
       0
       0
       0
       0
       0
       0
       0
       0
       0
       0
       0
       0
       0
       0
       0
       0
       0
       0
       1
       0
       0
       0
       0
       0
       0
       0
       0
       0
       0
       0
       0
       0
       0
       0
       0
       0
       0
       0
       0
       0
       0
       0
       0
       0
       0
       0
       0
       0
       0
       0
       0
       0
       0
       0
       0
       0
       0
       0
       0
       0
       0
       0
       0
       0
       0
       0
       0
       0
       0
       0
       0
       0
       0
       0
       0
       0
       0
       0
       0
       0
       0
       0
       0
       0
       0
       0
       0
       0
       0
       0
       0
       0
       0
       0
       0
       0
       0
       0
       0
       0
       0
       0
       0
       0
       0
       0
       0
       0
       0
       0
       0
       0
       0
       0
       0
       0
       0
       0
       0
       0
       0
       0
       0
       0
       0
       0
       0
       0
       0
       0
       0
       0
       0
       0
       0
       0
       0
       0
       0
       0
       0
       0
       0
       0
       0
       0
       0
       0
       0
       0
       0
       0
       0
$ROI:
0
$PRESETS:
Live Time
3600
0
$ENER_FIT:
8.931054 0.240803
$MCA_CAL:
3
8.931054E+000 2.408025E-001 6.157388E-008 keV
$SHAPE_CAL:
3
9.658150E+000 -1.618950E-003 2.758845E-007
