$SPEC_ID:
No sample description was entered.
$SPEC_REM:
DET# 1
DETDESC# EPS-140909 Easy-MCA-8k SN 16175454
AP# Maestro Version 7.01
$DATE_MEA:
03/07/2022 21:04:38
$MEAS_TIM:
3532 3600
$DATA:
0 8191
       0
       0
       0
       0
       0
       0
       0
       0
       0
       0
       0
       0
       0
       0
       0
       0
       0
       0
       0
       0
       0
       0
       0
       0
       0
       0
       0
       0
       0
       0
       0
       0
       0
       0
       0
       0
       0
       0
       0
       3
      13
     287
    5037
    7060
    6461
    7008
    7725
    7331
    6080
    4615
    3460
    3026
    3118
    3467
    4095
    4241
    4222
    3936
    3986
    4412
    5480
    6889
    8995
   10794
   12431
   13671
   18623
   35374
   73284
  123156
  154586
  139169
   90597
   42924
   15878
    5722
    3223
    2812
    3020
    3149
    3324
    3625
    3943
    4277
    4581
    4824
    5131
    5461
    5888
    6342
    6854
    7492
    7974
    8589
    9440
   10214
   11019
   11638
   12697
   13786
   15667
   17681
   20861
   25023
   30043
   36751
   43074
   49077
   54813
   59265
   62446
   63964
   63249
   61490
   58320
   55625
   51564
   47800
   44371
   42071
   39960
   40786
   49111
   75002
  130962
  215845
  314784
  419758
  523059
  586710
  576314
  524800
  476497
  419861
  318462
  191386
   89899
   37193
   17511
   11610
    9884
    9943
   15146
   30002
   58729
   94705
  117332
  118103
  112963
  123914
  143923
  146560
  117238
   78998
   53740
   41764
   33252
   22161
   12250
    6269
    3853
    3120
    3020
    2946
    2929
    3127
    3502
    4101
    4686
    4928
    4701
    4709
    5223
    5963
    5953
    5327
    4155
    3166
    2810
    2634
    2378
    2355
    2327
    2329
    2226
    2053
    2111
    2101
    2133
    2067
    2007
    2117
    2111
    2209
    2470
    2774
    3129
    3110
    3019
    2670
    2425
    2332
    2375
    2372
    2217
    2171
    1945
    1847
    1709
    1666
    1615
    1759
    2650
    5584
   13102
   25245
   36341
   38524
   29749
   16846
    7437
    3069
    1669
    1407
    1318
    1341
    1259
    1305
    1305
    1302
    1304
    1280
    1325
    1373
    1349
    1383
    1556
    2076
    3441
    5605
    7844
    7922
    6350
    4064
    2337
    1623
    1319
    1227
    1180
    1242
    1292
    1256
    1312
    1371
    1453
    1476
    1590
    1518
    1607
    1603
    1548
    1416
    1340
    1195
    1113
    1061
    1008
     991
    1007
     902
     950
     921
     943
    1008
    1028
    1131
    1046
    1053
    1029
    1016
     952
     939
     908
     882
     820
     757
     799
     704
     754
     708
     791
     720
     696
     729
     693
     728
     748
     744
     655
     738
     739
     727
     692
     645
     683
     672
     688
     730
     764
     898
    1125
    1199
    1229
    1015
     800
     674
     623
     653
     603
     593
     620
     618
     629
     644
     632
     666
     687
     696
     636
     658
     572
     595
     638
     579
     591
     534
     615
     580
     578
     575
     559
     589
     658
     757
     816
     860
     942
     903
     783
     736
     583
     509
     554
     523
     539
     510
     514
     521
     477
     452
     542
     488
     567
     569
     595
     590
     547
     545
     527
     524
     480
     469
     516
     466
     493
     448
     483
     411
     448
     439
     445
     460
     450
     467
     420
     436
     423
     439
     430
     397
     429
     435
     422
     410
     427
     422
     438
     444
     394
     410
     427
     433
     424
     407
     408
     426
     452
     385
     367
     414
     418
     410
     374
     390
     395
     429
     389
     405
     397
     362
     421
     398
     404
     378
     391
     411
     392
     408
     391
     395
     388
     375
     399
     414
     412
     423
     399
     378
     399
     371
     365
     387
     370
     348
     374
     359
     352
     357
     350
     355
     358
     316
     354
     377
     342
     360
     344
     328
     331
     343
     366
     364
     325
     311
     309
     352
     317
     343
     345
     324
     298
     329
     333
     346
     355
     334
     331
     330
     345
     342
     305
     331
     311
     313
     321
     330
     326
     332
     353
     343
     312
     349
     313
     333
     351
     350
     389
     458
     403
     377
     327
     364
     298
     299
     295
     303
     328
     307
     324
     319
     286
     327
     321
     256
     303
     305
     287
     277
     271
     282
     300
     292
     298
     270
     304
     289
     292
     294
     263
     265
     251
     276
     274
     285
     293
     261
     275
     283
     270
     277
     262
     308
     257
     248
     277
     277
     247
     235
     301
     272
     274
     265
     268
     336
     326
     379
     418
     404
     339
     310
     237
     303
     293
     295
     303
     305
     269
     259
     228
     259
     257
     247
     224
     236
     225
     256
     211
     244
     242
     247
     235
     227
     257
     219
     207
     229
     226
     232
     237
     236
     237
     249
     230
     205
     223
     221
     200
     223
     249
     225
     222
     220
     223
     227
     230
     228
     232
     229
     225
     220
     232
     214
     212
     212
     210
     210
     207
     225
     194
     212
     200
     192
     221
     238
     207
     205
     202
     198
     212
     210
     192
     236
     219
     223
     210
     202
     207
     208
     187
     183
     191
     203
     208
     214
     211
     203
     178
     170
     187
     206
     211
     165
     202
     193
     187
     175
     193
     159
     169
     167
     208
     196
     185
     177
     168
     172
     218
     175
     199
     174
     168
     180
     180
     179
     183
     204
     172
     195
     187
     171
     171
     174
     175
     166
     189
     177
     203
     197
     233
     234
     207
     183
     172
     176
     171
     160
     162
     183
     189
     186
     176
     159
     149
     169
     167
     157
     160
     138
     158
     158
     175
     179
     167
     176
     147
     158
     156
     168
     170
     139
     150
     160
     133
     154
     139
     145
     134
     169
     157
     148
     160
     138
     146
     143
     133
     164
     146
     131
     134
     156
     145
     149
     133
     149
     144
     134
     132
     116
     155
     166
     146
     162
     128
     150
     143
     163
     153
     199
     240
     234
     202
     183
     175
     165
     163
     132
     146
     144
     136
     150
     130
     157
     169
     153
     154
     150
     154
     132
     131
     127
     128
     129
     133
     117
     107
     136
     136
     137
     163
     150
     161
     133
     146
     122
     125
     134
     126
     112
     134
     106
     127
     136
     124
     102
     100
     119
     104
     114
     126
     129
     134
     114
     113
     106
     116
     133
     135
     146
     148
     222
     213
     197
     181
     137
     125
      83
     109
     117
      96
      84
     119
     107
     114
      88
     119
     110
      87
     110
     106
      93
      94
     123
      97
     111
     118
     104
     110
     101
      93
      99
      99
     124
      97
     110
      82
     116
      99
      98
      98
      99
      83
     100
      95
      89
     102
     111
     101
     103
     104
      83
      91
      83
      94
      82
      88
      86
      90
      94
      98
      97
      87
      78
      86
      88
      79
      80
      78
      83
     100
      87
      90
      84
      81
      70
      82
     102
      85
      74
      94
     102
      86
      77
      63
      78
      99
      81
      74
     101
     102
      81
     101
      86
      84
      87
      83
      99
      83
      68
      72
      74
      80
      90
      82
      79
      69
      88
      74
      83
      81
      69
      83
      85
      70
      81
      81
      78
      77
      53
      90
      89
      68
      73
      63
      66
      79
      71
      72
      67
      76
      76
      97
      76
      72
      66
      84
      75
      70
      78
      78
      59
      53
      69
      72
      74
      80
      66
      66
      69
      75
      77
      74
      60
      74
      89
      44
      46
      52
      60
      63
      69
      68
      61
      75
      71
      76
      72
      60
      53
      58
      59
      76
      80
      98
     115
     136
     115
     109
      74
      68
      56
      53
      71
      63
      55
      72
      67
      49
      50
      58
      62
      63
      62
      43
      51
      41
      50
      54
      61
      54
      60
      56
      58
      63
      60
      61
      67
      60
      45
      50
      49
      44
      58
      55
      54
      45
      49
      61
      45
      51
      47
      62
      44
      51
      60
      46
      59
      52
      57
      51
      47
      42
      41
      70
      47
      59
      46
      50
      55
      46
      45
      48
      57
      52
      60
      52
      43
      50
      59
      51
      50
      40
      46
      54
      47
      61
      52
      48
      52
      62
      54
      62
      52
      61
      47
      44
      41
      47
      33
      36
      35
      52
      53
      38
      49
      43
      31
      45
      38
      31
      47
      38
      36
      43
      38
      47
      45
      46
      49
      48
      48
      55
      49
      35
      48
      48
      32
      41
      59
      40
      37
      42
      44
      51
      45
      32
      49
      45
      36
      33
      43
      34
      44
      35
      32
      46
      42
      40
      38
      37
      32
      29
      41
      35
      37
      54
      47
      30
      38
      29
      49
      32
      31
      48
      41
      35
      38
      49
      38
      48
      37
      32
      34
      42
      37
      30
      26
      42
      32
      41
      45
      48
      43
      25
      43
      36
      33
      29
      32
      31
      32
      35
      33
      26
      37
      38
      67
      56
      76
     103
     114
     118
     161
     177
     123
      90
      66
      76
      52
      46
      43
      33
      39
      31
      33
      37
      31
      38
      33
      31
      37
      35
      27
      37
      32
      34
      34
      32
      39
      27
      32
      35
      45
      42
      32
      28
      35
      28
      31
      41
      38
      42
      36
      37
      34
      32
      25
      38
      31
      41
      41
      38
      34
      29
      32
      33
      43
      30
      34
      31
      29
      36
      26
      32
      34
      30
      35
      31
      40
      29
      26
      24
      33
      35
      25
      30
      38
      24
      27
      41
      31
      28
      42
      32
      32
      32
      33
      30
      34
      36
      35
      40
      27
      33
      26
      28
      32
      36
      31
      23
      31
      36
      22
      20
      28
      26
      34
      35
      38
      26
      29
      30
      31
      17
      29
      34
      20
      36
      25
      29
      34
      28
      26
      29
      33
      40
      29
      21
      26
      29
      26
      45
      36
      46
      29
      32
      42
      29
      42
      36
      48
      25
      33
      36
      31
      32
      30
      27
      33
      30
      24
      27
      31
      30
      35
      32
      30
      27
      30
      24
      26
      26
      21
      31
      28
      25
      33
      35
      63
      80
      84
     114
      92
      70
      56
      33
      25
      27
      30
      28
      24
      26
      19
      23
      24
      19
      25
      30
      30
      35
      20
      24
      18
      32
      26
      22
      22
      22
      22
      25
      18
      23
      25
      30
      25
      33
      31
      24
      23
      31
      22
      35
      24
      27
      24
      26
      23
      28
      20
      29
      28
      31
      30
      34
      22
      27
      29
      27
      48
      61
      83
     121
     120
     112
      81
      44
      39
      31
      30
      29
      23
      18
      22
      29
      34
      28
      23
      21
      25
      27
      23
      28
      22
      18
      32
      18
      23
      22
      26
      23
      24
      27
      17
      18
      22
      28
      19
      25
      20
      24
      25
      18
      30
      21
      31
      20
      20
      20
      20
      26
      26
      27
      26
      22
      26
      31
      25
      38
      24
      28
      18
      32
      32
      22
      17
      25
      25
      29
      19
      29
      27
      22
      30
      28
      19
      25
      30
      15
      25
      35
      21
      18
      24
      27
      19
      23
      26
      19
      26
      20
      22
      19
      22
      20
      34
      27
      24
      16
      23
      17
      20
      20
      23
      15
      34
      25
      18
      17
      18
      21
      28
      17
      23
      21
      23
      24
      22
      32
      32
      23
      27
      30
      34
      36
      39
      34
      36
      23
      23
      31
      31
      23
      19
      15
      21
      24
      27
      19
      21
      20
      26
      21
      17
      22
      27
      24
      18
      28
      20
      17
      15
      16
      22
      15
      21
      19
      22
      20
      23
      19
      23
      28
      20
      24
      29
      25
      15
      20
      24
      20
      26
      24
      24
      28
      29
      27
      27
      19
      27
      19
      25
      22
      18
      20
      28
      25
      13
      20
      24
      19
      14
      17
      19
      31
      23
      15
      20
      25
      28
      20
      23
      26
      16
      21
      20
      19
      24
      22
      21
      19
      21
      17
      19
      19
      25
      19
      36
      44
      77
      77
      71
      63
      53
      45
      24
       8
      19
      17
      13
      23
      15
      28
      12
      18
      23
      25
      30
      25
      15
      17
      16
      28
      13
      24
      23
      17
      25
      15
      19
      21
      20
      16
      17
      22
      20
      20
      15
      19
      18
      25
      20
      26
      21
      22
      12
      22
      22
      16
      15
      23
      13
      22
      16
      27
      19
      31
      27
      27
      43
      25
      30
      11
      17
      15
      20
      15
      20
      14
      18
      14
      22
      19
      18
      19
      21
      15
      17
      11
      11
      15
      22
      18
      17
      17
      13
      22
      23
      18
      20
      16
      15
      17
      28
      25
      23
      17
       9
      21
      13
      15
      21
      15
      19
      19
      20
      15
      19
      26
      21
      26
      18
      15
      25
      22
      15
      18
      21
      21
      30
      16
      19
      22
      21
      19
      16
      24
      20
      17
      14
      19
      19
      16
      17
      13
      11
      21
      20
      27
      21
      21
      19
      22
      13
      27
      35
      59
      60
      72
      66
      45
      34
      34
      45
      23
      28
      32
      15
      10
      22
      21
       9
      23
      19
      19
      24
      12
      21
      14
      19
      15
      14
      18
      14
      28
      18
      29
      22
      32
      17
      25
      18
      17
      23
      16
      16
      19
      22
      26
      19
      22
      11
      24
      15
      24
      15
      21
      17
      14
      17
      15
      19
      28
      18
      12
      16
      11
      11
      16
      12
      17
      13
      11
      18
      24
      17
      34
      28
      26
      13
      11
      13
      21
      22
      16
      13
      11
      14
      10
      24
      16
      11
      18
      15
      17
      11
      21
      14
      11
      14
      12
      16
      13
      16
      17
      18
      14
      20
      13
      15
      19
      17
      13
      15
      16
      17
      18
      23
      16
      16
      24
      20
      14
      13
      23
      13
      11
      17
      14
      17
      14
      15
      16
      17
      11
      13
      22
      10
      29
      12
      14
      20
      15
      15
      15
      14
      10
      16
      11
      19
      13
      17
      13
      13
      10
      12
      22
      10
      20
      15
      11
      21
      20
      18
      19
      16
      10
      17
      16
      22
      21
      15
      19
      26
      21
      15
      19
      19
      17
      13
      11
      13
      14
      15
      16
      21
      18
       9
      15
       7
      12
      16
      21
       8
      16
      12
      20
      18
      18
      22
      31
      39
      41
      65
      59
      52
      42
      29
      26
       9
      17
      17
      23
      17
      12
      18
       9
      10
      16
      10
      12
       9
      17
      12
      13
      18
       9
      23
      25
      23
      28
      20
      18
      14
      14
      20
      13
      16
      13
      14
      12
      23
      14
      10
      10
      15
      17
      18
      14
      18
      24
      34
      59
      60
      59
      58
      36
      30
      17
      23
      21
      13
      13
      13
      15
      18
      11
      18
      22
      10
       7
      16
      18
      16
      13
      15
      16
      14
      15
      18
      13
      22
      17
      10
      14
      13
      14
      11
      14
      12
      17
      10
      15
      12
       9
      15
      20
      16
      11
      15
      18
      12
      13
      12
      12
      15
      11
      16
      14
      15
      13
      22
      13
      11
      12
      15
       6
      18
      15
      17
      12
      12
      11
       5
      13
       8
      12
      17
      19
      13
      12
      15
      23
      11
      18
      14
      16
      18
      17
      14
      11
      20
      17
      28
      40
      45
      72
      68
      65
      29
      42
      22
      16
      17
      17
      14
      15
      12
      25
      18
      12
      17
       7
      11
      13
      11
      12
      17
      10
      13
       9
      13
      14
      16
      18
      18
      14
      14
      16
      11
      12
      11
      23
       9
      10
      10
      11
      10
      14
      14
      16
      15
      10
      16
      16
      22
       5
      16
      18
      19
      13
      23
      14
      15
      18
      11
      13
      10
      23
      13
      11
      13
      10
      15
      13
       5
      12
      10
       7
      15
       9
      15
      14
      13
      13
       9
       8
      15
      13
      15
      14
      12
      11
      15
      17
      11
       7
      15
       7
      11
       6
      13
      14
      18
      14
      19
      13
      15
      10
      17
      23
      12
      16
       6
      16
      17
      14
      16
      10
      12
      13
      11
      10
      15
       9
      10
      12
      13
      14
      12
      15
      18
      17
      22
      22
      15
      14
      15
      14
      27
      28
      45
      46
      40
      41
      20
      20
       8
      12
      11
      13
      22
      14
      13
       6
      12
       9
       9
      13
      16
      14
      12
       8
      10
       6
      10
       8
       9
      16
      15
      10
      15
      17
      13
      10
       7
      14
      11
      14
      10
      12
      13
       7
      17
      14
      13
       8
       7
      12
      14
       9
      12
      13
      16
       8
      12
      11
       5
       9
      18
      12
      12
      12
      11
      19
      16
      13
      15
      14
       8
       4
       8
       8
       9
      14
      20
      17
       6
      11
      11
      14
      17
       7
      14
      11
       5
      10
       9
      10
       8
      10
      11
       7
       5
      11
      16
       7
       8
       8
      16
       8
      11
      13
      11
      17
      14
      11
       7
       6
      13
       8
      14
      14
       8
      14
      10
       8
      12
       8
      12
      18
      15
      15
       3
       9
      13
      14
      10
      15
      15
      13
      10
      12
      11
       9
       9
      15
      14
      11
       6
      14
      16
       0
      11
      14
      15
      10
      11
       6
      11
      11
      16
      13
      13
      12
      12
       8
       8
      12
       6
      21
       4
      13
       9
      11
      19
      14
      10
      10
      11
      14
      13
      10
      14
      11
      11
      12
       7
      10
      16
       9
       9
      13
       7
       9
       8
      11
       9
      11
      10
       8
       3
       9
       9
      15
      14
      11
      13
       7
      10
       9
       9
       6
      13
      14
       8
      13
      18
       8
       8
       9
      11
      10
      13
      12
      14
      14
      13
       9
       9
      12
       9
      12
      15
      14
      15
       9
      11
      11
      11
       9
      12
       7
      14
      11
      14
      16
      14
       9
       9
      11
      12
       7
       6
      15
      12
      20
      17
       6
      12
      10
      15
       8
      15
      13
      17
       9
      17
      16
      24
       5
      16
      16
       9
       8
      18
      11
      12
      14
      14
       9
      16
      17
      17
       5
      18
      10
      15
      10
       9
       5
       8
       9
      10
      12
       9
      11
      12
      15
      16
      14
       8
      11
      12
      11
      10
       9
       5
      10
      12
      13
       9
       8
      18
      18
      13
       5
      14
       9
      13
      16
      10
      13
       9
       8
      14
      14
      10
      11
      11
       9
      10
       8
       7
       9
       6
      11
      13
      11
       7
      16
       8
      10
      14
      14
       9
       8
       6
       6
      10
      20
      28
      31
      24
      26
      26
      13
      20
      14
      13
      15
      17
      21
      28
      39
      28
      31
      24
      31
       8
      12
      11
       8
      12
      16
      11
       7
      15
       7
       8
      12
      10
       9
       6
       6
       9
      11
      13
      17
      10
      10
      15
      10
      11
      12
       8
      11
       5
      13
      12
      10
      10
       9
       8
       6
      14
       8
       9
      16
      12
       5
       8
       9
      12
      16
       5
       7
      11
      10
      13
      11
      10
      12
      11
      11
      13
      16
      19
      14
      11
      12
      10
      14
       9
      10
       9
       9
      14
      15
      11
      11
      10
      11
      12
      15
      15
      11
      18
      13
      12
      11
      14
      10
      10
       9
       7
      12
       4
       6
      15
       9
       6
       9
       9
      14
      14
      17
       8
      13
      13
      12
      18
      14
      16
       7
      11
      11
      12
      10
      10
       7
      14
      11
      18
      14
      34
      27
      35
      38
      40
      36
      21
      19
       9
      20
      11
       9
      10
       9
      11
      13
      12
       9
       8
      11
      13
      15
      16
      10
      11
       9
      11
      10
      10
      17
      14
      10
      12
       6
       8
       8
       7
      11
      17
      13
      10
       8
      17
      12
      22
      11
       6
      14
      11
       9
      12
      13
      10
       9
       8
      12
       6
      17
      12
      15
      15
       8
       8
       7
      10
       7
       9
      17
      11
      13
      11
      12
      15
      11
       8
      14
      14
      12
      14
       7
      10
      14
       8
      16
      13
      12
      13
       9
      14
       8
      11
       9
      18
      15
      10
      13
      11
      14
      13
      14
      13
       7
       9
      16
      16
      11
      14
      11
       8
      15
      12
      13
      16
      14
       8
      15
      14
      13
      11
      14
      10
      10
      12
      12
      12
      15
      10
       9
      11
      11
      14
       5
       9
      15
       9
      12
       8
       9
       9
      12
      12
      10
       7
      13
      10
       5
       7
      10
      11
      12
      15
      13
      13
      17
      23
      28
      15
      20
      12
      13
       9
       4
      11
       7
      12
      10
       9
      15
       8
       7
       6
      12
       9
      10
      12
       7
       8
       7
      11
       8
      13
      13
       6
      14
      14
      11
      10
       6
       9
       8
       6
       5
       7
      10
      10
       6
       9
       7
      12
       6
       8
       7
       9
      12
       9
       9
      10
       6
      14
       5
      10
       9
      14
       9
      11
       6
       8
       4
       7
       5
      11
      10
       5
      10
       8
      10
       3
      11
       4
       4
       9
      11
       9
       2
       4
       6
       5
       8
      13
      12
       7
      12
      12
      16
      10
       7
       8
       5
       8
       6
      10
       7
      14
       2
       6
       8
       5
       8
       4
       6
       8
       8
       4
       4
      10
       5
       6
      14
       6
       5
       7
      10
      10
      10
       9
       8
       5
      13
       3
      10
       5
       7
       6
       7
      13
       7
       9
       6
       5
      11
       4
       7
       3
       6
      10
       4
       5
       7
       6
       9
       8
       5
       5
       5
       8
       4
       5
       8
       3
       3
       4
       9
       7
       4
       4
       8
       3
       7
       4
       5
       7
       5
       4
      10
       5
       7
       4
       5
       7
       3
       4
       8
       3
       4
       5
       8
       5
       8
       6
       3
       7
       2
       2
       6
       3
       6
       5
       2
       7
      12
       2
      11
       5
       5
       7
       3
       7
       6
       7
       8
       9
      11
       5
       5
       1
       4
      11
      13
       6
       8
       4
      14
      14
      23
      26
      34
      29
      21
       8
       9
       5
       4
       4
       5
       6
      10
       3
       2
       4
       4
       5
       6
       3
       2
       5
      11
       3
       8
       6
       9
       5
       2
       5
       5
       5
       3
       5
       3
       4
       0
       5
       6
      10
       5
       5
       6
       5
       6
       1
       3
       4
       4
       2
       3
       6
       2
       9
       8
       8
       5
      10
       4
       5
       8
       6
       5
       4
       4
       5
       3
       3
       7
      15
      10
      22
      19
      16
      14
       8
       6
       6
       3
       3
       5
       3
       5
       3
       2
       2
       2
       4
       4
       1
       5
       7
       4
       5
       6
       4
       4
       8
       4
       4
       4
       8
       3
       4
       8
      10
       6
       5
      10
      10
       6
       8
       7
       6
       4
       5
       1
       1
       6
       2
       4
       6
       6
      11
       5
       7
       4
       5
       6
       2
       3
       2
       9
       3
       5
       6
       5
       5
       3
       1
       8
       2
       5
       3
       5
       2
       3
       3
       4
       4
       6
       4
       7
       5
       5
       5
       4
       7
       5
       6
       7
       9
       6
       5
       6
       3
       4
       3
       5
       5
       5
       2
       1
       4
       6
       9
       5
       6
       5
       3
       3
       1
       2
       5
       6
       4
       2
       6
       4
       7
       8
       4
       4
       1
       2
       2
       3
       1
       4
       3
       3
       2
       0
       0
       6
       2
       3
       2
       6
       2
       4
       3
       2
       3
       2
       3
       5
       2
       2
       4
       4
       3
       5
       2
       6
       5
       2
       2
       4
       3
       3
       7
       6
       4
       6
       8
       6
       5
       5
       4
       6
       1
       3
       6
       7
       8
       2
       5
       2
       3
       3
       5
       2
       3
       8
       5
       3
       1
      10
       6
       1
       4
       4
       4
       3
       1
       4
       3
       1
       4
       2
       1
       4
       4
       4
       1
       4
       3
       5
       3
       4
       2
       2
       5
       5
       7
       3
       6
       4
       7
       2
       6
       9
       7
      19
      22
      50
      98
     117
     181
     223
     227
     220
     149
      84
      45
      27
       9
      10
       4
       4
       2
       6
       1
       2
       2
       2
       6
       4
       4
       2
       0
       3
       0
       7
       5
       2
       6
       4
       1
       0
       3
       2
       3
       2
       7
       4
       4
       2
       4
       5
       4
       3
       2
       3
       1
       1
       1
       3
       0
       2
       2
       7
       1
       2
       1
       7
       5
       1
       4
       4
       1
       1
       0
       2
       1
       1
       4
       5
       1
       0
       2
       4
       2
       4
       2
       2
       2
       4
       0
       6
       6
       4
       3
       5
       0
       2
       0
       2
       4
       7
       2
       1
       0
       2
       6
       3
       5
       3
       0
       1
       2
       2
       4
       3
       3
       2
       1
       4
       4
       3
       3
       6
       3
       8
       7
       4
       4
       5
       1
       3
       5
       5
       2
       2
       6
       5
       0
       1
       5
       4
       2
       6
       3
       5
       5
       4
      10
       3
       7
      11
       5
       7
       1
       5
       4
       3
       2
       2
       1
       1
       4
       4
       1
       1
       2
       1
       1
       3
       1
       1
       1
       5
       3
       3
       2
       1
       1
       1
       2
       4
       8
       0
       2
       2
       5
       0
       3
       1
       2
       6
       7
       3
       5
       4
       1
       3
       3
       8
       1
       3
       2
       3
       1
       1
       1
       3
       1
       3
       2
       1
       2
       6
       0
       0
       1
       4
       4
       2
       3
       0
       1
       1
       2
       0
       2
       1
       3
       2
       3
       0
       1
       0
       1
       2
       1
       4
       1
       3
       1
       0
       1
       0
       0
       1
       1
       1
       5
       1
       3
       3
       2
       0
       0
       0
       1
       2
       1
       0
       3
       3
       1
       2
       3
       1
       2
       4
       4
       2
       2
       6
       3
       5
       0
       4
       2
       1
       3
       1
       2
       2
       1
       1
       0
       0
       2
       2
       2
       3
       5
       5
       4
       5
       3
       1
       2
       3
       6
       3
       3
       4
       1
       3
       1
       4
       4
       6
       7
       6
       5
       1
       6
       7
       5
       3
      13
       6
       6
      10
      12
       6
       3
       2
       3
       2
       3
       0
       1
       3
       1
       1
       0
       3
       4
       4
       3
       1
       3
       2
       0
       4
       0
       0
       1
       1
       3
       1
       4
       0
       1
       0
       5
       4
       2
       0
       1
       3
       0
       4
       2
       0
       2
       1
       0
       4
       0
       1
       3
       3
       0
       1
       2
       2
       3
       3
       2
       2
       5
       4
       4
       2
       5
       0
       3
       7
       7
       4
       1
       2
       2
       1
       1
       2
       2
       0
       1
       2
       3
       2
       2
       4
       2
       0
       5
       2
       3
       4
       3
       2
       4
       2
       1
       2
       1
       1
       1
       0
       1
       2
       4
       2
       3
       1
       4
       2
       0
       2
       1
       1
       1
       3
       4
       3
       1
       0
       3
       0
       0
       1
       3
       1
       5
       3
       1
       2
       1
       1
       0
       2
       1
       1
       4
       2
       3
       0
       3
       1
       3
       0
       2
       1
       2
       3
       1
       1
       1
       1
       2
       4
       5
       0
       1
       4
       3
       2
       2
       3
       3
       2
       4
       2
       4
       1
       4
       2
       1
       2
       5
       1
       4
       0
       1
       2
       0
       1
       1
       0
       1
       2
       1
       1
       2
       1
       3
       0
       2
       2
       2
       1
       0
       2
       2
       2
       1
       2
       2
       1
       1
       1
       0
       2
       1
       2
       0
       2
       1
       2
       1
       1
       0
       2
       2
       2
       3
       3
       3
       3
       5
       2
       1
       0
       2
       1
       0
       2
       3
       3
       2
       3
       2
       1
       3
       4
       2
       3
       2
       2
       2
       1
       3
       1
       4
       1
       2
       0
       2
       1
       1
       0
       1
       4
       4
       3
       1
       2
       2
       2
       3
       0
       1
       2
       1
       2
       2
       2
       1
       1
       2
       2
       2
       2
       2
       0
       3
       3
       0
       1
       4
       3
       2
       3
       1
       0
       1
       0
       3
       0
       0
       1
       0
       3
       3
       0
       1
       1
       1
       0
       2
       1
       1
       6
       2
       0
       1
       1
       1
       0
       1
       0
       2
       0
       4
       5
       3
       3
       4
       7
       6
       7
       5
       3
       2
       0
       1
       2
       1
       3
       1
       2
       4
       2
       1
       1
       3
       2
       1
       1
       0
       2
       2
       1
       1
       1
       1
       0
       0
       1
       0
       0
       1
       4
       2
       1
       2
       2
       0
       2
       2
       3
       1
       1
       0
       3
       2
       1
       0
       3
       0
       1
       3
       0
       1
       2
       0
       0
       3
       1
       1
       3
       4
       2
       1
       2
       1
       2
       1
       2
       3
       1
       3
       3
       2
       3
       0
       5
       7
      10
      19
      14
      19
      14
      14
       9
       3
       2
       3
       3
       4
       0
       0
       0
       5
       1
       1
       0
       1
       3
       1
       2
       5
       1
       3
       2
       2
       1
       0
       2
       4
       1
       4
       5
       1
       2
       1
       2
       1
       1
       0
       2
       3
       3
       0
       1
       3
       0
       3
       2
       1
       1
       5
       4
       3
       0
       1
       1
       2
       1
       2
       1
       0
       5
       3
       2
       1
       0
       0
       1
       3
       5
       3
       2
       1
       2
       2
       1
       0
       3
       1
       0
       0
       2
       2
       1
       0
       0
       0
       1
       2
       2
       1
       3
       4
       3
       3
       1
       0
       0
       3
       3
       3
       1
       1
       1
       0
       2
       1
       2
       0
       0
       2
       2
       5
       0
       1
       2
       2
       2
       0
       2
       3
       1
       4
       2
       0
       1
       1
       1
       3
       2
       0
       1
       2
       1
       1
       1
       0
       0
       1
       0
       2
       1
       2
       3
       1
       1
       1
       1
       0
       3
       1
       2
       2
       1
       3
       0
       0
       1
       2
       1
       1
       0
       1
       2
       0
       2
       2
       2
       4
       2
       3
       4
       0
       1
       1
       2
       1
       1
       1
       0
       0
       0
       0
       0
       0
       2
       2
       2
       1
       3
       3
       3
       4
       1
       3
       1
       4
       2
       1
       3
       2
       2
       1
       1
       2
       2
       6
       1
       1
       2
       3
       0
       1
       2
       3
       1
       2
       1
       1
       2
       1
       2
       0
       2
       1
       0
       3
       0
       0
       1
       1
       4
       0
       0
       1
       1
       0
       0
       1
       0
       0
       0
       3
       2
       4
       4
       1
       4
       1
       3
       2
       4
       2
       3
       2
       2
       1
       2
       0
       0
       2
       1
       0
       0
       3
       1
       1
       2
       1
       0
       1
       0
       3
       4
       3
       0
       0
       1
       1
       2
       3
       1
       0
       3
       2
       3
       2
       1
       2
       1
       2
       5
       2
       0
       0
       1
       0
       0
       1
       1
       0
       0
       3
       1
       0
       2
       3
       1
       3
       2
       0
       2
       0
       1
       3
       2
       4
       1
       0
       4
       1
       0
       1
       1
       1
       0
       0
       1
       4
       2
       1
       0
       2
       6
       0
       2
       2
       0
       1
       1
       0
       1
       2
       4
       1
       0
       1
       3
       1
       0
       1
       1
       3
       3
       1
       3
       0
       0
       0
       1
       4
       2
       2
       0
       1
       2
       3
       1
       3
       0
       0
       0
       1
       2
       2
       1
       0
       2
       2
       1
       1
       1
       4
       5
       2
       1
       1
       1
       3
       1
       3
       2
       0
       0
       4
       2
       0
       0
       2
       2
       3
       1
       1
       1
       2
       1
       1
       1
       3
       2
       1
       2
       2
       1
       1
       0
       3
       2
       1
       2
       0
       0
       0
       0
       2
       1
       0
       1
       1
       2
       2
       1
       2
       0
       0
       2
       1
       5
       3
       4
       1
       2
       1
       0
       3
       0
       0
       2
       1
       0
       4
       4
       2
       1
       0
       3
       1
       2
       1
       2
       1
       3
       1
       1
       2
       2
       1
       3
       4
       1
       1
       0
       3
       0
       0
       3
       0
       4
       3
       1
       0
       1
       2
       0
       2
       2
       0
       1
       2
       2
       0
       0
       1
       2
       0
       1
       3
       3
       3
       1
       1
       2
       0
       2
       1
       1
       0
       0
       1
       5
       2
       1
       1
       0
       0
       1
       0
       2
       2
       2
       1
       2
       1
       0
       2
       2
       0
       2
       2
       3
       0
       3
       1
       1
       1
       3
       1
       1
       2
       0
       2
       3
       1
       1
       1
       4
       0
       2
       1
       2
       1
       0
       0
       0
       1
       0
       2
       2
       1
       0
       1
       3
       1
       0
       2
       1
       1
       2
       1
       0
       2
       1
       1
       0
       0
       1
       1
       1
       2
       2
       3
       1
       0
       1
       3
       0
       1
       1
       1
       1
       0
       3
       0
       0
       1
       0
       1
       1
       0
       0
       3
       2
       1
       2
       1
       1
       2
       4
       3
       2
       1
       1
       2
       1
       0
       0
       2
       0
       1
       1
       1
       1
       1
       2
       1
       0
       3
       3
       2
       0
       1
       2
       0
       0
       1
       3
       1
       0
       2
       4
       2
       0
       0
       1
       2
       0
       1
       0
       4
       2
       2
       3
       1
       0
       1
       0
       1
       0
       1
       0
       1
       1
       0
       0
       0
       1
       2
       1
       2
       2
       1
       2
       1
       4
       0
       1
       2
       0
       1
       1
       1
       0
       1
       0
       1
       0
       2
       0
       0
       2
       1
       2
       2
       0
       1
       3
       3
       0
       1
       0
       2
       0
       0
       1
       1
       0
       0
       0
       1
       2
       0
       0
       0
       0
       2
       0
       0
       2
       1
       0
       2
       0
       2
       0
       1
       2
       0
       1
       2
       2
       2
       2
       2
       0
       5
       1
       1
       2
       0
       0
       2
       1
       2
       0
       2
       1
       2
       0
       0
       1
       2
       2
       0
       3
       0
       0
       1
       0
       1
       0
       3
       1
       2
       1
       1
       0
       3
       3
       0
       0
       0
       2
       3
       0
       1
       2
       0
       2
       0
       2
       4
       1
       0
       2
       2
       2
       2
       4
       8
       6
       4
       4
       3
       2
       3
       0
       1
       2
       1
       0
       2
       0
       2
       1
       2
       1
       4
       1
       0
       1
       0
       0
       3
       2
       0
       0
       2
       0
       1
       2
       1
       0
       1
       4
       0
       2
       1
       1
       0
       1
       0
       1
       0
       3
       2
       0
       0
       2
       2
       1
       1
       1
       3
       0
       0
       1
       1
       1
       3
       2
       1
       2
       1
       2
       0
       0
       0
       1
       1
       1
       0
       1
       0
       1
       0
       0
       2
       2
       2
       1
       1
       0
       1
       0
       1
       1
       1
       3
       0
       0
       0
       2
       0
       1
       0
       1
       2
       0
       0
       0
       0
       0
       0
       0
       1
       0
       2
       1
       0
       1
       1
       0
       1
       3
       2
       1
       3
       0
       0
       1
       1
       2
       0
       3
       0
       2
       0
       1
       1
       1
       3
       0
       1
       1
       2
       0
       1
       3
       1
       1
       2
       0
       0
       1
       0
       0
       1
       0
       1
       1
       0
       4
       1
       2
       2
       0
       0
       2
       0
       2
       2
       0
       2
       0
       1
       1
       1
       0
       3
       3
       0
       2
       2
       1
       0
       0
       3
       0
       1
       1
       3
       1
       2
       0
       0
       1
       0
       0
       3
       2
       4
       0
       0
       2
       0
       1
       2
       0
       1
       0
       0
       0
       4
       0
       0
       3
       2
       2
       4
       1
       3
       2
       0
       1
       4
       1
       0
       1
       2
       0
       1
       0
       1
       3
       1
       2
       1
       1
       1
       2
       4
       3
       4
       7
       3
       7
       4
       6
       5
       3
       3
       2
       0
       0
       1
       1
       2
       1
       2
       0
       0
       2
       2
       1
       0
       1
       1
       1
       0
       1
       1
       4
       0
       2
       2
       0
       0
       1
       3
       3
       1
       1
       0
       1
       1
       2
       0
       0
       0
       2
       1
       0
       0
       2
       3
       0
       2
       2
       2
       1
       0
       1
       2
       4
       3
       1
       1
       2
       0
       2
       1
       0
       1
       0
       1
       0
       2
       1
       1
       2
       3
       4
       1
       3
       1
       1
       1
       1
       1
       1
       1
       1
       2
       1
       1
       3
       4
       2
       2
       1
       1
       3
       1
       0
       2
       1
       1
       2
       0
       1
       1
       0
       1
       0
       0
       2
       1
       4
       3
       1
       3
       1
       3
       3
       0
       1
       1
       2
       1
       2
       1
       1
       0
       0
       1
       2
       2
       2
       3
       0
       1
       0
       0
       2
       1
       3
       1
       1
       1
       2
       1
       1
       3
       1
       0
       3
       1
       1
       0
       1
       2
       2
       1
       1
       2
       0
       1
       2
       1
       1
       0
       0
       2
       2
       3
       2
       1
       1
       1
       1
       0
       0
       1
       1
       2
       1
       0
       2
       0
       0
       0
       0
       2
       3
       2
       2
       4
       3
       1
       1
       0
       2
       0
       0
       0
       1
       0
       1
       1
       2
       0
       2
       4
       0
       0
       1
       2
       1
       4
       1
       2
       0
       0
       2
       0
       0
       2
       2
       2
       3
       2
       0
       0
       2
       1
       3
       1
       0
       0
       1
       1
       2
       2
       2
       2
       2
       1
       0
       2
       0
       2
       2
       0
       1
       1
       0
       4
       3
       2
       0
       0
       3
       0
       0
       0
       2
       1
       3
       1
       3
       0
       2
       2
       0
       1
       0
       0
       3
       2
       1
       1
       0
       0
       0
       0
       1
       2
       0
       0
       2
       1
       0
       0
       3
       1
       2
       5
       1
       1
       1
       0
       2
       1
       1
       3
       3
       1
       2
       0
       2
       3
       3
       1
       1
       0
       0
       2
       3
       2
       2
       2
       1
       0
       1
       1
       3
       0
       0
       1
       4
       2
       1
       2
       0
       1
       0
       0
       3
       1
       1
       1
       3
       4
       1
       4
       1
       0
       0
       0
       0
       1
       0
       0
       2
       0
       2
       1
       3
       3
       0
       3
       1
       2
       1
       1
       4
       1
       3
       1
       2
       0
       2
       0
       3
       2
       0
       2
       0
       0
       2
       0
       2
       1
       2
       2
       1
       0
       0
       3
       1
       1
       2
       1
       1
       1
       1
       0
       2
       1
       2
       3
       1
       0
       2
       2
       1
       0
       3
       2
       3
       0
       0
       0
       1
       0
       0
       4
       2
       1
       1
       0
       0
       5
       3
       0
       2
       1
       0
       0
       2
       1
       0
       1
       2
       1
       1
       1
       0
       2
       2
       3
       1
       1
       2
       2
       1
       1
       0
       2
       0
       0
       1
       0
       1
       2
       2
       0
       1
       1
       0
       0
       1
       1
       2
       0
       1
       0
       1
       1
       1
       1
       1
       0
       1
       0
       1
       5
       0
       4
       1
       1
       0
       0
       1
       0
       1
       0
       4
       2
       0
       1
       0
       0
       0
       1
       0
       1
       0
       0
       0
       2
       0
       1
       0
       1
       2
       1
       0
       1
       1
       1
       0
       0
       2
       0
       0
       2
       1
       2
       0
       1
       0
       3
       2
       0
       0
       1
       0
       0
       2
       1
       0
       1
       0
       2
       0
       1
       0
       0
       1
       1
       0
       0
       0
       0
       1
       0
       1
       0
       2
       0
       2
       2
       0
       0
       0
       0
       0
       1
       1
       0
       1
       0
       2
       1
       2
       1
       1
       0
       3
       2
       2
       2
       2
       0
       2
       1
       0
       0
       0
       2
       1
       0
       0
       0
       3
       2
       2
       0
       1
       0
       1
       1
       0
       3
       0
       0
       0
       0
       0
       1
       0
       1
       0
       4
       0
       3
       2
       2
       0
       0
       2
       1
       0
       1
       0
       0
       2
       0
       0
       1
       2
       1
       0
       1
       0
       1
       0
       0
       1
       0
       0
       0
       0
       1
       1
       2
       1
       0
       0
       1
       0
       0
       0
       0
       1
       2
       1
       1
       0
       1
       0
       0
       1
       0
       1
       0
       0
       0
       2
       0
       0
       0
       0
       0
       0
       0
       0
       0
       1
       0
       2
       1
       0
       2
       1
       1
       0
       0
       0
       0
       0
       0
       0
       0
       1
       0
       1
       1
       0
       0
       1
       1
       0
       0
       1
       1
       1
       1
       2
       0
       0
       2
       0
       1
       2
       0
       0
       0
       0
       1
       0
       0
       0
       1
       1
       0
       0
       0
       1
       0
       2
       1
       0
       1
       1
       2
       0
       0
       0
       0
       0
       0
       1
       1
       0
       0
       0
       0
       1
       0
       1
       0
       0
       0
       0
       1
       0
       0
       0
       0
       0
       0
       0
       0
       0
       0
       1
       0
       0
       1
       0
       1
       0
       0
       0
       0
       1
       0
       0
       0
       0
       0
       0
       0
       0
       0
       0
       0
       0
       0
       1
       0
       0
       1
       0
       0
       0
       0
       1
       0
       1
       0
       0
       0
       1
       1
       0
       0
       0
       0
       0
       0
       1
       0
       0
       0
       1
       0
       0
       0
       0
       0
       0
       0
       0
       0
       0
       0
       0
       0
       0
       0
       0
       0
       0
       0
       1
       0
       0
       0
       0
       0
       1
       0
       0
       0
       0
       0
       0
       0
       0
       0
       0
       0
       2
       0
       0
       0
       0
       1
       0
       0
       0
       2
       0
       0
       0
       0
       0
       0
       1
       0
       0
       0
       0
       0
       0
       2
       0
       0
       0
       0
       0
       0
       0
       0
       0
       0
       1
       0
       0
       0
       0
       0
       0
       0
       0
       1
       0
       0
       1
       0
       1
       0
       1
       0
       0
       0
       0
       0
       0
       0
       1
       1
       0
       1
       1
       0
       2
       0
       0
       0
       1
       0
       0
       0
       0
       2
       0
       0
       0
       0
       0
       0
       0
       0
       0
       0
       1
       0
       0
       1
       1
       0
       1
       1
       0
       1
       0
       0
       0
       0
       0
       0
       0
       2
       2
       1
       0
       1
       3
       1
       3
       2
       6
      11
      11
      26
      21
      35
      28
      32
      27
      29
      15
      10
       7
       1
       1
       1
       1
       1
       0
       0
       0
       0
       0
       1
       0
       0
       0
       0
       0
       0
       0
       1
       0
       0
       0
       0
       0
       0
       0
       0
       0
       0
       0
       0
       0
       0
       0
       0
       0
       0
       0
       0
       0
       0
       0
       0
       0
       0
       0
       0
       0
       0
       0
       0
       0
       0
       0
       0
       1
       0
       0
       1
       0
       0
       0
       1
       0
       0
       0
       0
       0
       0
       0
       0
       1
       0
       0
       0
       0
       1
       1
       0
       0
       1
       0
       0
       1
       0
       1
       0
       0
       0
       0
       0
       0
       0
       1
       0
       0
       0
       1
       0
       0
       1
       0
       0
       0
       1
       0
       1
       0
       0
       0
       0
       0
       0
       1
       0
       0
       0
       0
       0
       0
       0
       0
       0
       0
       0
       0
       0
       1
       0
       0
       0
       0
       0
       0
       0
       0
       0
       0
       0
       0
       0
       0
       0
       0
       0
       0
       0
       0
       0
       0
       0
       0
       0
       0
       0
       0
       0
       0
       0
       0
       0
       0
       1
       0
       0
       0
       0
       0
       0
       0
       0
       1
       0
       0
       0
       0
       0
       0
       0
       0
       0
       0
       1
       0
       0
       0
       0
       0
       0
       1
       0
       0
       0
       0
       1
       0
       0
       0
       0
       0
       0
       0
       0
       0
       0
       0
       0
       0
       0
       0
       0
       0
       0
       1
       0
       0
       0
       0
       0
       0
       0
       1
       0
       0
       0
       0
       0
       0
       0
       0
       0
       0
       0
       0
       1
       0
       0
       0
       0
       0
       0
       1
       0
       0
       0
       0
       0
       0
       0
       0
       0
       0
       0
       0
       0
       0
       0
       0
       0
       0
       0
       0
       0
       0
       1
       1
       0
       0
       0
       0
       0
       0
       0
       0
       0
       0
       0
       0
       0
       0
       0
       0
       0
       0
       0
       0
       1
       0
       0
       0
       0
       0
       0
       0
       0
       0
       0
       0
       0
       0
       0
       0
       0
       0
       0
       0
       0
       0
       0
       0
       0
       0
       0
       0
       0
       0
       0
       0
       1
       0
       0
       0
       0
       0
       0
       0
       0
       0
       0
       0
       0
       0
       0
       0
       0
       0
       0
       0
       0
       0
       0
       0
       0
       0
       0
       0
       0
       0
       0
       0
       0
       1
       0
       0
       0
       0
       0
       0
       0
       0
       0
       0
       0
       0
       0
       0
       0
       0
       0
       0
       0
       0
       1
       0
       0
       0
       0
       0
       0
       0
       0
       0
       0
       0
       0
       0
       0
       0
       0
       0
       0
       0
       0
       0
       0
       0
       0
       0
       1
       0
       0
       0
       0
       0
       0
       0
       0
       0
       0
       0
       0
       0
       0
       0
       0
       0
       0
       0
       0
       0
       0
       0
       0
       0
       0
       0
       0
       0
       0
       0
       0
       0
       0
       0
       0
       0
       0
       0
       0
       0
       0
       0
       0
       0
       0
       1
       0
       0
       0
       0
       0
       0
       0
       0
       0
       0
       0
       0
       0
       0
       0
       0
       0
       1
       0
       0
       0
       0
       0
       0
       0
       0
       0
       0
       0
       0
       0
       0
       0
       0
       0
       0
       0
       0
       0
       0
       0
       0
       0
       0
       0
       0
       0
       0
       0
       1
       0
       0
       0
       0
       0
       0
       0
       0
       0
       0
       0
       0
       0
       0
       0
       0
       0
       0
       0
       0
       0
       0
       0
       0
       0
       0
       1
       0
       0
       0
       0
       0
       0
       0
       2
       0
       0
       0
       0
       0
       0
       0
       0
       0
       0
       1
       0
       0
       0
       0
       0
       0
       0
       0
       0
       0
       0
       0
       0
       0
       0
       0
       0
       0
       0
       0
       0
       0
       0
       0
       0
       0
       0
       0
       1
       1
       0
       0
       0
       0
       0
       0
       0
       0
       0
       0
       0
       1
       0
       0
       0
       0
       0
       0
       0
       0
       0
       0
       0
       0
       0
       0
       0
       0
       0
       0
       0
       0
       0
       0
       0
       1
       0
       0
       0
       0
       0
       0
       0
       0
       0
       0
       0
       0
       0
       0
       0
       0
       0
       0
       1
       0
       0
       0
       0
       0
       0
       0
       0
       0
       0
       0
       0
       0
       0
       0
       0
       0
       0
       0
       0
       0
       0
       0
       0
       0
       0
       0
       0
       1
       0
       0
       0
       0
       0
       0
       0
       0
       0
       0
       0
       0
       0
       0
       0
       0
       0
       0
       0
       0
       1
       0
       0
       0
       0
       0
       1
       0
       0
       0
       0
       0
       0
       0
       0
       0
       0
       0
       0
       0
       0
       0
       0
       0
       0
       0
       0
       0
       0
       0
       0
       0
       0
       0
       0
       0
       0
       0
       0
       0
       0
       1
       0
       0
       0
       0
       0
       0
       0
       0
       0
       0
       0
       1
       0
       0
       0
       0
       0
       0
       0
       0
       0
       0
       0
       0
       0
       0
       0
       0
       1
       0
       0
       0
       0
       0
       0
       0
       0
       0
       0
       0
       0
       0
       0
       0
       0
       1
       0
       0
       0
       0
       0
       0
       0
       0
       1
       0
       0
       0
       0
       0
       1
       0
       0
       0
       0
       0
       0
       0
       0
       0
       0
       0
       0
       0
       0
       0
       0
       0
       0
       0
       0
       0
       0
       0
       0
       0
       1
       0
       0
       0
       0
       0
       0
       0
       0
       0
       0
       0
       0
       0
       0
       0
       0
       0
       0
       0
       0
       0
       0
       0
       0
       0
       0
       0
       0
       0
       0
       0
       0
       0
       0
       0
       0
       0
       0
       0
       0
       0
       0
       0
       0
       0
       0
       0
       0
       0
       0
       0
       0
       0
       0
       0
       0
       0
       0
       0
       0
       0
       0
       0
       1
       0
       0
       0
       0
       0
       0
       0
       0
       0
       1
       0
       0
       0
       0
       0
       0
       0
       0
       0
       0
       0
       0
       0
       0
       0
       0
       0
       0
       0
       0
       0
       0
       0
       0
       0
       1
       0
       0
       0
       0
       0
       0
       0
       0
       0
       0
       0
       0
       0
       0
       0
       0
       0
       0
       1
       0
       0
       0
       0
       0
       0
       0
       0
       0
       0
       0
       0
       0
       0
       0
       0
       0
       0
       0
       0
       0
       0
       0
       0
       0
       0
       0
       0
       0
       0
       0
       0
       0
       0
       0
       0
       2
       0
       0
       1
       0
       0
       0
       0
       1
       0
       0
       0
       0
       0
       0
       0
       1
       0
       0
       0
       0
       0
       0
       0
       1
       0
       0
       0
       0
       0
       0
       0
       0
       0
       0
       0
       0
       0
       0
       1
       0
       0
       0
       0
       0
       0
       0
       0
       0
       0
       0
       0
       0
       1
       0
       0
       1
       0
       0
       0
       0
       0
       0
       0
       0
       1
       0
       0
       0
       0
       0
       0
       0
       0
       0
       0
       0
       0
       0
       0
       0
       0
       0
       0
       0
       0
       0
       0
       0
       0
       0
       0
       0
       1
       0
       0
       0
       0
       0
       0
       0
       0
       0
       0
       0
       0
       0
       0
       0
       0
       0
       0
       0
       0
       0
       0
       0
       0
       0
       0
       0
       1
       0
       0
       0
       0
       0
       0
       1
       0
       0
       0
       0
       0
       0
       0
       0
       0
       0
       0
       0
       0
       0
       0
       0
       0
       0
       0
       0
       0
       0
       0
       0
       0
       0
       0
       0
       0
       0
       0
       0
       0
       0
       0
       0
       0
       1
       0
       0
       0
       0
       0
       0
       0
       1
       0
       0
       0
       0
       0
       0
       0
       0
       0
       0
       0
       0
       0
       0
       0
       0
       0
       0
       0
       0
       1
       0
       0
       0
       0
       0
       0
       0
       0
       0
       0
       0
       0
       0
       0
       0
       0
       0
       0
       0
       0
       0
       0
       1
       0
       0
       0
       0
       0
       0
       0
       0
       0
       0
       1
       0
       0
       0
       0
       0
       0
       0
       0
       0
       0
       0
       0
       0
       0
       0
       0
       0
       0
       0
       0
       1
       0
       0
       0
       0
       0
       0
       0
       0
       0
       0
       0
       0
       0
       0
       0
       0
       0
       0
       0
       0
       0
       0
       0
       0
       1
       0
       0
       0
       0
       0
       1
       0
       0
       0
       0
       0
       0
       0
       0
       0
       0
       0
       0
       0
       0
       0
       0
       0
       1
       0
       0
       0
       0
       0
       0
       0
       0
       0
       0
       0
       0
       0
       0
       0
       0
       0
       0
       0
       0
       1
       0
       0
       0
       0
       0
       0
       0
       0
       0
       0
       0
       1
       0
       0
       0
       0
       0
       0
       0
       0
       0
       0
       0
       0
       0
       0
       0
       0
       1
       0
       0
       0
       0
       0
       0
       0
       0
       0
       1
       0
       0
       0
       0
       0
       0
       0
       0
       0
       0
       0
       0
       0
       0
       0
       0
       0
       0
       0
       0
       0
       0
       0
       0
       1
       0
       0
       0
       0
       0
       0
       0
       0
       0
       0
       0
       0
       0
       0
       0
       0
       0
       0
       0
       1
       0
       0
       0
       0
       0
       0
       0
       0
       0
       0
       0
       0
       0
       0
       0
       0
       0
       0
       0
       0
       0
       0
       0
       0
       0
       1
       0
       0
       0
       0
       0
       0
       0
       1
       0
       0
       0
       0
       0
       0
       0
       0
       0
       0
       0
       0
       0
       0
       0
       0
       0
       0
       0
       0
       0
       0
       0
       0
       0
       0
       0
       0
       0
       0
       0
       0
       0
       0
       0
       0
       0
       0
       0
       0
       0
       0
       0
       0
       1
       0
       0
       0
       0
       0
       0
       0
       0
       0
       0
       0
       0
       0
       0
       0
       0
       0
       0
       0
       0
       0
       0
       0
       0
       0
       0
       0
       0
       0
       0
       0
       0
       0
       0
       0
       0
       0
       0
       0
       0
       0
       0
       0
       0
       0
       0
       0
       0
       0
       0
       0
       0
       0
       0
       0
       0
       0
       0
       0
       0
       0
       0
       0
       1
       0
       0
       0
       0
       0
       0
       0
       0
       0
       0
       0
       0
       0
       0
       0
       0
       1
       0
       0
       0
       0
       0
       0
       0
       0
       1
       0
       0
       0
       0
       0
       1
       0
       0
       0
       0
       0
       0
       0
       0
       0
       0
       0
       0
       0
       0
       0
       0
       0
       0
       0
       0
       0
       0
       0
       0
       0
       0
       0
       0
       0
       0
       0
       0
       0
       0
       0
       0
       0
       0
       0
       0
       0
       0
       0
       0
       0
       0
       0
       0
       0
       0
       0
       0
       0
       0
       0
       0
       0
       0
       0
       0
       0
       0
       0
       0
       0
       0
       0
       0
       0
       0
       0
       0
       0
       0
       0
       0
       0
       0
       0
       0
       0
       0
       0
       0
       0
       0
       0
       0
       0
       0
       0
       0
       0
       0
       0
       0
       0
       0
       0
       0
       0
       0
       0
       0
       0
       0
       0
       0
       0
       0
       0
       0
       0
       0
       0
       0
       0
       0
       1
       0
       0
       0
       0
       0
       0
       0
       0
       0
       0
       1
       0
       0
       1
       0
       0
       0
       0
       0
       1
       0
       0
       0
       0
       0
       0
       0
       0
       0
       0
       0
       0
       0
       0
       0
       0
       0
       0
       0
       1
       0
       0
       0
       0
       0
       0
       0
       0
       0
       0
       0
       0
       0
       0
       1
       0
       0
       0
       0
       0
       0
       0
       0
       0
       0
       0
       0
       0
       0
       0
       0
       0
       0
       0
       0
       0
       0
       0
       0
       0
       0
       0
       0
       0
       0
       0
       0
       0
       0
       0
       0
       0
       0
       1
       0
       0
       0
       0
       0
       1
       0
       1
       0
       0
       0
       0
       0
       0
       0
       0
       0
       0
       0
       0
       0
       0
       0
       0
       0
       0
       0
       0
       0
       0
       0
       0
       0
       0
       0
       0
       0
       0
       0
       0
       0
       0
       0
       0
       0
       0
       0
       0
       0
       0
       0
       0
       0
       0
       0
       0
       0
       0
       0
       0
       1
       0
       0
       0
       0
       0
       0
       0
       0
       0
       0
       0
       0
       0
       0
       0
       0
       0
       0
       0
       0
       0
       0
       0
       0
       0
       1
       0
       0
       0
       0
       0
       0
       0
       0
       0
       0
       0
       0
       0
       0
       0
       0
       0
       0
       0
       0
       0
       0
       0
       0
       0
       0
       0
       0
       0
       0
       0
       0
       0
       1
       0
       0
       0
       0
       0
       0
       0
       0
       0
       0
       0
       0
       0
       0
       0
       0
       0
       0
       0
       0
       0
       0
       0
       0
       0
       0
       0
       0
       1
       0
       0
       0
       0
       0
       0
       0
       0
       0
       0
       0
       0
       0
       0
       0
       0
       0
       1
       0
       0
       0
       0
       0
       0
       0
       0
       0
       0
       0
       0
       0
       0
       0
       0
       0
       0
       0
       0
       0
       0
       0
       0
       0
       0
       0
       0
       0
       0
       0
       0
       0
       0
       0
       0
       0
       0
       0
       0
       0
       0
       0
       0
       0
       0
       0
       0
       0
       0
       0
       0
       0
       0
       0
       0
       0
       0
       0
       0
       0
       0
       0
       0
       0
       0
       0
       0
       0
       0
       0
       0
       0
       0
       0
       0
       0
       0
       0
       0
       0
       0
       0
       0
       0
       0
       0
       0
       0
       0
       0
       0
       0
       0
       0
       0
       0
       0
       0
       0
       0
       0
       0
       0
       0
       0
       0
       0
       0
       0
       0
       0
       0
       0
       0
       0
       0
       0
       0
       0
       0
       0
       0
       0
       0
       0
       0
       0
       0
       0
       0
       0
       0
       0
       0
       0
       0
       0
       0
       0
       0
       0
       0
       0
       0
       0
       0
       0
       0
       0
       0
       0
       0
       0
       0
       0
       0
       0
       0
       0
       0
       0
       0
       0
       0
       0
       0
       0
$ROI:
0
$PRESETS:
Live Time
3600
0
$ENER_FIT:
8.931054 0.240803
$MCA_CAL:
3
8.931054E+000 2.408025E-001 6.157388E-008 keV
$SHAPE_CAL:
3
9.658150E+000 -1.618950E-003 2.758845E-007
