$SPEC_ID:
No sample description was entered.
$SPEC_REM:
DET# 1
DETDESC# EPS-140909 Easy-MCA-8k SN 16175454
AP# Maestro Version 7.01
$DATE_MEA:
03/07/2022 23:04:38
$MEAS_TIM:
3567 3600
$DATA:
0 8191
       0
       0
       0
       0
       0
       0
       0
       0
       0
       0
       0
       0
       0
       0
       0
       0
       0
       0
       0
       0
       0
       0
       0
       0
       0
       0
       0
       0
       0
       0
       0
       0
       0
       0
       0
       0
       0
       0
       0
       1
       7
      85
    2127
    2671
    1918
    1873
    1787
    1817
    1582
    1394
    1309
    1267
    1433
    1594
    1908
    1889
    1768
    1551
    1500
    1518
    1520
    1650
    1977
    2232
    2373
    2389
    3021
    4954
    9252
   15272
   18614
   17181
   11509
    6059
    2859
    1729
    1330
    1357
    1394
    1556
    1581
    1834
    1988
    2055
    2236
    2410
    2390
    2766
    2876
    3193
    3475
    3677
    4109
    4423
    4723
    5308
    5534
    5926
    6611
    7295
    8206
    9847
   12058
   14682
   18404
   21735
   24919
   27183
   29266
   30347
   31107
   30934
   30111
   28382
   26607
   24491
   22419
   20717
   19455
   18742
   18231
   19982
   27787
   50681
   98763
  169877
  247961
  316768
  363136
  355696
  285624
  188889
  113256
   72697
   47932
   29906
   16977
   10163
    7137
    5502
    4783
    5505
   10296
   22999
   48336
   78346
   95706
   90071
   69849
   54684
   47594
   41774
   30682
   18802
   11162
    8016
    6246
    4614
    3170
    2522
    2212
    2072
    2064
    2120
    2089
    2254
    2603
    3168
    3645
    3904
    3752
    3677
    4081
    4767
    4930
    4224
    3163
    2501
    2076
    1834
    1815
    1695
    1646
    1596
    1606
    1565
    1507
    1472
    1419
    1398
    1454
    1493
    1488
    1542
    1763
    2042
    2312
    2315
    2107
    1743
    1606
    1497
    1526
    1642
    1490
    1378
    1269
    1214
    1170
    1122
    1167
    1278
    2004
    4676
   11101
   21527
   30990
   32819
   25070
   14353
    6203
    2502
    1218
     893
     897
     847
     876
     900
     907
     903
     893
     852
     937
     859
     949
     925
    1087
    1637
    2857
    4599
    6411
    6721
    5178
    3342
    1914
    1062
     991
     867
     815
     780
     867
     880
     874
     955
     977
     961
    1089
    1083
    1036
    1108
     922
     900
     841
     773
     759
     768
     727
     751
     732
     674
     714
     680
     738
     810
     766
     794
     839
     831
     792
     735
     683
     664
     739
     676
     704
     666
     613
     648
     640
     661
     597
     633
     620
     660
     620
     657
     625
     624
     674
     655
     651
     624
     629
     612
     583
     593
     642
     539
     623
     658
     625
     655
     664
     622
     540
     633
     586
     588
     587
     602
     561
     533
     540
     582
     591
     584
     594
     701
     621
     566
     568
     559
     553
     544
     570
     540
     532
     506
     518
     533
     530
     546
     586
     675
     714
     799
     795
     786
     717
     637
     524
     482
     475
     481
     478
     463
     453
     458
     465
     451
     491
     469
     463
     542
     489
     526
     523
     500
     467
     446
     452
     467
     484
     428
     426
     436
     425
     456
     410
     429
     428
     417
     431
     428
     419
     400
     419
     390
     430
     399
     386
     378
     414
     413
     414
     426
     407
     424
     401
     352
     402
     401
     360
     390
     415
     397
     405
     404
     355
     409
     399
     356
     335
     395
     357
     387
     380
     414
     372
     368
     326
     373
     392
     384
     350
     358
     310
     355
     366
     381
     372
     398
     385
     366
     418
     349
     354
     344
     342
     345
     347
     325
     336
     342
     332
     334
     320
     322
     342
     308
     323
     338
     300
     368
     347
     323
     339
     341
     327
     337
     316
     352
     324
     317
     329
     308
     314
     304
     306
     338
     336
     323
     306
     292
     280
     281
     310
     275
     303
     301
     318
     346
     293
     262
     284
     295
     309
     309
     294
     286
     280
     268
     299
     317
     325
     365
     374
     389
     378
     310
     305
     276
     312
     291
     280
     310
     282
     293
     250
     284
     287
     261
     283
     251
     282
     297
     277
     295
     309
     260
     266
     254
     285
     264
     254
     251
     274
     260
     250
     274
     253
     261
     255
     280
     262
     290
     279
     251
     254
     228
     261
     233
     252
     262
     257
     242
     248
     239
     253
     222
     249
     227
     259
     282
     324
     399
     391
     380
     354
     292
     282
     267
     280
     263
     241
     243
     246
     212
     218
     229
     226
     225
     228
     196
     220
     217
     214
     207
     190
     204
     227
     228
     234
     219
     225
     199
     212
     236
     216
     188
     221
     185
     198
     183
     174
     193
     227
     220
     214
     197
     183
     198
     217
     207
     178
     188
     222
     178
     220
     214
     200
     194
     190
     221
     212
     204
     212
     211
     214
     196
     188
     220
     202
     199
     200
     182
     193
     210
     193
     212
     182
     198
     195
     193
     184
     163
     187
     196
     169
     149
     167
     171
     184
     190
     166
     193
     154
     182
     192
     175
     189
     163
     180
     162
     163
     203
     177
     164
     161
     155
     141
     143
     161
     183
     156
     170
     153
     167
     150
     148
     157
     169
     166
     168
     173
     189
     153
     159
     176
     164
     148
     153
     178
     142
     163
     177
     167
     234
     258
     195
     197
     198
     160
     160
     149
     179
     140
     120
     134
     143
     185
     173
     166
     141
     140
     124
     144
     154
     142
     136
     138
     135
     142
     136
     136
     152
     133
     138
     127
     146
     127
     141
     132
     113
     124
     161
     122
     156
     131
     142
     148
     159
     127
     133
     141
     118
     136
     123
     125
     141
     112
     116
     126
     143
     132
     146
     112
     119
     150
     136
     140
     133
     117
     114
     128
     139
     158
     148
     170
     158
     164
     158
     147
     111
     133
     129
     101
     124
     126
     122
     117
     122
     141
     125
     138
     120
     117
     122
     114
     112
     107
     102
      97
     125
     116
     138
     123
     140
     141
     149
     133
     138
     119
      93
     106
     118
     107
     121
     128
     114
      93
     103
     103
     114
     105
      93
     113
      98
     112
      95
     103
     106
     109
     110
      97
      91
      97
     129
     174
     178
     225
     231
     179
     171
     127
     106
      91
     109
     101
     104
      91
      97
      81
     105
      88
     102
      89
      99
      91
     101
      77
     104
      97
      84
      97
      87
      91
      77
      89
      80
      94
     103
      93
      92
      88
      90
      74
      93
     103
      93
      85
      88
      92
      67
      99
     104
      91
      80
      88
      75
      99
      80
      68
      77
      76
      81
      86
      75
      96
     101
      82
      90
      82
      81
      79
      74
      80
      59
      88
      87
      92
      79
      78
      84
      65
      68
      86
      81
      71
      79
      79
      94
      70
      95
      71
      84
      99
      76
      78
      62
      93
      74
      70
      64
      71
      70
      88
      72
      85
      74
      70
      75
      68
      81
      82
      73
      67
      63
      51
      77
      77
      79
      81
      78
      81
      74
      72
      71
      71
      54
      62
      60
      72
      63
      60
      56
      56
      77
      58
      68
      65
      60
      70
      73
      62
      62
      72
      84
      62
      51
      57
      56
      59
      57
      67
      69
      59
      68
      68
      74
      61
      64
      56
      69
      75
      54
      70
      60
      59
      60
      66
      66
      66
      57
      49
      65
      59
      60
      57
      45
      63
      76
      71
      94
     106
      96
      71
      74
      65
      59
      52
      61
      60
      49
      40
      42
      53
      42
      54
      61
      53
      51
      49
      54
      50
      49
      46
      59
      48
      56
      56
      39
      43
      52
      49
      63
      58
      61
      34
      60
      55
      55
      61
      45
      57
      52
      52
      62
      45
      41
      42
      39
      36
      32
      40
      48
      66
      54
      48
      61
      48
      58
      52
      46
      47
      40
      47
      48
      47
      48
      45
      56
      31
      43
      45
      52
      44
      31
      49
      51
      54
      35
      42
      42
      50
      28
      52
      44
      52
      34
      56
      57
      51
      39
      56
      39
      31
      41
      45
      41
      32
      46
      40
      36
      47
      47
      37
      44
      50
      48
      47
      45
      52
      40
      49
      30
      41
      35
      41
      45
      42
      39
      33
      38
      39
      42
      33
      29
      34
      43
      40
      27
      39
      42
      42
      43
      44
      39
      43
      24
      43
      38
      32
      38
      41
      43
      49
      37
      33
      36
      30
      39
      43
      39
      50
      35
      37
      50
      46
      37
      31
      50
      46
      31
      31
      37
      34
      41
      38
      33
      30
      32
      43
      31
      40
      37
      50
      31
      22
      46
      32
      37
      37
      23
      25
      42
      38
      40
      35
      46
      40
      30
      44
      34
      43
      43
      49
      70
      81
      85
      88
     129
     100
     111
      81
      74
      54
      37
      44
      30
      36
      35
      33
      35
      26
      37
      30
      37
      32
      31
      31
      34
      39
      29
      30
      44
      30
      39
      29
      37
      19
      39
      45
      35
      28
      22
      33
      25
      32
      32
      28
      39
      37
      27
      39
      40
      29
      27
      25
      32
      39
      23
      24
      34
      31
      35
      33
      36
      35
      41
      29
      22
      34
      40
      27
      30
      31
      36
      32
      40
      34
      38
      45
      35
      28
      31
      30
      35
      36
      39
      19
      31
      32
      29
      31
      29
      26
      27
      20
      26
      21
      31
      29
      32
      23
      20
      28
      31
      32
      31
      20
      33
      29
      30
      31
      29
      28
      21
      29
      43
      22
      32
      32
      28
      28
      27
      29
      42
      27
      31
      30
      33
      37
      27
      34
      21
      27
      27
      21
      33
      30
      20
      26
      34
      35
      35
      32
      28
      39
      37
      28
      32
      36
      36
      29
      28
      31
      22
      35
      27
      26
      24
      26
      37
      20
      23
      18
      26
      22
      34
      34
      27
      26
      23
      19
      35
      57
      61
      66
     106
      86
      92
      63
      64
      40
      33
      34
      28
      32
      32
      22
      30
      22
      36
      23
      21
      24
      33
      19
      28
      26
      28
      24
      26
      16
      27
      25
      29
      24
      19
      26
      22
      25
      21
      30
      24
      18
      23
      34
      32
      36
      28
      34
      19
      27
      20
      23
      20
      23
      23
      32
      22
      22
      23
      25
      16
      29
      34
      56
      89
     143
     105
     110
      77
      53
      37
      33
      20
      20
      32
      26
      20
      29
      25
      29
      20
      26
      24
      23
      26
      30
      30
      24
      21
      26
      25
      29
      33
      25
      37
      21
      29
      25
      25
      21
      31
      19
      22
      26
      16
      18
      24
      23
      20
      26
      20
      23
      19
      24
      18
      20
      24
      18
      28
      27
      18
      22
      16
      21
      22
      15
      21
      22
      17
      24
      21
      16
      34
      19
      28
      22
      28
      14
      26
      26
      16
      19
      27
      19
      17
      32
      21
      33
      24
      22
      20
      26
      18
      22
      22
      17
      26
      26
      22
      19
      23
      27
      24
      15
      19
      15
      25
      27
      19
      16
      24
      18
      21
      24
      25
      19
      21
      15
      25
      25
      21
      17
      18
      17
      25
      25
      31
      42
      32
      30
      29
      28
      22
      25
      20
      15
      25
      27
      33
      30
      22
      20
      22
      24
      18
      17
      20
      22
      23
      21
      18
      24
      21
      26
      24
      22
      13
      30
      13
      22
      28
      16
      19
      18
      27
      29
      16
      22
      15
      25
      21
      21
      19
      15
      24
      24
      24
      19
      21
      23
      24
      24
      23
      23
      17
      26
      25
      32
      23
      26
      25
      21
      24
      26
      17
       9
      24
      20
      17
      21
      12
      22
      18
      23
      21
      24
      30
      18
      20
      17
      23
      21
      19
      14
      21
      19
      16
      23
      22
      28
      34
      48
      71
      53
      72
      46
      40
      27
      17
      25
      27
      15
      18
      24
      20
      23
      21
      23
      26
      25
      19
      26
      21
      17
      23
      19
      22
      16
      17
      19
      26
      22
      23
      13
      21
      17
      13
      26
      17
      20
      18
      20
      20
      27
      19
      19
      26
      10
      21
      15
      20
      19
      20
      26
      22
      17
      18
      25
      24
      38
      34
      35
      37
      21
      27
      21
      14
      14
      13
      20
      17
      22
      19
      14
      19
      18
      17
      11
      20
      15
      20
      17
      16
      17
      18
      18
      18
      21
      23
      16
      19
      20
      18
      14
      23
      20
      17
      15
      17
      20
      18
      15
      18
      18
      20
      19
      29
      15
      19
      26
      11
      22
       8
      10
      16
      20
      16
      17
      12
      16
      14
      21
      17
      15
      21
      24
      32
      10
      22
      17
      17
      18
      20
      20
      13
      23
      12
      23
      17
      13
      19
      13
      11
       9
      15
      17
      31
      22
      37
      45
      59
      72
      52
      43
      28
      31
      18
      20
      19
      20
      19
      18
      14
      13
      19
      17
      17
      12
      25
      17
      16
      14
      14
      19
      13
      18
      28
      15
      18
      19
      29
      22
      20
      21
      19
      11
      23
      16
      20
      16
      17
      18
      15
      19
      16
      17
      16
      16
      15
      20
      15
      23
      15
      17
       8
      10
      15
      23
      16
      15
       9
      17
      12
      20
      17
      26
      20
      19
      25
      18
      34
      19
      17
      19
      23
      11
      17
      12
      13
      14
      14
      14
      12
      12
      11
      15
       9
      11
      18
      15
      20
      20
      13
      13
      17
      11
      17
      18
      15
      14
      22
      11
      15
      16
      17
      15
      18
      27
      18
      21
      27
      22
      17
      19
      16
      18
      16
      13
      14
      11
      17
      16
      15
      12
      19
      13
      19
      17
      14
      16
      14
      14
      10
      17
       6
      13
      17
      12
      19
      14
      21
      21
      16
      16
      16
       6
       7
      10
      15
      15
      18
      17
      18
      17
      18
      10
      12
      17
       9
       7
      21
      14
      15
      21
      23
      18
      18
      17
      11
      15
      13
      16
      20
      16
      13
      17
      12
      13
      12
      16
      18
      16
      15
      20
      15
      21
      20
      10
      10
      11
      19
      12
      20
      23
      38
      48
      53
      55
      52
      38
      31
      21
      21
       8
      18
      19
      22
      14
      19
      16
      15
      17
      20
      11
      12
      19
      12
      11
      13
       8
      26
      28
      25
      20
      18
      22
      17
      14
      14
      13
      19
      23
      17
      13
       9
      16
      16
      13
      15
      11
      12
      10
      20
      25
      30
      48
      52
      37
      53
      26
      27
      16
      14
      16
      12
      14
      11
      10
      16
      14
       8
      14
      15
       9
      12
      15
       9
      17
      11
      15
      12
      17
      11
      15
      16
      10
      12
      14
       9
      19
      16
      15
      17
      11
      16
      19
      12
      16
      15
      13
      20
       9
      13
      16
      17
      10
       8
      13
      17
      11
      19
      18
      10
      18
       9
      14
      17
      13
      16
      17
      15
      14
      13
      11
      12
      18
      25
      13
      18
       9
      20
      18
      16
      19
      19
      14
      22
      12
      13
      19
      15
      16
      14
      16
      21
      14
      21
      34
      37
      59
      67
      70
      38
      36
      24
      19
      20
      16
      10
      13
       9
       9
      15
      14
      19
      18
      13
      13
      11
      15
       7
       9
      15
      13
      13
      12
      14
      10
      13
      18
      15
      11
      15
      16
       9
      16
      14
      11
       9
      15
      16
      14
      15
      12
       8
      10
      11
      14
      11
      17
       6
       7
       6
      17
      13
      17
      14
       7
      13
      14
       9
       6
      16
      14
      10
      16
       9
      10
       9
       8
      10
       8
      13
      11
      12
      17
       9
      11
      18
      15
       7
      13
      12
      11
      12
      10
      13
       8
      14
      20
      13
      18
      14
      16
      12
      11
      12
      13
      11
      11
      14
      14
      10
       5
      15
      13
      13
       9
      22
      23
      21
      10
      10
      12
      10
      14
       9
      13
       6
      13
      18
      10
      18
      17
      18
      18
      33
      19
      10
      18
      22
      32
      24
      28
      36
      46
      37
      27
      20
      21
      12
      15
       8
       8
      18
      10
      15
      14
      14
      11
      10
       7
      19
      11
      14
      14
       9
      20
      13
      12
       9
      16
      10
      12
      13
      17
      16
      20
      11
      16
      16
      15
      11
       8
      11
      21
      17
      14
      13
      13
       8
       9
       6
      14
      18
      10
      10
      10
      10
      14
      10
       8
      11
      10
      12
       9
      14
      11
      11
      10
      16
      11
      12
       5
      10
       8
       6
       5
      13
      12
      11
      22
      13
      14
      13
      12
      15
       7
      13
      11
      13
      13
      10
      18
      12
      13
       9
      20
      10
      13
      11
      12
      10
       9
       7
      12
      13
      12
      11
       9
      13
      14
      12
      18
      13
      15
       8
       4
      16
       9
      15
      10
      15
       7
      16
      12
       9
      13
       8
      12
      10
      14
      13
       9
      10
      19
      10
      19
      12
      14
      17
       5
      13
       7
       9
       9
       4
      14
       7
      11
      12
      16
      12
      11
       7
      19
       7
       6
       9
      10
      15
       7
       8
       5
      15
      13
      10
       8
      14
       9
      11
       6
       9
      11
       9
      11
       9
      14
      10
      13
      17
      10
      12
      12
      10
      13
      14
       9
      12
      15
      12
      14
      14
      10
      15
       9
       6
      13
      18
      13
      14
      11
       7
       9
      10
      13
      18
      11
      15
      16
      15
       5
      18
       5
      11
      12
       9
      15
      14
       9
      18
      11
      14
      18
      12
      15
       9
      22
      12
       6
       9
      13
      11
      11
       9
      10
      11
      11
       9
       9
      11
      19
      14
       9
      13
      12
      11
       9
       7
      14
      15
      15
      12
      12
       9
      12
       7
      11
      13
      11
       9
      14
       9
      18
      14
      10
       8
       5
      12
      13
       7
      15
      10
       5
      13
      14
       8
       7
      15
       6
      11
      10
      15
      10
      13
       5
       7
       9
      10
      15
       6
       7
       7
      11
      12
       7
      16
      15
      12
       8
      10
       7
      10
      14
      14
      11
      13
       9
      13
      16
      14
       6
       8
      13
      12
       8
      10
       7
      12
       7
      12
      12
      10
      12
      13
      16
      19
       9
       4
       8
       9
      16
      10
       8
      11
       7
       6
      13
      10
       9
      11
      24
      27
      11
      11
      24
      25
      26
      21
      17
      17
      13
      12
       9
      17
      23
      32
      33
      36
      37
      17
      19
      14
      10
      11
      12
      11
       6
      11
      15
       8
      12
       9
      15
      19
      17
      11
      16
      11
      16
       8
       6
      13
      10
       9
      14
       9
      13
       9
      16
       5
      12
      14
      12
       6
       8
      15
       6
       7
       7
      11
       6
      11
      18
      12
      13
       8
       7
       6
       6
      12
      13
       8
       9
       8
       7
       7
       7
      15
       5
       8
      18
      10
      11
      11
      12
       9
       8
      14
       8
      10
       8
       7
      10
      12
      14
       9
      15
      13
      13
      20
      20
       6
      10
      18
       9
      10
       6
      10
      11
       9
      10
      11
       9
       8
       9
      15
      12
       6
      14
      10
      10
      16
       5
      15
      12
       8
      13
      11
      11
       9
      15
       3
      16
      15
      11
       7
      18
      21
      29
      36
      31
      32
      24
      27
      23
      13
       9
      11
      10
      14
       9
      11
       9
      11
      13
      11
       6
      14
      10
      14
       9
      16
      12
      12
       8
       8
       9
      11
      11
      12
      10
       9
      13
       7
      10
       9
      11
      14
      14
      14
       6
       7
      11
      12
      11
       5
      10
      11
      14
      10
      11
      14
      13
       9
      16
      20
       4
      12
      13
      12
      15
       9
      13
       7
      10
       8
      12
       7
      16
      12
       9
       8
       9
       8
       9
      12
       6
       9
      10
      15
       8
      10
      11
      12
      11
      10
       9
      13
      17
      11
       8
      12
      11
      10
       8
      12
       6
      10
      15
      11
       4
       5
       6
      12
      13
      14
       7
       8
      13
      17
       8
       7
      14
      15
      15
      14
      11
      10
      15
      15
      14
      12
      11
      11
      10
      14
      10
      12
      15
      12
      11
       9
      15
       9
      12
      12
      10
      14
      16
      10
       9
      14
      22
       8
      15
      13
      13
      14
      12
      22
      10
      26
      20
      14
      15
      22
       8
       9
       9
       9
       6
      13
      11
       9
      11
      16
      12
      10
       3
       9
      15
      18
      14
       8
       5
       7
      13
      10
       9
      10
       7
       7
       7
       9
       8
       9
       5
       9
       5
       7
       9
       5
       7
       9
      10
      10
      13
       1
      10
      14
       7
       6
       8
       7
       7
       8
       6
      11
       7
       9
       8
      10
       4
       4
       4
      14
       6
       7
       7
      12
       7
       7
       5
       6
       8
       9
       7
       9
      10
       8
       5
      11
       6
       8
       9
       5
      12
       7
      10
       9
       5
       7
       5
       5
       3
      11
      13
       8
       8
       9
       7
       5
       9
       7
       9
       5
       5
       7
       8
       3
       7
       7
       6
      11
       5
      10
       7
       9
       8
       9
       7
       6
      11
       7
      10
       5
       6
       7
       8
       8
       8
       8
       6
      13
       3
       9
       4
       5
       3
       5
       6
      10
       7
      16
       4
       2
       7
       4
       4
       9
       7
       7
       7
       9
       4
       7
       6
       5
      11
       6
      10
       6
       7
       3
       6
       7
      11
       6
       6
       6
       3
       7
       7
       1
       2
       3
      10
       4
       4
       4
       7
       7
       3
       5
       6
       6
       2
       5
       4
       7
       7
       4
       5
       5
       7
       6
       8
       2
       5
       9
       3
       6
       6
       5
       7
       7
       3
       7
       6
       6
       4
       8
       8
       6
       2
       7
       8
      12
      18
      13
      16
      27
      27
      23
      14
      15
       8
       7
       8
       5
       3
       3
       5
       9
       6
       3
       5
       6
       5
       5
       1
       6
       6
       3
       3
       4
       4
       6
       3
       2
       7
      10
       5
       6
       7
       4
       4
       2
       7
       5
       8
       6
       5
       4
       4
       6
       5
       5
       3
       4
       9
       5
       3
       8
       4
       6
       2
       6
       3
       5
       5
       8
       4
       4
       7
       7
       8
       8
       6
       7
       8
      17
      18
      18
       8
       6
       5
       3
       7
       3
       3
       4
       3
       3
       5
       6
       7
       5
       6
       4
       9
       9
       3
       5
       5
       5
       7
       4
       4
       5
       7
       3
       7
       5
       1
       6
      13
       6
       8
      11
       9
       6
       3
       5
       3
       4
       6
       2
       6
       3
       6
       4
       3
       8
       5
       6
       4
       4
       3
       3
       5
       3
       4
       3
       6
       7
       6
       2
       3
       3
       1
       4
       5
       3
       3
       5
       4
       4
       4
       3
       7
       4
       4
       5
       4
       6
       5
       2
       5
       5
       4
       3
       6
       6
       7
       4
       4
       2
       1
       4
       3
       3
       2
       7
       7
       6
       4
       9
       9
       8
       5
       4
       2
       3
       3
       4
       4
       5
       4
       3
       4
       1
       1
       5
       3
       1
       1
       1
       5
       5
       2
       1
       4
       2
       6
       4
       6
       3
       1
       2
       3
       4
       2
       4
       2
       2
       5
       1
       1
       4
       1
       5
       3
       3
       3
       2
       1
       4
       3
       2
       3
       4
       6
       1
       6
       5
       8
       7
       2
       2
       4
       4
       2
       5
       4
       2
       4
       3
       4
       2
       5
       1
       5
       3
       2
       3
       4
       3
       2
       2
       6
       5
       2
       3
       6
       5
       6
       5
       2
       5
       1
       5
       3
       2
       5
       4
       2
       4
       4
       6
       5
       3
       6
       4
       2
       5
       4
       3
       4
       5
       4
       3
       7
       7
      11
      30
      67
      71
     162
     161
     201
     223
     203
     162
     105
      53
      28
       7
       5
       4
       1
       1
       6
       2
       1
       2
       2
       2
       4
       5
       0
       0
       4
       5
       3
       2
       3
       0
       2
       0
       2
       3
       0
       7
       3
       1
       3
       3
       4
       5
       0
       3
       4
       1
       3
       2
       2
       0
       0
       1
       3
       1
       2
       2
       1
       3
       1
       3
       6
       1
       1
       3
       1
       2
       1
       8
       4
       2
       2
       5
       7
       2
       4
       1
       3
       4
       7
       2
       4
       4
       2
       4
       5
       5
       2
       1
       5
       5
       2
       6
       2
       2
       4
       1
       1
       5
       4
       7
       2
       5
       2
       1
       5
       0
       5
       1
       2
       1
       4
       2
       5
       5
       2
       6
       5
       4
       3
      10
       3
       1
       0
       3
       1
       6
       3
       4
       2
       4
       3
       1
       4
       0
       5
       2
       2
       4
       1
       9
       5
       5
       1
       4
       1
       3
       5
       4
       3
       2
       2
       2
       1
       1
       1
       4
       4
       2
       2
       3
       4
       0
       4
       7
       3
       7
       2
       2
       3
       0
       0
       5
       3
       4
       2
       2
       5
       1
       1
       2
       2
       5
       4
       5
       3
       2
       2
       1
       1
       2
       3
       1
       2
       2
       1
       5
       1
       0
       0
       0
       0
       1
       0
       1
       2
       1
       1
       6
       4
       2
       1
       1
       1
       2
       1
       2
       4
       4
       3
       2
       2
       3
       3
       4
       3
       0
       3
       1
       6
       1
       1
       0
       1
       2
       3
       3
       3
       2
       5
       2
       3
       2
       0
       1
       2
       1
       5
       3
       3
       2
       2
       3
       3
       4
       5
       2
       3
       2
       4
       1
       4
       1
       1
       2
       5
       1
       3
       3
       2
       0
       2
       1
       3
       1
       1
       1
       0
       1
       7
       4
       2
       4
       3
       2
       0
       0
       2
       5
       1
       2
       2
       1
       3
       4
       2
       0
       4
       5
       6
       5
       9
       4
       3
       4
       5
       6
       9
      10
      12
       8
      17
      10
      10
       7
       4
       5
       2
       2
       5
       3
       2
       2
       3
       1
       1
       2
       4
       1
       3
       7
       3
       2
       2
       1
       2
       1
       1
       0
       1
       0
       3
       3
       6
       2
       3
       1
       0
       2
       1
       0
       3
       1
       1
       1
       0
       1
       2
       2
       4
       1
       2
       0
       3
       3
       1
       4
       3
       2
       1
       1
       1
       1
       2
       2
       7
       5
       6
       2
       5
       2
       2
       2
       7
       3
       1
       0
       4
       3
       0
       0
       3
       3
       0
       1
       1
       4
       4
       2
       2
       4
       1
       6
       2
       3
       3
       3
       2
       0
       0
       2
       0
       4
       0
       2
       2
       2
       4
       1
       4
       2
       5
       3
       2
       1
       2
       4
       0
       2
       2
       0
       1
       0
       1
       1
       0
       1
       1
       2
       0
       2
       1
       1
       0
       4
       2
       4
       0
       1
       2
       2
       0
       1
       1
       2
       0
       2
       0
       2
       1
       1
       0
       2
       0
       0
       2
       3
       2
       3
       3
       3
       3
       2
       1
       3
       4
       4
       4
       2
       0
       1
       4
       0
       2
       2
       3
       1
       3
       2
       1
       3
       2
       4
       2
       2
       1
       0
       2
       2
       2
       1
       1
       2
       2
       0
       3
       7
       0
       1
       0
       0
       2
       3
       0
       2
       1
       2
       3
       2
       0
       2
       1
       1
       2
       3
       1
       3
       2
       1
       0
       2
       2
       1
       2
       1
       1
       0
       0
       3
       2
       1
       1
       5
       0
       1
       4
       0
       5
       5
       2
       2
       0
       2
       1
       0
       4
       1
       1
       5
       2
       0
       2
       2
       0
       2
       4
       2
       3
       1
       2
       1
       3
       0
       1
       1
       2
       0
       0
       2
       1
       2
       3
       2
       1
       2
       2
       1
       2
       2
       1
       0
       1
       1
       0
       0
       1
       1
       3
       0
       1
       3
       2
       1
       0
       3
       2
       3
       2
       1
       0
       3
       1
       0
       2
       1
       2
       2
       5
       1
       0
       1
       2
       0
       4
       2
       2
       0
       3
       3
       4
       6
       6
       2
       2
       2
       1
       2
       3
       2
       3
       1
       1
       0
       1
       1
       0
       0
       1
       1
       2
       4
       0
       0
       2
       2
       2
       0
       1
       0
       0
       1
       1
       1
       1
       2
       1
       1
       3
       1
       1
       0
       1
       2
       3
       0
       2
       2
       2
       3
       1
       0
       0
       1
       2
       1
       0
       0
       2
       3
       2
       2
       4
       2
       1
       1
       4
       3
       1
       1
       1
       4
       1
       1
       3
       3
       2
       3
       8
       6
      12
      14
      16
      16
      21
      16
       7
       7
       7
       2
       5
       0
       0
       1
       1
       3
       0
       1
       0
       2
       2
       4
       1
       2
       1
       3
       1
       1
       0
       1
       1
       2
       0
       1
       0
       3
       2
       2
       1
       0
       0
       0
       0
       0
       1
       4
       2
       1
       1
       1
       3
       2
       0
       2
       3
       1
       2
       2
       0
       0
       2
       0
       3
       1
       1
       2
       1
       1
       0
       1
       2
       0
       3
       1
       2
       0
       1
       2
       4
       2
       1
       2
       1
       2
       2
       1
       0
       1
       1
       1
       1
       1
       1
       3
       1
       0
       0
       1
       2
       1
       1
       2
       1
       1
       2
       1
       0
       1
       2
       1
       1
       2
       0
       0
       1
       1
       2
       3
       4
       2
       1
       3
       2
       2
       1
       1
       0
       2
       1
       3
       1
       0
       0
       1
       0
       1
       1
       3
       0
       1
       1
       2
       0
       1
       0
       0
       2
       0
       1
       3
       1
       1
       2
       2
       2
       0
       1
       0
       1
       1
       1
       2
       1
       2
       3
       2
       0
       1
       5
       1
       2
       3
       2
       5
       3
       2
       1
       2
       1
       3
       4
       0
       3
       2
       1
       2
       3
       2
       3
       0
       0
       1
       3
       6
       6
       2
       4
       2
       3
       1
       3
       1
       0
       0
       1
       0
       1
       1
       0
       3
       4
       4
       2
       3
       2
       1
       2
       1
       0
       4
       1
       1
       3
       1
       1
       1
       1
       0
       4
       0
       1
       0
       1
       0
       2
       1
       2
       2
       1
       1
       1
       0
       1
       2
       1
       2
       1
       1
       1
       3
       2
       3
       1
       1
       2
       2
       2
       0
       1
       1
       1
       2
       0
       0
       1
       3
       1
       1
       2
       0
       0
       2
       2
       0
       0
       1
       3
       0
       1
       1
       1
       3
       0
       2
       0
       2
       1
       2
       0
       3
       1
       1
       1
       1
       0
       1
       3
       6
       3
       1
       2
       0
       3
       1
       1
       2
       2
       1
       0
       2
       1
       0
       2
       1
       0
       2
       3
       2
       4
       1
       1
       0
       2
       2
       1
       3
       2
       0
       2
       1
       3
       1
       4
       1
       2
       3
       0
       4
       0
       0
       3
       2
       2
       1
       1
       1
       0
       0
       3
       2
       1
       2
       3
       1
       2
       0
       1
       0
       0
       1
       0
       2
       2
       2
       0
       1
       2
       0
       4
       2
       1
       1
       2
       3
       0
       0
       3
       2
       1
       0
       2
       2
       1
       5
       2
       0
       0
       2
       2
       4
       2
       2
       2
       0
       1
       2
       1
       0
       2
       1
       1
       0
       0
       1
       2
       2
       1
       3
       0
       1
       2
       2
       0
       1
       0
       3
       1
       0
       1
       1
       1
       0
       1
       1
       0
       1
       3
       0
       1
       1
       2
       1
       1
       3
       2
       0
       0
       1
       1
       3
       2
       1
       0
       2
       1
       3
       1
       0
       0
       4
       0
       2
       2
       0
       2
       1
       4
       0
       0
       2
       1
       4
       1
       1
       0
       2
       1
       1
       1
       1
       0
       1
       1
       2
       0
       3
       0
       1
       2
       3
       1
       1
       2
       1
       3
       2
       0
       1
       1
       2
       2
       2
       0
       2
       2
       0
       2
       0
       1
       3
       2
       0
       0
       3
       2
       0
       0
       2
       0
       1
       0
       2
       0
       0
       0
       0
       2
       0
       2
       4
       2
       1
       3
       3
       2
       2
       0
       0
       0
       1
       0
       1
       1
       0
       0
       4
       0
       1
       0
       1
       1
       1
       2
       1
       1
       0
       1
       0
       0
       3
       3
       2
       0
       1
       2
       1
       1
       0
       1
       0
       0
       1
       4
       1
       1
       0
       1
       0
       1
       2
       0
       1
       0
       2
       1
       0
       0
       2
       0
       0
       2
       1
       1
       0
       0
       1
       2
       1
       0
       1
       3
       2
       2
       0
       4
       3
       1
       0
       0
       2
       0
       0
       1
       2
       1
       3
       1
       0
       2
       0
       0
       3
       0
       0
       0
       1
       1
       0
       0
       1
       0
       0
       1
       2
       1
       2
       3
       1
       1
       1
       3
       1
       2
       1
       0
       0
       1
       1
       2
       1
       0
       1
       1
       1
       0
       1
       0
       2
       4
       1
       2
       1
       3
       0
       0
       0
       0
       3
       2
       3
       2
       0
       2
       1
       1
       2
       0
       1
       0
       1
       1
       3
       2
       2
       1
       0
       2
       0
       1
       0
       5
       2
       1
       2
       0
       2
       0
       1
       4
       2
       0
       2
       4
       0
       0
       0
       1
       2
       1
       2
       1
       2
       1
       0
       1
       2
       0
       0
       1
       0
       2
       1
       0
       0
       2
       0
       2
       1
       2
       1
       0
       0
       0
       0
       0
       1
       2
       1
       3
       1
       0
       3
       0
       0
       0
       1
       1
       2
       1
       1
       4
       1
       2
       1
       1
       0
       0
       2
       1
       4
       4
       1
       1
       0
       1
       0
       1
       1
       2
       0
       2
       1
       1
       2
       0
       1
       0
       2
       1
       1
       2
       0
       2
       0
       0
       1
       1
       2
       1
       5
       0
       0
       2
       0
       1
       1
       4
       2
       5
       1
       4
       8
       8
       2
      10
       5
       3
       2
       2
       1
       2
       1
       1
       4
       0
       1
       0
       2
       1
       2
       4
       2
       0
       2
       1
       1
       1
       0
       2
       0
       0
       1
       3
       0
       1
       1
       3
       0
       0
       0
       2
       4
       1
       1
       2
       1
       3
       2
       0
       2
       0
       2
       3
       0
       2
       2
       0
       0
       1
       0
       1
       2
       0
       0
       0
       4
       1
       2
       0
       0
       0
       1
       0
       1
       1
       0
       2
       2
       4
       2
       1
       2
       1
       0
       3
       1
       2
       0
       0
       3
       2
       2
       0
       0
       0
       2
       0
       0
       2
       3
       1
       3
       1
       0
       3
       2
       1
       1
       0
       1
       1
       1
       1
       1
       1
       2
       3
       1
       2
       2
       1
       1
       0
       1
       3
       1
       1
       4
       1
       0
       1
       1
       2
       1
       3
       2
       1
       3
       3
       1
       1
       1
       2
       1
       1
       2
       0
       1
       1
       0
       2
       3
       3
       2
       2
       2
       1
       1
       1
       1
       0
       2
       1
       3
       1
       2
       2
       1
       0
       2
       1
       0
       1
       0
       2
       3
       1
       4
       2
       2
       0
       3
       2
       3
       1
       2
       2
       3
       0
       1
       1
       2
       2
       1
       1
       2
       1
       0
       1
       3
       1
       2
       2
       0
       0
       1
       0
       0
       1
       0
       3
       2
       5
       0
       1
       1
       1
       0
       2
       1
       0
       0
       4
       0
       1
       0
       2
       2
       1
       0
       2
       0
       3
       2
       4
       9
       1
       9
       4
       7
       0
       3
       1
       2
       0
       1
       1
       0
       1
       1
       0
       2
       1
       0
       2
       1
       3
       1
       0
       1
       1
       0
       2
       1
       1
       2
       5
       0
       1
       3
       1
       1
       0
       0
       3
       0
       2
       2
       3
       0
       2
       1
       1
       0
       1
       1
       6
       2
       0
       1
       1
       1
       0
       3
       2
       1
       0
       0
       0
       1
       1
       0
       1
       0
       1
       3
       1
       0
       0
       1
       1
       1
       1
       3
       1
       3
       0
       2
       0
       0
       0
       2
       0
       0
       0
       3
       1
       1
       0
       0
       2
       4
       2
       1
       2
       1
       5
       1
       3
       0
       0
       0
       0
       2
       2
       1
       0
       1
       2
       0
       2
       0
       3
       0
       0
       2
       0
       0
       0
       4
       0
       1
       0
       0
       1
       2
       1
       1
       0
       0
       2
       3
       2
       1
       1
       0
       0
       1
       1
       0
       0
       3
       1
       2
       4
       3
       1
       0
       1
       3
       1
       3
       0
       3
       1
       2
       1
       0
       1
       1
       2
       0
       1
       2
       2
       4
       3
       1
       2
       0
       1
       2
       2
       3
       1
       0
       1
       0
       1
       1
       2
       0
       1
       0
       2
       2
       1
       0
       2
       2
       1
       2
       1
       1
       1
       0
       1
       0
       0
       2
       1
       2
       2
       1
       1
       1
       2
       0
       1
       2
       0
       2
       1
       0
       1
       1
       2
       2
       1
       1
       4
       2
       0
       1
       1
       1
       2
       0
       1
       0
       0
       3
       1
       0
       2
       2
       4
       3
       1
       1
       1
       1
       1
       4
       2
       2
       1
       2
       0
       1
       0
       1
       0
       2
       2
       3
       2
       2
       1
       3
       0
       1
       0
       0
       1
       5
       0
       1
       2
       1
       0
       1
       2
       1
       2
       0
       1
       1
       1
       1
       1
       0
       2
       2
       0
       4
       4
       1
       2
       2
       1
       0
       3
       2
       0
       0
       0
       2
       1
       1
       1
       2
       1
       1
       1
       1
       1
       0
       0
       0
       3
       0
       1
       2
       0
       2
       2
       2
       1
       1
       0
       0
       0
       0
       3
       1
       2
       2
       4
       0
       1
       3
       2
       0
       1
       1
       1
       1
       1
       4
       0
       3
       0
       3
       1
       0
       0
       0
       3
       1
       2
       0
       1
       3
       3
       0
       1
       2
       3
       1
       2
       1
       0
       1
       1
       1
       0
       1
       2
       1
       3
       0
       1
       3
       0
       0
       1
       5
       1
       4
       1
       3
       1
       1
       1
       3
       0
       2
       1
       1
       4
       0
       1
       2
       1
       1
       0
       4
       1
       2
       1
       1
       3
       0
       1
       1
       1
       2
       2
       0
       1
       2
       0
       3
       0
       0
       3
       0
       2
       1
       2
       2
       2
       0
       1
       3
       0
       0
       1
       0
       1
       0
       2
       1
       0
       1
       0
       1
       1
       0
       2
       1
       0
       2
       0
       2
       2
       1
       0
       0
       0
       1
       0
       0
       0
       1
       0
       0
       1
       1
       1
       0
       0
       0
       0
       3
       2
       1
       1
       2
       1
       2
       1
       1
       1
       1
       0
       1
       4
       0
       2
       2
       1
       0
       1
       0
       0
       2
       0
       2
       1
       0
       0
       3
       3
       0
       0
       0
       1
       0
       0
       0
       0
       0
       1
       1
       2
       1
       1
       1
       0
       3
       0
       2
       0
       2
       1
       0
       0
       1
       0
       1
       1
       1
       0
       0
       0
       2
       0
       0
       1
       2
       0
       0
       0
       0
       2
       0
       0
       0
       0
       1
       2
       3
       1
       0
       2
       0
       0
       0
       0
       0
       0
       1
       1
       2
       0
       1
       1
       0
       1
       4
       0
       2
       4
       3
       0
       0
       2
       1
       1
       2
       0
       1
       1
       0
       2
       2
       1
       0
       2
       1
       0
       2
       2
       0
       1
       1
       1
       1
       0
       0
       0
       2
       0
       0
       0
       4
       2
       2
       0
       0
       0
       3
       0
       0
       3
       1
       0
       1
       1
       1
       1
       0
       0
       0
       0
       2
       1
       1
       1
       0
       1
       0
       0
       1
       0
       0
       1
       0
       0
       1
       0
       1
       0
       0
       2
       0
       0
       0
       1
       1
       1
       0
       2
       3
       0
       2
       0
       0
       1
       2
       1
       1
       0
       2
       0
       2
       0
       0
       0
       1
       0
       0
       0
       0
       0
       2
       0
       1
       0
       0
       2
       0
       1
       0
       1
       0
       2
       1
       1
       0
       1
       0
       0
       1
       2
       0
       0
       0
       0
       0
       0
       2
       1
       0
       0
       0
       1
       1
       1
       0
       0
       1
       1
       0
       0
       0
       0
       0
       0
       1
       0
       0
       0
       1
       0
       0
       0
       0
       1
       0
       0
       0
       0
       0
       0
       1
       0
       1
       0
       2
       2
       0
       0
       0
       0
       0
       0
       0
       0
       0
       1
       2
       0
       0
       0
       1
       1
       0
       0
       0
       0
       0
       1
       0
       0
       0
       0
       0
       0
       0
       0
       0
       0
       0
       0
       0
       0
       0
       0
       0
       0
       0
       0
       1
       0
       0
       1
       0
       0
       0
       0
       0
       0
       1
       0
       0
       0
       0
       0
       0
       0
       0
       0
       0
       1
       1
       0
       0
       1
       0
       1
       0
       1
       2
       0
       0
       0
       0
       0
       0
       0
       0
       0
       0
       0
       0
       0
       0
       0
       0
       1
       0
       0
       0
       0
       0
       0
       0
       0
       1
       0
       0
       0
       0
       1
       1
       0
       1
       1
       0
       0
       0
       1
       0
       0
       0
       1
       0
       0
       0
       0
       0
       0
       0
       0
       0
       0
       0
       0
       1
       0
       1
       1
       0
       0
       0
       0
       0
       0
       0
       0
       0
       0
       0
       1
       0
       0
       0
       0
       0
       1
       0
       0
       1
       1
       0
       0
       0
       0
       0
       0
       0
       0
       2
       0
       0
       0
       0
       0
       0
       0
       0
       0
       0
       1
       0
       0
       0
       0
       0
       0
       0
       0
       0
       0
       2
       0
       0
       0
       0
       0
       0
       0
       0
       0
       0
       0
       0
       0
       0
       1
       0
       0
       0
       0
       0
       0
       0
       1
       1
       1
       1
       0
       1
       3
       2
       5
      12
      14
      16
      22
      26
      36
      55
      38
      30
      18
      10
       2
       2
       2
       0
       1
       0
       1
       0
       0
       0
       0
       0
       0
       0
       0
       0
       0
       1
       0
       0
       1
       0
       0
       0
       0
       0
       0
       0
       0
       0
       0
       0
       0
       1
       2
       1
       0
       0
       0
       0
       1
       0
       1
       0
       0
       0
       0
       0
       0
       0
       0
       0
       0
       0
       0
       0
       0
       0
       0
       0
       0
       0
       0
       1
       0
       0
       0
       0
       0
       0
       0
       1
       0
       0
       0
       1
       0
       1
       0
       0
       0
       0
       0
       0
       0
       0
       0
       0
       0
       0
       0
       0
       0
       0
       0
       0
       0
       0
       0
       0
       0
       1
       0
       0
       0
       1
       0
       0
       0
       0
       0
       1
       0
       0
       0
       0
       0
       0
       0
       0
       0
       0
       0
       0
       0
       0
       0
       0
       0
       0
       0
       0
       0
       0
       0
       0
       0
       0
       0
       0
       0
       1
       0
       0
       0
       0
       0
       0
       0
       0
       0
       0
       0
       0
       0
       0
       0
       0
       0
       0
       0
       0
       0
       0
       0
       0
       0
       0
       0
       0
       0
       0
       0
       0
       0
       0
       0
       0
       0
       0
       1
       0
       0
       0
       0
       0
       0
       0
       0
       0
       0
       0
       0
       1
       0
       0
       0
       0
       0
       0
       0
       1
       0
       0
       1
       0
       0
       0
       0
       0
       0
       1
       0
       0
       0
       0
       0
       0
       0
       1
       1
       0
       0
       0
       0
       0
       0
       0
       0
       0
       0
       0
       0
       0
       0
       0
       0
       0
       0
       1
       0
       0
       0
       0
       0
       0
       0
       0
       0
       0
       0
       0
       0
       0
       1
       0
       0
       0
       0
       0
       0
       0
       0
       0
       0
       0
       1
       0
       0
       0
       0
       0
       0
       0
       0
       0
       0
       0
       0
       0
       0
       0
       1
       1
       0
       0
       0
       0
       0
       0
       0
       0
       0
       0
       1
       0
       0
       0
       0
       0
       0
       0
       0
       0
       0
       0
       0
       0
       0
       0
       0
       1
       0
       1
       0
       0
       0
       0
       0
       0
       0
       1
       1
       0
       0
       0
       0
       0
       0
       0
       0
       0
       0
       0
       0
       0
       0
       1
       0
       0
       0
       0
       1
       0
       0
       0
       0
       0
       1
       0
       0
       0
       0
       0
       0
       0
       1
       0
       0
       0
       0
       1
       0
       0
       0
       0
       0
       0
       0
       0
       0
       0
       0
       0
       0
       0
       0
       0
       0
       0
       1
       0
       0
       0
       0
       0
       0
       0
       0
       0
       0
       0
       0
       0
       0
       0
       0
       0
       0
       0
       0
       0
       1
       0
       0
       0
       0
       0
       1
       0
       0
       0
       0
       1
       0
       1
       0
       0
       0
       0
       0
       0
       1
       0
       0
       0
       0
       0
       0
       0
       0
       0
       0
       0
       0
       1
       0
       0
       0
       0
       0
       0
       0
       0
       0
       0
       1
       0
       0
       0
       0
       0
       0
       0
       0
       0
       0
       0
       0
       0
       0
       0
       0
       0
       0
       0
       0
       0
       0
       0
       0
       0
       0
       0
       0
       0
       1
       0
       0
       0
       0
       0
       0
       0
       0
       0
       0
       0
       0
       0
       0
       0
       0
       0
       0
       0
       0
       0
       0
       0
       0
       0
       0
       0
       0
       0
       0
       0
       0
       0
       0
       0
       0
       0
       0
       0
       0
       0
       0
       0
       0
       0
       0
       0
       1
       0
       0
       0
       0
       1
       0
       0
       0
       0
       0
       0
       0
       0
       0
       0
       0
       0
       0
       0
       1
       0
       0
       0
       0
       0
       0
       0
       0
       0
       0
       0
       0
       0
       0
       0
       0
       0
       0
       1
       0
       0
       0
       0
       0
       0
       0
       0
       0
       0
       0
       0
       0
       0
       0
       0
       0
       0
       0
       0
       0
       0
       0
       1
       0
       1
       0
       0
       0
       0
       0
       0
       0
       0
       0
       0
       0
       0
       0
       0
       0
       0
       0
       1
       0
       0
       0
       0
       0
       0
       0
       0
       0
       0
       0
       1
       0
       0
       0
       1
       0
       0
       0
       0
       0
       0
       0
       0
       0
       0
       0
       1
       0
       0
       0
       0
       0
       0
       0
       0
       0
       0
       0
       0
       0
       1
       0
       0
       1
       1
       0
       0
       0
       0
       0
       0
       0
       0
       0
       0
       0
       0
       1
       0
       0
       0
       0
       1
       0
       0
       0
       0
       0
       0
       0
       0
       0
       0
       0
       1
       0
       0
       0
       0
       0
       0
       0
       0
       1
       0
       0
       0
       0
       0
       0
       0
       0
       0
       0
       0
       0
       0
       0
       0
       0
       0
       0
       0
       0
       0
       0
       0
       0
       0
       0
       0
       0
       0
       1
       0
       0
       0
       0
       0
       1
       0
       0
       0
       0
       0
       1
       0
       0
       0
       0
       0
       0
       0
       0
       0
       0
       0
       0
       0
       0
       0
       0
       0
       0
       0
       0
       0
       0
       0
       0
       0
       0
       0
       0
       0
       0
       0
       0
       0
       0
       0
       0
       0
       0
       0
       0
       0
       0
       0
       0
       0
       0
       0
       0
       0
       0
       0
       1
       0
       0
       0
       0
       0
       0
       0
       0
       0
       0
       0
       0
       0
       0
       0
       0
       0
       0
       0
       0
       0
       0
       0
       0
       0
       0
       0
       0
       0
       0
       0
       0
       0
       0
       0
       0
       0
       0
       0
       0
       0
       0
       0
       0
       0
       0
       0
       0
       0
       0
       0
       0
       0
       0
       0
       0
       0
       0
       0
       0
       0
       0
       0
       0
       0
       0
       0
       0
       0
       0
       0
       0
       1
       0
       0
       0
       0
       0
       0
       0
       0
       0
       0
       0
       0
       0
       0
       0
       0
       0
       0
       0
       0
       0
       0
       0
       0
       0
       0
       0
       0
       0
       0
       0
       0
       0
       1
       0
       0
       0
       0
       0
       0
       0
       0
       0
       0
       0
       0
       0
       0
       0
       0
       0
       0
       2
       1
       0
       0
       0
       0
       1
       0
       0
       0
       0
       0
       0
       0
       0
       1
       0
       0
       0
       0
       0
       0
       0
       0
       0
       0
       0
       0
       0
       0
       0
       0
       0
       0
       0
       0
       0
       0
       0
       0
       0
       0
       0
       0
       0
       0
       0
       0
       0
       0
       0
       0
       0
       0
       0
       0
       0
       0
       0
       0
       0
       0
       0
       0
       0
       0
       0
       0
       1
       0
       0
       0
       0
       0
       0
       0
       0
       0
       0
       1
       0
       0
       0
       0
       0
       0
       0
       1
       0
       0
       0
       0
       0
       0
       0
       0
       0
       0
       0
       0
       0
       0
       0
       0
       0
       0
       0
       0
       0
       0
       0
       0
       0
       0
       0
       0
       0
       0
       0
       0
       0
       0
       0
       0
       0
       0
       0
       0
       0
       0
       0
       0
       0
       0
       0
       0
       0
       0
       0
       0
       0
       0
       0
       0
       0
       1
       0
       0
       0
       0
       0
       0
       0
       0
       0
       0
       0
       0
       0
       0
       0
       1
       1
       0
       0
       0
       0
       0
       0
       0
       0
       0
       0
       0
       0
       0
       0
       0
       0
       0
       0
       1
       0
       1
       0
       0
       0
       1
       0
       0
       0
       0
       0
       0
       0
       0
       0
       0
       0
       0
       0
       1
       0
       0
       0
       0
       0
       0
       0
       0
       0
       0
       0
       1
       0
       0
       0
       0
       0
       0
       0
       0
       0
       0
       0
       0
       0
       0
       0
       0
       0
       0
       0
       0
       0
       0
       0
       0
       0
       0
       0
       0
       0
       0
       0
       0
       0
       0
       1
       0
       0
       0
       0
       0
       0
       0
       0
       0
       0
       0
       0
       0
       0
       0
       0
       0
       0
       0
       0
       0
       0
       1
       0
       0
       0
       0
       0
       1
       0
       0
       0
       0
       0
       0
       1
       0
       0
       1
       0
       0
       0
       0
       0
       0
       0
       0
       0
       0
       0
       0
       0
       0
       0
       0
       0
       0
       0
       0
       0
       0
       0
       0
       0
       0
       0
       0
       0
       0
       0
       0
       0
       0
       0
       0
       0
       0
       0
       0
       0
       0
       0
       0
       0
       0
       0
       0
       0
       0
       0
       0
       0
       0
       0
       0
       0
       0
       0
       0
       0
       0
       0
       0
       0
       0
       0
       0
       0
       0
       0
       0
       0
       0
       1
       0
       0
       0
       0
       0
       0
       0
       0
       0
       0
       0
       0
       0
       0
       0
       0
       0
       0
       0
       1
       1
       0
       0
       0
       0
       0
       0
       0
       0
       0
       0
       0
       0
       0
       0
       0
       1
       0
       0
       0
       0
       0
       0
       0
       0
       0
       0
       0
       0
       0
       0
       0
       0
       0
       0
       0
       0
       0
       0
       0
       0
       0
       0
       0
       0
       0
       0
       0
       0
       0
       0
       0
       0
       0
       0
       0
       0
       0
       0
       0
       0
       0
       0
       0
       0
       0
       0
       0
       0
       0
       0
       0
       0
       0
       0
       0
       0
       0
       0
       0
       0
       0
       0
       0
       0
       0
       0
       0
       0
       0
       0
       0
       0
       0
       0
       0
       0
       0
       0
       0
       1
       0
       0
       0
       0
       0
       0
       0
       0
       0
       0
       0
       0
       0
       0
       0
       0
       0
       0
       0
       0
       0
       0
       0
       0
       0
       0
       0
       0
       0
       0
       0
       1
       0
       0
       0
       0
       0
       0
       0
       0
       0
       0
       0
       0
       0
       0
       0
       0
       0
       0
       0
       0
       0
       0
       0
       0
       0
       0
       0
       0
       0
       0
       0
       0
       0
       0
       0
       0
       1
       0
       0
       0
       0
       0
       0
       0
       0
       0
       0
       0
       0
       0
       0
       0
       0
       0
       1
       0
       1
       0
       0
       0
       0
       0
       0
       0
       0
       0
       0
       0
       0
       0
       0
       0
       0
       0
       0
       0
       0
       0
       0
       0
       0
       0
       0
       0
       0
       1
       1
       1
       0
       0
       0
       0
       0
       0
       0
       0
       0
       0
       0
       0
       0
       0
       0
       0
       0
       0
       0
       0
       0
       0
       0
       0
       0
       0
       0
       0
       0
       0
       1
       0
       0
       0
       0
       0
       0
       0
       0
       0
       0
       0
       0
       0
       0
       0
       0
       0
       0
       0
       0
       0
       0
       0
       0
       0
       0
       0
       0
       0
       0
       0
       0
       0
       0
       0
       0
       0
       0
       0
       0
       0
       0
       0
       0
       0
       0
       0
       0
       0
       0
       0
       0
       0
       0
       0
       0
       0
       0
       0
       1
       0
       0
       0
       0
       0
       0
       1
       0
       0
       0
       0
       0
       0
       0
       0
       0
       0
       0
       0
       0
       0
       0
       0
       0
       0
       0
       0
       0
       0
       0
       0
       0
       0
       0
       0
       1
       0
       0
       0
       0
       0
       0
       0
       0
       0
       0
       0
       0
       0
       0
       0
       0
       0
       0
       0
       0
       0
       0
       0
       0
       0
       1
       0
       0
       1
       0
       0
       0
       0
       0
       0
       0
       0
       0
       0
       0
       0
       0
       0
       0
       0
       0
       0
       0
       0
       0
       0
       0
       0
       0
       0
       0
       1
       1
       0
       0
       0
       0
       0
       0
       0
       0
       0
       0
       0
       0
       0
       0
       0
       0
       0
       0
       0
       0
       0
       0
       0
       0
       0
       0
       0
       0
       0
       0
       0
       0
       0
       0
       0
       0
       0
       0
       0
       0
       0
       0
       0
       0
       0
       0
       0
       0
       0
       0
       0
       0
       0
       0
       1
       0
       0
       0
       0
       0
       0
       0
       0
       0
       1
       0
       0
       0
       0
       0
       0
       0
       0
       0
       0
       0
       0
       0
       0
       0
       0
       0
       1
       0
       0
       0
       0
       0
       0
       0
       0
       0
       0
       0
       0
       0
       0
       0
       0
       0
       0
       0
       1
       0
       0
       0
       0
       1
       0
       0
       0
       0
       0
       0
       0
       0
       0
       0
       0
       0
       0
       0
       0
       0
       0
       0
       0
       0
       0
       0
       0
       0
       0
       0
       0
       0
       0
       0
       0
       0
       0
       0
       0
       0
       1
       0
       0
       0
       0
       0
       0
       0
       0
       0
       0
       0
       1
       0
       0
       0
       0
       0
       0
       0
       0
       0
       0
       0
       0
       1
       0
       0
       0
       0
       0
       0
       0
       0
       0
       0
       0
       0
       0
       0
       0
       0
       0
       0
       0
       0
       0
       0
       0
       0
       0
       0
       0
       0
       0
       0
       0
       0
       0
       0
       0
       0
       0
       0
       0
       0
       0
       0
       0
       0
       0
       0
       0
       0
       0
       0
       0
       0
       0
       0
       0
       0
       0
       0
       0
       0
       0
       0
       0
       0
       0
       0
       0
       0
       0
       0
       0
       0
       0
       0
       0
       0
       0
       0
       0
       0
       0
       1
       0
       0
       0
       0
       0
       0
       0
       1
       0
       0
       0
       0
       0
       0
       0
       0
       0
       0
       0
       0
       0
       0
       0
       0
       0
       0
       0
       0
       0
       0
       0
       0
       0
       0
       0
       0
       0
       0
       0
       0
       0
       0
       0
       0
       0
       0
       0
       0
       0
       0
       0
       0
       0
       0
       0
       0
       0
       0
       0
       0
       0
       0
       0
       0
       0
       0
       0
       0
       0
       0
       0
       0
       0
       0
       0
       0
       0
       0
       0
       0
       0
       0
       0
       0
       0
       0
       0
       0
       0
       0
       0
       0
       0
       0
       0
       0
       0
       0
       0
       0
       0
       0
       0
       0
       0
       0
       0
       0
       0
       0
       0
       0
       0
       0
       0
       0
       0
       0
       0
       0
       0
       0
       0
       0
       0
       0
       0
       0
       0
       0
       0
       0
       0
       0
       0
       0
       0
$ROI:
0
$PRESETS:
Live Time
3600
0
$ENER_FIT:
8.931054 0.240803
$MCA_CAL:
3
8.931054E+000 2.408025E-001 6.157388E-008 keV
$SHAPE_CAL:
3
9.658150E+000 -1.618950E-003 2.758845E-007
