$SPEC_ID:
No sample description was entered.
$SPEC_REM:
DET# 1
DETDESC# EPS-140909 Easy-MCA-8k SN 16175454
AP# Maestro Version 7.01
$DATE_MEA:
03/08/2022 06:04:37
$MEAS_TIM:
3582 3600
$DATA:
0 8191
       0
       0
       0
       0
       0
       0
       0
       0
       0
       0
       0
       0
       0
       0
       0
       0
       0
       0
       0
       0
       0
       0
       0
       0
       0
       0
       0
       0
       0
       0
       0
       0
       0
       0
       0
       0
       0
       0
       0
       2
       7
      62
    1112
    1300
     824
     696
     625
     666
     577
     588
     588
     634
     749
     888
    1048
    1021
     975
     809
     772
     665
     649
     714
     705
     680
     699
     644
     633
     627
     644
     623
     642
     696
     688
     683
     696
     745
     736
     721
     762
     823
     916
     967
    1032
    1092
    1134
    1293
    1321
    1395
    1531
    1610
    1742
    1912
    2111
    2211
    2410
    2629
    2922
    3135
    3327
    3667
    4374
    5185
    6287
    7708
    9802
   11319
   13114
   13990
   14786
   15282
   15690
   15544
   14868
   14207
   12940
   11753
   10735
    9870
    9333
    8844
    8949
    9867
   13874
   26744
   53822
   95030
  139033
  175682
  196626
  188645
  141628
   81713
   36240
   14679
    7202
    5089
    4306
    3965
    3487
    2870
    2525
    2962
    5363
   12714
   27195
   44589
   54594
   50195
   36762
   25747
   20302
   16129
   11071
    6466
    3398
    2228
    1782
    1569
    1402
    1390
    1423
    1416
    1419
    1371
    1495
    1571
    1775
    2182
    2412
    2566
    2488
    2447
    2876
    3259
    3362
    2977
    2212
    1675
    1551
    1357
    1260
    1244
    1163
    1140
    1042
    1064
    1082
    1055
    1022
    1005
    1025
    1065
    1039
    1168
    1303
    1479
    1668
    1665
    1583
    1245
    1206
    1095
    1118
    1155
    1109
     992
     896
     879
     861
     870
     834
     885
    1289
    2843
    6439
   12256
   17790
   18582
   14350
    7906
    3623
    1450
     880
     783
     731
     734
     713
     675
     712
     723
     705
     752
     717
     763
     710
     689
     790
    1049
    1781
    2835
    3837
    3949
    3131
    1976
    1203
     806
     733
     678
     699
     665
     690
     705
     652
     733
     758
     781
     775
     832
     765
     794
     694
     739
     669
     630
     675
     615
     570
     606
     622
     585
     589
     569
     591
     600
     627
     679
     686
     625
     605
     668
     614
     592
     612
     568
     574
     597
     565
     556
     583
     542
     533
     539
     516
     547
     564
     533
     580
     584
     554
     585
     562
     539
     594
     535
     537
     482
     556
     549
     525
     518
     512
     517
     509
     479
     502
     450
     479
     511
     434
     517
     521
     525
     508
     522
     508
     501
     543
     521
     476
     460
     484
     496
     470
     448
     479
     524
     464
     452
     470
     441
     459
     465
     471
     521
     586
     565
     609
     588
     559
     510
     444
     431
     448
     465
     401
     408
     430
     427
     424
     410
     427
     408
     393
     412
     460
     444
     439
     388
     386
     408
     406
     401
     373
     368
     393
     401
     389
     363
     413
     378
     403
     370
     355
     390
     400
     372
     350
     342
     340
     370
     344
     385
     360
     372
     334
     306
     331
     341
     367
     358
     349
     358
     315
     317
     325
     301
     334
     327
     349
     297
     299
     335
     331
     342
     320
     332
     317
     365
     306
     330
     313
     312
     301
     285
     312
     310
     265
     327
     310
     346
     331
     331
     369
     351
     345
     319
     342
     306
     322
     280
     294
     298
     300
     268
     325
     296
     309
     277
     296
     272
     261
     265
     270
     270
     269
     264
     274
     300
     257
     271
     304
     257
     228
     280
     237
     277
     262
     261
     280
     263
     257
     284
     243
     255
     261
     267
     260
     255
     304
     271
     259
     252
     258
     249
     267
     256
     262
     254
     267
     243
     240
     260
     252
     243
     248
     230
     223
     239
     220
     248
     262
     228
     247
     225
     254
     238
     246
     231
     222
     249
     222
     228
     221
     234
     228
     224
     232
     218
     252
     225
     218
     213
     198
     216
     206
     230
     190
     211
     245
     209
     199
     231
     222
     224
     229
     200
     197
     209
     224
     188
     205
     207
     205
     203
     232
     195
     199
     196
     240
     190
     213
     219
     222
     245
     301
     362
     374
     324
     319
     260
     222
     224
     231
     222
     221
     223
     167
     176
     163
     178
     174
     184
     176
     172
     186
     166
     180
     190
     159
     194
     162
     180
     173
     180
     142
     177
     161
     186
     169
     166
     185
     172
     157
     162
     188
     156
     168
     155
     152
     165
     172
     176
     163
     178
     164
     152
     138
     156
     163
     167
     154
     147
     155
     151
     165
     158
     158
     141
     174
     134
     134
     165
     142
     139
     157
     163
     135
     164
     190
     172
     184
     164
     144
     149
     123
     118
     148
     128
     150
     146
     148
     155
     128
     167
     149
     162
     147
     149
     135
     134
     147
     163
     121
     144
     137
     158
     117
     130
     162
     140
     124
     128
     144
     129
     141
     129
     135
     142
     130
     124
     147
     123
     122
     126
     122
     143
     111
     127
     149
     131
     128
     120
     118
     108
     132
     155
     158
     172
     178
     200
     151
     147
     139
     135
     112
     126
     127
     123
     112
     122
     112
     136
     121
     109
     127
     129
     115
     110
     114
     119
      88
     110
     102
     122
     109
      96
     132
     109
     114
     111
     112
     127
     110
     110
     113
     115
     106
     115
     138
     102
      91
     114
     118
     128
     106
     113
     108
     112
      94
     108
     108
     108
      90
      83
     109
     105
      97
      97
      91
     110
     107
     106
      98
      97
      92
     112
     102
     124
      88
     112
     118
     109
      85
     115
     101
     114
      99
      94
     105
      93
      96
      98
     101
      90
      96
     110
     106
      86
     112
      98
      92
     115
      99
     102
      79
     103
     104
     105
     113
     118
     115
     103
      91
      95
      92
      81
     103
     104
      82
      95
      83
      75
      91
      82
      89
      94
      82
      88
      66
      71
      96
      99
      84
     106
      75
      85
      90
     113
     122
     148
     198
     186
     151
     139
      95
      93
      72
      67
      80
      87
      89
      69
      77
      82
      93
      64
      66
      84
      67
      74
      86
      59
      77
      88
      72
      75
      76
      86
      78
      85
      71
      71
      99
      74
      83
      78
      71
      75
      71
      72
      66
      67
      68
      62
      73
      86
      57
      63
      82
      79
      81
      61
      51
      71
      58
      73
      55
      68
      79
      74
      66
      77
      73
      72
      67
      70
      64
      67
      67
      70
      72
      65
      77
      60
      64
      68
      67
      57
      77
      60
      53
      54
      62
      60
      72
      49
      58
      58
      71
      72
      64
      62
      53
      60
      56
      69
      74
      67
      50
      75
      59
      57
      49
      64
      62
      45
      65
      66
      56
      66
      70
      65
      57
      58
      60
      57
      72
      67
      57
      56
      69
      53
      60
      64
      66
      53
      46
      57
      55
      49
      64
      59
      62
      56
      83
      69
      51
      64
      52
      52
      54
      57
      48
      69
      58
      49
      63
      62
      44
      52
      60
      55
      52
      59
      49
      54
      66
      57
      44
      51
      51
      62
      53
      67
      49
      57
      53
      47
      61
      46
      64
      55
      52
      72
      57
      51
      49
      52
      38
      58
      55
      34
      43
      45
      40
      40
      60
      48
      47
      40
      45
      41
      49
      44
      43
      44
      44
      40
      47
      56
      49
      43
      57
      37
      44
      41
      54
      37
      47
      43
      54
      41
      53
      38
      56
      40
      43
      44
      35
      37
      43
      53
      43
      53
      40
      56
      41
      46
      41
      38
      44
      49
      40
      31
      47
      47
      49
      47
      38
      40
      31
      47
      33
      40
      39
      47
      48
      31
      33
      32
      35
      50
      45
      46
      36
      41
      31
      48
      51
      61
      58
      35
      45
      35
      41
      37
      37
      42
      41
      33
      31
      35
      38
      35
      36
      35
      40
      40
      36
      34
      44
      47
      31
      43
      40
      39
      44
      41
      41
      30
      36
      28
      35
      37
      30
      33
      34
      40
      37
      37
      33
      28
      32
      36
      33
      24
      30
      48
      35
      31
      30
      30
      43
      29
      36
      47
      36
      43
      35
      28
      31
      36
      36
      35
      33
      35
      34
      33
      36
      24
      41
      29
      35
      33
      38
      38
      17
      43
      39
      26
      38
      33
      30
      37
      29
      29
      38
      29
      37
      30
      24
      30
      36
      23
      34
      28
      34
      28
      29
      24
      24
      27
      36
      42
      21
      31
      33
      48
      80
      85
      88
      91
      88
      69
      72
      54
      39
      35
      35
      42
      25
      30
      26
      28
      35
      32
      41
      34
      26
      27
      31
      34
      27
      35
      25
      32
      30
      25
      26
      42
      25
      31
      32
      34
      28
      34
      28
      30
      35
      22
      35
      34
      20
      38
      30
      26
      38
      23
      31
      25
      24
      31
      34
      33
      31
      36
      23
      28
      39
      33
      29
      28
      31
      32
      22
      29
      35
      32
      22
      26
      18
      28
      31
      43
      27
      33
      23
      32
      23
      41
      23
      28
      26
      27
      36
      21
      26
      26
      24
      28
      19
      21
      37
      38
      28
      16
      25
      20
      25
      37
      40
      29
      25
      27
      22
      32
      27
      33
      31
      34
      33
      26
      32
      34
      31
      22
      29
      36
      23
      36
      31
      19
      24
      32
      31
      23
      39
      20
      29
      26
      23
      30
      30
      29
      22
      31
      32
      30
      31
      39
      36
      30
      33
      26
      31
      25
      27
      29
      24
      20
      28
      31
      19
      24
      30
      30
      19
      28
      19
      35
      22
      29
      30
      33
      21
      32
      37
      60
      61
     104
     124
      91
      81
      53
      29
      22
      25
      16
      28
      20
      24
      22
      19
      28
      25
      19
      25
      21
      19
      19
      25
      31
      26
      17
      21
      26
      27
      28
      27
      32
      19
      24
      24
      20
      30
      24
      32
      21
      30
      16
      31
      30
      16
      22
      23
      21
      26
      30
      27
      29
      27
      18
      36
      24
      27
      14
      39
      31
      62
      86
     121
     129
     104
      83
      66
      26
      25
      17
      31
      28
      20
      24
      31
      23
      31
      16
      29
      25
      22
      19
      19
      26
      24
      20
      24
      18
      20
      22
      23
      21
      22
      21
      17
      21
      15
      22
      23
      17
      26
      24
      34
      29
      16
      23
      14
      20
      22
      14
      24
      31
      25
      16
      25
      16
      17
      26
      23
      25
      27
      16
      21
      22
      21
      28
      29
      21
      19
      25
      27
      13
      24
      13
      24
      19
      30
      20
      28
      20
      21
      24
      16
      21
      24
      23
      23
      20
      16
      22
      24
      24
      20
      24
      20
      20
      23
      19
      13
      19
      23
      24
      21
      24
      22
      19
      36
      26
      31
      20
      27
      20
      16
      21
      21
      18
      28
      13
      17
      23
      19
      19
      26
      22
      41
      39
      42
      25
      46
      23
      20
      30
      19
      26
      20
      32
      22
      14
      18
      21
      19
      16
      22
      22
      20
      25
      24
      26
      18
      25
      17
      17
      18
      20
      17
      28
      21
      15
      17
      20
      24
      24
      20
      15
      21
      19
      17
      14
      20
      18
      15
      17
      25
      16
      15
      23
      16
      16
      25
      16
      26
      23
      15
      18
      19
      23
      19
      15
      22
      15
      27
      14
      19
      20
      22
      20
      16
      13
      21
      26
      19
      15
      22
      18
      17
      19
      19
      15
      19
       9
      18
      22
      21
      15
      25
      28
      27
      29
      26
      31
      22
      37
      44
      26
      19
      17
      20
      15
      22
      18
      31
      14
      19
      19
      20
      27
      19
      21
      22
      17
      14
      27
      16
      25
      19
      23
      14
      24
      12
      14
      14
      18
      17
      26
      22
      21
      14
      19
      26
      17
      16
      17
      20
      23
      18
      13
      22
      18
       9
      24
      21
      23
      22
      29
      20
      21
      31
      33
      46
      29
      18
      19
      18
      16
      11
      15
      18
       9
      15
       7
      22
      17
      16
      25
      17
      12
      23
      17
      15
      26
      14
      20
      20
      19
      18
      20
      20
      26
      20
      14
      12
      16
      15
      24
      28
      14
      12
      18
      20
      15
      15
      15
      14
      17
      14
      25
      10
      14
      20
      20
      17
      22
      14
      17
      14
      13
      13
      13
      17
      16
      18
      15
      21
      18
      18
      16
      16
      22
      17
      17
      17
      23
      18
      14
      20
      12
      17
      12
      11
      15
      24
      12
      17
      25
      14
      26
      41
      49
      63
      51
      43
      25
      33
      25
      34
      31
      16
      16
      20
      15
      12
       8
      18
      21
      15
      19
      20
      17
      12
      17
      14
      15
      22
      11
      22
      28
      21
      27
      19
      27
      15
      18
      19
      17
      11
       9
      23
      14
      13
      14
      13
      14
      14
      19
      20
      17
      17
      22
      13
      10
      10
      19
       7
      19
      16
      22
      20
      15
      10
      15
      29
      11
      17
      19
      21
      21
      26
      20
      21
      30
      19
      17
      17
      25
      22
      16
      11
      13
      16
      13
      12
      10
      11
      16
       8
       8
      18
      12
      15
      21
      16
      16
      23
      17
      15
      19
      16
      22
      20
      15
      15
      16
      16
      15
      14
      22
      17
      28
      14
      13
      17
      14
      15
      19
      13
      17
      15
      18
      14
      10
      15
      13
      17
      11
      11
      13
       7
      17
       8
      17
      12
       8
      13
      17
      19
      18
      18
      12
      13
      13
      15
      12
      17
       9
      19
      15
      17
       9
      11
      13
      15
      14
      14
      15
      20
      13
      14
       9
      16
      15
      16
      16
      18
      13
      20
      16
      11
      24
       9
      19
      19
      12
      22
      13
       9
      12
      13
      19
      10
      16
      17
       7
      15
      24
      14
      13
      18
      13
      11
      18
      17
      23
      36
      30
      43
      33
      22
      15
      13
      22
      14
      23
       8
       9
      16
      17
      14
       7
      12
      14
      12
      11
      19
      16
      16
      13
      27
      23
      18
      27
      23
      23
      19
      17
      13
       5
      14
      14
      11
       9
      18
      13
      18
      13
      14
      15
      13
      14
       5
      14
      15
      15
      20
      21
      25
      27
      24
      12
      13
      13
      10
      11
      14
      12
      16
       9
      11
      16
      15
      11
       9
      10
      16
      13
      13
      15
      18
       9
       9
      12
      15
      16
      15
      14
      12
      24
      13
      15
      12
      13
      17
      14
      14
      15
      14
      16
      13
       9
      13
      15
      15
      12
      12
      15
      14
      19
      12
      18
      16
      21
      11
       9
       9
      12
      18
      15
       8
      10
      15
      17
      13
       5
      10
      20
      12
      15
      14
      14
      22
      13
      11
      19
      16
       7
      11
      11
      11
       6
      13
      16
      12
       8
      15
      33
      32
      45
      75
      67
      60
      40
      32
      29
      14
      10
      16
      13
      20
      16
      16
      15
       9
      17
      11
       9
      13
      11
      10
      15
      10
      13
       9
       7
      10
      16
      12
      10
      12
      10
       9
      17
      18
      12
      16
      11
      12
      16
      11
      11
      15
      12
      14
      12
      10
      12
      16
      13
      13
      21
      15
      17
      23
      15
       7
      14
      18
      14
      10
      22
      15
      14
       8
       8
      16
      20
      16
      11
      16
      21
      13
      10
      10
      15
      16
      12
      10
      16
      18
      15
      11
      13
      10
      18
      10
      10
      22
      19
      19
      10
      16
      18
      10
      13
      14
      12
      15
      12
      10
      13
       8
      19
       9
      18
      13
       6
      17
      16
      17
      11
      11
      10
       7
      11
      16
       3
       9
      18
      11
      16
      19
      18
      19
      26
      17
      18
      18
      16
      17
      16
      19
      18
      40
      36
      33
      45
      36
      20
      18
      14
      15
       6
      15
      10
      11
      12
      12
       8
      12
      11
       9
      11
      12
      15
       6
      16
      16
      14
      14
       8
       6
      10
      11
      16
      13
      14
       8
       6
       7
       6
      10
       8
       5
      16
       9
       8
       3
       5
      10
      15
      10
      15
       9
       5
      12
      13
       4
       9
      13
       5
      15
       6
       8
      14
      11
      20
      17
      11
      18
      16
      13
      15
       7
      11
      17
      11
      14
      14
      14
      17
      12
       7
       8
      10
      12
       8
      13
      11
      13
       6
       7
      16
       8
       8
       9
      10
      10
      13
       7
      13
       9
       8
      12
      13
      10
      11
      10
      12
      20
      10
      16
      12
       8
       9
      15
      15
       7
      10
      10
       5
      10
       8
       7
       7
      11
      12
      11
      15
       4
      12
       7
      14
       8
       9
       8
      12
       7
      15
      15
      15
      14
       9
       9
      13
      12
      12
      10
      16
       7
       9
       9
       8
      14
      12
      11
      11
      11
      10
       7
       7
      10
      14
      15
      16
      10
       9
      16
      15
      10
      12
       9
      16
       8
      13
      18
      13
       9
      15
       9
      10
      10
       5
       9
      15
       8
      18
      10
       8
      11
      14
      10
       9
      13
      13
      16
       8
      11
      11
      16
       8
      10
      13
      11
       7
      10
      15
       7
      10
      10
      12
      10
      13
       7
       9
      10
      13
      10
      11
      13
      16
      11
      12
       9
      11
      16
      11
      21
      15
      16
      11
      14
      14
       6
      10
      20
       9
      10
      10
       6
      12
      10
      17
      13
      10
      10
      13
       6
      17
      11
      13
      10
       6
      11
       7
      15
      12
       6
      15
      12
      15
      21
      15
       7
      17
      12
      13
       9
       8
      15
       4
       8
       7
      11
       8
      11
      19
       6
       9
      11
      17
       6
      10
      10
       5
      13
       9
      12
      16
       8
      13
       9
       7
       8
       6
      10
       9
       6
      12
       7
      15
       9
       5
       8
      10
      10
      12
      15
       4
      10
      11
       8
      10
       9
       7
      21
      11
       7
      10
      12
       8
      10
       5
       8
       7
       9
       9
      12
      13
       7
       8
       7
       5
       7
       9
       6
      14
       8
      10
      12
      22
      13
      12
      15
      27
      21
      22
      23
      31
      22
      22
      16
      19
      11
      20
      17
      28
      27
      32
      29
      15
      24
      16
      13
      12
       6
       6
       8
      10
       7
       7
       6
      11
      11
      12
       7
      12
       6
      18
      19
      12
      12
       9
       5
       6
      10
      10
      11
       8
       8
      15
       6
      15
       9
       9
       9
       6
       5
      13
      15
      10
      12
      13
      12
      13
      21
      16
      15
      10
       9
       7
       9
      11
      10
       6
      11
      16
      10
       9
      13
      11
      10
      10
      13
      14
       6
      13
       9
      10
      11
      12
      18
      10
      15
      13
      12
      13
       9
      13
       8
      15
      15
      11
      10
      10
      12
      11
       9
       9
      11
      14
      11
       7
       8
       5
       6
      10
       6
      13
       8
       7
      14
      13
       6
      10
      14
       8
      12
       7
      13
      13
      10
      15
       8
      11
       8
      15
      15
      19
      30
      26
      29
      38
      34
      20
      13
      11
       8
      14
       6
      13
      11
       7
      11
      18
       7
      10
      12
      14
      14
      12
      16
      12
      13
      11
      13
       7
       9
       8
      14
       9
      10
       9
       9
       7
       7
      11
      10
       7
      12
       7
       7
       6
      12
       7
       8
       8
      13
       9
       6
      16
       4
      12
       7
      15
      15
       6
      11
      10
       8
      12
      15
       8
       6
       7
      13
      11
      13
      12
      10
      12
      13
       7
      15
       8
       7
       4
      13
       7
      11
       9
       7
       9
      15
      15
      13
      13
      12
      11
       8
       9
      11
       7
      17
      12
       9
       6
       9
      12
      10
       6
       7
      13
      13
       9
       8
       3
       9
      11
      16
      15
       6
       9
      13
       5
      15
      11
      11
      11
      20
       9
      12
       7
       9
      16
      11
      11
      10
      13
      15
       9
      11
      14
       5
       8
      17
       8
       9
       9
       7
      18
       5
       7
       6
      14
      20
      17
       6
      15
      11
      15
      24
      16
      17
      27
      17
      16
      10
      16
      11
      11
       5
       3
      19
      14
      16
       8
      10
       9
       9
      11
       6
      14
      12
      11
       7
       8
       6
       7
       5
       5
       7
      10
       5
      13
       9
       7
       8
       8
      10
       5
      11
       8
      11
       8
       8
       8
       8
       7
       7
       4
       3
       9
       7
       9
       8
      15
       3
      12
      10
       3
       9
       5
       7
       9
       9
       7
       9
      10
       8
       6
      13
       9
       4
       6
       6
       3
       5
       9
      10
      15
       6
       6
      12
       9
      12
       4
      10
      11
       9
       2
      12
       7
       6
       6
       7
      11
      10
       6
       8
       3
      11
      13
       6
      12
       9
       6
       5
       8
       5
       3
      11
       4
       4
       5
      11
       6
       7
       5
       7
      13
       8
       3
       6
       5
       6
       6
       5
       3
       5
       4
      11
       8
       4
       6
       1
       6
       5
       2
       5
       4
       7
       8
       2
       9
       6
       7
       6
       7
       4
      14
       7
       5
       4
       6
       4
       2
       7
       7
       6
       5
       7
       7
       9
      11
       6
       9
       7
       8
       7
       4
       7
       3
       3
       5
       6
       6
       5
       7
       5
       4
       8
       1
       4
       7
       8
       5
       7
       6
       6
      10
       7
       9
       8
       4
       4
       3
       3
       7
       8
       5
       4
       4
       6
       4
       9
       4
       8
       7
       4
       9
       3
       5
       3
       6
       5
       7
       4
      11
      12
      14
      28
      19
      32
      26
      20
      12
      12
       3
       2
       4
       6
       3
       8
       7
       5
       7
      12
       5
       6
       8
       3
       7
       4
       1
       8
       3
       2
       7
       4
       3
       6
       9
       5
       5
       6
       7
       4
       5
       2
       2
       7
       9
       4
       4
       1
       7
       7
       9
       8
       9
       3
       3
       7
       2
       1
       2
       1
       4
       6
       2
       2
       6
       6
       2
       5
       4
       3
       6
       4
       5
       6
      14
      12
       7
       5
       7
       5
       9
       5
       3
       6
       5
       2
      10
       9
       7
       4
       7
       3
       2
       3
       3
       5
       4
       6
       1
       3
       5
       3
       5
       0
       6
       2
       6
       9
       6
      12
       8
      11
       9
       4
       4
       8
       6
       3
       3
       3
       6
       6
       4
       3
       2
       6
       7
       3
       4
       3
       4
       1
       3
       5
       4
       1
       4
       4
       3
       8
       3
       3
       3
       5
       1
       1
       5
       2
      10
       6
       3
       3
       2
       2
       1
       2
       3
       2
       4
       2
       4
       0
       4
       9
       5
       7
       6
       5
       3
       3
       1
       3
       2
       1
       5
       2
       3
       3
       6
       7
       7
      11
      15
       7
       5
       6
       2
       5
       2
       3
       4
       2
       6
       3
       3
       2
       5
       4
       4
       4
       2
       0
       3
       9
       5
       4
       4
       3
       4
       1
       3
       5
       4
       4
       6
       2
       2
       6
       8
       3
       3
       3
       2
       3
       5
       2
       6
       2
       7
       3
       2
       4
       6
       7
       6
       4
       4
       3
       2
      10
       4
       5
       7
       5
       6
       4
       7
       3
       2
       5
       3
       5
       7
       7
       3
       2
       2
       5
       4
       5
       3
       6
       8
       5
       5
       5
       3
       3
       5
       4
       6
       4
       4
       1
       4
       3
       1
       3
       3
      10
       5
       8
       4
       1
       2
       6
       2
       6
       5
       5
       3
       6
       4
       5
       3
       8
       7
      19
      19
      48
      95
     120
     153
     222
     260
     251
     180
      97
      57
      29
      10
       5
       2
       0
       2
       4
       2
       2
       1
       1
       3
       1
       0
       0
       2
       5
       0
       2
       1
       0
       1
       1
       3
       2
       1
       1
       1
       1
       2
       1
       1
       2
       2
       4
       4
       4
       4
       2
       2
       2
       2
       1
       2
       6
       1
       3
       4
       1
       0
       2
       3
       2
       2
       4
       4
       2
       2
       1
       2
       5
       3
       5
       0
       1
       3
       1
       2
       2
       2
       0
       2
       2
       3
       2
       0
       2
       4
       3
       6
       6
       5
       2
       1
       2
       2
       7
       2
       3
       2
       0
       3
       3
       0
       0
       3
       0
       1
       2
       1
       1
       1
       2
       3
       3
       5
       2
       5
       2
       4
       8
       4
       2
       2
       0
       4
       3
       3
       4
       5
       3
       1
       1
       2
       7
       3
       3
       2
       4
       5
       2
       1
       1
       2
       3
       2
       3
       1
       2
       3
       1
       2
       2
       2
       1
       5
       1
       3
       4
       3
       0
       2
       5
       5
       4
       3
       1
       2
       1
       2
       1
       2
       4
       2
       1
       2
       2
       2
       2
       3
       1
       3
       3
       1
       0
       3
       3
       3
       2
       1
       0
       2
       0
       1
       4
       5
       2
       5
       2
       4
       1
       4
       4
       1
       0
       1
       1
       2
       1
       2
       1
       3
       1
       0
       0
       3
       1
       1
       1
       0
       1
       1
       2
       2
       2
       3
       2
       2
       5
       2
       4
       0
       2
       3
       1
       4
       0
       1
       4
       1
       1
       4
       3
       4
       0
       3
       4
       1
       1
       2
       1
       5
       0
       3
       0
       1
       0
       3
       2
       1
       1
       0
       3
       1
       2
       1
       1
       3
       3
       1
       3
       5
       3
       0
       3
       2
       1
       0
       1
       2
       0
       2
       2
       2
       1
       2
       2
       0
       4
       1
       4
       2
       3
       2
       0
       2
       5
       5
       7
       6
       4
       8
       5
       4
       6
       5
       3
       2
       5
      10
       5
      10
      10
      12
       7
      10
       2
       2
       3
       2
       3
       3
       2
       1
       5
       3
       1
       2
       4
       1
       4
       1
       5
       2
       0
       1
       4
       3
       0
       2
       1
       1
       3
       2
       1
       0
       1
       0
       4
       0
       3
       0
       1
       2
       0
       0
       2
       3
       5
       3
       2
       1
       5
       4
       2
       5
       1
       3
       4
       2
       3
       3
       4
       2
       3
       2
       4
       4
       4
       6
       4
       4
       0
       2
       1
       3
       4
       1
       1
       2
       3
       3
       3
       2
       0
       3
       3
       3
       0
       3
       1
       2
       1
       3
       1
       0
       2
       1
       3
       4
       1
       0
       1
       4
       5
       3
       2
       1
       1
       3
       2
       1
       2
       1
       2
       3
       1
       1
       0
       2
       0
       4
       1
       1
       0
       0
       1
       1
       4
       3
       2
       0
       2
       2
       4
       5
       3
       3
       2
       3
       0
       0
       1
       0
       1
       1
       1
       1
       3
       0
       2
       3
       5
       0
       2
       5
       1
       1
       1
       4
       4
       0
       3
       2
       3
       3
       1
       5
       2
       1
       2
       4
       2
       2
       2
       1
       0
       0
       5
       1
       0
       2
       1
       1
       2
       0
       2
       0
       0
       0
       1
       1
       0
       2
       0
       1
       1
       1
       1
       0
       2
       2
       1
       2
       1
       1
       4
       0
       0
       2
       1
       2
       0
       3
       3
       2
       5
       1
       0
       3
       1
       3
       3
       0
       2
       0
       3
       1
       1
       2
       1
       1
       2
       1
       0
       2
       3
       3
       1
       2
       0
       4
       0
       2
       1
       2
       1
       3
       0
       2
       3
       2
       1
       0
       1
       6
       2
       2
       1
       0
       0
       3
       2
       4
       2
       2
       0
       2
       0
       1
       0
       2
       2
       0
       0
       1
       0
       2
       2
       4
       1
       2
       3
       1
       3
       0
       1
       0
       2
       3
       0
       0
       2
       2
       1
       2
       1
       0
       3
       1
       0
       2
       4
       1
       0
       3
       0
       1
       0
       2
       2
       0
       0
       2
       1
       0
       4
       3
       1
       5
       2
       1
       4
       5
       2
       5
       1
       3
       1
       4
       2
       1
       0
       1
       0
       0
       2
       0
       2
       0
       1
       0
       3
       2
       0
       3
       0
       2
       1
       4
       4
       3
       4
       0
       1
       0
       4
       3
       1
       2
       1
       0
       1
       0
       2
       3
       2
       3
       1
       0
       5
       4
       5
       1
       0
       0
       2
       0
       1
       0
       4
       0
       1
       1
       0
       1
       0
       1
       1
       1
       1
       3
       0
       1
       3
       2
       2
       5
       5
       7
      14
      19
      17
      23
      18
      17
      13
       9
       5
       2
       0
       1
       0
       2
       0
       2
       2
       3
       2
       1
       1
       0
       0
       1
       2
       2
       1
       2
       2
       1
       0
       1
       1
       0
       0
       3
       0
       0
       3
       2
       1
       0
       0
       3
       2
       1
       0
       1
       2
       0
       1
       0
       1
       0
       2
       1
       0
       1
       0
       0
       1
       1
       2
       2
       0
       3
       3
       1
       1
       2
       0
       2
       0
       2
       2
       2
       3
       4
       2
       3
       1
       1
       0
       0
       1
       0
       3
       0
       1
       1
       1
       1
       0
       1
       3
       1
       2
       0
       1
       2
       2
       1
       2
       3
       1
       3
       2
       2
       0
       3
       1
       1
       1
       0
       0
       3
       0
       2
       0
       5
       3
       3
       1
       1
       3
       1
       1
       3
       2
       0
       1
       2
       2
       0
       1
       3
       1
       2
       1
       1
       1
       1
       1
       1
       1
       1
       1
       1
       0
       0
       1
       1
       1
       0
       1
       0
       2
       1
       2
       1
       1
       4
       2
       1
       0
       0
       0
       1
       3
       2
       0
       1
       2
       5
       0
       0
       1
       2
       0
       2
       2
       1
       0
       1
       1
       1
       1
       1
       0
       1
       1
       1
       2
       3
       2
       4
       3
       5
       5
       3
       4
       1
       1
       0
       1
       0
       1
       0
       1
       2
       3
       1
       2
       2
       1
       1
       3
       1
       1
       2
       0
       1
       0
       0
       0
       1
       0
       2
       1
       1
       2
       4
       2
       1
       2
       2
       1
       4
       3
       1
       0
       2
       0
       0
       1
       3
       2
       0
       2
       1
       1
       1
       3
       0
       2
       1
       1
       2
       1
       2
       1
       0
       0
       4
       0
       2
       1
       0
       0
       2
       3
       0
       3
       3
       1
       1
       2
       1
       1
       2
       1
       0
       0
       1
       2
       2
       5
       1
       1
       1
       0
       0
       1
       2
       1
       1
       1
       1
       1
       1
       1
       0
       0
       3
       1
       1
       2
       1
       1
       4
       2
       1
       3
       1
       2
       1
       2
       2
       2
       1
       2
       3
       2
       0
       3
       2
       1
       2
       1
       0
       1
       2
       1
       1
       1
       2
       1
       1
       3
       1
       2
       3
       2
       2
       1
       0
       4
       1
       3
       1
       1
       1
       3
       1
       0
       1
       1
       2
       1
       3
       1
       2
       1
       1
       1
       0
       1
       0
       2
       0
       2
       0
       2
       2
       1
       0
       1
       4
       2
       1
       3
       3
       1
       3
       5
       3
       3
       1
       4
       2
       1
       0
       1
       2
       1
       0
       0
       2
       2
       2
       1
       1
       3
       0
       2
       3
       2
       1
       0
       2
       1
       0
       1
       0
       1
       1
       0
       1
       0
       1
       2
       0
       0
       3
       1
       1
       0
       0
       1
       1
       1
       2
       1
       4
       0
       1
       1
       0
       3
       3
       1
       1
       7
       2
       1
       2
       0
       0
       1
       2
       0
       2
       1
       1
       2
       3
       1
       1
       2
       2
       4
       0
       3
       2
       1
       0
       1
       1
       1
       0
       2
       2
       1
       1
       0
       0
       2
       1
       2
       2
       1
       2
       0
       3
       1
       1
       1
       0
       2
       1
       2
       0
       3
       4
       2
       1
       1
       0
       0
       1
       1
       4
       0
       0
       0
       0
       2
       0
       1
       3
       3
       2
       2
       0
       3
       1
       0
       4
       2
       1
       1
       0
       1
       2
       1
       1
       1
       0
       2
       1
       1
       0
       0
       0
       0
       0
       1
       2
       1
       1
       2
       1
       3
       0
       5
       1
       2
       1
       0
       1
       3
       1
       1
       1
       0
       1
       0
       0
       1
       1
       1
       1
       0
       1
       1
       2
       2
       1
       2
       2
       1
       1
       0
       0
       0
       1
       0
       2
       1
       0
       2
       0
       1
       0
       1
       5
       1
       1
       3
       1
       4
       1
       0
       0
       1
       2
       0
       2
       0
       0
       3
       1
       1
       1
       0
       0
       2
       4
       1
       0
       2
       0
       2
       1
       0
       0
       1
       1
       0
       1
       5
       3
       0
       1
       2
       2
       1
       2
       0
       0
       0
       1
       1
       1
       0
       1
       1
       1
       2
       0
       1
       0
       2
       1
       2
       2
       1
       2
       2
       0
       0
       1
       0
       2
       1
       0
       1
       1
       0
       2
       0
       0
       5
       0
       1
       2
       2
       1
       0
       1
       0
       0
       0
       1
       2
       1
       0
       2
       1
       1
       1
       2
       1
       0
       2
       1
       3
       2
       0
       0
       1
       1
       1
       1
       0
       2
       0
       1
       3
       1
       4
       2
       0
       0
       2
       2
       2
       1
       1
       3
       0
       2
       3
       4
       0
       4
       2
       0
       2
       0
       3
       1
       1
       3
       1
       0
       1
       2
       2
       1
       1
       0
       1
       1
       0
       1
       0
       0
       0
       1
       0
       1
       1
       1
       0
       2
       1
       4
       2
       0
       3
       0
       0
       2
       1
       1
       0
       0
       1
       0
       2
       1
       0
       1
       2
       0
       1
       4
       1
       1
       0
       0
       1
       0
       1
       2
       1
       3
       2
       0
       1
       2
       0
       1
       1
       1
       1
       3
       2
       3
       1
       3
       8
       9
       5
       5
       7
       4
       4
       1
       1
       4
       0
       2
       2
       0
       1
       1
       1
       5
       3
       0
       0
       0
       2
       1
       1
       2
       2
       2
       1
       1
       1
       3
       0
       2
       2
       2
       3
       2
       4
       2
       1
       3
       0
       1
       0
       2
       1
       1
       0
       4
       0
       3
       1
       0
       3
       0
       0
       2
       0
       0
       1
       0
       2
       0
       1
       0
       1
       1
       0
       0
       4
       0
       2
       1
       3
       2
       2
       2
       2
       0
       1
       1
       2
       0
       1
       1
       0
       0
       1
       1
       1
       2
       1
       2
       2
       3
       0
       1
       1
       2
       1
       0
       1
       3
       1
       0
       1
       2
       2
       2
       1
       1
       2
       0
       1
       1
       1
       1
       1
       0
       2
       1
       1
       1
       0
       1
       2
       1
       1
       0
       1
       3
       1
       0
       1
       0
       2
       2
       0
       1
       1
       0
       4
       1
       3
       4
       5
       1
       0
       1
       1
       3
       2
       0
       0
       0
       1
       1
       0
       0
       0
       0
       1
       1
       0
       3
       1
       0
       1
       1
       2
       1
       1
       0
       2
       1
       1
       1
       3
       1
       1
       0
       1
       1
       0
       1
       1
       0
       0
       2
       1
       0
       1
       1
       1
       6
       0
       1
       1
       1
       1
       0
       1
       1
       1
       0
       0
       0
       0
       0
       1
       2
       1
       2
       4
       0
       2
       1
       2
       1
       0
       0
       2
       1
       0
       0
       0
       1
       1
       3
       2
       2
       3
       3
       9
      17
       5
       8
       4
       8
       1
       2
       0
       1
       1
       0
       1
       2
       1
       2
       2
       3
       3
       2
       2
       1
       2
       4
       0
       1
       0
       0
       2
       3
       1
       3
       3
       0
       0
       1
       0
       1
       2
       2
       1
       1
       0
       1
       2
       0
       1
       1
       1
       1
       0
       1
       1
       2
       0
       0
       0
       2
       0
       0
       0
       1
       3
       1
       0
       2
       0
       0
       0
       1
       1
       0
       1
       3
       3
       3
       1
       1
       0
       1
       1
       0
       1
       3
       1
       0
       0
       0
       1
       2
       1
       2
       1
       1
       1
       1
       2
       1
       1
       2
       1
       2
       1
       2
       0
       1
       2
       0
       1
       0
       0
       1
       1
       3
       2
       1
       2
       0
       1
       0
       2
       2
       0
       1
       2
       1
       0
       3
       2
       1
       3
       0
       2
       1
       2
       1
       1
       0
       2
       0
       2
       1
       1
       3
       0
       1
       1
       2
       2
       0
       0
       3
       0
       0
       1
       1
       2
       1
       2
       0
       1
       2
       2
       0
       2
       0
       1
       3
       3
       0
       2
       0
       2
       0
       0
       0
       0
       0
       1
       1
       0
       0
       2
       3
       0
       1
       0
       0
       0
       1
       1
       0
       2
       0
       1
       2
       0
       0
       1
       0
       1
       2
       3
       1
       3
       1
       4
       1
       1
       2
       3
       1
       1
       1
       3
       1
       1
       1
       0
       1
       1
       1
       0
       0
       3
       1
       2
       1
       0
       0
       2
       4
       0
       0
       1
       0
       0
       2
       1
       2
       3
       2
       1
       0
       3
       2
       1
       2
       1
       1
       3
       3
       2
       1
       0
       2
       0
       0
       0
       1
       3
       0
       3
       1
       2
       2
       2
       1
       1
       2
       1
       2
       1
       2
       1
       0
       0
       1
       0
       1
       0
       2
       2
       1
       1
       1
       4
       0
       0
       0
       1
       0
       6
       1
       3
       1
       0
       1
       2
       1
       1
       0
       2
       1
       1
       1
       1
       4
       0
       1
       2
       0
       0
       0
       2
       0
       0
       1
       0
       2
       0
       1
       0
       1
       0
       2
       1
       2
       1
       2
       1
       5
       1
       1
       1
       0
       1
       1
       1
       4
       0
       2
       1
       1
       1
       1
       2
       0
       1
       1
       1
       2
       5
       1
       1
       1
       0
       0
       4
       1
       0
       1
       0
       0
       3
       0
       2
       0
       2
       3
       1
       2
       2
       3
       2
       3
       2
       1
       1
       1
       2
       0
       1
       0
       2
       0
       2
       2
       0
       0
       2
       2
       2
       1
       3
       1
       0
       3
       3
       1
       2
       1
       3
       4
       1
       0
       3
       1
       0
       1
       1
       0
       1
       2
       1
       1
       3
       4
       0
       2
       0
       2
       2
       1
       3
       2
       0
       2
       2
       2
       0
       1
       3
       3
       1
       1
       0
       1
       0
       0
       0
       0
       0
       1
       0
       0
       1
       0
       0
       0
       2
       1
       0
       1
       1
       2
       0
       0
       2
       3
       3
       1
       0
       0
       0
       0
       1
       2
       0
       0
       3
       2
       0
       1
       0
       0
       1
       0
       1
       2
       1
       2
       1
       1
       1
       0
       2
       1
       2
       1
       1
       0
       0
       1
       1
       1
       0
       1
       1
       0
       2
       2
       5
       0
       0
       0
       0
       0
       0
       1
       0
       1
       1
       1
       2
       0
       3
       2
       1
       1
       1
       1
       1
       1
       0
       1
       2
       0
       1
       0
       0
       0
       1
       1
       1
       0
       1
       2
       1
       0
       0
       0
       0
       3
       1
       1
       2
       0
       0
       0
       0
       1
       1
       1
       0
       1
       0
       1
       0
       3
       1
       0
       0
       1
       0
       1
       0
       1
       1
       2
       3
       2
       2
       4
       0
       2
       1
       2
       0
       2
       1
       1
       0
       0
       0
       0
       0
       1
       1
       1
       0
       1
       0
       1
       0
       0
       2
       0
       0
       0
       0
       0
       1
       0
       3
       1
       1
       0
       0
       2
       0
       0
       0
       0
       2
       1
       1
       2
       0
       1
       2
       0
       0
       1
       0
       0
       0
       1
       0
       0
       2
       1
       0
       1
       1
       0
       0
       1
       1
       1
       2
       2
       0
       1
       3
       3
       2
       0
       1
       2
       0
       1
       1
       0
       0
       3
       0
       0
       0
       0
       0
       0
       0
       0
       1
       1
       1
       2
       0
       0
       0
       0
       0
       1
       0
       0
       1
       1
       0
       1
       0
       0
       1
       0
       1
       1
       0
       0
       1
       0
       0
       0
       2
       2
       1
       1
       0
       0
       0
       0
       1
       0
       1
       1
       1
       1
       0
       0
       0
       0
       0
       1
       0
       0
       0
       0
       0
       1
       1
       1
       1
       0
       0
       0
       2
       1
       1
       0
       0
       0
       0
       0
       0
       1
       1
       1
       0
       0
       1
       1
       0
       0
       0
       0
       1
       1
       1
       0
       0
       0
       0
       0
       0
       1
       0
       1
       0
       0
       0
       0
       1
       0
       0
       0
       0
       2
       1
       0
       0
       1
       0
       0
       0
       0
       1
       0
       0
       0
       1
       0
       0
       0
       0
       0
       0
       0
       0
       0
       1
       0
       0
       0
       0
       1
       0
       0
       0
       0
       0
       1
       0
       0
       0
       0
       0
       0
       0
       0
       0
       0
       0
       1
       0
       1
       0
       0
       0
       1
       0
       0
       1
       0
       0
       0
       1
       1
       0
       0
       0
       1
       0
       0
       0
       0
       1
       0
       0
       0
       0
       0
       0
       0
       1
       0
       0
       0
       0
       0
       0
       1
       1
       0
       1
       0
       1
       1
       0
       0
       0
       0
       0
       0
       0
       0
       0
       0
       0
       0
       0
       0
       0
       0
       0
       0
       1
       0
       1
       0
       0
       0
       0
       0
       0
       0
       0
       0
       1
       0
       0
       1
       1
       0
       0
       0
       0
       1
       1
       0
       0
       0
       0
       0
       0
       0
       0
       0
       1
       0
       2
       0
       0
       0
       1
       0
       0
       0
       1
       0
       0
       0
       0
       0
       1
       0
       1
       0
       0
       1
       0
       0
       0
       1
       0
       0
       1
       0
       0
       0
       0
       0
       0
       1
       0
       1
       1
       0
       0
       1
       1
       0
       2
       7
      11
       6
      14
      21
      31
      22
      43
      32
      37
      36
      18
      10
      10
       3
       1
       2
       0
       0
       0
       0
       0
       0
       0
       0
       0
       0
       0
       0
       0
       0
       0
       0
       0
       0
       0
       0
       0
       0
       0
       0
       0
       0
       0
       0
       0
       0
       0
       0
       0
       0
       0
       0
       0
       0
       0
       0
       0
       0
       0
       0
       0
       0
       0
       0
       0
       0
       0
       0
       0
       0
       0
       0
       0
       0
       0
       0
       0
       0
       0
       0
       0
       0
       0
       0
       0
       0
       0
       0
       0
       0
       0
       0
       0
       1
       0
       0
       0
       0
       0
       0
       0
       0
       0
       0
       0
       0
       1
       0
       0
       0
       0
       0
       1
       0
       0
       0
       0
       0
       0
       0
       0
       0
       0
       0
       0
       2
       0
       0
       0
       0
       1
       0
       0
       0
       0
       0
       0
       0
       0
       0
       0
       0
       0
       0
       0
       0
       0
       0
       0
       1
       0
       1
       0
       0
       0
       0
       0
       0
       0
       0
       0
       0
       0
       0
       0
       0
       0
       0
       0
       0
       0
       0
       0
       0
       0
       0
       0
       0
       0
       0
       0
       1
       0
       0
       2
       0
       0
       0
       0
       0
       0
       0
       0
       0
       0
       0
       0
       0
       0
       0
       0
       0
       0
       0
       0
       0
       0
       0
       0
       0
       0
       0
       0
       0
       0
       0
       0
       0
       0
       0
       0
       0
       0
       0
       0
       0
       1
       0
       0
       0
       0
       0
       0
       0
       0
       0
       0
       0
       0
       1
       0
       0
       0
       0
       0
       0
       0
       0
       0
       0
       0
       0
       0
       0
       0
       0
       0
       0
       0
       0
       1
       0
       0
       0
       1
       0
       0
       0
       0
       0
       0
       0
       0
       0
       0
       0
       0
       0
       0
       0
       0
       0
       0
       0
       0
       0
       0
       0
       0
       0
       0
       0
       0
       0
       0
       0
       0
       0
       0
       0
       0
       0
       0
       1
       0
       0
       0
       0
       0
       0
       0
       0
       0
       0
       0
       0
       0
       0
       0
       0
       0
       0
       0
       0
       0
       0
       0
       0
       0
       1
       0
       0
       0
       1
       0
       2
       0
       0
       0
       0
       0
       0
       0
       0
       0
       0
       0
       0
       0
       0
       0
       0
       0
       0
       1
       0
       1
       0
       0
       0
       0
       0
       0
       0
       0
       1
       0
       0
       0
       0
       0
       0
       0
       0
       0
       0
       0
       0
       0
       0
       0
       0
       0
       0
       0
       0
       1
       0
       0
       0
       0
       0
       0
       0
       0
       0
       0
       0
       0
       0
       0
       0
       0
       0
       0
       0
       0
       0
       0
       0
       0
       0
       0
       0
       0
       0
       0
       0
       0
       0
       1
       0
       0
       0
       0
       0
       0
       0
       0
       0
       0
       0
       1
       0
       0
       0
       0
       0
       0
       0
       0
       0
       0
       0
       0
       0
       0
       0
       0
       0
       0
       0
       0
       0
       0
       0
       0
       0
       0
       0
       0
       0
       0
       0
       0
       0
       0
       0
       0
       0
       0
       0
       0
       0
       0
       0
       0
       0
       0
       0
       0
       0
       1
       0
       0
       0
       0
       0
       0
       0
       0
       0
       0
       0
       1
       0
       0
       0
       0
       1
       0
       0
       0
       0
       0
       0
       1
       0
       0
       0
       0
       0
       0
       0
       0
       0
       1
       0
       0
       0
       0
       1
       0
       0
       0
       0
       0
       0
       0
       0
       0
       0
       0
       0
       0
       0
       0
       0
       0
       0
       1
       0
       0
       0
       0
       0
       0
       0
       0
       0
       0
       0
       0
       0
       0
       0
       0
       0
       0
       0
       0
       0
       0
       0
       0
       0
       0
       0
       0
       0
       0
       0
       0
       0
       0
       0
       0
       0
       0
       0
       0
       0
       0
       0
       0
       0
       0
       0
       0
       0
       0
       0
       0
       0
       0
       0
       0
       0
       0
       0
       0
       0
       1
       0
       0
       0
       0
       0
       0
       0
       0
       0
       0
       0
       0
       0
       0
       0
       0
       0
       0
       0
       0
       0
       0
       1
       0
       0
       0
       0
       0
       0
       0
       0
       0
       1
       0
       0
       0
       0
       2
       0
       0
       0
       1
       0
       0
       0
       0
       0
       0
       0
       0
       0
       1
       0
       0
       0
       0
       0
       0
       0
       0
       0
       0
       0
       0
       0
       0
       0
       0
       0
       0
       1
       0
       0
       0
       0
       0
       0
       0
       0
       0
       0
       0
       0
       0
       0
       0
       0
       0
       0
       0
       0
       0
       0
       0
       0
       0
       0
       0
       0
       0
       0
       0
       0
       0
       0
       1
       0
       0
       0
       0
       0
       0
       0
       0
       0
       0
       0
       0
       0
       0
       0
       0
       0
       0
       0
       0
       0
       0
       0
       0
       0
       1
       0
       0
       0
       0
       0
       0
       0
       0
       0
       0
       0
       0
       0
       0
       0
       0
       0
       0
       0
       0
       0
       0
       0
       0
       0
       0
       0
       0
       0
       0
       0
       0
       0
       0
       0
       0
       0
       0
       0
       0
       0
       0
       1
       0
       0
       0
       0
       0
       0
       0
       0
       0
       0
       0
       0
       0
       0
       0
       0
       0
       0
       0
       0
       0
       0
       0
       0
       0
       0
       0
       0
       0
       0
       0
       0
       0
       0
       0
       0
       0
       0
       0
       0
       0
       1
       0
       0
       0
       0
       0
       0
       0
       1
       0
       0
       0
       0
       0
       0
       0
       0
       0
       0
       0
       0
       0
       0
       0
       0
       0
       0
       0
       0
       0
       0
       0
       0
       0
       0
       0
       0
       0
       0
       0
       0
       0
       0
       0
       0
       0
       0
       0
       0
       0
       0
       0
       0
       0
       0
       0
       0
       0
       0
       0
       0
       0
       0
       0
       0
       0
       0
       0
       0
       0
       0
       0
       0
       0
       0
       0
       0
       0
       1
       0
       0
       0
       0
       1
       0
       0
       0
       0
       0
       0
       0
       0
       0
       1
       0
       0
       0
       0
       0
       0
       0
       0
       0
       0
       0
       0
       0
       0
       0
       0
       0
       0
       0
       0
       0
       1
       0
       1
       0
       0
       0
       0
       1
       0
       0
       0
       0
       0
       0
       0
       0
       0
       0
       0
       0
       0
       0
       0
       0
       0
       0
       0
       0
       0
       0
       0
       0
       0
       0
       0
       0
       0
       1
       0
       0
       0
       0
       0
       0
       0
       0
       0
       0
       0
       0
       0
       0
       0
       0
       0
       0
       0
       0
       0
       0
       0
       0
       0
       0
       0
       0
       0
       0
       0
       0
       0
       0
       0
       0
       0
       0
       0
       0
       0
       0
       0
       0
       0
       0
       0
       0
       0
       0
       0
       0
       0
       0
       0
       0
       0
       0
       0
       0
       0
       0
       0
       0
       0
       0
       0
       0
       0
       0
       0
       0
       0
       0
       0
       0
       0
       0
       0
       0
       0
       0
       0
       0
       0
       0
       0
       0
       0
       0
       0
       0
       0
       0
       0
       0
       0
       0
       0
       0
       0
       0
       0
       0
       0
       0
       0
       0
       0
       0
       0
       0
       0
       0
       0
       1
       0
       0
       0
       0
       0
       0
       0
       0
       0
       1
       0
       0
       0
       0
       0
       0
       0
       0
       0
       0
       0
       0
       0
       0
       0
       0
       0
       0
       0
       0
       0
       0
       1
       0
       0
       0
       0
       0
       0
       0
       0
       1
       0
       0
       0
       0
       0
       0
       0
       0
       0
       0
       0
       0
       0
       0
       0
       0
       1
       0
       0
       0
       0
       0
       0
       0
       0
       0
       0
       1
       0
       1
       0
       0
       1
       0
       0
       0
       0
       0
       0
       0
       0
       0
       0
       0
       0
       0
       0
       0
       0
       0
       0
       0
       0
       0
       0
       0
       0
       0
       0
       0
       0
       0
       0
       0
       0
       0
       0
       0
       0
       0
       0
       0
       1
       0
       0
       0
       0
       0
       0
       0
       0
       0
       0
       0
       0
       0
       0
       0
       0
       0
       0
       0
       0
       0
       0
       0
       0
       0
       0
       0
       0
       0
       0
       0
       0
       0
       0
       0
       0
       0
       0
       1
       0
       0
       0
       0
       0
       0
       0
       0
       0
       0
       0
       0
       0
       0
       0
       0
       0
       0
       0
       0
       0
       0
       0
       0
       0
       0
       0
       0
       0
       0
       0
       0
       0
       0
       0
       0
       0
       0
       0
       0
       0
       0
       0
       0
       0
       0
       0
       0
       0
       0
       0
       0
       0
       0
       0
       0
       0
       0
       0
       0
       0
       0
       0
       0
       0
       0
       0
       0
       0
       0
       0
       0
       0
       0
       0
       0
       0
       0
       1
       0
       0
       0
       0
       0
       0
       0
       0
       0
       0
       0
       1
       0
       0
       0
       0
       0
       0
       0
       0
       0
       0
       0
       0
       0
       0
       0
       0
       0
       0
       0
       0
       0
       0
       0
       0
       0
       0
       0
       0
       0
       0
       0
       0
       0
       1
       0
       0
       0
       0
       0
       0
       0
       0
       0
       0
       0
       0
       0
       0
       0
       0
       0
       0
       0
       0
       0
       1
       0
       0
       0
       0
       0
       0
       0
       0
       0
       0
       0
       0
       0
       0
       0
       0
       0
       0
       0
       0
       0
       0
       0
       0
       0
       0
       0
       0
       0
       0
       0
       0
       0
       0
       0
       0
       0
       0
       0
       0
       1
       0
       0
       0
       0
       0
       0
       0
       1
       0
       0
       0
       0
       0
       0
       1
       0
       0
       0
       0
       0
       0
       0
       0
       0
       0
       0
       0
       0
       0
       0
       0
       0
       0
       0
       0
       0
       0
       0
       0
       0
       0
       0
       0
       0
       0
       0
       0
       0
       0
       0
       0
       0
       0
       0
       0
       0
       0
       0
       0
       0
       0
       1
       1
       0
       0
       0
       0
       0
       1
       0
       0
       0
       0
       0
       0
       0
       0
       1
       0
       0
       0
       0
       0
       0
       0
       0
       0
       0
       0
       0
       0
       0
       0
       0
       0
       0
       0
       0
       0
       0
       0
       0
       0
       0
       0
       0
       0
       0
       0
       0
       0
       0
       0
       0
       1
       0
       0
       0
       0
       0
       0
       0
       0
       0
       0
       0
       0
       0
       0
       0
       0
       0
       0
       0
       0
       0
       0
       0
       0
       0
       0
       0
       0
       0
       0
       0
       0
       0
       0
       0
       0
       0
       0
       0
       0
       0
       0
       0
       0
       0
       0
       0
       0
       0
       0
       0
       0
       0
       0
       0
       0
       0
       0
       0
       0
       0
       0
       0
       0
       0
       0
       0
       0
       0
       0
       0
       0
       1
       0
       0
       0
       0
       0
       0
       1
       0
       1
       0
       0
       0
       0
       0
       0
       0
       0
       0
       0
       0
       0
       0
       0
       0
       0
       0
       0
       0
       1
       0
       0
       0
       0
       0
       1
       0
       0
       0
       0
       0
       0
       0
       0
       0
       0
       0
       0
       0
       0
       0
       0
       0
       0
       0
       0
       0
       0
       0
       0
       0
       0
       0
       0
       0
       0
       0
       0
       0
       0
       0
       0
       0
       0
       0
       0
       0
       0
       0
       0
       0
       0
       0
       0
       0
       0
       0
       0
       0
       0
       0
       0
       0
       0
       0
       0
       0
       0
       0
       0
       0
       0
       0
       0
       0
       0
       0
       0
       1
       1
       0
       0
       0
       0
       0
       1
       0
       0
       0
       0
       0
       0
       0
       0
       0
       0
       0
       0
       0
       0
       0
       0
       0
       0
       0
       0
       0
       0
       0
       0
       0
       0
       0
       0
       0
       0
       0
       0
       0
       0
       0
       0
       0
       0
       0
       0
       0
       0
       0
       0
       0
       0
       0
       0
       0
       0
       0
       0
       0
       0
       0
       0
       0
       0
       0
       0
       1
       0
       0
       0
       0
       0
       0
       0
       0
       0
       0
       0
       0
       0
       0
       1
       0
       0
       0
       0
       0
       0
       0
       0
       0
       0
       0
       0
       0
       0
       0
       0
       0
       0
       0
       0
       0
       0
       0
       0
       0
       0
       0
       0
       0
       0
       0
       1
       0
       0
       0
       0
       0
       0
       0
       0
       0
       0
       0
       0
       0
       0
       0
       0
       0
       0
       0
       0
       0
       0
       0
       0
       0
       0
       0
       0
       0
       0
       0
       0
       0
       0
       0
       0
       0
       0
       0
       1
       0
       0
       0
       0
       1
       0
       0
       0
       0
       0
       0
       0
       0
       1
       0
       0
       0
       1
       0
       0
       0
       0
       0
       0
       0
       0
       0
       0
       0
       0
       0
       0
       0
       0
       0
       0
       0
       0
       0
       0
       0
       0
       0
       0
       0
       0
       0
       0
       0
       0
       0
       0
       0
       0
       0
       0
       1
       0
       0
       0
       0
       0
       0
       0
       0
       1
       0
       0
       0
       0
       0
       0
       0
       0
       0
       0
       0
       0
       0
       0
       0
       0
       0
       0
       0
       0
       0
       0
       0
       0
       0
       0
       0
       0
       0
       0
       0
       0
       0
       0
       0
       0
       0
       0
       0
       0
       0
       0
       0
       0
       0
       0
       0
       0
       0
       0
       0
       0
       0
       0
       0
       0
       0
       0
       0
       0
       0
       0
       0
       0
       0
       0
       0
       0
       0
       0
       0
       0
       0
       0
       0
       0
       0
       0
       0
       0
       0
       0
       0
       0
       0
       0
       0
       0
       0
       0
       0
       0
       0
       0
       0
       0
       0
       0
       0
       0
       0
       0
       0
       0
       0
       0
       0
       0
       0
       0
       0
       0
       0
       0
       0
       0
       0
       0
       0
       0
       0
       0
       0
       0
       0
       0
       0
       0
       0
       0
       0
       0
       0
       0
       0
       0
       0
       0
       0
       0
       0
       0
       0
       0
       0
       0
       0
       0
       0
       0
       0
       0
       0
       0
       0
$ROI:
0
$PRESETS:
Live Time
3600
0
$ENER_FIT:
8.931054 0.240803
$MCA_CAL:
3
8.931054E+000 2.408025E-001 6.157388E-008 keV
$SHAPE_CAL:
3
9.658150E+000 -1.618950E-003 2.758845E-007
