# Target Z    :  13
# Target A    :  27
# Target state:  
# Projectile  : p
# Reaction    : (p,xd)
# E-inc       :   42.000 MeV
# Quantity    : Double-differential cross section
# Frame       : L
# MF          :    6
# MT          :  204
# X4 ID       : E2400134 
# X4 code     : 13-AL-27(P,X)1-H-2,,DA/DE
# Author      : Harada                   
# Year        : 2002
# Data points :     93
# E-out(MeV) xs(mb/MeV.sr) dxs(mb/MeV.sr) dE(MeV)      Evaluation  C/E(F)      Chi-2     Delta(mb)
  1.35000E+01  5.93700E-08  3.00200E-09  0.00000E+00  1.50000E+02
  1.40000E+01  5.89100E-08  2.99100E-09  0.00000E+00  1.50000E+02
  1.45000E+01  5.33000E-08  2.84500E-09  0.00000E+00  1.50000E+02
  1.50000E+01  4.92000E-08  2.73300E-09  0.00000E+00  1.50000E+02
  1.55000E+01  4.14500E-08  2.50900E-09  0.00000E+00  1.50000E+02
  1.60000E+01  4.16000E-08  2.51300E-09  0.00000E+00  1.50000E+02
  1.65000E+01  3.67400E-08  2.36200E-09  0.00000E+00  1.50000E+02
  1.70000E+01  3.26400E-08  2.22600E-09  0.00000E+00  1.50000E+02
  1.75000E+01  3.32500E-08  2.24700E-09  0.00000E+00  1.50000E+02
  1.80000E+01  3.28000E-08  2.23100E-09  0.00000E+00  1.50000E+02
  1.85000E+01  2.80900E-08  2.06500E-09  0.00000E+00  1.50000E+02
  1.90000E+01  2.03400E-08  1.75700E-09  0.00000E+00  1.50000E+02
  1.95000E+01  2.23200E-08  1.84100E-09  0.00000E+00  1.50000E+02
  2.00000E+01  2.12500E-08  1.79600E-09  0.00000E+00  1.50000E+02
  2.05000E+01  2.82400E-08  2.07100E-09  0.00000E+00  1.50000E+02
  2.10000E+01  4.23600E-08  2.53600E-09  0.00000E+00  1.50000E+02
  2.15000E+01  3.09700E-08  2.16800E-09  0.00000E+00  1.50000E+02
  2.20000E+01  2.11000E-08  1.79000E-09  0.00000E+00  1.50000E+02
  2.25000E+01  1.12300E-08  1.30600E-09  0.00000E+00  1.50000E+02
  2.30000E+01  2.71800E-08  2.03100E-09  0.00000E+00  1.50000E+02
  2.35000E+01  5.31400E-09  8.98300E-10  0.00000E+00  1.50000E+02
  2.40000E+01  7.59200E-09  1.07300E-09  0.00000E+00  1.50000E+02
  2.45000E+01  1.33600E-08  1.42400E-09  0.00000E+00  1.50000E+02
  2.50000E+01  1.47300E-08  1.49500E-09  0.00000E+00  1.50000E+02
  2.55000E+01  1.51800E-10  1.51800E-10  0.00000E+00  1.50000E+02
  2.60000E+01  0.00000E+00  0.00000E+00  0.00000E+00  1.50000E+02
  2.65000E+01  4.55500E-10  2.63000E-10  0.00000E+00  1.50000E+02
  2.70000E+01  0.00000E+00  0.00000E+00  0.00000E+00  1.50000E+02
  2.75000E+01  3.03700E-10  2.14700E-10  0.00000E+00  1.50000E+02
  2.80000E+01  1.51800E-10  1.51800E-10  0.00000E+00  1.50000E+02
  2.85000E+01  3.03700E-10  2.14700E-10  0.00000E+00  1.50000E+02
  2.90000E+01  0.00000E+00  0.00000E+00  0.00000E+00  1.50000E+02
  2.95000E+01  0.00000E+00  0.00000E+00  0.00000E+00  1.50000E+02
  3.00000E+01  0.00000E+00  0.00000E+00  0.00000E+00  1.50000E+02
  3.05000E+01  0.00000E+00  0.00000E+00  0.00000E+00  1.50000E+02
  3.10000E+01  1.51800E-10  1.51800E-10  0.00000E+00  1.50000E+02
  3.15000E+01  0.00000E+00  0.00000E+00  0.00000E+00  1.50000E+02
  3.20000E+01  0.00000E+00  0.00000E+00  0.00000E+00  1.50000E+02
  3.25000E+01  0.00000E+00  0.00000E+00  0.00000E+00  1.50000E+02
  3.30000E+01  0.00000E+00  0.00000E+00  0.00000E+00  1.50000E+02
  3.35000E+01  0.00000E+00  0.00000E+00  0.00000E+00  1.50000E+02
  3.40000E+01  0.00000E+00  0.00000E+00  0.00000E+00  1.50000E+02
  3.45000E+01  0.00000E+00  0.00000E+00  0.00000E+00  1.50000E+02
  3.50000E+01  0.00000E+00  0.00000E+00  0.00000E+00  1.50000E+02
  3.55000E+01  0.00000E+00  0.00000E+00  0.00000E+00  1.50000E+02
  3.60000E+01  0.00000E+00  0.00000E+00  0.00000E+00  1.50000E+02
  3.65000E+01  1.51800E-10  1.51800E-10  0.00000E+00  1.50000E+02
  3.70000E+01  0.00000E+00  0.00000E+00  0.00000E+00  1.50000E+02
  3.75000E+01  0.00000E+00  0.00000E+00  0.00000E+00  1.50000E+02
  3.80000E+01  0.00000E+00  0.00000E+00  0.00000E+00  1.50000E+02
  3.85000E+01  0.00000E+00  0.00000E+00  0.00000E+00  1.50000E+02
  3.90000E+01  0.00000E+00  0.00000E+00  0.00000E+00  1.50000E+02
  3.95000E+01  0.00000E+00  0.00000E+00  0.00000E+00  1.50000E+02
  4.00000E+01  0.00000E+00  0.00000E+00  0.00000E+00  1.50000E+02
  4.05000E+01  0.00000E+00  0.00000E+00  0.00000E+00  1.50000E+02
  4.10000E+01  0.00000E+00  0.00000E+00  0.00000E+00  1.50000E+02
  4.15000E+01  0.00000E+00  0.00000E+00  0.00000E+00  1.50000E+02
  4.20000E+01  0.00000E+00  0.00000E+00  0.00000E+00  1.50000E+02
  4.25000E+01  0.00000E+00  0.00000E+00  0.00000E+00  1.50000E+02
  4.30000E+01  0.00000E+00  0.00000E+00  0.00000E+00  1.50000E+02
  4.35000E+01  0.00000E+00  0.00000E+00  0.00000E+00  1.50000E+02
  4.40000E+01  0.00000E+00  0.00000E+00  0.00000E+00  1.50000E+02
  4.45000E+01  0.00000E+00  0.00000E+00  0.00000E+00  1.50000E+02
  4.50000E+01  0.00000E+00  0.00000E+00  0.00000E+00  1.50000E+02
  4.55000E+01  0.00000E+00  0.00000E+00  0.00000E+00  1.50000E+02
  4.60000E+01  0.00000E+00  0.00000E+00  0.00000E+00  1.50000E+02
  4.65000E+01  0.00000E+00  0.00000E+00  0.00000E+00  1.50000E+02
  4.70000E+01  0.00000E+00  0.00000E+00  0.00000E+00  1.50000E+02
  4.75000E+01  0.00000E+00  0.00000E+00  0.00000E+00  1.50000E+02
  4.80000E+01  0.00000E+00  0.00000E+00  0.00000E+00  1.50000E+02
  4.85000E+01  0.00000E+00  0.00000E+00  0.00000E+00  1.50000E+02
  4.90000E+01  0.00000E+00  0.00000E+00  0.00000E+00  1.50000E+02
  4.95000E+01  0.00000E+00  0.00000E+00  0.00000E+00  1.50000E+02
  5.00000E+01  0.00000E+00  0.00000E+00  0.00000E+00  1.50000E+02
  5.05000E+01  0.00000E+00  0.00000E+00  0.00000E+00  1.50000E+02
  5.10000E+01  0.00000E+00  0.00000E+00  0.00000E+00  1.50000E+02
  5.15000E+01  0.00000E+00  0.00000E+00  0.00000E+00  1.50000E+02
  5.20000E+01  0.00000E+00  0.00000E+00  0.00000E+00  1.50000E+02
  5.25000E+01  0.00000E+00  0.00000E+00  0.00000E+00  1.50000E+02
  5.30000E+01  0.00000E+00  0.00000E+00  0.00000E+00  1.50000E+02
  5.35000E+01  0.00000E+00  0.00000E+00  0.00000E+00  1.50000E+02
  5.40000E+01  0.00000E+00  0.00000E+00  0.00000E+00  1.50000E+02
  5.45000E+01  0.00000E+00  0.00000E+00  0.00000E+00  1.50000E+02
  5.50000E+01  0.00000E+00  0.00000E+00  0.00000E+00  1.50000E+02
  5.55000E+01  0.00000E+00  0.00000E+00  0.00000E+00  1.50000E+02
  5.60000E+01  0.00000E+00  0.00000E+00  0.00000E+00  1.50000E+02
  5.65000E+01  0.00000E+00  0.00000E+00  0.00000E+00  1.50000E+02
  5.70000E+01  0.00000E+00  0.00000E+00  0.00000E+00  1.50000E+02
  5.75000E+01  0.00000E+00  0.00000E+00  0.00000E+00  1.50000E+02
  5.80000E+01  0.00000E+00  0.00000E+00  0.00000E+00  1.50000E+02
  5.85000E+01  0.00000E+00  0.00000E+00  0.00000E+00  1.50000E+02
  5.90000E+01  0.00000E+00  0.00000E+00  0.00000E+00  1.50000E+02
  5.95000E+01  0.00000E+00  0.00000E+00  0.00000E+00  1.50000E+02
# Full reference:
#M.Harada,  Y.Watanabe,  Y.Tanaka,  Y.Matsuoka,  K.Shin, S.Meigo,  H.Nakashima,  H.Takada,  T.Sasa,
# O.Iwamoto, T.Fukahori,  S.Chiba,  S.Tanaka
#Jour. Jour. of Nuclear Science and Technology Suppl. Vol.2, p.393, 2002
#Light charged-particle production in proton-induced reactions on 12C, 27Al, 58Ni, 90Zr, 197Au, and 209Bi at 42 and 68 MeV
#
