# Target Z    :  13
# Target A    :  27
# Target state:  
# Projectile  : p
# Reaction    : (p,xd)
# E-inc       :   68.000 MeV
# Quantity    : Double-differential cross section
# Frame       : L
# MF          :    6
# MT          :  204
# X4 ID       : E2400136 
# X4 code     : 13-AL-27(P,X)1-H-2,,DA/DE
# Author      : Harada                   
# Year        : 2002
# Data points :    132
# E-out(MeV) xs(mb/MeV.sr) dxs(mb/MeV.sr) dE(MeV)      Evaluation  C/E(F)      Chi-2     Delta(mb)
  2.50000E+00  2.70800E-07  2.31400E-08  0.00000E+00  3.00000E+01
  3.00000E+00  2.66800E-07  2.29700E-08  0.00000E+00  3.00000E+01
  3.50000E+00  3.75600E-07  2.72500E-08  0.00000E+00  3.00000E+01
  4.00000E+00  4.46700E-07  2.97200E-08  0.00000E+00  3.00000E+01
  4.50000E+00  4.34900E-07  2.93200E-08  0.00000E+00  3.00000E+01
  5.00000E+00  4.36900E-07  2.93900E-08  0.00000E+00  3.00000E+01
  5.50000E+00  4.61800E-07  3.07200E-08  0.00000E+00  3.00000E+01
  6.00000E+00  4.44800E-07  2.96500E-08  0.00000E+00  3.00000E+01
  6.50000E+00  4.74400E-07  3.06200E-08  0.00000E+00  3.00000E+01
  7.00000E+00  4.36900E-07  2.93900E-08  0.00000E+00  3.00000E+01
  7.50000E+00  4.80400E-07  3.08100E-08  0.00000E+00  3.00000E+01
  8.00000E+00  5.03400E-07  3.20300E-08  0.00000E+00  3.00000E+01
  8.50000E+00  4.48700E-07  2.97800E-08  0.00000E+00  3.00000E+01
  9.00000E+00  3.90700E-07  2.83400E-08  0.00000E+00  3.00000E+01
  1.15000E+01  3.36200E-07  2.95000E-08  0.00000E+00  3.00000E+01
  1.20000E+01  3.68300E-07  3.02700E-08  0.00000E+00  3.00000E+01
  1.25000E+01  2.96100E-07  2.71400E-08  0.00000E+00  3.00000E+01
  1.30000E+01  3.43400E-07  2.92300E-08  0.00000E+00  3.00000E+01
  1.35000E+01  2.96100E-07  2.71400E-08  0.00000E+00  3.00000E+01
  1.40000E+01  3.13800E-07  2.85400E-08  0.00000E+00  3.00000E+01
  1.45000E+01  3.90600E-07  3.11800E-08  0.00000E+00  3.00000E+01
  1.50000E+01  3.08500E-07  2.77100E-08  0.00000E+00  3.00000E+01
  1.55000E+01  2.68700E-07  2.58600E-08  0.00000E+00  3.00000E+01
  1.60000E+01  3.38400E-07  2.90200E-08  0.00000E+00  3.00000E+01
  1.65000E+01  3.11000E-07  2.78200E-08  0.00000E+00  3.00000E+01
  1.70000E+01  2.96100E-07  2.71400E-08  0.00000E+00  3.00000E+01
  1.75000E+01  3.30900E-07  2.86900E-08  0.00000E+00  3.00000E+01
  1.80000E+01  2.88600E-07  2.68000E-08  0.00000E+00  3.00000E+01
  1.85000E+01  3.16000E-07  2.80400E-08  0.00000E+00  3.00000E+01
  1.90000E+01  3.25900E-07  2.84800E-08  0.00000E+00  3.00000E+01
  1.95000E+01  2.83900E-07  2.72000E-08  0.00000E+00  3.00000E+01
  2.00000E+01  3.41200E-07  2.97000E-08  0.00000E+00  3.00000E+01
  2.05000E+01  2.78700E-07  2.63300E-08  0.00000E+00  3.00000E+01
  2.10000E+01  3.06000E-07  2.75900E-08  0.00000E+00  3.00000E+01
  2.15000E+01  2.88600E-07  2.68000E-08  0.00000E+00  3.00000E+01
  2.20000E+01  3.09100E-07  2.89200E-08  0.00000E+00  3.00000E+01
  2.25000E+01  2.81200E-07  2.64500E-08  0.00000E+00  3.00000E+01
  2.30000E+01  3.45900E-07  2.93300E-08  0.00000E+00  3.00000E+01
  2.35000E+01  3.16000E-07  2.80400E-08  0.00000E+00  3.00000E+01
  2.40000E+01  2.91100E-07  2.69100E-08  0.00000E+00  3.00000E+01
  2.45000E+01  2.86100E-07  2.66800E-08  0.00000E+00  3.00000E+01
  2.50000E+01  2.66200E-07  2.57400E-08  0.00000E+00  3.00000E+01
  2.55000E+01  3.21300E-07  2.88600E-08  0.00000E+00  3.00000E+01
  2.60000E+01  3.33400E-07  2.88000E-08  0.00000E+00  3.00000E+01
  2.65000E+01  3.40900E-07  2.91200E-08  0.00000E+00  3.00000E+01
  2.70000E+01  3.58300E-07  2.98600E-08  0.00000E+00  3.00000E+01
  2.75000E+01  3.21000E-07  2.82600E-08  0.00000E+00  3.00000E+01
  2.80000E+01  3.06000E-07  2.75900E-08  0.00000E+00  3.00000E+01
  2.85000E+01  3.35900E-07  2.89100E-08  0.00000E+00  3.00000E+01
  2.90000E+01  3.28400E-07  2.85900E-08  0.00000E+00  3.00000E+01
  2.95000E+01  3.11000E-07  2.78200E-08  0.00000E+00  3.00000E+01
  3.00000E+01  2.96100E-07  2.71400E-08  0.00000E+00  3.00000E+01
  3.05000E+01  3.23500E-07  2.83700E-08  0.00000E+00  3.00000E+01
  3.10000E+01  3.25900E-07  2.84800E-08  0.00000E+00  3.00000E+01
  3.15000E+01  3.06000E-07  2.75900E-08  0.00000E+00  3.00000E+01
  3.20000E+01  3.08800E-07  2.83200E-08  0.00000E+00  3.00000E+01
  3.25000E+01  3.30900E-07  2.86900E-08  0.00000E+00  3.00000E+01
  3.30000E+01  3.43400E-07  2.92300E-08  0.00000E+00  3.00000E+01
  3.35000E+01  3.11000E-07  2.78200E-08  0.00000E+00  3.00000E+01
  3.40000E+01  3.45900E-07  2.93300E-08  0.00000E+00  3.00000E+01
  3.45000E+01  3.73200E-07  3.04700E-08  0.00000E+00  3.00000E+01
  3.50000E+01  3.35900E-07  2.89100E-08  0.00000E+00  3.00000E+01
  3.55000E+01  3.58300E-07  2.98600E-08  0.00000E+00  3.00000E+01
  3.60000E+01  3.58300E-07  2.98600E-08  0.00000E+00  3.00000E+01
  3.65000E+01  3.65800E-07  3.01700E-08  0.00000E+00  3.00000E+01
  3.70000E+01  3.13500E-07  2.79300E-08  0.00000E+00  3.00000E+01
  3.75000E+01  3.21000E-07  2.82600E-08  0.00000E+00  3.00000E+01
  3.80000E+01  3.23800E-07  2.89700E-08  0.00000E+00  3.00000E+01
  3.85000E+01  2.98600E-07  2.72600E-08  0.00000E+00  3.00000E+01
  3.90000E+01  3.48300E-07  2.94400E-08  0.00000E+00  3.00000E+01
  3.95000E+01  2.96100E-07  2.71400E-08  0.00000E+00  3.00000E+01
  4.00000E+01  3.13800E-07  2.85400E-08  0.00000E+00  3.00000E+01
  4.05000E+01  3.08500E-07  2.77100E-08  0.00000E+00  3.00000E+01
  4.10000E+01  3.40900E-07  2.91200E-08  0.00000E+00  3.00000E+01
  4.15000E+01  3.11300E-07  2.84300E-08  0.00000E+00  3.00000E+01
  4.20000E+01  2.78700E-07  2.63300E-08  0.00000E+00  3.00000E+01
  4.25000E+01  3.21000E-07  2.82600E-08  0.00000E+00  3.00000E+01
  4.30000E+01  3.16000E-07  2.80400E-08  0.00000E+00  3.00000E+01
  4.35000E+01  3.35900E-07  2.89100E-08  0.00000E+00  3.00000E+01
  4.40000E+01  3.01100E-07  2.73700E-08  0.00000E+00  3.00000E+01
  4.45000E+01  3.90600E-07  3.11800E-08  0.00000E+00  3.00000E+01
  4.50000E+01  3.16000E-07  2.80400E-08  0.00000E+00  3.00000E+01
  4.55000E+01  3.33400E-07  2.88000E-08  0.00000E+00  3.00000E+01
  4.60000E+01  3.25900E-07  2.84800E-08  0.00000E+00  3.00000E+01
  4.65000E+01  5.37500E-07  3.65700E-08  0.00000E+00  3.00000E+01
  4.70000E+01  3.43400E-07  2.92300E-08  0.00000E+00  3.00000E+01
  4.75000E+01  6.29500E-07  3.95800E-08  0.00000E+00  3.00000E+01
  4.80000E+01  5.15100E-07  3.58000E-08  0.00000E+00  3.00000E+01
  4.85000E+01  4.33000E-07  3.28200E-08  0.00000E+00  3.00000E+01
  4.90000E+01  3.56100E-07  3.03200E-08  0.00000E+00  3.00000E+01
  4.95000E+01  2.88600E-07  2.68000E-08  0.00000E+00  3.00000E+01
  5.00000E+01  5.22500E-07  3.60600E-08  0.00000E+00  3.00000E+01
  5.05000E+01  4.90200E-07  3.49200E-08  0.00000E+00  3.00000E+01
  5.10000E+01  1.36120E-06  5.82000E-08  0.00000E+00  3.00000E+01
  5.15000E+01  4.42900E-07  3.32000E-08  0.00000E+00  3.00000E+01
  5.20000E+01  5.97200E-07  3.85500E-08  0.00000E+00  3.00000E+01
  5.25000E+01  2.66200E-07  2.57400E-08  0.00000E+00  3.00000E+01
  5.30000E+01  1.07750E-06  5.17800E-08  0.00000E+00  3.00000E+01
  5.35000E+01  8.58500E-07  4.62200E-08  0.00000E+00  3.00000E+01
  5.40000E+01  2.46300E-07  2.47600E-08  0.00000E+00  3.00000E+01
  5.45000E+01  4.28000E-07  3.26300E-08  0.00000E+00  3.00000E+01
  5.50000E+01  1.01530E-06  5.02600E-08  0.00000E+00  3.00000E+01
  5.55000E+01  1.23180E-06  5.53600E-08  0.00000E+00  3.00000E+01
  5.60000E+01  4.97700E-08  1.11200E-08  0.00000E+00  3.00000E+01
  5.65000E+01  2.98600E-08  8.62000E-09  0.00000E+00  3.00000E+01
  5.70000E+01  1.49300E-08  6.09500E-09  0.00000E+00  3.00000E+01
  5.75000E+01  7.46500E-09  4.31000E-09  0.00000E+00  3.00000E+01
  5.80000E+01  2.48800E-09  2.48800E-09  0.00000E+00  3.00000E+01
  5.85000E+01  0.00000E+00  0.00000E+00  0.00000E+00  3.00000E+01
  5.90000E+01  0.00000E+00  0.00000E+00  0.00000E+00  3.00000E+01
  5.95000E+01  0.00000E+00  0.00000E+00  0.00000E+00  3.00000E+01
  6.00000E+01  0.00000E+00  0.00000E+00  0.00000E+00  3.00000E+01
  6.05000E+01  0.00000E+00  0.00000E+00  0.00000E+00  3.00000E+01
  6.10000E+01  0.00000E+00  0.00000E+00  0.00000E+00  3.00000E+01
  6.15000E+01  0.00000E+00  0.00000E+00  0.00000E+00  3.00000E+01
  6.20000E+01  0.00000E+00  0.00000E+00  0.00000E+00  3.00000E+01
  6.25000E+01  0.00000E+00  0.00000E+00  0.00000E+00  3.00000E+01
  6.30000E+01  0.00000E+00  0.00000E+00  0.00000E+00  3.00000E+01
  6.35000E+01  0.00000E+00  0.00000E+00  0.00000E+00  3.00000E+01
  6.40000E+01  0.00000E+00  0.00000E+00  0.00000E+00  3.00000E+01
  6.45000E+01  0.00000E+00  0.00000E+00  0.00000E+00  3.00000E+01
  6.50000E+01  0.00000E+00  0.00000E+00  0.00000E+00  3.00000E+01
  6.55000E+01  0.00000E+00  0.00000E+00  0.00000E+00  3.00000E+01
  6.60000E+01  0.00000E+00  0.00000E+00  0.00000E+00  3.00000E+01
  6.65000E+01  0.00000E+00  0.00000E+00  0.00000E+00  3.00000E+01
  6.70000E+01  0.00000E+00  0.00000E+00  0.00000E+00  3.00000E+01
  6.75000E+01  0.00000E+00  0.00000E+00  0.00000E+00  3.00000E+01
  6.80000E+01  0.00000E+00  0.00000E+00  0.00000E+00  3.00000E+01
  6.85000E+01  0.00000E+00  0.00000E+00  0.00000E+00  3.00000E+01
  6.90000E+01  0.00000E+00  0.00000E+00  0.00000E+00  3.00000E+01
  6.95000E+01  0.00000E+00  0.00000E+00  0.00000E+00  3.00000E+01
  7.00000E+01  0.00000E+00  0.00000E+00  0.00000E+00  3.00000E+01
# Full reference:
#M.Harada,  Y.Watanabe,  Y.Tanaka,  Y.Matsuoka,  K.Shin, S.Meigo,  H.Nakashima,  H.Takada,  T.Sasa,
# O.Iwamoto, T.Fukahori,  S.Chiba,  S.Tanaka
#Jour. Jour. of Nuclear Science and Technology Suppl. Vol.2, p.393, 2002
#Light charged-particle production in proton-induced reactions on 12C, 27Al, 58Ni, 90Zr, 197Au, and 209Bi at 42 and 68 MeV
#
