# Target Z    :  13
# Target A    :  27
# Target state:  
# Projectile  : p
# Reaction    : (p,xd)
# E-inc       :   68.000 MeV
# Quantity    : Double-differential cross section
# Frame       : L
# MF          :    6
# MT          :  204
# X4 ID       : E2400142 
# X4 code     : 13-AL-27(P,X)1-H-2,,DA/DE
# Author      : Harada                   
# Year        : 2002
# Data points :    132
# E-out(MeV) xs(mb/MeV.sr) dxs(mb/MeV.sr) dE(MeV)      Evaluation  C/E(F)      Chi-2     Delta(mb)
  2.50000E+00  2.50300E-07  7.19800E-09  0.00000E+00  1.20000E+02
  3.00000E+00  2.77000E-07  7.57200E-09  0.00000E+00  1.20000E+02
  3.50000E+00  2.66700E-07  7.42900E-09  0.00000E+00  1.20000E+02
  4.00000E+00  2.52600E-07  7.23000E-09  0.00000E+00  1.20000E+02
  4.50000E+00  2.47200E-07  7.15300E-09  0.00000E+00  1.20000E+02
  5.00000E+00  2.29900E-07  6.89700E-09  0.00000E+00  1.20000E+02
  5.50000E+00  2.04600E-07  6.50700E-09  0.00000E+00  1.20000E+02
  6.00000E+00  1.87400E-07  6.22800E-09  0.00000E+00  1.20000E+02
  6.50000E+00  1.88700E-07  6.24900E-09  0.00000E+00  1.20000E+02
  7.00000E+00  1.79800E-07  6.10000E-09  0.00000E+00  1.20000E+02
  7.50000E+00  1.46300E-07  5.50200E-09  0.00000E+00  1.20000E+02
  8.00000E+00  1.57600E-07  5.71200E-09  0.00000E+00  1.20000E+02
  8.50000E+00  1.37400E-07  5.33200E-09  0.00000E+00  1.20000E+02
  9.00000E+00  1.26200E-07  5.11000E-09  0.00000E+00  1.20000E+02
  1.15000E+01  1.04600E-07  5.15600E-09  0.00000E+00  1.20000E+02
  1.20000E+01  9.19600E-08  4.83300E-09  0.00000E+00  1.20000E+02
  1.25000E+01  8.23100E-08  4.57200E-09  0.00000E+00  1.20000E+02
  1.30000E+01  7.54500E-08  4.37800E-09  0.00000E+00  1.20000E+02
  1.35000E+01  7.24000E-08  4.28800E-09  0.00000E+00  1.20000E+02
  1.40000E+01  6.96000E-08  4.20500E-09  0.00000E+00  1.20000E+02
  1.45000E+01  5.91900E-08  3.87700E-09  0.00000E+00  1.20000E+02
  1.50000E+01  6.42700E-08  4.04000E-09  0.00000E+00  1.20000E+02
  1.55000E+01  6.40100E-08  4.03200E-09  0.00000E+00  1.20000E+02
  1.60000E+01  5.20700E-08  3.63700E-09  0.00000E+00  1.20000E+02
  1.65000E+01  4.95300E-08  3.54700E-09  0.00000E+00  1.20000E+02
  1.70000E+01  4.90300E-08  3.52900E-09  0.00000E+00  1.20000E+02
  1.75000E+01  4.44500E-08  3.36000E-09  0.00000E+00  1.20000E+02
  1.80000E+01  4.47100E-08  3.37000E-09  0.00000E+00  1.20000E+02
  1.85000E+01  3.58200E-08  3.01600E-09  0.00000E+00  1.20000E+02
  1.90000E+01  4.24200E-08  3.28200E-09  0.00000E+00  1.20000E+02
  1.95000E+01  3.17500E-08  2.84000E-09  0.00000E+00  1.20000E+02
  2.00000E+01  3.35300E-08  2.91800E-09  0.00000E+00  1.20000E+02
  2.05000E+01  3.65800E-08  3.04800E-09  0.00000E+00  1.20000E+02
  2.10000E+01  2.94600E-08  2.73600E-09  0.00000E+00  1.20000E+02
  2.15000E+01  2.76900E-08  2.65200E-09  0.00000E+00  1.20000E+02
  2.20000E+01  2.61600E-08  2.57800E-09  0.00000E+00  1.20000E+02
  2.25000E+01  2.76900E-08  2.65200E-09  0.00000E+00  1.20000E+02
  2.30000E+01  3.02300E-08  2.77100E-09  0.00000E+00  1.20000E+02
  2.35000E+01  2.56500E-08  2.55300E-09  0.00000E+00  1.20000E+02
  2.40000E+01  1.77800E-08  2.12500E-09  0.00000E+00  1.20000E+02
  2.45000E+01  2.23500E-08  2.38300E-09  0.00000E+00  1.20000E+02
  2.50000E+01  2.13400E-08  2.32800E-09  0.00000E+00  1.20000E+02
  2.55000E+01  1.57500E-08  2.00000E-09  0.00000E+00  1.20000E+02
  2.60000E+01  1.14300E-08  1.70400E-09  0.00000E+00  1.20000E+02
  2.65000E+01  1.44800E-08  1.91800E-09  0.00000E+00  1.20000E+02
  2.70000E+01  1.27000E-08  1.79600E-09  0.00000E+00  1.20000E+02
  2.75000E+01  1.37100E-08  1.86600E-09  0.00000E+00  1.20000E+02
  2.80000E+01  1.29500E-08  1.81400E-09  0.00000E+00  1.20000E+02
  2.85000E+01  1.32100E-08  1.83100E-09  0.00000E+00  1.20000E+02
  2.90000E+01  1.44800E-08  1.91800E-09  0.00000E+00  1.20000E+02
  2.95000E+01  9.65300E-09  1.56600E-09  0.00000E+00  1.20000E+02
  3.00000E+01  1.01600E-08  1.60600E-09  0.00000E+00  1.20000E+02
  3.05000E+01  7.87500E-09  1.41400E-09  0.00000E+00  1.20000E+02
  3.10000E+01  9.39900E-09  1.54500E-09  0.00000E+00  1.20000E+02
  3.15000E+01  7.36700E-09  1.36800E-09  0.00000E+00  1.20000E+02
  3.20000E+01  8.38300E-09  1.45900E-09  0.00000E+00  1.20000E+02
  3.25000E+01  6.09700E-09  1.24400E-09  0.00000E+00  1.20000E+02
  3.30000E+01  7.62100E-09  1.39100E-09  0.00000E+00  1.20000E+02
  3.35000E+01  5.58800E-09  1.19100E-09  0.00000E+00  1.20000E+02
  3.40000E+01  5.08000E-09  1.13600E-09  0.00000E+00  1.20000E+02
  3.45000E+01  6.85900E-09  1.32000E-09  0.00000E+00  1.20000E+02
  3.50000E+01  5.84300E-09  1.21800E-09  0.00000E+00  1.20000E+02
  3.55000E+01  4.31800E-09  1.04700E-09  0.00000E+00  1.20000E+02
  3.60000E+01  5.84300E-09  1.21800E-09  0.00000E+00  1.20000E+02
  3.65000E+01  2.03200E-09  7.18500E-10  0.00000E+00  1.20000E+02
  3.70000E+01  3.55600E-09  9.50500E-10  0.00000E+00  1.20000E+02
  3.75000E+01  2.79400E-09  8.42500E-10  0.00000E+00  1.20000E+02
  3.80000E+01  2.79400E-09  8.42500E-10  0.00000E+00  1.20000E+02
  3.85000E+01  2.03200E-09  7.18500E-10  0.00000E+00  1.20000E+02
  3.90000E+01  1.27000E-09  5.68000E-10  0.00000E+00  1.20000E+02
  3.95000E+01  3.81000E-09  9.83900E-10  0.00000E+00  1.20000E+02
  4.00000E+01  3.81000E-09  9.83900E-10  0.00000E+00  1.20000E+02
  4.05000E+01  2.54000E-09  8.03300E-10  0.00000E+00  1.20000E+02
  4.10000E+01  1.52400E-09  6.22200E-10  0.00000E+00  1.20000E+02
  4.15000E+01  1.27000E-09  5.68000E-10  0.00000E+00  1.20000E+02
  4.20000E+01  2.03200E-09  7.18500E-10  0.00000E+00  1.20000E+02
  4.25000E+01  3.04800E-09  8.80000E-10  0.00000E+00  1.20000E+02
  4.30000E+01  6.09700E-09  1.24400E-09  0.00000E+00  1.20000E+02
  4.35000E+01  7.62100E-10  4.40000E-10  0.00000E+00  1.20000E+02
  4.40000E+01  2.28600E-09  7.62100E-10  0.00000E+00  1.20000E+02
  4.45000E+01  1.77800E-09  6.72100E-10  0.00000E+00  1.20000E+02
  4.50000E+01  1.52400E-09  6.22200E-10  0.00000E+00  1.20000E+02
  4.55000E+01  1.52400E-09  6.22200E-10  0.00000E+00  1.20000E+02
  4.60000E+01  5.08000E-10  3.59200E-10  0.00000E+00  1.20000E+02
  4.65000E+01  1.01600E-09  5.08000E-10  0.00000E+00  1.20000E+02
  4.70000E+01  1.52400E-09  6.22200E-10  0.00000E+00  1.20000E+02
  4.75000E+01  1.27000E-09  5.68000E-10  0.00000E+00  1.20000E+02
  4.80000E+01  0.00000E+00  0.00000E+00  0.00000E+00  1.20000E+02
  4.85000E+01  0.00000E+00  0.00000E+00  0.00000E+00  1.20000E+02
  4.90000E+01  0.00000E+00  0.00000E+00  0.00000E+00  1.20000E+02
  4.95000E+01  0.00000E+00  0.00000E+00  0.00000E+00  1.20000E+02
  5.00000E+01  0.00000E+00  0.00000E+00  0.00000E+00  1.20000E+02
  5.05000E+01  0.00000E+00  0.00000E+00  0.00000E+00  1.20000E+02
  5.10000E+01  0.00000E+00  0.00000E+00  0.00000E+00  1.20000E+02
  5.15000E+01  0.00000E+00  0.00000E+00  0.00000E+00  1.20000E+02
  5.20000E+01  2.54000E-10  2.54000E-10  0.00000E+00  1.20000E+02
  5.25000E+01  0.00000E+00  0.00000E+00  0.00000E+00  1.20000E+02
  5.30000E+01  0.00000E+00  0.00000E+00  0.00000E+00  1.20000E+02
  5.35000E+01  0.00000E+00  0.00000E+00  0.00000E+00  1.20000E+02
  5.40000E+01  0.00000E+00  0.00000E+00  0.00000E+00  1.20000E+02
  5.45000E+01  0.00000E+00  0.00000E+00  0.00000E+00  1.20000E+02
  5.50000E+01  0.00000E+00  0.00000E+00  0.00000E+00  1.20000E+02
  5.55000E+01  0.00000E+00  0.00000E+00  0.00000E+00  1.20000E+02
  5.60000E+01  0.00000E+00  0.00000E+00  0.00000E+00  1.20000E+02
  5.65000E+01  0.00000E+00  0.00000E+00  0.00000E+00  1.20000E+02
  5.70000E+01  0.00000E+00  0.00000E+00  0.00000E+00  1.20000E+02
  5.75000E+01  0.00000E+00  0.00000E+00  0.00000E+00  1.20000E+02
  5.80000E+01  0.00000E+00  0.00000E+00  0.00000E+00  1.20000E+02
  5.85000E+01  0.00000E+00  0.00000E+00  0.00000E+00  1.20000E+02
  5.90000E+01  0.00000E+00  0.00000E+00  0.00000E+00  1.20000E+02
  5.95000E+01  0.00000E+00  0.00000E+00  0.00000E+00  1.20000E+02
  6.00000E+01  0.00000E+00  0.00000E+00  0.00000E+00  1.20000E+02
  6.05000E+01  0.00000E+00  0.00000E+00  0.00000E+00  1.20000E+02
  6.10000E+01  0.00000E+00  0.00000E+00  0.00000E+00  1.20000E+02
  6.15000E+01  0.00000E+00  0.00000E+00  0.00000E+00  1.20000E+02
  6.20000E+01  0.00000E+00  0.00000E+00  0.00000E+00  1.20000E+02
  6.25000E+01  0.00000E+00  0.00000E+00  0.00000E+00  1.20000E+02
  6.30000E+01  0.00000E+00  0.00000E+00  0.00000E+00  1.20000E+02
  6.35000E+01  0.00000E+00  0.00000E+00  0.00000E+00  1.20000E+02
  6.40000E+01  0.00000E+00  0.00000E+00  0.00000E+00  1.20000E+02
  6.45000E+01  0.00000E+00  0.00000E+00  0.00000E+00  1.20000E+02
  6.50000E+01  0.00000E+00  0.00000E+00  0.00000E+00  1.20000E+02
  6.55000E+01  0.00000E+00  0.00000E+00  0.00000E+00  1.20000E+02
  6.60000E+01  0.00000E+00  0.00000E+00  0.00000E+00  1.20000E+02
  6.65000E+01  0.00000E+00  0.00000E+00  0.00000E+00  1.20000E+02
  6.70000E+01  0.00000E+00  0.00000E+00  0.00000E+00  1.20000E+02
  6.75000E+01  0.00000E+00  0.00000E+00  0.00000E+00  1.20000E+02
  6.80000E+01  0.00000E+00  0.00000E+00  0.00000E+00  1.20000E+02
  6.85000E+01  0.00000E+00  0.00000E+00  0.00000E+00  1.20000E+02
  6.90000E+01  0.00000E+00  0.00000E+00  0.00000E+00  1.20000E+02
  6.95000E+01  0.00000E+00  0.00000E+00  0.00000E+00  1.20000E+02
  7.00000E+01  0.00000E+00  0.00000E+00  0.00000E+00  1.20000E+02
# Full reference:
#M.Harada,  Y.Watanabe,  Y.Tanaka,  Y.Matsuoka,  K.Shin, S.Meigo,  H.Nakashima,  H.Takada,  T.Sasa,
# O.Iwamoto, T.Fukahori,  S.Chiba,  S.Tanaka
#Jour. Jour. of Nuclear Science and Technology Suppl. Vol.2, p.393, 2002
#Light charged-particle production in proton-induced reactions on 12C, 27Al, 58Ni, 90Zr, 197Au, and 209Bi at 42 and 68 MeV
#
