# Target Z    :  13
# Target A    :  27
# Target state:  
# Projectile  : p
# Reaction    : (p,xd)
# E-inc       :  558.000 MeV
# Quantity    : Double-differential cross section
# Frame       : L
# MF          :    6
# MT          :  204
# X4 ID       : O0664036 
# X4 code     : 13-AL-27(P,X)1-H-2,,DA/DE
# Author      : Beck                     
# Year        : 1976
# Data points :    457
# E-out(MeV) xs(mb/MeV.sr) dxs(mb/MeV.sr) dE(MeV)      Evaluation  C/E(F)      Chi-2     Delta(mb)
  8.99000E+01  2.41000E-07  3.50000E-08  0.00000E+00  9.99991E+00
  9.10000E+01  2.06000E-07  3.00000E-08  0.00000E+00  9.99991E+00
  9.22000E+01  1.60000E-07  2.40000E-08  0.00000E+00  9.99991E+00
  9.34000E+01  1.13000E-07  1.80000E-08  0.00000E+00  9.99991E+00
  9.46000E+01  1.69000E-07  2.30000E-08  0.00000E+00  9.99991E+00
  9.58000E+01  1.34000E-07  1.90000E-08  0.00000E+00  9.99991E+00
  9.71000E+01  1.28000E-07  1.80000E-08  0.00000E+00  9.99991E+00
  9.83000E+01  1.37000E-07  1.90000E-08  0.00000E+00  9.99991E+00
  9.97000E+01  1.41000E-07  1.90000E-08  0.00000E+00  9.99991E+00
  1.01000E+02  1.41000E-07  1.90000E-08  0.00000E+00  9.99991E+00
  1.02300E+02  1.20000E-07  1.60000E-08  0.00000E+00  9.99991E+00
  1.03700E+02  1.22000E-07  1.60000E-08  0.00000E+00  9.99991E+00
  1.05200E+02  1.15000E-07  1.50000E-08  0.00000E+00  9.99991E+00
  1.06600E+02  9.30000E-08  1.30000E-08  0.00000E+00  9.99991E+00
  1.08100E+02  1.07000E-07  1.40000E-08  0.00000E+00  9.99991E+00
  1.09600E+02  1.26000E-07  1.60000E-08  0.00000E+00  9.99991E+00
  1.11100E+02  1.16000E-07  1.50000E-08  0.00000E+00  9.99991E+00
  1.12700E+02  1.09000E-07  1.40000E-08  0.00000E+00  9.99991E+00
  1.14300E+02  1.16000E-07  1.50000E-08  0.00000E+00  9.99991E+00
  1.16000E+02  1.09000E-07  1.40000E-08  0.00000E+00  9.99991E+00
  1.17700E+02  1.19000E-07  1.50000E-08  0.00000E+00  9.99991E+00
  1.19400E+02  1.37000E-07  1.60000E-08  0.00000E+00  9.99991E+00
  1.21100E+02  9.70000E-08  1.20000E-08  0.00000E+00  9.99991E+00
  1.23000E+02  1.10000E-07  1.40000E-08  0.00000E+00  9.99991E+00
  1.24800E+02  1.25000E-07  1.50000E-08  0.00000E+00  9.99991E+00
  1.26700E+02  1.02000E-07  1.30000E-08  0.00000E+00  9.99991E+00
  1.28600E+02  1.09000E-07  1.30000E-08  0.00000E+00  9.99991E+00
  1.30600E+02  1.11000E-07  1.30000E-08  0.00000E+00  9.99991E+00
  1.32600E+02  1.11000E-07  1.30000E-08  0.00000E+00  9.99991E+00
  1.34700E+02  1.19000E-07  1.40000E-08  0.00000E+00  9.99991E+00
  1.36800E+02  1.18000E-07  1.30000E-08  0.00000E+00  9.99991E+00
  1.39000E+02  1.15000E-07  1.30000E-08  0.00000E+00  9.99991E+00
  1.41200E+02  1.15000E-07  1.30000E-08  0.00000E+00  9.99991E+00
  1.43500E+02  9.80000E-08  1.10000E-08  0.00000E+00  9.99991E+00
  1.45900E+02  1.11000E-07  1.20000E-08  0.00000E+00  9.99991E+00
  1.48300E+02  1.13000E-07  1.20000E-08  0.00000E+00  9.99991E+00
  1.50800E+02  1.09000E-07  1.20000E-08  0.00000E+00  9.99991E+00
  1.53300E+02  9.20000E-08  1.00000E-08  0.00000E+00  9.99991E+00
  1.55900E+02  1.04000E-07  1.10000E-08  0.00000E+00  9.99991E+00
  1.58600E+02  9.40000E-08  1.00000E-08  0.00000E+00  9.99991E+00
  1.61300E+02  1.05000E-07  1.10000E-08  0.00000E+00  9.99991E+00
  1.64100E+02  1.20000E-07  1.20000E-08  0.00000E+00  9.99991E+00
  1.67000E+02  1.04000E-07  1.00000E-08  0.00000E+00  9.99991E+00
  1.70000E+02  1.09000E-07  1.10000E-08  0.00000E+00  9.99991E+00
  1.73100E+02  1.04000E-07  1.10000E-08  0.00000E+00  9.99991E+00
  1.76200E+02  1.00000E-07  1.00000E-08  0.00000E+00  9.99991E+00
  1.79500E+02  9.70000E-08  1.00000E-08  0.00000E+00  9.99991E+00
  1.82800E+02  1.14000E-07  1.10000E-08  0.00000E+00  9.99991E+00
  1.86200E+02  1.00000E-07  1.00000E-08  0.00000E+00  9.99991E+00
  1.89900E+02  9.70000E-08  9.00000E-09  0.00000E+00  9.99991E+00
  1.93400E+02  9.60000E-08  9.00000E-09  0.00000E+00  9.99991E+00
  1.97200E+02  9.30000E-08  9.00000E-09  0.00000E+00  9.99991E+00
  2.01000E+02  9.40000E-08  9.00000E-09  0.00000E+00  9.99991E+00
  2.05000E+02  9.70000E-08  1.00000E-08  0.00000E+00  9.99991E+00
  2.09200E+02  8.50000E-08  8.00000E-09  0.00000E+00  9.99991E+00
  2.13400E+02  9.30000E-08  9.00000E-09  0.00000E+00  9.99991E+00
  2.17800E+02  9.30000E-08  9.00000E-09  0.00000E+00  9.99991E+00
  2.22300E+02  8.80000E-08  8.00000E-09  0.00000E+00  9.99991E+00
  2.27000E+02  8.90000E-08  8.00000E-09  0.00000E+00  9.99991E+00
  2.31800E+02  7.90000E-08  8.00000E-09  0.00000E+00  9.99991E+00
  2.36900E+02  8.70000E-08  8.00000E-09  0.00000E+00  9.99991E+00
  2.42000E+02  7.70000E-08  7.00000E-09  0.00000E+00  9.99991E+00
  2.47400E+02  7.90000E-08  7.00000E-09  0.00000E+00  9.99991E+00
  2.53000E+02  7.40000E-08  7.00000E-09  0.00000E+00  9.99991E+00
  2.58700E+02  7.20000E-08  7.00000E-09  0.00000E+00  9.99991E+00
  2.64700E+02  7.90000E-08  7.00000E-09  0.00000E+00  9.99991E+00
  2.70900E+02  8.00000E-08  7.00000E-09  0.00000E+00  9.99991E+00
  2.77300E+02  7.80000E-08  7.00000E-09  0.00000E+00  9.99991E+00
  2.84000E+02  8.30000E-08  7.00000E-09  0.00000E+00  9.99991E+00
  2.90900E+02  8.40000E-08  8.00000E-09  0.00000E+00  9.99991E+00
  2.98100E+02  8.80000E-08  8.00000E-09  0.00000E+00  9.99991E+00
  3.05600E+02  8.70000E-08  8.00000E-09  0.00000E+00  9.99991E+00
  3.13500E+02  9.60000E-08  8.00000E-09  0.00000E+00  9.99991E+00
  3.21600E+02  9.70000E-08  9.00000E-09  0.00000E+00  9.99991E+00
  3.30100E+02  9.70000E-08  8.00000E-09  0.00000E+00  9.99991E+00
  3.39000E+02  9.00000E-08  8.00000E-09  0.00000E+00  9.99991E+00
  3.48200E+02  1.01000E-07  9.00000E-09  0.00000E+00  9.99991E+00
  3.57900E+02  9.90000E-08  9.00000E-09  0.00000E+00  9.99991E+00
  3.68000E+02  1.01000E-07  9.00000E-09  0.00000E+00  9.99991E+00
  9.02000E+01  1.62000E-07  2.90000E-08  0.00000E+00  2.00001E+01
  9.13000E+01  1.42000E-07  2.50000E-08  0.00000E+00  2.00001E+01
  9.25000E+01  1.38000E-07  2.30000E-08  0.00000E+00  2.00001E+01
  9.37000E+01  1.66000E-07  2.50000E-08  0.00000E+00  2.00001E+01
  9.49000E+01  1.23000E-07  2.00000E-08  0.00000E+00  2.00001E+01
  9.61000E+01  1.15000E-07  1.80000E-08  0.00000E+00  2.00001E+01
  9.74000E+01  1.03000E-07  1.70000E-08  0.00000E+00  2.00001E+01
  9.86000E+01  9.00000E-08  1.50000E-08  0.00000E+00  2.00001E+01
  9.99000E+01  1.09000E-07  1.70000E-08  0.00000E+00  2.00001E+01
  1.01300E+02  8.40000E-08  1.40000E-08  0.00000E+00  2.00001E+01
  1.02600E+02  9.90000E-08  1.50000E-08  0.00000E+00  2.00001E+01
  1.04000E+02  7.80000E-08  1.30000E-08  0.00000E+00  2.00001E+01
  1.05500E+02  8.90000E-08  1.40000E-08  0.00000E+00  2.00001E+01
  1.06900E+02  9.90000E-08  1.40000E-08  0.00000E+00  2.00001E+01
  1.08400E+02  9.40000E-08  1.40000E-08  0.00000E+00  2.00001E+01
  1.09900E+02  8.80000E-08  1.30000E-08  0.00000E+00  2.00001E+01
  1.11400E+02  9.00000E-08  1.30000E-08  0.00000E+00  2.00001E+01
  1.13000E+02  9.50000E-08  1.30000E-08  0.00000E+00  2.00001E+01
  1.14600E+02  9.70000E-08  1.30000E-08  0.00000E+00  2.00001E+01
  1.16300E+02  7.10000E-08  1.10000E-08  0.00000E+00  2.00001E+01
  1.18000E+02  8.20000E-08  1.20000E-08  0.00000E+00  2.00001E+01
  1.19700E+02  9.70000E-08  1.30000E-08  0.00000E+00  2.00001E+01
  1.21500E+02  8.80000E-08  1.20000E-08  0.00000E+00  2.00001E+01
  1.23300E+02  8.50000E-08  1.20000E-08  0.00000E+00  2.00001E+01
  1.25100E+02  6.40000E-08  9.00000E-09  0.00000E+00  2.00001E+01
  1.27000E+02  7.90000E-08  1.10000E-08  0.00000E+00  2.00001E+01
  1.28900E+02  7.70000E-08  1.00000E-08  0.00000E+00  2.00001E+01
  1.30900E+02  6.80000E-08  9.00000E-09  0.00000E+00  2.00001E+01
  1.32900E+02  8.40000E-08  1.10000E-08  0.00000E+00  2.00001E+01
  1.35000E+02  7.80000E-08  1.00000E-08  0.00000E+00  2.00001E+01
  1.37100E+02  9.20000E-08  1.10000E-08  0.00000E+00  2.00001E+01
  1.39300E+02  7.70000E-08  1.00000E-08  0.00000E+00  2.00001E+01
  1.41600E+02  7.60000E-08  1.00000E-08  0.00000E+00  2.00001E+01
  1.43900E+02  8.50000E-08  1.00000E-08  0.00000E+00  2.00001E+01
  1.46200E+02  8.10000E-08  1.00000E-08  0.00000E+00  2.00001E+01
  1.48600E+02  6.90000E-08  9.00000E-09  0.00000E+00  2.00001E+01
  1.51100E+02  7.70000E-08  9.00000E-09  0.00000E+00  2.00001E+01
  1.53600E+02  8.80000E-08  1.00000E-08  0.00000E+00  2.00001E+01
  1.56200E+02  7.30000E-08  9.00000E-09  0.00000E+00  2.00001E+01
  1.58900E+02  7.50000E-08  9.00000E-09  0.00000E+00  2.00001E+01
  1.61600E+02  8.10000E-08  9.00000E-09  0.00000E+00  2.00001E+01
  1.64500E+02  6.70000E-08  8.00000E-09  0.00000E+00  2.00001E+01
  1.67400E+02  5.80000E-08  7.00000E-09  0.00000E+00  2.00001E+01
  1.70300E+02  5.90000E-08  7.00000E-09  0.00000E+00  2.00001E+01
  1.73400E+02  7.10000E-08  8.00000E-09  0.00000E+00  2.00001E+01
  1.76500E+02  6.60000E-08  8.00000E-09  0.00000E+00  2.00001E+01
  1.79800E+02  5.70000E-08  7.00000E-09  0.00000E+00  2.00001E+01
  1.83100E+02  6.20000E-08  7.00000E-09  0.00000E+00  2.00001E+01
  1.86500E+02  6.30000E-08  7.00000E-09  0.00000E+00  2.00001E+01
  1.90100E+02  5.10000E-08  6.00000E-09  0.00000E+00  2.00001E+01
  1.93700E+02  6.30000E-08  7.00000E-09  0.00000E+00  2.00001E+01
  1.97500E+02  5.60000E-08  6.00000E-09  0.00000E+00  2.00001E+01
  2.01300E+02  5.10000E-08  6.00000E-09  0.00000E+00  2.00001E+01
  2.05300E+02  4.70000E-08  5.00000E-09  0.00000E+00  2.00001E+01
  2.09400E+02  5.70000E-08  6.00000E-09  0.00000E+00  2.00001E+01
  2.13700E+02  4.90000E-08  5.00000E-09  0.00000E+00  2.00001E+01
  2.18100E+02  5.90000E-08  6.00000E-09  0.00000E+00  2.00001E+01
  2.22600E+02  5.60000E-08  6.00000E-09  0.00000E+00  2.00001E+01
  2.27300E+02  4.50000E-08  5.00000E-09  0.00000E+00  2.00001E+01
  2.32100E+02  4.80000E-08  5.00000E-09  0.00000E+00  2.00001E+01
  2.37100E+02  4.00000E-08  4.00000E-09  0.00000E+00  2.00001E+01
  2.42300E+02  4.50000E-08  5.00000E-09  0.00000E+00  2.00001E+01
  2.47600E+02  4.00000E-08  4.00000E-09  0.00000E+00  2.00001E+01
  2.53200E+02  4.00000E-08  4.00000E-09  0.00000E+00  2.00001E+01
  2.58900E+02  4.40000E-08  4.00000E-09  0.00000E+00  2.00001E+01
  2.64900E+02  3.80000E-08  4.00000E-09  0.00000E+00  2.00001E+01
  2.71100E+02  3.60000E-08  4.00000E-09  0.00000E+00  2.00001E+01
  2.77500E+02  3.40000E-08  3.00000E-09  0.00000E+00  2.00001E+01
  2.84100E+02  3.30000E-08  3.00000E-09  0.00000E+00  2.00001E+01
  2.91000E+02  2.70000E-08  3.00000E-09  0.00000E+00  2.00001E+01
  2.98200E+02  2.70000E-08  3.00000E-09  0.00000E+00  2.00001E+01
  3.05700E+02  2.80000E-08  3.00000E-09  0.00000E+00  2.00001E+01
  3.13500E+02  2.50000E-08  2.00000E-09  0.00000E+00  2.00001E+01
  3.21600E+02  2.30000E-08  2.00000E-09  0.00000E+00  2.00001E+01
  3.30100E+02  1.90000E-08  2.00000E-09  0.00000E+00  2.00001E+01
  3.38900E+02  1.80000E-08  2.00000E-09  0.00000E+00  2.00001E+01
  3.48200E+02  1.60000E-08  2.00000E-09  0.00000E+00  2.00001E+01
  3.57800E+02  1.60000E-08  1.00000E-09  0.00000E+00  2.00001E+01
  3.67900E+02  1.30000E-08  1.00000E-09  0.00000E+00  2.00001E+01
  1.09900E+02  5.20000E-08  8.00000E-09  0.00000E+00  3.00000E+01
  1.11400E+02  7.20000E-08  1.00000E-08  0.00000E+00  3.00000E+01
  1.13000E+02  7.40000E-08  1.00000E-08  0.00000E+00  3.00000E+01
  1.14600E+02  6.70000E-08  1.00000E-08  0.00000E+00  3.00000E+01
  1.16300E+02  7.10000E-08  1.00000E-08  0.00000E+00  3.00000E+01
  1.18000E+02  5.60000E-08  8.00000E-09  0.00000E+00  3.00000E+01
  1.19700E+02  5.90000E-08  9.00000E-09  0.00000E+00  3.00000E+01
  1.21500E+02  7.10000E-08  1.00000E-08  0.00000E+00  3.00000E+01
  1.23300E+02  5.70000E-08  8.00000E-09  0.00000E+00  3.00000E+01
  1.25100E+02  6.80000E-08  9.00000E-09  0.00000E+00  3.00000E+01
  1.27000E+02  5.10000E-08  7.00000E-09  0.00000E+00  3.00000E+01
  1.28900E+02  5.30000E-08  7.00000E-09  0.00000E+00  3.00000E+01
  1.30900E+02  5.20000E-08  7.00000E-09  0.00000E+00  3.00000E+01
  1.32900E+02  6.90000E-08  9.00000E-09  0.00000E+00  3.00000E+01
  1.35000E+02  5.80000E-08  8.00000E-09  0.00000E+00  3.00000E+01
  1.37100E+02  6.40000E-08  8.00000E-09  0.00000E+00  3.00000E+01
  1.39300E+02  5.40000E-08  7.00000E-09  0.00000E+00  3.00000E+01
  1.41600E+02  4.30000E-08  6.00000E-09  0.00000E+00  3.00000E+01
  1.43900E+02  6.10000E-08  8.00000E-09  0.00000E+00  3.00000E+01
  1.46200E+02  4.70000E-08  6.00000E-09  0.00000E+00  3.00000E+01
  1.48600E+02  4.10000E-08  6.00000E-09  0.00000E+00  3.00000E+01
  1.51100E+02  4.20000E-08  6.00000E-09  0.00000E+00  3.00000E+01
  1.53600E+02  4.60000E-08  6.00000E-09  0.00000E+00  3.00000E+01
  1.56200E+02  4.40000E-08  6.00000E-09  0.00000E+00  3.00000E+01
  1.58900E+02  5.10000E-08  6.00000E-09  0.00000E+00  3.00000E+01
  1.61600E+02  4.30000E-08  5.00000E-09  0.00000E+00  3.00000E+01
  1.64500E+02  4.40000E-08  5.00000E-09  0.00000E+00  3.00000E+01
  1.67400E+02  3.60000E-08  5.00000E-09  0.00000E+00  3.00000E+01
  1.70300E+02  4.00000E-08  5.00000E-09  0.00000E+00  3.00000E+01
  1.73400E+02  3.60000E-08  5.00000E-09  0.00000E+00  3.00000E+01
  1.76500E+02  4.00000E-08  5.00000E-09  0.00000E+00  3.00000E+01
  1.79800E+02  4.00000E-08  5.00000E-09  0.00000E+00  3.00000E+01
  1.83100E+02  3.60000E-08  4.00000E-09  0.00000E+00  3.00000E+01
  1.86500E+02  3.90000E-08  5.00000E-09  0.00000E+00  3.00000E+01
  1.90100E+02  3.40000E-08  4.00000E-09  0.00000E+00  3.00000E+01
  1.93700E+02  2.50000E-08  3.00000E-09  0.00000E+00  3.00000E+01
  1.97500E+02  3.50000E-08  4.00000E-09  0.00000E+00  3.00000E+01
  2.01300E+02  3.00000E-08  4.00000E-09  0.00000E+00  3.00000E+01
  2.05300E+02  3.60000E-08  4.00000E-09  0.00000E+00  3.00000E+01
  2.09400E+02  2.80000E-08  3.00000E-09  0.00000E+00  3.00000E+01
  2.13700E+02  2.90000E-08  3.00000E-09  0.00000E+00  3.00000E+01
  2.18100E+02  2.70000E-08  3.00000E-09  0.00000E+00  3.00000E+01
  2.22600E+02  3.20000E-08  3.00000E-09  0.00000E+00  3.00000E+01
  2.27300E+02  2.30000E-08  3.00000E-09  0.00000E+00  3.00000E+01
  2.32100E+02  3.10000E-08  3.00000E-09  0.00000E+00  3.00000E+01
  2.37100E+02  2.60000E-08  3.00000E-09  0.00000E+00  3.00000E+01
  2.42300E+02  2.30000E-08  3.00000E-09  0.00000E+00  3.00000E+01
  2.47600E+02  2.00000E-08  2.00000E-09  0.00000E+00  3.00000E+01
  2.53200E+02  1.90000E-08  2.00000E-09  0.00000E+00  3.00000E+01
  2.58900E+02  2.00000E-08  2.00000E-09  0.00000E+00  3.00000E+01
  2.64900E+02  1.90000E-08  2.00000E-09  0.00000E+00  3.00000E+01
  2.71100E+02  1.80000E-08  2.00000E-09  0.00000E+00  3.00000E+01
  2.77500E+02  1.80000E-08  2.00000E-09  0.00000E+00  3.00000E+01
  2.84100E+02  1.10000E-08  1.00000E-09  0.00000E+00  3.00000E+01
  2.91000E+02  1.60000E-08  2.00000E-09  0.00000E+00  3.00000E+01
  2.98200E+02  1.40000E-08  1.00000E-09  0.00000E+00  3.00000E+01
  3.05700E+02  1.20000E-08  1.00000E-09  0.00000E+00  3.00000E+01
  3.13500E+02  1.00000E-08  1.00000E-09  0.00000E+00  3.00000E+01
  3.21600E+02  1.20000E-08  1.00000E-09  0.00000E+00  3.00000E+01
  3.30100E+02  8.00000E-09  1.00000E-09  0.00000E+00  3.00000E+01
  3.38900E+02  9.00000E-09  1.00000E-09  0.00000E+00  3.00000E+01
  3.48200E+02  8.00000E-09  1.00000E-09  0.00000E+00  3.00000E+01
  3.57800E+02  7.00000E-09  1.00000E-09  0.00000E+00  3.00000E+01
  3.67900E+02  7.00000E-09  1.00000E-09  0.00000E+00  3.00000E+01
  9.02000E+01  1.36000E-07  1.50000E-08  0.00000E+00  4.00000E+01
  9.13000E+01  9.40000E-08  1.10000E-08  0.00000E+00  4.00000E+01
  9.25000E+01  8.80000E-08  1.00000E-08  0.00000E+00  4.00000E+01
  9.37000E+01  8.60000E-08  1.00000E-08  0.00000E+00  4.00000E+01
  9.49000E+01  8.40000E-08  9.00000E-09  0.00000E+00  4.00000E+01
  9.61000E+01  7.80000E-08  8.00000E-09  0.00000E+00  4.00000E+01
  9.74000E+01  7.60000E-08  8.00000E-09  0.00000E+00  4.00000E+01
  9.86000E+01  8.90000E-08  9.00000E-09  0.00000E+00  4.00000E+01
  9.99000E+01  7.20000E-08  8.00000E-09  0.00000E+00  4.00000E+01
  1.01300E+02  6.30000E-08  7.00000E-09  0.00000E+00  4.00000E+01
  1.02600E+02  6.50000E-08  7.00000E-09  0.00000E+00  4.00000E+01
  1.04000E+02  6.50000E-08  7.00000E-09  0.00000E+00  4.00000E+01
  1.05500E+02  6.40000E-08  7.00000E-09  0.00000E+00  4.00000E+01
  1.06900E+02  6.10000E-08  6.00000E-09  0.00000E+00  4.00000E+01
  1.08400E+02  6.60000E-08  7.00000E-09  0.00000E+00  4.00000E+01
  1.09900E+02  5.80000E-08  6.00000E-09  0.00000E+00  4.00000E+01
  1.11400E+02  6.30000E-08  6.00000E-09  0.00000E+00  4.00000E+01
  1.13000E+02  5.00000E-08  5.00000E-09  0.00000E+00  4.00000E+01
  1.14600E+02  5.20000E-08  5.00000E-09  0.00000E+00  4.00000E+01
  1.16300E+02  5.60000E-08  6.00000E-09  0.00000E+00  4.00000E+01
  1.18000E+02  6.00000E-08  6.00000E-09  0.00000E+00  4.00000E+01
  1.19700E+02  5.30000E-08  5.00000E-09  0.00000E+00  4.00000E+01
  1.21500E+02  5.40000E-08  5.00000E-09  0.00000E+00  4.00000E+01
  1.23300E+02  4.80000E-08  5.00000E-09  0.00000E+00  4.00000E+01
  1.25100E+02  4.70000E-08  5.00000E-09  0.00000E+00  4.00000E+01
  1.27000E+02  4.60000E-08  5.00000E-09  0.00000E+00  4.00000E+01
  1.28900E+02  4.00000E-08  4.00000E-09  0.00000E+00  4.00000E+01
  1.30900E+02  4.70000E-08  5.00000E-09  0.00000E+00  4.00000E+01
  1.32900E+02  4.50000E-08  4.00000E-09  0.00000E+00  4.00000E+01
  1.35000E+02  4.60000E-08  4.00000E-09  0.00000E+00  4.00000E+01
  1.37100E+02  4.60000E-08  4.00000E-09  0.00000E+00  4.00000E+01
  1.39300E+02  4.60000E-08  4.00000E-09  0.00000E+00  4.00000E+01
  1.41600E+02  4.60000E-08  4.00000E-09  0.00000E+00  4.00000E+01
  1.43900E+02  3.90000E-08  4.00000E-09  0.00000E+00  4.00000E+01
  1.46200E+02  3.90000E-08  4.00000E-09  0.00000E+00  4.00000E+01
  1.48600E+02  3.70000E-08  4.00000E-09  0.00000E+00  4.00000E+01
  1.51100E+02  3.50000E-08  3.00000E-09  0.00000E+00  4.00000E+01
  1.53600E+02  3.50000E-08  3.00000E-09  0.00000E+00  4.00000E+01
  1.56200E+02  3.50000E-08  3.00000E-09  0.00000E+00  4.00000E+01
  1.58900E+02  3.40000E-08  3.00000E-09  0.00000E+00  4.00000E+01
  1.61600E+02  3.50000E-08  3.00000E-09  0.00000E+00  4.00000E+01
  1.64500E+02  3.60000E-08  3.00000E-09  0.00000E+00  4.00000E+01
  1.67400E+02  3.30000E-08  3.00000E-09  0.00000E+00  4.00000E+01
  1.70300E+02  3.10000E-08  3.00000E-09  0.00000E+00  4.00000E+01
  1.73400E+02  3.00000E-08  3.00000E-09  0.00000E+00  4.00000E+01
  1.76500E+02  3.00000E-08  3.00000E-09  0.00000E+00  4.00000E+01
  1.79800E+02  2.50000E-08  2.00000E-09  0.00000E+00  4.00000E+01
  1.83100E+02  3.00000E-08  3.00000E-09  0.00000E+00  4.00000E+01
  1.86500E+02  2.70000E-08  2.00000E-09  0.00000E+00  4.00000E+01
  1.90100E+02  2.40000E-08  2.00000E-09  0.00000E+00  4.00000E+01
  1.93700E+02  2.40000E-08  2.00000E-09  0.00000E+00  4.00000E+01
  1.97500E+02  2.40000E-08  2.00000E-09  0.00000E+00  4.00000E+01
  2.01300E+02  2.00000E-08  2.00000E-09  0.00000E+00  4.00000E+01
  2.05300E+02  2.00000E-08  2.00000E-09  0.00000E+00  4.00000E+01
  2.09400E+02  1.90000E-08  2.00000E-09  0.00000E+00  4.00000E+01
  2.13700E+02  1.80000E-08  1.00000E-09  0.00000E+00  4.00000E+01
  2.19100E+02  2.00000E-08  2.00000E-09  0.00000E+00  4.00000E+01
  2.22600E+02  1.80000E-08  1.00000E-09  0.00000E+00  4.00000E+01
  2.27300E+02  1.80000E-08  1.00000E-09  0.00000E+00  4.00000E+01
  2.32100E+02  1.60000E-08  1.00000E-09  0.00000E+00  4.00000E+01
  2.37100E+02  1.60000E-08  1.00000E-09  0.00000E+00  4.00000E+01
  2.42300E+02  1.40000E-08  1.00000E-09  0.00000E+00  4.00000E+01
  2.47600E+02  1.40000E-08  1.00000E-09  0.00000E+00  4.00000E+01
  2.53200E+02  1.30000E-08  1.00000E-09  0.00000E+00  4.00000E+01
  2.58900E+02  1.10000E-08  1.00000E-09  0.00000E+00  4.00000E+01
  2.64900E+02  1.00000E-08  1.00000E-09  0.00000E+00  4.00000E+01
  2.71100E+02  1.10000E-08  1.00000E-09  0.00000E+00  4.00000E+01
  2.77500E+02  9.00000E-09  1.00000E-09  0.00000E+00  4.00000E+01
  2.84100E+02  9.00000E-09  1.00000E-09  0.00000E+00  4.00000E+01
  2.91000E+02  8.00000E-09  0.00000E+00  0.00000E+00  4.00000E+01
  2.98200E+02  8.00000E-09  0.00000E+00  0.00000E+00  4.00000E+01
  3.05700E+02  7.00000E-09  0.00000E+00  0.00000E+00  4.00000E+01
  3.13500E+02  7.00000E-09  0.00000E+00  0.00000E+00  4.00000E+01
  3.21600E+02  5.00000E-09  0.00000E+00  0.00000E+00  4.00000E+01
  3.30100E+02  5.00000E-09  0.00000E+00  0.00000E+00  4.00000E+01
  3.38900E+02  4.00000E-09  0.00000E+00  0.00000E+00  4.00000E+01
  3.48200E+02  3.00000E-09  0.00000E+00  0.00000E+00  4.00000E+01
  3.57800E+02  2.00000E-09  0.00000E+00  0.00000E+00  4.00000E+01
  3.67900E+02  2.00000E-09  0.00000E+00  0.00000E+00  4.00000E+01
  9.08000E+01  1.16000E-07  1.40000E-08  0.00000E+00  5.00000E+01
  9.19000E+01  8.40000E-08  1.00000E-08  0.00000E+00  5.00000E+01
  9.31000E+01  7.20000E-08  9.00000E-09  0.00000E+00  5.00000E+01
  9.43000E+01  5.70000E-08  7.00000E-09  0.00000E+00  5.00000E+01
  9.55000E+01  7.40000E-08  8.00000E-09  0.00000E+00  5.00000E+01
  9.68000E+01  6.50000E-08  7.00000E-09  0.00000E+00  5.00000E+01
  9.80000E+01  6.50000E-08  7.00000E-09  0.00000E+00  5.00000E+01
  9.93000E+01  5.70000E-08  7.00000E-09  0.00000E+00  5.00000E+01
  1.00600E+02  6.50000E-08  7.00000E-09  0.00000E+00  5.00000E+01
  1.02000E+02  4.70000E-08  5.00000E-09  0.00000E+00  5.00000E+01
  1.03400E+02  4.70000E-08  5.00000E-09  0.00000E+00  5.00000E+01
  1.04800E+02  4.50000E-08  5.00000E-09  0.00000E+00  5.00000E+01
  1.06200E+02  4.20000E-08  5.00000E-09  0.00000E+00  5.00000E+01
  1.07700E+02  5.80000E-08  6.00000E-09  0.00000E+00  5.00000E+01
  1.09200E+02  4.90000E-08  5.00000E-09  0.00000E+00  5.00000E+01
  1.10700E+02  3.80000E-08  4.00000E-09  0.00000E+00  5.00000E+01
  1.12200E+02  5.10000E-08  5.00000E-09  0.00000E+00  5.00000E+01
  1.13800E+02  4.60000E-08  5.00000E-09  0.00000E+00  5.00000E+01
  1.15500E+02  4.60000E-08  5.00000E-09  0.00000E+00  5.00000E+01
  1.17100E+02  3.80000E-08  4.00000E-09  0.00000E+00  5.00000E+01
  1.18800E+02  4.30000E-08  5.00000E-09  0.00000E+00  5.00000E+01
  1.20600E+02  4.50000E-08  5.00000E-09  0.00000E+00  5.00000E+01
  1.22400E+02  3.60000E-08  4.00000E-09  0.00000E+00  5.00000E+01
  1.24200E+02  3.80000E-08  4.00000E-09  0.00000E+00  5.00000E+01
  1.26100E+02  3.90000E-08  4.00000E-09  0.00000E+00  5.00000E+01
  1.28000E+02  3.70000E-08  4.00000E-09  0.00000E+00  5.00000E+01
  1.29900E+02  3.40000E-08  4.00000E-09  0.00000E+00  5.00000E+01
  1.31900E+02  3.20000E-08  3.00000E-09  0.00000E+00  5.00000E+01
  1.34000E+02  3.20000E-08  3.00000E-09  0.00000E+00  5.00000E+01
  1.36100E+02  3.60000E-08  4.00000E-09  0.00000E+00  5.00000E+01
  1.38200E+02  3.10000E-08  3.00000E-09  0.00000E+00  5.00000E+01
  1.40400E+02  2.90000E-08  3.00000E-09  0.00000E+00  5.00000E+01
  1.42700E+02  2.70000E-08  3.00000E-09  0.00000E+00  5.00000E+01
  1.45000E+02  3.40000E-08  3.00000E-09  0.00000E+00  5.00000E+01
  1.47400E+02  3.20000E-08  3.00000E-09  0.00000E+00  5.00000E+01
  1.49800E+02  2.60000E-08  3.00000E-09  0.00000E+00  5.00000E+01
  1.52300E+02  2.70000E-08  3.00000E-09  0.00000E+00  5.00000E+01
  1.54900E+02  2.50000E-08  2.00000E-09  0.00000E+00  5.00000E+01
  1.57500E+02  2.50000E-08  2.00000E-09  0.00000E+00  5.00000E+01
  1.60200E+02  2.60000E-08  2.00000E-09  0.00000E+00  5.00000E+01
  1.63000E+02  2.40000E-08  2.00000E-09  0.00000E+00  5.00000E+01
  1.65900E+02  2.20000E-08  2.00000E-09  0.00000E+00  5.00000E+01
  1.69800E+02  2.40000E-08  2.00000E-09  0.00000E+00  5.00000E+01
  1.71800E+02  2.10000E-08  2.00000E-09  0.00000E+00  5.00000E+01
  1.74900E+02  2.30000E-08  2.00000E-09  0.00000E+00  5.00000E+01
  1.78100E+02  1.70000E-08  2.00000E-09  0.00000E+00  5.00000E+01
  1.81400E+02  1.80000E-08  2.00000E-09  0.00000E+00  5.00000E+01
  1.84800E+02  1.70000E-08  1.00000E-09  0.00000E+00  5.00000E+01
  1.88300E+02  1.80000E-08  2.00000E-09  0.00000E+00  5.00000E+01
  1.91800E+02  1.70000E-08  2.00000E-09  0.00000E+00  5.00000E+01
  1.95500E+02  1.60000E-08  1.00000E-09  0.00000E+00  5.00000E+01
  1.99300E+02  1.50000E-08  1.00000E-09  0.00000E+00  5.00000E+01
  2.03200E+02  1.50000E-08  1.00000E-09  0.00000E+00  5.00000E+01
  2.07300E+02  1.30000E-08  1.00000E-09  0.00000E+00  5.00000E+01
  2.11500E+02  1.10000E-08  1.00000E-09  0.00000E+00  5.00000E+01
  2.15800E+02  1.20000E-08  1.00000E-09  0.00000E+00  5.00000E+01
  2.20200E+02  1.30000E-08  1.00000E-09  0.00000E+00  5.00000E+01
  2.24800E+02  1.00000E-08  1.00000E-09  0.00000E+00  5.00000E+01
  2.29600E+02  1.10000E-08  1.00000E-09  0.00000E+00  5.00000E+01
  2.34500E+02  9.00000E-09  1.00000E-09  0.00000E+00  5.00000E+01
  2.39500E+02  8.00000E-09  1.00000E-09  0.00000E+00  5.00000E+01
  2.44800E+02  8.00000E-09  0.00000E+00  0.00000E+00  5.00000E+01
  2.50200E+02  6.00000E-09  0.00000E+00  0.00000E+00  5.00000E+01
  2.55900E+02  6.00000E-09  0.00000E+00  0.00000E+00  5.00000E+01
  2.61700E+02  5.00000E-09  0.00000E+00  0.00000E+00  5.00000E+01
  2.67800E+02  6.00000E-09  0.00000E+00  0.00000E+00  5.00000E+01
  2.74000E+02  4.00000E-09  0.00000E+00  0.00000E+00  5.00000E+01
  2.80600E+02  5.00000E-09  0.00000E+00  0.00000E+00  5.00000E+01
  2.87300E+02  4.00000E-09  0.00000E+00  0.00000E+00  5.00000E+01
  2.94400E+02  3.00000E-09  0.00000E+00  0.00000E+00  5.00000E+01
  3.01700E+02  3.00000E-09  0.00000E+00  0.00000E+00  5.00000E+01
  3.09300E+02  2.00000E-09  0.00000E+00  0.00000E+00  5.00000E+01
  3.17300E+02  2.00000E-09  0.00000E+00  0.00000E+00  5.00000E+01
  3.25500E+02  2.00000E-09  0.00000E+00  0.00000E+00  5.00000E+01
  3.34100E+02  1.00000E-09  0.00000E+00  0.00000E+00  5.00000E+01
  3.43100E+02  1.00000E-09  0.00000E+00  0.00000E+00  5.00000E+01
  3.52600E+02  1.00000E-09  0.00000E+00  0.00000E+00  5.00000E+01
  3.62400E+02  1.00000E-09  0.00000E+00  0.00000E+00  5.00000E+01
  9.19000E+01  6.63000E-05  7.50000E-06  0.00000E+00  6.00001E+01
  9.31000E+01  5.88000E-05  6.60000E-06  0.00000E+00  6.00001E+01
  9.43000E+01  5.46000E-05  6.10000E-06  0.00000E+00  6.00001E+01
  9.55000E+01  5.21000E-05  5.80000E-06  0.00000E+00  6.00001E+01
  9.68000E+01  4.48000E-05  5.10000E-06  0.00000E+00  6.00001E+01
  9.80000E+01  4.63000E-05  5.10000E-06  0.00000E+00  6.00001E+01
  9.93000E+01  4.23000E-05  4.70000E-06  0.00000E+00  6.00001E+01
  1.00600E+02  4.51000E-05  4.90000E-06  0.00000E+00  6.00001E+01
  1.02000E+02  4.06000E-05  4.50000E-06  0.00000E+00  6.00001E+01
  1.03400E+02  3.38000E-05  3.80000E-06  0.00000E+00  6.00001E+01
  1.04800E+02  3.65000E-05  4.00000E-06  0.00000E+00  6.00001E+01
  1.06200E+02  3.49000E-05  3.90000E-06  0.00000E+00  6.00001E+01
  1.07700E+02  3.82000E-05  4.20000E-06  0.00000E+00  6.00001E+01
  1.09200E+02  2.92000E-05  3.30000E-06  0.00000E+00  6.00001E+01
  1.10700E+02  2.65000E-05  3.00000E-06  0.00000E+00  6.00001E+01
  1.12200E+02  2.71000E-05  3.10000E-06  0.00000E+00  6.00001E+01
  1.13800E+02  2.81000E-05  3.10000E-06  0.00000E+00  6.00001E+01
  1.15500E+02  3.08000E-05  3.40000E-06  0.00000E+00  6.00001E+01
  1.17100E+02  2.38000E-05  2.70000E-06  0.00000E+00  6.00001E+01
  1.18800E+02  2.95000E-05  3.20000E-06  0.00000E+00  6.00001E+01
  1.20600E+02  2.54000E-05  2.80000E-06  0.00000E+00  6.00001E+01
  1.22400E+02  2.45000E-05  2.70000E-06  0.00000E+00  6.00001E+01
  1.24200E+02  2.13000E-05  2.40000E-06  0.00000E+00  6.00001E+01
  1.26100E+02  2.19000E-05  2.40000E-06  0.00000E+00  6.00001E+01
  1.28000E+02  2.21000E-05  2.50000E-06  0.00000E+00  6.00001E+01
  1.29900E+02  2.15000E-05  2.40000E-06  0.00000E+00  6.00001E+01
  1.31900E+02  1.93000E-05  2.20000E-06  0.00000E+00  6.00001E+01
  1.34000E+02  2.41000E-05  2.60000E-06  0.00000E+00  6.00001E+01
  1.36100E+02  1.95000E-05  2.10000E-06  0.00000E+00  6.00001E+01
  1.38200E+02  1.96000E-05  2.10000E-06  0.00000E+00  6.00001E+01
  1.40400E+02  2.05000E-05  2.20000E-06  0.00000E+00  6.00001E+01
  1.42700E+02  2.01000E-05  2.10000E-06  0.00000E+00  6.00001E+01
  1.45000E+02  1.79000E-05  1.90000E-06  0.00000E+00  6.00001E+01
  1.47400E+02  1.83000E-05  2.00000E-06  0.00000E+00  6.00001E+01
  1.49800E+02  1.67000E-05  1.80000E-06  0.00000E+00  6.00001E+01
  1.52300E+02  1.67000E-05  1.80000E-06  0.00000E+00  6.00001E+01
  1.54900E+02  1.58000E-05  1.70000E-06  0.00000E+00  6.00001E+01
  1.57500E+02  1.55000E-05  1.70000E-06  0.00000E+00  6.00001E+01
  1.60200E+02  1.38000E-05  1.50000E-06  0.00000E+00  6.00001E+01
  1.63000E+02  1.30000E-05  1.40000E-06  0.00000E+00  6.00001E+01
  1.65900E+02  1.31000E-05  1.40000E-06  0.00000E+00  6.00001E+01
  1.68800E+02  1.38000E-05  1.50000E-06  0.00000E+00  6.00001E+01
  1.71800E+02  1.15000E-05  1.20000E-06  0.00000E+00  6.00001E+01
  1.74900E+02  8.80000E-06  1.00000E-06  0.00000E+00  6.00001E+01
  1.78100E+02  1.13000E-05  1.20000E-06  0.00000E+00  6.00001E+01
  1.81400E+02  9.40000E-06  1.00000E-06  0.00000E+00  6.00001E+01
  1.84900E+02  9.00000E-06  1.00000E-06  0.00000E+00  6.00001E+01
  1.88300E+02  8.50000E-06  9.00000E-07  0.00000E+00  6.00001E+01
  1.91800E+02  9.10000E-06  1.00000E-06  0.00000E+00  6.00001E+01
  1.95500E+02  8.10000E-06  9.00000E-07  0.00000E+00  6.00001E+01
  1.99300E+02  6.80000E-06  8.00000E-07  0.00000E+00  6.00001E+01
  2.03200E+02  6.10000E-06  7.00000E-07  0.00000E+00  6.00001E+01
  2.07300E+02  5.90000E-06  7.00000E-07  0.00000E+00  6.00001E+01
  2.11500E+02  5.10000E-06  6.00000E-07  0.00000E+00  6.00001E+01
  2.15800E+02  5.10000E-06  6.00000E-07  0.00000E+00  6.00001E+01
  2.20200E+02  5.00000E-06  6.00000E-07  0.00000E+00  6.00001E+01
  2.24800E+02  4.80000E-06  5.00000E-07  0.00000E+00  6.00001E+01
  2.29600E+02  3.90000E-06  5.00000E-07  0.00000E+00  6.00001E+01
  2.34500E+02  3.00000E-06  4.00000E-07  0.00000E+00  6.00001E+01
  2.39500E+02  3.10000E-06  4.00000E-07  0.00000E+00  6.00001E+01
  2.44800E+02  2.40000E-06  3.00000E-07  0.00000E+00  6.00001E+01
  2.50200E+02  2.70000E-06  3.00000E-07  0.00000E+00  6.00001E+01
  2.55900E+02  2.30000E-06  3.00000E-07  0.00000E+00  6.00001E+01
  2.61700E+02  2.10000E-06  3.00000E-07  0.00000E+00  6.00001E+01
  2.67800E+02  1.40000E-06  2.00000E-07  0.00000E+00  6.00001E+01
  2.74000E+02  1.40000E-06  2.00000E-07  0.00000E+00  6.00001E+01
  2.80600E+02  1.10000E-06  1.00000E-07  0.00000E+00  6.00001E+01
  2.87300E+02  1.20000E-06  1.00000E-07  0.00000E+00  6.00001E+01
  2.94400E+02  1.00000E-06  1.00000E-07  0.00000E+00  6.00001E+01
  3.01700E+02  5.00000E-07  1.00000E-07  0.00000E+00  6.00001E+01
  3.09300E+02  4.00000E-07  0.00000E+00  0.00000E+00  6.00001E+01
  3.17300E+02  4.00000E-07  1.00000E-07  0.00000E+00  6.00001E+01
  3.25500E+02  2.00000E-07  0.00000E+00  0.00000E+00  6.00001E+01
  3.34100E+02  3.00000E-07  0.00000E+00  0.00000E+00  6.00001E+01
  3.43100E+02  2.00000E-07  0.00000E+00  0.00000E+00  6.00001E+01
  3.52600E+02  1.00000E-07  0.00000E+00  0.00000E+00  6.00001E+01
  3.62400E+02  1.00000E-07  0.00000E+00  0.00000E+00  6.00001E+01
  3.72700E+02  1.00000E-07  0.00000E+00  0.00000E+00  6.00001E+01
# Full reference:
#S.M.Beck, C.A.Powell
#Rept. N.A.S.A. Technical Note No.8119, 1976
#Proton and Deuteron Double Differential Cross Sections At  Angles  from 10 Degree to 60 Degree from be, C, Al, Fe, Cu, Ge, W and Pb Under 558-MeV Proton  Irradiation.
#
