# Target Z    :  13
# Target A    :  27
# Target state:  
# Projectile  : p
# Reaction    : (p,xd)
# E-inc       :   28.800 MeV
# Quantity    : Double-differential cross section
# Frame       : L
# MF          :    6
# MT          :  204
# X4 ID       : O0292016 
# X4 code     : 13-AL-27(P,X)1-H-2,,DA/DE,,,EXP
# Author      : Bertrand                 
# Year        : 1969
# Data points :    958
# E-out(MeV) xs(mb/MeV.sr) dxs(mb/MeV.sr) dE(MeV)      Evaluation  C/E(F)      Chi-2     Delta(mb)
  4.39000E+00  4.76000E-07  1.33000E-07  0.00000E+00  1.10001E+01
  4.80000E+00  4.87000E-07  1.35000E-07  0.00000E+00  1.10001E+01
  5.20000E+00  5.43000E-07  1.42000E-07  0.00000E+00  1.10001E+01
  5.60000E+00  4.10000E-07  1.24000E-07  0.00000E+00  1.10001E+01
  6.00000E+00  8.60000E-07  1.80000E-07  0.00000E+00  1.10001E+01
  6.40000E+00  4.30000E-07  1.30000E-07  0.00000E+00  1.10001E+01
  7.11000E+00  5.80000E-07  9.00000E-08  0.00000E+00  1.10001E+01
  8.11000E+00  6.30000E-07  1.00000E-07  0.00000E+00  1.10001E+01
  9.12000E+00  5.60000E-07  9.00000E-08  0.00000E+00  1.10001E+01
  1.01200E+01  5.50000E-07  9.00000E-08  0.00000E+00  1.10001E+01
  1.11300E+01  4.60000E-07  8.00000E-08  0.00000E+00  1.10001E+01
  1.21300E+01  4.20000E-07  8.00000E-08  0.00000E+00  1.10001E+01
  1.31300E+01  1.80000E-06  1.60000E-07  0.00000E+00  1.10001E+01
  1.41400E+01  1.49000E-06  1.49000E-07  0.00000E+00  1.10001E+01
  1.51400E+01  9.26000E-07  1.17000E-07  0.00000E+00  1.10001E+01
  1.61500E+01  1.21400E-06  1.34000E-07  0.00000E+00  1.10001E+01
  1.71500E+01  2.24400E-06  1.83000E-07  0.00000E+00  1.10001E+01
  1.81600E+01  2.23700E-06  1.83000E-07  0.00000E+00  1.10001E+01
  1.88100E+01  0.00000E+00  0.00000E+00  0.00000E+00  1.10001E+01
  1.89000E+00  1.08000E-07  2.40000E-08  0.00000E+00  3.00000E+01
  2.29000E+00  1.61000E-07  3.00000E-08  0.00000E+00  3.00000E+01
  2.69000E+00  1.89000E-07  3.20000E-08  0.00000E+00  3.00000E+01
  3.09000E+00  3.30000E-07  4.30000E-08  0.00000E+00  3.00000E+01
  3.49000E+00  3.70000E-07  5.00000E-08  0.00000E+00  3.00000E+01
  3.90000E+00  4.70000E-07  5.00000E-08  0.00000E+00  3.00000E+01
  4.30000E+00  5.30000E-07  5.00000E-08  0.00000E+00  3.00000E+01
  4.70000E+00  4.30000E-07  5.00000E-08  0.00000E+00  3.00000E+01
  5.10000E+00  4.90000E-07  5.00000E-08  0.00000E+00  3.00000E+01
  5.51000E+00  4.40000E-07  5.00000E-08  0.00000E+00  3.00000E+01
  5.91000E+00  4.60000E-07  5.00000E-08  0.00000E+00  3.00000E+01
  6.31000E+00  4.50000E-07  5.00000E-08  0.00000E+00  3.00000E+01
  6.71000E+00  4.50000E-07  5.00000E-08  0.00000E+00  3.00000E+01
  7.42000E+00  3.85000E-07  2.90000E-08  0.00000E+00  3.00000E+01
  8.42000E+00  3.79000E-07  2.90000E-08  0.00000E+00  3.00000E+01
  9.43000E+00  4.64000E-07  3.20000E-08  0.00000E+00  3.00000E+01
  1.04300E+01  4.65000E-07  3.20000E-08  0.00000E+00  3.00000E+01
  1.14400E+01  4.13000E-07  3.00000E-08  0.00000E+00  3.00000E+01
  1.24400E+01  8.32000E-07  4.30000E-08  0.00000E+00  3.00000E+01
  1.34500E+01  9.17000E-07  4.50000E-08  0.00000E+00  3.00000E+01
  1.44500E+01  5.35000E-07  3.40000E-08  0.00000E+00  3.00000E+01
  1.54600E+01  1.56600E-06  5.90000E-08  0.00000E+00  3.00000E+01
  1.64700E+01  5.02000E-07  3.30000E-08  0.00000E+00  3.00000E+01
  1.74700E+01  2.31800E-06  7.10000E-08  0.00000E+00  3.00000E+01
  1.83300E+01  6.00000E-09  4.00000E-09  0.00000E+00  3.00000E+01
  1.68000E+00  6.30000E-08  1.20000E-08  0.00000E+00  6.00001E+01
  2.09000E+00  9.70000E-08  1.50000E-08  0.00000E+00  6.00001E+01
  2.49000E+00  2.00000E-07  2.20000E-08  0.00000E+00  6.00001E+01
  2.89000E+00  2.53000E-07  2.50000E-08  0.00000E+00  6.00001E+01
  3.29000E+00  2.80000E-07  3.00000E-08  0.00000E+00  6.00001E+01
  3.70000E+00  2.90000E-07  3.00000E-08  0.00000E+00  6.00001E+01
  4.10000E+00  4.20000E-07  3.00000E-08  0.00000E+00  6.00001E+01
  4.50000E+00  3.40000E-07  3.00000E-08  0.00000E+00  6.00001E+01
  4.90000E+00  3.50000E-07  3.00000E-08  0.00000E+00  6.00001E+01
  5.31000E+00  3.30000E-07  3.00000E-08  0.00000E+00  6.00001E+01
  5.71000E+00  3.30000E-07  3.00000E-08  0.00000E+00  6.00001E+01
  6.11000E+00  3.10000E-07  3.00000E-08  0.00000E+00  6.00001E+01
  6.51000E+00  3.10000E-07  3.00000E-08  0.00000E+00  6.00001E+01
  7.22000E+00  3.04000E-07  1.70000E-08  0.00000E+00  6.00001E+01
  8.22000E+00  2.59000E-07  1.60000E-08  0.00000E+00  6.00001E+01
  9.23000E+00  3.24000E-07  1.80000E-08  0.00000E+00  6.00001E+01
  1.02300E+01  2.18000E-07  1.40000E-08  0.00000E+00  6.00001E+01
  1.12400E+01  2.78000E-07  1.60000E-08  0.00000E+00  6.00001E+01
  1.22500E+01  2.74000E-07  1.60000E-08  0.00000E+00  6.00001E+01
  1.32500E+01  2.46000E-07  1.50000E-08  0.00000E+00  6.00001E+01
  1.42600E+01  3.03000E-07  1.70000E-08  0.00000E+00  6.00001E+01
  1.52600E+01  1.45000E-07  1.20000E-08  0.00000E+00  6.00001E+01
  1.62700E+01  4.87000E-07  2.20000E-08  0.00000E+00  6.00001E+01
  1.72700E+01  2.70000E-08  5.00000E-09  0.00000E+00  6.00001E+01
  2.85000E+00  2.84000E-07  6.10000E-08  0.00000E+00  1.19999E+01
  3.25000E+00  3.44000E-07  6.70000E-08  0.00000E+00  1.19999E+01
  3.65000E+00  3.84000E-07  7.10000E-08  0.00000E+00  1.19999E+01
  4.05000E+00  5.55000E-07  8.50000E-08  0.00000E+00  1.19999E+01
  4.46000E+00  3.30000E-07  7.00000E-08  0.00000E+00  1.19999E+01
  4.86000E+00  3.40000E-07  7.00000E-08  0.00000E+00  1.19999E+01
  5.26000E+00  4.33000E-07  7.50000E-08  0.00000E+00  1.19999E+01
  5.67000E+00  5.60000E-07  9.00000E-08  0.00000E+00  1.19999E+01
  6.07000E+00  3.70000E-07  7.00000E-08  0.00000E+00  1.19999E+01
  6.47000E+00  5.60000E-07  9.00000E-08  0.00000E+00  1.19999E+01
  7.18000E+00  5.69000E-07  5.40000E-08  0.00000E+00  1.19999E+01
  8.18000E+00  4.45000E-07  4.80000E-08  0.00000E+00  1.19999E+01
  9.19000E+00  4.60000E-07  4.90000E-08  0.00000E+00  1.19999E+01
  1.02000E+01  4.98000E-07  5.10000E-08  0.00000E+00  1.19999E+01
  1.12100E+01  4.39000E-07  4.80000E-08  0.00000E+00  1.19999E+01
  1.22100E+01  3.80000E-07  4.50000E-08  0.00000E+00  1.19999E+01
  1.32200E+01  5.24000E-07  5.20000E-08  0.00000E+00  1.19999E+01
  1.42300E+01  4.39000E-07  4.80000E-08  0.00000E+00  1.19999E+01
  1.52300E+01  5.05000E-07  5.10000E-08  0.00000E+00  1.19999E+01
  1.62400E+01  3.29000E-07  4.10000E-08  0.00000E+00  1.19999E+01
  1.72500E+01  3.83000E-07  4.50000E-08  0.00000E+00  1.19999E+01
  1.82600E+01  3.88000E-07  4.50000E-08  0.00000E+00  1.19999E+01
  1.92600E+01  4.41000E-07  4.80000E-08  0.00000E+00  1.19999E+01
  2.02700E+01  4.29000E-07  4.70000E-08  0.00000E+00  1.19999E+01
  2.12800E+01  4.32000E-07  4.70000E-08  0.00000E+00  1.19999E+01
  2.22800E+01  3.59000E-07  4.30000E-08  0.00000E+00  1.19999E+01
  2.32900E+01  4.72000E-07  5.00000E-08  0.00000E+00  1.19999E+01
  2.43000E+01  4.51000E-07  4.80000E-08  0.00000E+00  1.19999E+01
  2.53100E+01  3.70000E-07  4.40000E-08  0.00000E+00  1.19999E+01
  2.63100E+01  4.09000E-07  4.60000E-08  0.00000E+00  1.19999E+01
  2.73200E+01  5.41000E-07  5.30000E-08  0.00000E+00  1.19999E+01
  2.83300E+01  4.90000E-07  5.10000E-08  0.00000E+00  1.19999E+01
  2.93300E+01  4.70000E-07  4.90000E-08  0.00000E+00  1.19999E+01
  3.03400E+01  5.49000E-07  5.30000E-08  0.00000E+00  1.19999E+01
  3.13500E+01  7.14000E-07  6.10000E-08  0.00000E+00  1.19999E+01
  3.23600E+01  6.05000E-07  5.60000E-08  0.00000E+00  1.19999E+01
  3.33600E+01  5.26000E-07  5.20000E-08  0.00000E+00  1.19999E+01
  3.43700E+01  6.53000E-07  5.80000E-08  0.00000E+00  1.19999E+01
  3.53800E+01  6.57000E-07  5.80000E-08  0.00000E+00  1.19999E+01
  3.63900E+01  6.13000E-07  5.70000E-08  0.00000E+00  1.19999E+01
  3.73900E+01  6.79000E-07  5.90000E-08  0.00000E+00  1.19999E+01
  3.84000E+01  9.23000E-07  6.90000E-08  0.00000E+00  1.19999E+01
  3.94100E+01  7.82000E-07  6.40000E-08  0.00000E+00  1.19999E+01
  4.04100E+01  1.42000E-06  8.60000E-08  0.00000E+00  1.19999E+01
  4.14200E+01  1.43800E-06  8.70000E-08  0.00000E+00  1.19999E+01
  4.24300E+01  1.73600E-06  9.50000E-08  0.00000E+00  1.19999E+01
  4.34400E+01  1.26100E-06  8.10000E-08  0.00000E+00  1.19999E+01
  4.44400E+01  1.35300E-06  8.40000E-08  0.00000E+00  1.19999E+01
  4.54500E+01  3.30200E-06  1.31000E-07  0.00000E+00  1.19999E+01
  4.64600E+01  1.46000E-06  8.70000E-08  0.00000E+00  1.19999E+01
  4.74600E+01  2.20800E-06  1.07000E-07  0.00000E+00  1.19999E+01
  4.84700E+01  2.03400E-06  1.03000E-07  0.00000E+00  1.19999E+01
  4.94800E+01  2.47300E-06  1.13000E-07  0.00000E+00  1.19999E+01
  5.04900E+01  3.07900E-06  1.27000E-07  0.00000E+00  1.19999E+01
  5.10100E+01  0.00000E+00  0.00000E+00  0.00000E+00  1.19999E+01
  2.64000E+00  2.78000E-07  7.60000E-08  0.00000E+00  1.50000E+01
  3.04000E+00  4.29000E-07  9.50000E-08  0.00000E+00  1.50000E+01
  3.45000E+00  6.31000E-07  1.15000E-07  0.00000E+00  1.50000E+01
  3.85000E+00  4.85000E-07  1.01000E-07  0.00000E+00  1.50000E+01
  4.25000E+00  6.20000E-07  1.10000E-07  0.00000E+00  1.50000E+01
  4.65000E+00  3.90000E-07  9.00000E-08  0.00000E+00  1.50000E+01
  5.05000E+00  7.28000E-07  1.24000E-07  0.00000E+00  1.50000E+01
  5.46000E+00  3.40000E-07  8.00000E-08  0.00000E+00  1.50000E+01
  5.86000E+00  5.60000E-07  1.10000E-07  0.00000E+00  1.50000E+01
  6.26000E+00  5.90000E-07  1.10000E-07  0.00000E+00  1.50000E+01
  6.66000E+00  3.94000E-07  9.10000E-08  0.00000E+00  1.50000E+01
  7.37000E+00  4.15000E-07  5.90000E-08  0.00000E+00  1.50000E+01
  8.37000E+00  4.93000E-07  6.40000E-08  0.00000E+00  1.50000E+01
  9.38000E+00  5.34000E-07  6.70000E-08  0.00000E+00  1.50000E+01
  1.03900E+01  4.21000E-07  5.90000E-08  0.00000E+00  1.50000E+01
  1.13900E+01  3.54000E-07  5.40000E-08  0.00000E+00  1.50000E+01
  1.24000E+01  4.00000E-07  5.80000E-08  0.00000E+00  1.50000E+01
  1.34000E+01  4.16000E-07  5.90000E-08  0.00000E+00  1.50000E+01
  1.44100E+01  3.32000E-07  5.30000E-08  0.00000E+00  1.50000E+01
  1.54200E+01  3.93000E-07  5.70000E-08  0.00000E+00  1.50000E+01
  1.64200E+01  3.69000E-07  5.60000E-08  0.00000E+00  1.50000E+01
  1.74300E+01  3.38000E-07  5.30000E-08  0.00000E+00  1.50000E+01
  1.84300E+01  4.81000E-07  6.40000E-08  0.00000E+00  1.50000E+01
  1.94400E+01  3.90000E-07  5.70000E-08  0.00000E+00  1.50000E+01
  2.04500E+01  3.98000E-07  5.80000E-08  0.00000E+00  1.50000E+01
  2.14500E+01  3.99000E-07  5.80000E-08  0.00000E+00  1.50000E+01
  2.24600E+01  4.10000E-07  5.90000E-08  0.00000E+00  1.50000E+01
  2.34600E+01  3.88000E-07  5.70000E-08  0.00000E+00  1.50000E+01
  2.44700E+01  3.36000E-07  5.30000E-08  0.00000E+00  1.50000E+01
  2.54800E+01  4.62000E-07  6.20000E-08  0.00000E+00  1.50000E+01
  2.64800E+01  5.50000E-07  6.80000E-08  0.00000E+00  1.50000E+01
  2.74900E+01  4.45000E-07  6.10000E-08  0.00000E+00  1.50000E+01
  2.84900E+01  4.98000E-07  6.50000E-08  0.00000E+00  1.50000E+01
  2.95000E+01  4.68000E-07  6.30000E-08  0.00000E+00  1.50000E+01
  3.05100E+01  3.77000E-07  5.60000E-08  0.00000E+00  1.50000E+01
  3.15100E+01  5.44000E-07  6.80000E-08  0.00000E+00  1.50000E+01
  3.25200E+01  4.22000E-07  5.90000E-08  0.00000E+00  1.50000E+01
  3.35200E+01  4.98000E-07  6.50000E-08  0.00000E+00  1.50000E+01
  3.45300E+01  5.28000E-07  6.70000E-08  0.00000E+00  1.50000E+01
  3.55400E+01  6.42000E-07  7.30000E-08  0.00000E+00  1.50000E+01
  3.65400E+01  5.87000E-07  7.00000E-08  0.00000E+00  1.50000E+01
  3.75500E+01  4.73000E-07  6.30000E-08  0.00000E+00  1.50000E+01
  3.85500E+01  6.13000E-07  7.20000E-08  0.00000E+00  1.50000E+01
  3.95600E+01  5.45000E-07  6.80000E-08  0.00000E+00  1.50000E+01
  4.05700E+01  1.14300E-06  9.80000E-08  0.00000E+00  1.50000E+01
  4.15700E+01  1.15900E-06  9.90000E-08  0.00000E+00  1.50000E+01
  4.25800E+01  1.44200E-06  1.10000E-07  0.00000E+00  1.50000E+01
  4.35800E+01  8.39000E-07  8.40000E-08  0.00000E+00  1.50000E+01
  4.45900E+01  1.21000E-06  1.01000E-07  0.00000E+00  1.50000E+01
  4.56000E+01  3.51300E-06  1.72000E-07  0.00000E+00  1.50000E+01
  4.66000E+01  1.40200E-06  1.08000E-07  0.00000E+00  1.50000E+01
  4.76100E+01  2.46400E-06  1.44000E-07  0.00000E+00  1.50000E+01
  4.86100E+01  1.62400E-06  1.17000E-07  0.00000E+00  1.50000E+01
  4.96200E+01  2.73900E-06  1.52000E-07  0.00000E+00  1.50000E+01
  5.06200E+01  2.00000E-06  1.30000E-07  0.00000E+00  1.50000E+01
  5.13300E+01  2.50000E-08  2.30000E-08  0.00000E+00  1.50000E+01
  3.02000E+00  6.06000E-07  4.40000E-08  0.00000E+00  2.50000E+01
  3.41000E+00  5.28000E-07  4.10000E-08  0.00000E+00  2.50000E+01
  3.81000E+00  4.81000E-07  3.90000E-08  0.00000E+00  2.50000E+01
  4.21000E+00  5.92000E-07  4.30000E-08  0.00000E+00  2.50000E+01
  4.61000E+00  5.80000E-07  4.00000E-08  0.00000E+00  2.50000E+01
  5.01000E+00  5.70000E-07  4.00000E-08  0.00000E+00  2.50000E+01
  5.41000E+00  5.36000E-07  4.10000E-08  0.00000E+00  2.50000E+01
  5.81000E+00  5.90000E-07  4.00000E-08  0.00000E+00  2.50000E+01
  6.21000E+00  5.20000E-07  4.00000E-08  0.00000E+00  2.50000E+01
  6.60000E+00  5.60000E-07  4.00000E-08  0.00000E+00  2.50000E+01
  7.30000E+00  4.94000E-07  2.50000E-08  0.00000E+00  2.50000E+01
  8.30000E+00  4.73000E-07  2.40000E-08  0.00000E+00  2.50000E+01
  9.30000E+00  4.91000E-07  2.50000E-08  0.00000E+00  2.50000E+01
  1.02900E+01  4.77000E-07  2.40000E-08  0.00000E+00  2.50000E+01
  1.12900E+01  4.49000E-07  2.40000E-08  0.00000E+00  2.50000E+01
  1.22900E+01  3.59000E-07  2.10000E-08  0.00000E+00  2.50000E+01
  1.32800E+01  3.17000E-07  2.00000E-08  0.00000E+00  2.50000E+01
  1.42800E+01  3.19000E-07  2.00000E-08  0.00000E+00  2.50000E+01
  1.52800E+01  3.13000E-07  2.00000E-08  0.00000E+00  2.50000E+01
  1.62800E+01  2.94000E-07  1.90000E-08  0.00000E+00  2.50000E+01
  1.72700E+01  3.55000E-07  2.10000E-08  0.00000E+00  2.50000E+01
  1.82700E+01  3.24000E-07  2.00000E-08  0.00000E+00  2.50000E+01
  1.92700E+01  3.15000E-07  2.00000E-08  0.00000E+00  2.50000E+01
  2.02600E+01  3.39000E-07  2.10000E-08  0.00000E+00  2.50000E+01
  2.12600E+01  3.39000E-07  2.10000E-08  0.00000E+00  2.50000E+01
  2.22600E+01  3.61000E-07  2.10000E-08  0.00000E+00  2.50000E+01
  2.32500E+01  3.27000E-07  2.00000E-08  0.00000E+00  2.50000E+01
  2.42500E+01  3.55000E-07  2.10000E-08  0.00000E+00  2.50000E+01
  2.52500E+01  4.10000E-07  2.30000E-08  0.00000E+00  2.50000E+01
  2.62400E+01  3.85000E-07  2.20000E-08  0.00000E+00  2.50000E+01
  2.72400E+01  3.56000E-07  2.10000E-08  0.00000E+00  2.50000E+01
  2.82400E+01  3.62000E-07  2.10000E-08  0.00000E+00  2.50000E+01
  2.92400E+01  3.41000E-07  2.10000E-08  0.00000E+00  2.50000E+01
  3.02300E+01  3.65000E-07  2.10000E-08  0.00000E+00  2.50000E+01
  3.12300E+01  3.66000E-07  2.10000E-08  0.00000E+00  2.50000E+01
  3.22300E+01  3.35000E-07  2.10000E-08  0.00000E+00  2.50000E+01
  3.32200E+01  2.97000E-07  1.90000E-08  0.00000E+00  2.50000E+01
  3.42200E+01  3.80000E-07  2.20000E-08  0.00000E+00  2.50000E+01
  3.52200E+01  3.36000E-07  2.10000E-08  0.00000E+00  2.50000E+01
  3.62100E+01  3.23000E-07  2.00000E-08  0.00000E+00  2.50000E+01
  3.72100E+01  3.44000E-07  2.10000E-08  0.00000E+00  2.50000E+01
  3.82100E+01  3.37000E-07  2.10000E-08  0.00000E+00  2.50000E+01
  3.92000E+01  3.23000E-07  2.00000E-08  0.00000E+00  2.50000E+01
  4.02000E+01  3.95000E-07  2.20000E-08  0.00000E+00  2.50000E+01
  4.12000E+01  5.07000E-07  2.50000E-08  0.00000E+00  2.50000E+01
  4.22000E+01  6.63000E-07  2.90000E-08  0.00000E+00  2.50000E+01
  4.31900E+01  4.52000E-07  2.40000E-08  0.00000E+00  2.50000E+01
  4.41900E+01  5.07000E-07  2.50000E-08  0.00000E+00  2.50000E+01
  4.51900E+01  1.19500E-06  3.90000E-08  0.00000E+00  2.50000E+01
  4.61800E+01  7.43000E-07  3.10000E-08  0.00000E+00  2.50000E+01
  4.71800E+01  5.10000E-07  2.50000E-08  0.00000E+00  2.50000E+01
  4.81800E+01  1.10500E-06  3.70000E-08  0.00000E+00  2.50000E+01
  4.91700E+01  5.17000E-07  2.50000E-08  0.00000E+00  2.50000E+01
  5.01700E+01  1.55200E-06  4.40000E-08  0.00000E+00  2.50000E+01
  5.08400E+01  1.10000E-08  6.00000E-09  0.00000E+00  2.50000E+01
  3.01000E+00  3.15000E-07  1.50000E-08  0.00000E+00  3.00000E+01
  3.41000E+00  3.47000E-07  1.60000E-08  0.00000E+00  3.00000E+01
  3.81000E+00  4.69000E-07  1.90000E-08  0.00000E+00  3.00000E+01
  4.21000E+00  5.20000E-07  2.00000E-08  0.00000E+00  3.00000E+01
  4.61000E+00  4.80000E-07  2.00000E-08  0.00000E+00  3.00000E+01
  5.00000E+00  5.70000E-07  2.00000E-08  0.00000E+00  3.00000E+01
  5.40000E+00  5.07000E-07  1.90000E-08  0.00000E+00  3.00000E+01
  5.80000E+00  5.50000E-07  2.00000E-08  0.00000E+00  3.00000E+01
  6.20000E+00  5.10000E-07  2.00000E-08  0.00000E+00  3.00000E+01
  6.60000E+00  5.30000E-07  2.00000E-08  0.00000E+00  3.00000E+01
  7.29000E+00  4.93000E-07  1.20000E-08  0.00000E+00  3.00000E+01
  8.29000E+00  4.58000E-07  1.20000E-08  0.00000E+00  3.00000E+01
  9.29000E+00  4.45000E-07  1.10000E-08  0.00000E+00  3.00000E+01
  1.02800E+01  4.34000E-07  1.10000E-08  0.00000E+00  3.00000E+01
  1.12800E+01  4.20000E-07  1.10000E-08  0.00000E+00  3.00000E+01
  1.22700E+01  3.88000E-07  1.10000E-08  0.00000E+00  3.00000E+01
  1.32700E+01  3.96000E-07  1.10000E-08  0.00000E+00  3.00000E+01
  1.42600E+01  3.56000E-07  1.00000E-08  0.00000E+00  3.00000E+01
  1.52600E+01  3.35000E-07  1.00000E-08  0.00000E+00  3.00000E+01
  1.62600E+01  3.42000E-07  1.00000E-08  0.00000E+00  3.00000E+01
  1.72500E+01  3.15000E-07  1.00000E-08  0.00000E+00  3.00000E+01
  1.82500E+01  3.27000E-07  1.00000E-08  0.00000E+00  3.00000E+01
  1.92400E+01  3.31000E-07  1.00000E-08  0.00000E+00  3.00000E+01
  2.02400E+01  3.38000E-07  1.00000E-08  0.00000E+00  3.00000E+01
  2.12400E+01  3.49000E-07  1.00000E-08  0.00000E+00  3.00000E+01
  2.22300E+01  3.50000E-07  1.00000E-08  0.00000E+00  3.00000E+01
  2.32300E+01  3.46000E-07  1.00000E-08  0.00000E+00  3.00000E+01
  2.42200E+01  3.57000E-07  1.00000E-08  0.00000E+00  3.00000E+01
  2.52200E+01  3.41000E-07  1.00000E-08  0.00000E+00  3.00000E+01
  2.62100E+01  3.66000E-07  1.00000E-08  0.00000E+00  3.00000E+01
  2.72100E+01  3.55000E-07  1.00000E-08  0.00000E+00  3.00000E+01
  2.82100E+01  3.31000E-07  1.00000E-08  0.00000E+00  3.00000E+01
  2.92000E+01  3.30000E-07  1.00000E-08  0.00000E+00  3.00000E+01
  3.02000E+01  3.33000E-07  1.00000E-08  0.00000E+00  3.00000E+01
  3.21900E+01  3.19000E-07  1.00000E-08  0.00000E+00  3.00000E+01
  3.31900E+01  3.26000E-07  1.00000E-08  0.00000E+00  3.00000E+01
  3.41800E+01  3.20000E-07  1.00000E-08  0.00000E+00  3.00000E+01
  3.51800E+01  3.31000E-07  1.00000E-08  0.00000E+00  3.00000E+01
  3.61700E+01  3.12000E-07  1.00000E-08  0.00000E+00  3.00000E+01
  3.71700E+01  3.42000E-07  1.00000E-08  0.00000E+00  3.00000E+01
  3.81600E+01  3.10000E-07  1.00000E-08  0.00000E+00  3.00000E+01
  3.91600E+01  4.28000E-07  1.10000E-08  0.00000E+00  3.00000E+01
  4.01600E+01  4.10000E-07  1.10000E-08  0.00000E+00  3.00000E+01
  4.11500E+01  6.23000E-07  1.40000E-08  0.00000E+00  3.00000E+01
  4.21500E+01  3.92000E-07  1.10000E-08  0.00000E+00  3.00000E+01
  4.31400E+01  4.22000E-07  1.10000E-08  0.00000E+00  3.00000E+01
  4.41400E+01  1.11400E-06  1.80000E-08  0.00000E+00  3.00000E+01
  4.51300E+01  5.37000E-07  1.30000E-08  0.00000E+00  3.00000E+01
  4.61300E+01  6.61000E-07  1.40000E-08  0.00000E+00  3.00000E+01
  4.71300E+01  6.17000E-07  1.30000E-08  0.00000E+00  3.00000E+01
  4.81200E+01  5.07000E-07  1.20000E-08  0.00000E+00  3.00000E+01
  4.91200E+01  1.20900E-06  1.90000E-08  0.00000E+00  3.00000E+01
  4.97200E+01  7.00000E-09  3.00000E-09  0.00000E+00  3.00000E+01
  3.01000E+00  3.05000E-07  2.00000E-08  0.00000E+00  3.50000E+01
  3.41000E+00  3.36000E-07  2.10000E-08  0.00000E+00  3.50000E+01
  3.82000E+00  4.36000E-07  2.40000E-08  0.00000E+00  3.50000E+01
  4.22000E+00  4.53000E-07  2.50000E-08  0.00000E+00  3.50000E+01
  4.62000E+00  4.70000E-07  3.00000E-08  0.00000E+00  3.50000E+01
  5.03000E+00  5.00000E-07  3.00000E-08  0.00000E+00  3.50000E+01
  5.43000E+00  4.30000E-07  2.40000E-08  0.00000E+00  3.50000E+01
  5.84000E+00  4.60000E-07  3.00000E-08  0.00000E+00  3.50000E+01
  6.24000E+00  5.20000E-07  3.00000E-08  0.00000E+00  3.50000E+01
  6.65000E+00  4.80000E-07  3.00000E-08  0.00000E+00  3.50000E+01
  7.35000E+00  4.20000E-07  1.50000E-08  0.00000E+00  3.50000E+01
  8.36000E+00  4.33000E-07  1.50000E-08  0.00000E+00  3.50000E+01
  9.37000E+00  3.96000E-07  1.50000E-08  0.00000E+00  3.50000E+01
  1.03800E+01  3.92000E-07  1.50000E-08  0.00000E+00  3.50000E+01
  1.14000E+01  4.24000E-07  1.50000E-08  0.00000E+00  3.50000E+01
  1.24100E+01  2.39000E-07  1.10000E-08  0.00000E+00  3.50000E+01
  1.34200E+01  3.14000E-07  1.30000E-08  0.00000E+00  3.50000E+01
  1.44300E+01  3.30000E-07  1.30000E-08  0.00000E+00  3.50000E+01
  1.54400E+01  3.08000E-07  1.30000E-08  0.00000E+00  3.50000E+01
  1.64500E+01  2.94000E-07  1.30000E-08  0.00000E+00  3.50000E+01
  1.74600E+01  2.93000E-07  1.30000E-08  0.00000E+00  3.50000E+01
  1.84700E+01  2.96000E-07  1.30000E-08  0.00000E+00  3.50000E+01
  1.94800E+01  2.91000E-07  1.30000E-08  0.00000E+00  3.50000E+01
  2.04900E+01  3.08000E-07  1.30000E-08  0.00000E+00  3.50000E+01
  2.15000E+01  2.77000E-07  1.20000E-08  0.00000E+00  3.50000E+01
  2.25100E+01  3.00000E-07  1.30000E-08  0.00000E+00  3.50000E+01
  2.35200E+01  2.84000E-07  1.20000E-08  0.00000E+00  3.50000E+01
  2.45300E+01  3.03000E-07  1.30000E-08  0.00000E+00  3.50000E+01
  2.55400E+01  3.06000E-07  1.30000E-08  0.00000E+00  3.50000E+01
  2.65600E+01  3.01000E-07  1.30000E-08  0.00000E+00  3.50000E+01
  2.75700E+01  2.61000E-07  1.20000E-08  0.00000E+00  3.50000E+01
  2.85800E+01  2.86000E-07  1.30000E-08  0.00000E+00  3.50000E+01
  2.95900E+01  2.79000E-07  1.20000E-08  0.00000E+00  3.50000E+01
  3.06000E+01  2.77000E-07  1.20000E-08  0.00000E+00  3.50000E+01
  3.16100E+01  2.61000E-07  1.20000E-08  0.00000E+00  3.50000E+01
  3.26200E+01  2.67000E-07  1.20000E-08  0.00000E+00  3.50000E+01
  3.36300E+01  2.79000E-07  1.20000E-08  0.00000E+00  3.50000E+01
  3.46400E+01  2.85000E-07  1.30000E-08  0.00000E+00  3.50000E+01
  3.56500E+01  2.41000E-07  1.20000E-08  0.00000E+00  3.50000E+01
  3.66600E+01  2.81000E-07  1.20000E-08  0.00000E+00  3.50000E+01
  3.76700E+01  2.89000E-07  1.30000E-08  0.00000E+00  3.50000E+01
  3.86800E+01  2.62000E-07  1.20000E-08  0.00000E+00  3.50000E+01
  3.96900E+01  3.59000E-07  1.40000E-08  0.00000E+00  3.50000E+01
  4.07000E+01  3.34000E-07  1.40000E-08  0.00000E+00  3.50000E+01
  4.17100E+01  4.89000E-07  1.60000E-08  0.00000E+00  3.50000E+01
  4.27300E+01  3.30000E-07  1.30000E-08  0.00000E+00  3.50000E+01
  4.37400E+01  3.59000E-07  1.40000E-08  0.00000E+00  3.50000E+01
  4.47500E+01  9.13000E-07  2.20000E-08  0.00000E+00  3.50000E+01
  4.57600E+01  4.17000E-07  1.50000E-08  0.00000E+00  3.50000E+01
  4.67700E+01  5.57000E-07  1.80000E-08  0.00000E+00  3.50000E+01
  4.77800E+01  5.16000E-07  1.70000E-08  0.00000E+00  3.50000E+01
  4.87900E+01  4.15000E-07  1.50000E-08  0.00000E+00  3.50000E+01
  4.98000E+01  9.63000E-07  2.30000E-08  0.00000E+00  3.50000E+01
  5.05600E+01  1.00000E-08  3.00000E-09  0.00000E+00  3.50000E+01
  3.11000E+00  3.93000E-07  2.10000E-08  0.00000E+00  4.00000E+01
  3.51000E+00  3.92000E-07  2.10000E-08  0.00000E+00  4.00000E+01
  3.91000E+00  4.27000E-07  2.20000E-08  0.00000E+00  4.00000E+01
  4.31000E+00  4.90000E-07  2.00000E-08  0.00000E+00  4.00000E+01
  4.71000E+00  5.20000E-07  2.00000E-08  0.00000E+00  4.00000E+01
  5.11000E+00  5.00000E-07  2.00000E-08  0.00000E+00  4.00000E+01
  5.51000E+00  4.70000E-07  2.00000E-08  0.00000E+00  4.00000E+01
  5.90000E+00  4.78000E-07  2.30000E-08  0.00000E+00  4.00000E+01
  6.30000E+00  4.98000E-07  2.30000E-08  0.00000E+00  4.00000E+01
  6.70000E+00  4.74000E-07  2.30000E-08  0.00000E+00  4.00000E+01
  7.40000E+00  4.51000E-07  1.40000E-08  0.00000E+00  4.00000E+01
  8.39000E+00  4.07000E-07  1.30000E-08  0.00000E+00  4.00000E+01
  9.39000E+00  4.05000E-07  1.30000E-08  0.00000E+00  4.00000E+01
  1.03900E+01  4.22000E-07  1.40000E-08  0.00000E+00  4.00000E+01
  1.13800E+01  3.35000E-07  1.30000E-08  0.00000E+00  4.00000E+01
  1.23800E+01  2.95000E-07  1.10000E-08  0.00000E+00  4.00000E+01
  1.33800E+01  2.69000E-07  1.10000E-08  0.00000E+00  4.00000E+01
  1.43700E+01  2.49000E-07  1.00000E-08  0.00000E+00  4.00000E+01
  1.53700E+01  2.47000E-07  1.00000E-08  0.00000E+00  4.00000E+01
  1.63700E+01  2.63000E-07  1.10000E-08  0.00000E+00  4.00000E+01
  1.73600E+01  2.43000E-07  1.00000E-08  0.00000E+00  4.00000E+01
  1.83600E+01  2.51000E-07  1.10000E-08  0.00000E+00  4.00000E+01
  1.93600E+01  2.44000E-07  1.00000E-08  0.00000E+00  4.00000E+01
  2.03500E+01  2.48000E-07  1.00000E-08  0.00000E+00  4.00000E+01
  2.13500E+01  2.39000E-07  1.00000E-08  0.00000E+00  4.00000E+01
  2.23400E+01  2.59000E-07  1.10000E-08  0.00000E+00  4.00000E+01
  2.33400E+01  2.38000E-07  1.00000E-08  0.00000E+00  4.00000E+01
  2.43400E+01  2.29000E-07  1.00000E-08  0.00000E+00  4.00000E+01
  2.53300E+01  2.29000E-07  1.00000E-08  0.00000E+00  4.00000E+01
  2.63300E+01  2.58000E-07  1.10000E-08  0.00000E+00  4.00000E+01
  2.73300E+01  2.41000E-07  1.00000E-08  0.00000E+00  4.00000E+01
  2.83200E+01  2.27000E-07  1.00000E-08  0.00000E+00  4.00000E+01
  2.93200E+01  2.13000E-07  1.00000E-08  0.00000E+00  4.00000E+01
  3.03200E+01  2.20000E-07  1.00000E-08  0.00000E+00  4.00000E+01
  3.13100E+01  2.16000E-07  1.00000E-08  0.00000E+00  4.00000E+01
  3.23100E+01  2.20000E-07  1.00000E-08  0.00000E+00  4.00000E+01
  3.33000E+01  2.28000E-07  1.00000E-08  0.00000E+00  4.00000E+01
  3.43000E+01  2.15000E-07  1.00000E-08  0.00000E+00  4.00000E+01
  3.53000E+01  2.28000E-07  1.00000E-08  0.00000E+00  4.00000E+01
  3.62900E+01  2.34000E-07  1.00000E-08  0.00000E+00  4.00000E+01
  3.72900E+01  2.04000E-07  9.00000E-09  0.00000E+00  4.00000E+01
  3.82900E+01  2.33000E-07  1.00000E-08  0.00000E+00  4.00000E+01
  3.92800E+01  2.03000E-07  9.00000E-09  0.00000E+00  4.00000E+01
  4.02800E+01  2.69000E-07  1.10000E-08  0.00000E+00  4.00000E+01
  4.12800E+01  3.22000E-07  1.20000E-08  0.00000E+00  4.00000E+01
  4.22700E+01  2.57000E-07  1.10000E-08  0.00000E+00  4.00000E+01
  4.32700E+01  2.00000E-07  9.00000E-09  0.00000E+00  4.00000E+01
  4.42700E+01  4.23000E-07  1.40000E-08  0.00000E+00  4.00000E+01
  4.52600E+01  5.68000E-07  1.60000E-08  0.00000E+00  4.00000E+01
  4.62600E+01  2.45000E-07  1.00000E-08  0.00000E+00  4.00000E+01
  4.72500E+01  5.69000E-07  1.60000E-08  0.00000E+00  4.00000E+01
  4.82500E+01  2.07000E-07  1.00000E-08  0.00000E+00  4.00000E+01
  4.92500E+01  7.43000E-07  1.80000E-08  0.00000E+00  4.00000E+01
  4.99700E+01  2.00000E-09  1.00000E-09  0.00000E+00  4.00000E+01
  2.97000E+00  3.12000E-07  1.40000E-08  0.00000E+00  4.50001E+01
  3.37000E+00  3.89000E-07  1.60000E-08  0.00000E+00  4.50001E+01
  3.77000E+00  4.50000E-07  1.70000E-08  0.00000E+00  4.50001E+01
  4.17000E+00  5.60000E-07  2.00000E-08  0.00000E+00  4.50001E+01
  4.57000E+00  4.60000E-07  2.00000E-08  0.00000E+00  4.50001E+01
  4.97000E+00  4.30000E-07  2.00000E-08  0.00000E+00  4.50001E+01
  5.37000E+00  4.80000E-07  2.00000E-08  0.00000E+00  4.50001E+01
  5.77000E+00  4.55000E-07  1.70000E-08  0.00000E+00  4.50001E+01
  6.17000E+00  4.84000E-07  1.80000E-08  0.00000E+00  4.50001E+01
  6.56000E+00  4.71000E-07  1.70000E-08  0.00000E+00  4.50001E+01
  7.26000E+00  4.57000E-07  1.10000E-08  0.00000E+00  4.50001E+01
  8.26000E+00  4.20000E-07  1.00000E-08  0.00000E+00  4.50001E+01
  9.26000E+00  4.04000E-07  1.00000E-08  0.00000E+00  4.50001E+01
  1.02600E+01  3.74000E-07  1.00000E-08  0.00000E+00  4.50001E+01
  1.12600E+01  3.60000E-07  1.00000E-08  0.00000E+00  4.50001E+01
  1.22600E+01  3.22000E-07  9.00000E-09  0.00000E+00  4.50001E+01
  1.32500E+01  3.52000E-07  9.00000E-09  0.00000E+00  4.50001E+01
  1.42500E+01  2.95000E-07  9.00000E-09  0.00000E+00  4.50001E+01
  1.52500E+01  2.84000E-07  8.00000E-09  0.00000E+00  4.50001E+01
  1.62500E+01  2.55000E-07  8.00000E-09  0.00000E+00  4.50001E+01
  1.72500E+01  2.53000E-07  8.00000E-09  0.00000E+00  4.50001E+01
  1.82500E+01  2.56000E-07  8.00000E-09  0.00000E+00  4.50001E+01
  1.92400E+01  2.52000E-07  8.00000E-09  0.00000E+00  4.50001E+01
  2.02400E+01  2.53000E-07  8.00000E-09  0.00000E+00  4.50001E+01
  2.12400E+01  2.47000E-07  8.00000E-09  0.00000E+00  4.50001E+01
  2.22400E+01  2.41000E-07  8.00000E-09  0.00000E+00  4.50001E+01
  2.32400E+01  2.39000E-07  8.00000E-09  0.00000E+00  4.50001E+01
  2.42400E+01  2.34000E-07  8.00000E-09  0.00000E+00  4.50001E+01
  2.52300E+01  2.44000E-07  8.00000E-09  0.00000E+00  4.50001E+01
  2.62300E+01  2.22000E-07  8.00000E-09  0.00000E+00  4.50001E+01
  2.72300E+01  2.37000E-07  8.00000E-09  0.00000E+00  4.50001E+01
  2.82300E+01  2.29000E-07  8.00000E-09  0.00000E+00  4.50001E+01
  2.92300E+01  2.16000E-07  7.00000E-09  0.00000E+00  4.50001E+01
  3.02300E+01  2.04000E-07  7.00000E-09  0.00000E+00  4.50001E+01
  3.12200E+01  2.08000E-07  7.00000E-09  0.00000E+00  4.50001E+01
  3.22200E+01  2.01000E-07  7.00000E-09  0.00000E+00  4.50001E+01
  3.32200E+01  2.00000E-07  7.00000E-09  0.00000E+00  4.50001E+01
  3.42200E+01  2.04000E-07  7.00000E-09  0.00000E+00  4.50001E+01
  3.52200E+01  1.89000E-07  7.00000E-09  0.00000E+00  4.50001E+01
  3.62200E+01  1.99000E-07  7.00000E-09  0.00000E+00  4.50001E+01
  3.72200E+01  1.72000E-07  7.00000E-09  0.00000E+00  4.50001E+01
  3.82100E+01  2.05000E-07  7.00000E-09  0.00000E+00  4.50001E+01
  3.92100E+01  2.19000E-07  7.00000E-09  0.00000E+00  4.50001E+01
  4.02100E+01  3.16000E-07  9.00000E-09  0.00000E+00  4.50001E+01
  4.12100E+01  1.94000E-07  7.00000E-09  0.00000E+00  4.50001E+01
  4.22100E+01  2.10000E-07  7.00000E-09  0.00000E+00  4.50001E+01
  4.32100E+01  5.35000E-07  1.20000E-08  0.00000E+00  4.50001E+01
  4.42000E+01  2.86000E-07  9.00000E-09  0.00000E+00  4.50001E+01
  4.52000E+01  2.51000E-07  8.00000E-09  0.00000E+00  4.50001E+01
  4.62000E+01  3.20000E-07  9.00000E-09  0.00000E+00  4.50001E+01
  4.72000E+01  2.15000E-07  7.00000E-09  0.00000E+00  4.50001E+01
  4.82000E+01  5.30000E-07  1.20000E-08  0.00000E+00  4.50001E+01
  4.88500E+01  0.00000E+00  1.00000E-09  0.00000E+00  4.50001E+01
  2.97000E+00  1.31000E-07  1.10000E-08  0.00000E+00  5.00000E+01
  3.37000E+00  1.44000E-07  1.20000E-08  0.00000E+00  5.00000E+01
  3.76000E+00  1.64000E-07  1.30000E-08  0.00000E+00  5.00000E+01
  4.16000E+00  1.60000E-07  1.00000E-08  0.00000E+00  5.00000E+01
  4.56000E+00  3.30000E-07  2.00000E-08  0.00000E+00  5.00000E+01
  4.96000E+00  4.50000E-07  2.00000E-08  0.00000E+00  5.00000E+01
  5.36000E+00  4.50000E-07  2.00000E-08  0.00000E+00  5.00000E+01
  5.76000E+00  4.42000E-07  2.10000E-08  0.00000E+00  5.00000E+01
  6.16000E+00  4.45000E-07  2.10000E-08  0.00000E+00  5.00000E+01
  6.56000E+00  4.08000E-07  2.00000E-08  0.00000E+00  5.00000E+01
  7.25000E+00  4.07000E-07  1.20000E-08  0.00000E+00  5.00000E+01
  8.25000E+00  3.58000E-07  1.20000E-08  0.00000E+00  5.00000E+01
  9.25000E+00  3.58000E-07  1.20000E-08  0.00000E+00  5.00000E+01
  1.02500E+01  3.37000E-07  1.10000E-08  0.00000E+00  5.00000E+01
  1.12400E+01  3.32000E-07  1.10000E-08  0.00000E+00  5.00000E+01
  1.22400E+01  2.52000E-07  1.00000E-08  0.00000E+00  5.00000E+01
  1.32400E+01  2.25000E-07  9.00000E-09  0.00000E+00  5.00000E+01
  1.42400E+01  2.01000E-07  9.00000E-09  0.00000E+00  5.00000E+01
  1.52300E+01  2.20000E-07  9.00000E-09  0.00000E+00  5.00000E+01
  1.62300E+01  2.11000E-07  9.00000E-09  0.00000E+00  5.00000E+01
  1.72300E+01  2.01000E-07  9.00000E-09  0.00000E+00  5.00000E+01
  1.82200E+01  2.00000E-07  9.00000E-09  0.00000E+00  5.00000E+01
  1.92200E+01  2.04000E-07  9.00000E-09  0.00000E+00  5.00000E+01
  2.02200E+01  1.84000E-07  8.00000E-09  0.00000E+00  5.00000E+01
  2.12200E+01  1.89000E-07  8.00000E-09  0.00000E+00  5.00000E+01
  2.22100E+01  1.92000E-07  9.00000E-09  0.00000E+00  5.00000E+01
  2.32100E+01  1.79000E-07  8.00000E-09  0.00000E+00  5.00000E+01
  2.42100E+01  1.84000E-07  8.00000E-09  0.00000E+00  5.00000E+01
  2.52000E+01  1.61000E-07  8.00000E-09  0.00000E+00  5.00000E+01
  2.62000E+01  1.50000E-07  8.00000E-09  0.00000E+00  5.00000E+01
  2.72000E+01  1.77000E-07  8.00000E-09  0.00000E+00  5.00000E+01
  2.82000E+01  1.72000E-07  8.00000E-09  0.00000E+00  5.00000E+01
  2.91900E+01  1.63000E-07  8.00000E-09  0.00000E+00  5.00000E+01
  3.01900E+01  1.50000E-07  8.00000E-09  0.00000E+00  5.00000E+01
  3.11900E+01  1.40000E-07  7.00000E-09  0.00000E+00  5.00000E+01
  3.21800E+01  1.47000E-07  7.00000E-09  0.00000E+00  5.00000E+01
  3.31800E+01  1.46000E-07  7.00000E-09  0.00000E+00  5.00000E+01
  3.41800E+01  1.50000E-07  8.00000E-09  0.00000E+00  5.00000E+01
  3.51800E+01  1.51000E-07  8.00000E-09  0.00000E+00  5.00000E+01
  3.61700E+01  1.30000E-07  7.00000E-09  0.00000E+00  5.00000E+01
  3.71700E+01  1.45000E-07  7.00000E-09  0.00000E+00  5.00000E+01
  3.81700E+01  1.23000E-07  7.00000E-09  0.00000E+00  5.00000E+01
  3.91700E+01  1.74000E-07  8.00000E-09  0.00000E+00  5.00000E+01
  4.01600E+01  1.66000E-07  8.00000E-09  0.00000E+00  5.00000E+01
  4.11600E+01  1.89000E-07  8.00000E-09  0.00000E+00  5.00000E+01
  4.21600E+01  1.16000E-07  7.00000E-09  0.00000E+00  5.00000E+01
  4.31500E+01  1.39000E-07  7.00000E-09  0.00000E+00  5.00000E+01
  4.41500E+01  3.43000E-07  1.10000E-08  0.00000E+00  5.00000E+01
  4.51500E+01  1.85000E-07  8.00000E-09  0.00000E+00  5.00000E+01
  4.61500E+01  2.69000E-07  1.00000E-08  0.00000E+00  5.00000E+01
  4.71400E+01  1.31000E-07  7.00000E-09  0.00000E+00  5.00000E+01
  4.81400E+01  2.55000E-07  1.00000E-08  0.00000E+00  5.00000E+01
  4.90900E+01  1.48000E-07  8.00000E-09  0.00000E+00  5.00000E+01
  3.12000E+00  2.39000E-07  1.50000E-08  0.00000E+00  5.50001E+01
  3.52000E+00  2.65000E-07  1.60000E-08  0.00000E+00  5.50001E+01
  3.92000E+00  3.22000E-07  1.70000E-08  0.00000E+00  5.50001E+01
  4.32000E+00  4.00000E-07  2.00000E-08  0.00000E+00  5.50001E+01
  4.72000E+00  4.50000E-07  2.00000E-08  0.00000E+00  5.50001E+01
  5.12000E+00  3.90000E-07  2.00000E-08  0.00000E+00  5.50001E+01
  5.52000E+00  4.00000E-07  2.00000E-08  0.00000E+00  5.50001E+01
  5.91000E+00  4.10000E-07  2.00000E-08  0.00000E+00  5.50001E+01
  6.31000E+00  3.92000E-07  1.90000E-08  0.00000E+00  5.50001E+01
  6.71000E+00  3.69000E-07  1.90000E-08  0.00000E+00  5.50001E+01
  7.41000E+00  3.65000E-07  1.20000E-08  0.00000E+00  5.50001E+01
  8.41000E+00  3.43000E-07  1.10000E-08  0.00000E+00  5.50001E+01
  9.41000E+00  3.11000E-07  1.10000E-08  0.00000E+00  5.50001E+01
  1.04100E+01  3.07000E-07  1.10000E-08  0.00000E+00  5.50001E+01
  1.14000E+01  2.77000E-07  1.00000E-08  0.00000E+00  5.50001E+01
  1.24000E+01  2.24000E-07  9.00000E-09  0.00000E+00  5.50001E+01
  1.34000E+01  2.17000E-07  9.00000E-09  0.00000E+00  5.50001E+01
  1.44000E+01  1.95000E-07  9.00000E-09  0.00000E+00  5.50001E+01
  1.54000E+01  1.90000E-07  8.00000E-09  0.00000E+00  5.50001E+01
  1.64000E+01  1.82000E-07  8.00000E-09  0.00000E+00  5.50001E+01
  1.73900E+01  1.81000E-07  8.00000E-09  0.00000E+00  5.50001E+01
  1.83900E+01  1.74000E-07  8.00000E-09  0.00000E+00  5.50001E+01
  1.93900E+01  1.65000E-07  8.00000E-09  0.00000E+00  5.50001E+01
  2.03900E+01  1.85000E-07  8.00000E-09  0.00000E+00  5.50001E+01
  2.13900E+01  1.71000E-07  8.00000E-09  0.00000E+00  5.50001E+01
  2.23800E+01  1.59000E-07  8.00000E-09  0.00000E+00  5.50001E+01
  2.33800E+01  1.44000E-07  7.00000E-09  0.00000E+00  5.50001E+01
  2.43800E+01  1.62000E-07  8.00000E-09  0.00000E+00  5.50001E+01
  2.53800E+01  1.57000E-07  8.00000E-09  0.00000E+00  5.50001E+01
  2.63800E+01  1.36000E-07  7.00000E-09  0.00000E+00  5.50001E+01
  2.73800E+01  1.40000E-07  7.00000E-09  0.00000E+00  5.50001E+01
  2.83700E+01  1.44000E-07  7.00000E-09  0.00000E+00  5.50001E+01
  2.93700E+01  1.51000E-07  8.00000E-09  0.00000E+00  5.50001E+01
  3.03700E+01  1.21000E-07  7.00000E-09  0.00000E+00  5.50001E+01
  3.13700E+01  1.12000E-07  6.00000E-09  0.00000E+00  5.50001E+01
  3.23700E+01  1.25000E-07  7.00000E-09  0.00000E+00  5.50001E+01
  3.33600E+01  1.23000E-07  7.00000E-09  0.00000E+00  5.50001E+01
  3.43600E+01  1.28000E-07  7.00000E-09  0.00000E+00  5.50001E+01
  3.53600E+01  1.15000E-07  7.00000E-09  0.00000E+00  5.50001E+01
  3.63600E+01  1.26000E-07  7.00000E-09  0.00000E+00  5.50001E+01
  3.73600E+01  1.10000E-07  6.00000E-09  0.00000E+00  5.50001E+01
  3.83600E+01  1.25000E-07  7.00000E-09  0.00000E+00  5.50001E+01
  3.93500E+01  1.46000E-07  7.00000E-09  0.00000E+00  5.50001E+01
  4.03500E+01  1.63000E-07  8.00000E-09  0.00000E+00  5.50001E+01
  4.13500E+01  1.26000E-07  7.00000E-09  0.00000E+00  5.50001E+01
  4.23500E+01  1.20000E-07  7.00000E-09  0.00000E+00  5.50001E+01
  4.33500E+01  3.09000E-07  1.10000E-08  0.00000E+00  5.50001E+01
  4.43500E+01  1.62000E-07  8.00000E-09  0.00000E+00  5.50001E+01
  4.53400E+01  1.39000E-07  7.00000E-09  0.00000E+00  5.50001E+01
  4.63400E+01  1.65000E-07  8.00000E-09  0.00000E+00  5.50001E+01
  4.73400E+01  9.60000E-08  6.00000E-09  0.00000E+00  5.50001E+01
  4.83400E+01  2.57000E-07  1.00000E-08  0.00000E+00  5.50001E+01
  4.89100E+01  1.00000E-09  1.00000E-09  0.00000E+00  5.50001E+01
  2.63000E+00  2.41000E-07  2.00000E-08  0.00000E+00  6.00001E+01
  3.03000E+00  3.15000E-07  2.30000E-08  0.00000E+00  6.00001E+01
  3.44000E+00  3.45000E-07  2.40000E-08  0.00000E+00  6.00001E+01
  3.84000E+00  3.90000E-07  3.00000E-08  0.00000E+00  6.00001E+01
  4.24000E+00  4.00000E-07  3.00000E-08  0.00000E+00  6.00001E+01
  4.64000E+00  4.00000E-07  3.00000E-08  0.00000E+00  6.00001E+01
  5.04000E+00  3.60000E-07  3.00000E-08  0.00000E+00  6.00001E+01
  5.44000E+00  3.50000E-07  2.50000E-08  0.00000E+00  6.00001E+01
  5.84000E+00  3.35000E-07  2.40000E-08  0.00000E+00  6.00001E+01
  6.25000E+00  3.12000E-07  2.30000E-08  0.00000E+00  6.00001E+01
  6.65000E+00  3.52000E-07  2.50000E-08  0.00000E+00  6.00001E+01
  7.35000E+00  3.23000E-07  1.50000E-08  0.00000E+00  6.00001E+01
  8.35000E+00  2.91000E-07  1.40000E-08  0.00000E+00  6.00001E+01
  9.36000E+00  2.65000E-07  1.40000E-08  0.00000E+00  6.00001E+01
  1.03600E+01  2.34000E-07  1.30000E-08  0.00000E+00  6.00001E+01
  1.13600E+01  2.27000E-07  1.30000E-08  0.00000E+00  6.00001E+01
  1.23700E+01  1.78000E-07  1.10000E-08  0.00000E+00  6.00001E+01
  1.33700E+01  1.95000E-07  1.20000E-08  0.00000E+00  6.00001E+01
  1.43700E+01  1.92000E-07  1.20000E-08  0.00000E+00  6.00001E+01
  1.53800E+01  1.76000E-07  1.10000E-08  0.00000E+00  6.00001E+01
  1.63800E+01  1.91000E-07  1.20000E-08  0.00000E+00  6.00001E+01
  1.73800E+01  1.38000E-07  1.00000E-08  0.00000E+00  6.00001E+01
  1.83900E+01  1.47000E-07  1.00000E-08  0.00000E+00  6.00001E+01
  1.93900E+01  1.61000E-07  1.10000E-08  0.00000E+00  6.00001E+01
  2.03900E+01  1.39000E-07  1.00000E-08  0.00000E+00  6.00001E+01
  2.13900E+01  1.40000E-07  1.00000E-08  0.00000E+00  6.00001E+01
  2.24000E+01  1.45000E-07  1.00000E-08  0.00000E+00  6.00001E+01
  2.34000E+01  1.45000E-07  1.00000E-08  0.00000E+00  6.00001E+01
  2.44000E+01  1.21000E-07  9.00000E-09  0.00000E+00  6.00001E+01
  2.54100E+01  1.15000E-07  9.00000E-09  0.00000E+00  6.00001E+01
  2.64100E+01  1.18000E-07  9.00000E-09  0.00000E+00  6.00001E+01
  2.74100E+01  1.18000E-07  9.00000E-09  0.00000E+00  6.00001E+01
  2.84200E+01  1.17000E-07  9.00000E-09  0.00000E+00  6.00001E+01
  2.94200E+01  1.15000E-07  9.00000E-09  0.00000E+00  6.00001E+01
  3.04200E+01  1.10000E-07  9.00000E-09  0.00000E+00  6.00001E+01
  3.14300E+01  1.10000E-07  9.00000E-09  0.00000E+00  6.00001E+01
  3.24300E+01  1.05000E-07  9.00000E-09  0.00000E+00  6.00001E+01
  3.34300E+01  1.12000E-07  9.00000E-09  0.00000E+00  6.00001E+01
  3.44400E+01  9.00000E-08  8.00000E-09  0.00000E+00  6.00001E+01
  3.54400E+01  1.11000E-07  9.00000E-09  0.00000E+00  6.00001E+01
  3.64400E+01  9.80000E-08  8.00000E-09  0.00000E+00  6.00001E+01
  3.74500E+01  8.40000E-08  8.00000E-09  0.00000E+00  6.00001E+01
  3.84500E+01  1.05000E-07  9.00000E-09  0.00000E+00  6.00001E+01
  3.94500E+01  1.26000E-07  9.00000E-09  0.00000E+00  6.00001E+01
  4.04600E+01  1.06000E-07  9.00000E-09  0.00000E+00  6.00001E+01
  4.14600E+01  7.90000E-08  7.00000E-09  0.00000E+00  6.00001E+01
  4.24600E+01  1.52000E-07  1.00000E-08  0.00000E+00  6.00001E+01
  4.34700E+01  1.76000E-07  1.10000E-08  0.00000E+00  6.00001E+01
  4.44700E+01  8.80000E-08  8.00000E-09  0.00000E+00  6.00001E+01
  4.54700E+01  2.01000E-07  1.20000E-08  0.00000E+00  6.00001E+01
  4.64800E+01  5.40000E-08  6.00000E-09  0.00000E+00  6.00001E+01
  4.74800E+01  2.21000E-07  1.20000E-08  0.00000E+00  6.00001E+01
  4.83100E+01  1.00000E-09  1.00000E-09  0.00000E+00  6.00001E+01
  2.97000E+00  3.07000E-07  1.70000E-08  0.00000E+00  6.50001E+01
  3.37000E+00  3.64000E-07  1.80000E-08  0.00000E+00  6.50001E+01
  3.77000E+00  3.64000E-07  1.80000E-08  0.00000E+00  6.50001E+01
  4.17000E+00  4.04000E-07  1.90000E-08  0.00000E+00  6.50001E+01
  4.57000E+00  4.34000E-07  2.00000E-08  0.00000E+00  6.50001E+01
  4.97000E+00  4.11000E-07  1.90000E-08  0.00000E+00  6.50001E+01
  5.37000E+00  3.81000E-07  1.90000E-08  0.00000E+00  6.50001E+01
  5.77000E+00  3.91000E-07  1.90000E-08  0.00000E+00  6.50001E+01
  6.17000E+00  3.60000E-07  1.80000E-08  0.00000E+00  6.50001E+01
  6.57000E+00  3.32000E-07  1.70000E-08  0.00000E+00  6.50001E+01
  7.26000E+00  3.40000E-07  1.10000E-08  0.00000E+00  6.50001E+01
  8.26000E+00  2.94000E-07  1.00000E-08  0.00000E+00  6.50001E+01
  9.26000E+00  2.79000E-07  1.00000E-08  0.00000E+00  6.50001E+01
  1.02600E+01  2.57000E-07  1.00000E-08  0.00000E+00  6.50001E+01
  1.12600E+01  2.41000E-07  9.00000E-09  0.00000E+00  6.50001E+01
  1.22600E+01  1.88000E-07  8.00000E-09  0.00000E+00  6.50001E+01
  1.32600E+01  1.53000E-07  7.00000E-09  0.00000E+00  6.50001E+01
  1.42500E+01  1.51000E-07  7.00000E-09  0.00000E+00  6.50001E+01
  1.52500E+01  1.55000E-07  7.00000E-09  0.00000E+00  6.50001E+01
  1.62500E+01  1.46000E-07  7.00000E-09  0.00000E+00  6.50001E+01
  1.72500E+01  1.41000E-07  7.00000E-09  0.00000E+00  6.50001E+01
  1.82500E+01  1.34000E-07  7.00000E-09  0.00000E+00  6.50001E+01
  1.92500E+01  1.33000E-07  7.00000E-09  0.00000E+00  6.50001E+01
  2.02500E+01  1.25000E-07  7.00000E-09  0.00000E+00  6.50001E+01
  2.12400E+01  1.21000E-07  7.00000E-09  0.00000E+00  6.50001E+01
  2.22400E+01  1.16000E-07  6.00000E-09  0.00000E+00  6.50001E+01
  2.32400E+01  1.30000E-07  7.00000E-09  0.00000E+00  6.50001E+01
  2.42400E+01  1.19000E-07  7.00000E-09  0.00000E+00  6.50001E+01
  2.52400E+01  1.08000E-07  6.00000E-09  0.00000E+00  6.50001E+01
  2.62400E+01  9.70000E-08  6.00000E-09  0.00000E+00  6.50001E+01
  2.72400E+01  9.90000E-08  6.00000E-09  0.00000E+00  6.50001E+01
  2.82300E+01  9.60000E-08  6.00000E-09  0.00000E+00  6.50001E+01
  2.92300E+01  9.50000E-08  6.00000E-09  0.00000E+00  6.50001E+01
  3.02300E+01  8.20000E-08  5.00000E-09  0.00000E+00  6.50001E+01
  3.12300E+01  7.80000E-08  5.00000E-09  0.00000E+00  6.50001E+01
  3.22300E+01  8.20000E-08  5.00000E-09  0.00000E+00  6.50001E+01
  3.32300E+01  7.00000E-08  5.00000E-09  0.00000E+00  6.50001E+01
  3.42300E+01  7.80000E-08  5.00000E-09  0.00000E+00  6.50001E+01
  3.52200E+01  6.40000E-08  5.00000E-09  0.00000E+00  6.50001E+01
  3.62200E+01  7.80000E-08  5.00000E-09  0.00000E+00  6.50001E+01
  3.72200E+01  7.40000E-08  5.00000E-09  0.00000E+00  6.50001E+01
  3.82200E+01  8.50000E-08  6.00000E-09  0.00000E+00  6.50001E+01
  3.92200E+01  9.20000E-08  6.00000E-09  0.00000E+00  6.50001E+01
  4.02200E+01  8.40000E-08  6.00000E-09  0.00000E+00  6.50001E+01
  4.12200E+01  5.60000E-08  4.00000E-09  0.00000E+00  6.50001E+01
  4.22100E+01  9.90000E-08  6.00000E-09  0.00000E+00  6.50001E+01
  4.32100E+01  1.51000E-07  7.00000E-09  0.00000E+00  6.50001E+01
  4.42100E+01  7.30000E-08  5.00000E-09  0.00000E+00  6.50001E+01
  4.52100E+01  1.24000E-07  7.00000E-09  0.00000E+00  6.50001E+01
  4.62100E+01  4.00000E-08  4.00000E-09  0.00000E+00  6.50001E+01
  4.72100E+01  1.40000E-07  7.00000E-09  0.00000E+00  6.50001E+01
  4.80300E+01  0.00000E+00  0.00000E+00  0.00000E+00  6.50001E+01
  3.02000E+00  2.95000E-07  1.60000E-08  0.00000E+00  7.00001E+01
  3.42000E+00  3.45000E-07  1.70000E-08  0.00000E+00  7.00001E+01
  3.82000E+00  4.00000E-07  1.90000E-08  0.00000E+00  7.00001E+01
  4.22000E+00  4.28000E-07  1.90000E-08  0.00000E+00  7.00001E+01
  4.62000E+00  3.48000E-07  1.70000E-08  0.00000E+00  7.00001E+01
  5.02000E+00  3.88000E-07  1.80000E-08  0.00000E+00  7.00001E+01
  5.42000E+00  3.75000E-07  1.80000E-08  0.00000E+00  7.00001E+01
  5.81000E+00  3.77000E-07  1.80000E-08  0.00000E+00  7.00001E+01
  6.21000E+00  3.42000E-07  1.70000E-08  0.00000E+00  7.00001E+01
  6.61000E+00  3.34000E-07  1.70000E-08  0.00000E+00  7.00001E+01
  7.31000E+00  3.15000E-07  1.10000E-08  0.00000E+00  7.00001E+01
  8.31000E+00  2.66000E-07  1.00000E-08  0.00000E+00  7.00001E+01
  9.31000E+00  2.44000E-07  9.00000E-09  0.00000E+00  7.00001E+01
  1.03100E+01  2.45000E-07  9.00000E-09  0.00000E+00  7.00001E+01
  1.13000E+01  2.35000E-07  9.00000E-09  0.00000E+00  7.00001E+01
  1.23000E+01  1.81000E-07  8.00000E-09  0.00000E+00  7.00001E+01
  1.33000E+01  1.54000E-07  7.00000E-09  0.00000E+00  7.00001E+01
  1.43000E+01  1.48000E-07  7.00000E-09  0.00000E+00  7.00001E+01
  1.53000E+01  1.30000E-07  7.00000E-09  0.00000E+00  7.00001E+01
  1.62900E+01  1.32000E-07  7.00000E-09  0.00000E+00  7.00001E+01
  1.72900E+01  1.32000E-07  7.00000E-09  0.00000E+00  7.00001E+01
  1.82900E+01  1.34000E-07  7.00000E-09  0.00000E+00  7.00001E+01
  1.92900E+01  1.14000E-07  6.00000E-09  0.00000E+00  7.00001E+01
  2.02900E+01  1.03000E-07  6.00000E-09  0.00000E+00  7.00001E+01
  2.12900E+01  1.03000E-07  6.00000E-09  0.00000E+00  7.00001E+01
  2.22800E+01  1.00000E-07  6.00000E-09  0.00000E+00  7.00001E+01
  2.32800E+01  1.03000E-07  6.00000E-09  0.00000E+00  7.00001E+01
  2.42800E+01  9.70000E-08  6.00000E-09  0.00000E+00  7.00001E+01
  2.52800E+01  9.70000E-08  6.00000E-09  0.00000E+00  7.00001E+01
  2.62800E+01  8.20000E-08  5.00000E-09  0.00000E+00  7.00001E+01
  2.72700E+01  8.20000E-08  5.00000E-09  0.00000E+00  7.00001E+01
  2.82700E+01  8.30000E-08  5.00000E-09  0.00000E+00  7.00001E+01
  2.92700E+01  8.60000E-08  5.00000E-09  0.00000E+00  7.00001E+01
  3.02700E+01  7.60000E-08  5.00000E-09  0.00000E+00  7.00001E+01
  3.12700E+01  6.80000E-08  5.00000E-09  0.00000E+00  7.00001E+01
  3.22700E+01  7.20000E-08  5.00000E-09  0.00000E+00  7.00001E+01
  3.32600E+01  6.10000E-08  5.00000E-09  0.00000E+00  7.00001E+01
  3.42600E+01  6.00000E-08  5.00000E-09  0.00000E+00  7.00001E+01
  3.52600E+01  6.60000E-08  5.00000E-09  0.00000E+00  7.00001E+01
  3.62600E+01  5.20000E-08  4.00000E-09  0.00000E+00  7.00001E+01
  3.72600E+01  6.40000E-08  5.00000E-09  0.00000E+00  7.00001E+01
  3.82500E+01  5.40000E-08  4.00000E-09  0.00000E+00  7.00001E+01
  3.92500E+01  6.60000E-08  5.00000E-09  0.00000E+00  7.00001E+01
  4.02500E+01  5.00000E-08  4.00000E-09  0.00000E+00  7.00001E+01
  4.12500E+01  5.60000E-08  4.00000E-09  0.00000E+00  7.00001E+01
  4.22500E+01  1.04000E-07  6.00000E-09  0.00000E+00  7.00001E+01
  4.32500E+01  6.10000E-08  5.00000E-09  0.00000E+00  7.00001E+01
  4.42400E+01  6.30000E-08  5.00000E-09  0.00000E+00  7.00001E+01
  4.52400E+01  5.20000E-08  4.00000E-09  0.00000E+00  7.00001E+01
  4.62400E+01  5.30000E-08  4.00000E-09  0.00000E+00  7.00001E+01
  4.72400E+01  6.60000E-08  5.00000E-09  0.00000E+00  7.00001E+01
  4.78100E+01  0.00000E+00  0.00000E+00  0.00000E+00  7.00001E+01
  3.04000E+00  3.08000E-07  1.00000E-08  0.00000E+00  7.50001E+01
  3.44000E+00  3.41000E-07  1.10000E-08  0.00000E+00  7.50001E+01
  3.85000E+00  3.80000E-07  1.10000E-08  0.00000E+00  7.50001E+01
  4.25000E+00  4.27000E-07  1.20000E-08  0.00000E+00  7.50001E+01
  4.65000E+00  3.92000E-07  1.10000E-08  0.00000E+00  7.50001E+01
  5.05000E+00  3.60000E-07  1.10000E-08  0.00000E+00  7.50001E+01
  5.46000E+00  3.61000E-07  1.10000E-08  0.00000E+00  7.50001E+01
  5.86000E+00  3.45000E-07  1.10000E-08  0.00000E+00  7.50001E+01
  6.26000E+00  3.29000E-07  1.00000E-08  0.00000E+00  7.50001E+01
  6.66000E+00  3.22000E-07  1.00000E-08  0.00000E+00  7.50001E+01
  7.37000E+00  2.98000E-07  6.00000E-09  0.00000E+00  7.50001E+01
  8.37000E+00  2.55000E-07  6.00000E-09  0.00000E+00  7.50001E+01
  9.38000E+00  2.37000E-07  6.00000E-09  0.00000E+00  7.50001E+01
  1.03800E+01  2.32000E-07  5.00000E-09  0.00000E+00  7.50001E+01
  1.13900E+01  2.25000E-07  5.00000E-09  0.00000E+00  7.50001E+01
  1.23900E+01  1.33000E-07  4.00000E-09  0.00000E+00  7.50001E+01
  1.34000E+01  1.25000E-07  4.00000E-09  0.00000E+00  7.50001E+01
  1.44100E+01  1.16000E-07  4.00000E-09  0.00000E+00  7.50001E+01
  1.54100E+01  1.17000E-07  4.00000E-09  0.00000E+00  7.50001E+01
  1.64200E+01  1.08000E-07  4.00000E-09  0.00000E+00  7.50001E+01
  1.74200E+01  1.06000E-07  4.00000E-09  0.00000E+00  7.50001E+01
  1.84300E+01  1.05000E-07  4.00000E-09  0.00000E+00  7.50001E+01
  1.94300E+01  9.50000E-08  4.00000E-09  0.00000E+00  7.50001E+01
  2.04400E+01  9.30000E-08  3.00000E-09  0.00000E+00  7.50001E+01
  2.14400E+01  8.40000E-08  3.00000E-09  0.00000E+00  7.50001E+01
  2.24500E+01  7.90000E-08  3.00000E-09  0.00000E+00  7.50001E+01
  2.34600E+01  8.40000E-08  3.00000E-09  0.00000E+00  7.50001E+01
  2.44600E+01  7.90000E-08  3.00000E-09  0.00000E+00  7.50001E+01
  2.54700E+01  6.90000E-08  3.00000E-09  0.00000E+00  7.50001E+01
  2.64700E+01  6.90000E-08  3.00000E-09  0.00000E+00  7.50001E+01
  2.74800E+01  6.40000E-08  3.00000E-09  0.00000E+00  7.50001E+01
  2.84800E+01  6.30000E-08  3.00000E-09  0.00000E+00  7.50001E+01
  2.94900E+01  5.70000E-08  3.00000E-09  0.00000E+00  7.50001E+01
  3.05000E+01  5.30000E-08  3.00000E-09  0.00000E+00  7.50001E+01
  3.15000E+01  5.90000E-08  3.00000E-09  0.00000E+00  7.50001E+01
  3.25100E+01  5.00000E-08  3.00000E-09  0.00000E+00  7.50001E+01
  3.35100E+01  4.60000E-08  2.00000E-09  0.00000E+00  7.50001E+01
  3.45200E+01  4.50000E-08  2.00000E-09  0.00000E+00  7.50001E+01
  3.55200E+01  4.20000E-08  2.00000E-09  0.00000E+00  7.50001E+01
  3.65300E+01  3.90000E-08  2.00000E-09  0.00000E+00  7.50001E+01
  3.75300E+01  5.00000E-08  3.00000E-09  0.00000E+00  7.50001E+01
  3.85400E+01  5.20000E-08  3.00000E-09  0.00000E+00  7.50001E+01
  3.95500E+01  4.30000E-08  2.00000E-09  0.00000E+00  7.50001E+01
  4.05500E+01  3.80000E-08  2.00000E-09  0.00000E+00  7.50001E+01
  4.15600E+01  7.70000E-08  3.00000E-09  0.00000E+00  7.50001E+01
  4.25600E+01  4.60000E-08  2.00000E-09  0.00000E+00  7.50001E+01
  4.35700E+01  3.30000E-08  2.00000E-09  0.00000E+00  7.50001E+01
  4.45700E+01  4.40000E-08  2.00000E-09  0.00000E+00  7.50001E+01
  4.55800E+01  3.00000E-08  2.00000E-09  0.00000E+00  7.50001E+01
  4.65900E+01  5.30000E-08  3.00000E-09  0.00000E+00  7.50001E+01
  4.74100E+01  0.00000E+00  0.00000E+00  0.00000E+00  7.50001E+01
  3.05000E+00  3.06000E-07  1.20000E-08  0.00000E+00  8.20001E+01
  3.45000E+00  3.44000E-07  1.20000E-08  0.00000E+00  8.20001E+01
  3.85000E+00  3.67000E-07  1.30000E-08  0.00000E+00  8.20001E+01
  4.24000E+00  4.11000E-07  1.30000E-08  0.00000E+00  8.20001E+01
  4.64000E+00  4.67000E-07  1.40000E-08  0.00000E+00  8.20001E+01
  5.04000E+00  4.16000E-07  1.40000E-08  0.00000E+00  8.20001E+01
  5.43000E+00  3.41000E-07  1.20000E-08  0.00000E+00  8.20001E+01
  5.83000E+00  3.26000E-07  1.20000E-08  0.00000E+00  8.20001E+01
  6.23000E+00  3.03000E-07  1.20000E-08  0.00000E+00  8.20001E+01
  6.62000E+00  2.98000E-07  1.10000E-08  0.00000E+00  8.20001E+01
  7.32000E+00  2.81000E-07  7.00000E-09  0.00000E+00  8.20001E+01
  8.31000E+00  2.41000E-07  7.00000E-09  0.00000E+00  8.20001E+01
  9.30000E+00  2.16000E-07  6.00000E-09  0.00000E+00  8.20001E+01
  1.03000E+01  1.98000E-07  6.00000E-09  0.00000E+00  8.20001E+01
  1.12900E+01  1.92000E-07  6.00000E-09  0.00000E+00  8.20001E+01
  1.22800E+01  1.28000E-07  5.00000E-09  0.00000E+00  8.20001E+01
  1.32700E+01  1.22000E-07  5.00000E-09  0.00000E+00  8.20001E+01
  1.42700E+01  1.12000E-07  4.00000E-09  0.00000E+00  8.20001E+01
  1.52600E+01  1.06000E-07  4.00000E-09  0.00000E+00  8.20001E+01
  1.62500E+01  1.01000E-07  4.00000E-09  0.00000E+00  8.20001E+01
  1.72400E+01  9.10000E-08  4.00000E-09  0.00000E+00  8.20001E+01
  1.82400E+01  7.70000E-08  4.00000E-09  0.00000E+00  8.20001E+01
  1.92300E+01  8.10000E-08  4.00000E-09  0.00000E+00  8.20001E+01
  2.02200E+01  8.10000E-08  4.00000E-09  0.00000E+00  8.20001E+01
  2.12100E+01  7.60000E-08  4.00000E-09  0.00000E+00  8.20001E+01
  2.22000E+01  7.00000E-08  4.00000E-09  0.00000E+00  8.20001E+01
  2.32000E+01  7.10000E-08  4.00000E-09  0.00000E+00  8.20001E+01
  2.41900E+01  5.90000E-08  3.00000E-09  0.00000E+00  8.20001E+01
  2.51800E+01  5.50000E-08  3.00000E-09  0.00000E+00  8.20001E+01
  2.61700E+01  5.70000E-08  3.00000E-09  0.00000E+00  8.20001E+01
  2.71700E+01  5.50000E-08  3.00000E-09  0.00000E+00  8.20001E+01
  2.81600E+01  5.00000E-08  3.00000E-09  0.00000E+00  8.20001E+01
  2.91500E+01  4.40000E-08  3.00000E-09  0.00000E+00  8.20001E+01
  3.01400E+01  4.00000E-08  3.00000E-09  0.00000E+00  8.20001E+01
  3.11400E+01  4.30000E-08  3.00000E-09  0.00000E+00  8.20001E+01
  3.21300E+01  3.80000E-08  3.00000E-09  0.00000E+00  8.20001E+01
  3.31200E+01  3.50000E-08  2.00000E-09  0.00000E+00  8.20001E+01
  3.41100E+01  3.80000E-08  3.00000E-09  0.00000E+00  8.20001E+01
  3.51100E+01  3.30000E-08  2.00000E-09  0.00000E+00  8.20001E+01
  3.61000E+01  3.30000E-08  2.00000E-09  0.00000E+00  8.20001E+01
  3.70900E+01  3.50000E-08  3.00000E-09  0.00000E+00  8.20001E+01
  3.80800E+01  3.50000E-08  2.00000E-09  0.00000E+00  8.20001E+01
  3.90800E+01  3.00000E-08  2.00000E-09  0.00000E+00  8.20001E+01
  4.00700E+01  2.50000E-08  2.00000E-09  0.00000E+00  8.20001E+01
  4.10600E+01  6.00000E-08  3.00000E-09  0.00000E+00  8.20001E+01
  4.20500E+01  2.80000E-08  2.00000E-09  0.00000E+00  8.20001E+01
  4.30500E+01  2.70000E-08  2.00000E-09  0.00000E+00  8.20001E+01
  4.40400E+01  2.50000E-08  2.00000E-09  0.00000E+00  8.20001E+01
  4.50300E+01  2.20000E-08  2.00000E-09  0.00000E+00  8.20001E+01
  4.60000E+01  3.70000E-08  3.00000E-09  0.00000E+00  8.20001E+01
  2.29000E+00  2.05000E-07  1.30000E-08  0.00000E+00  9.00000E+01
  2.69000E+00  2.44000E-07  1.50000E-08  0.00000E+00  9.00000E+01
  3.09000E+00  2.66000E-07  1.50000E-08  0.00000E+00  9.00000E+01
  3.50000E+00  3.13000E-07  1.60000E-08  0.00000E+00  9.00000E+01
  3.90000E+00  3.41000E-07  1.70000E-08  0.00000E+00  9.00000E+01
  4.30000E+00  3.02000E-07  1.60000E-08  0.00000E+00  9.00000E+01
  4.70000E+00  3.08000E-07  1.60000E-08  0.00000E+00  9.00000E+01
  5.11000E+00  2.67000E-07  1.50000E-08  0.00000E+00  9.00000E+01
  5.51000E+00  2.70000E-07  1.50000E-08  0.00000E+00  9.00000E+01
  5.91000E+00  2.55000E-07  1.50000E-08  0.00000E+00  9.00000E+01
  6.31000E+00  2.78000E-07  1.60000E-08  0.00000E+00  9.00000E+01
  6.72000E+00  2.51000E-07  1.50000E-08  0.00000E+00  9.00000E+01
  7.42000E+00  2.14000E-07  9.00000E-09  0.00000E+00  9.00000E+01
  8.43000E+00  1.85000E-07  8.00000E-09  0.00000E+00  9.00000E+01
  9.43000E+00  1.60000E-07  7.00000E-09  0.00000E+00  9.00000E+01
  1.04400E+01  1.45000E-07  7.00000E-09  0.00000E+00  9.00000E+01
  1.14500E+01  1.47000E-07  7.00000E-09  0.00000E+00  9.00000E+01
  1.24500E+01  1.07000E-07  6.00000E-09  0.00000E+00  9.00000E+01
  1.34600E+01  1.07000E-07  6.00000E-09  0.00000E+00  9.00000E+01
  1.44600E+01  1.00000E-07  6.00000E-09  0.00000E+00  9.00000E+01
  1.54700E+01  8.70000E-08  6.00000E-09  0.00000E+00  9.00000E+01
  1.64800E+01  7.50000E-08  5.00000E-09  0.00000E+00  9.00000E+01
  1.74800E+01  6.80000E-08  5.00000E-09  0.00000E+00  9.00000E+01
  1.84900E+01  7.20000E-08  5.00000E-09  0.00000E+00  9.00000E+01
  1.95000E+01  6.80000E-08  5.00000E-09  0.00000E+00  9.00000E+01
  2.05000E+01  7.10000E-08  5.00000E-09  0.00000E+00  9.00000E+01
  2.15100E+01  6.50000E-08  5.00000E-09  0.00000E+00  9.00000E+01
  2.25100E+01  5.80000E-08  5.00000E-09  0.00000E+00  9.00000E+01
  2.35200E+01  4.00000E-08  4.00000E-09  0.00000E+00  9.00000E+01
  2.45300E+01  3.30000E-08  3.00000E-09  0.00000E+00  9.00000E+01
  2.55300E+01  4.90000E-08  4.00000E-09  0.00000E+00  9.00000E+01
  2.65400E+01  4.00000E-08  4.00000E-09  0.00000E+00  9.00000E+01
  2.75500E+01  3.40000E-08  3.00000E-09  0.00000E+00  9.00000E+01
  2.85500E+01  3.50000E-08  4.00000E-09  0.00000E+00  9.00000E+01
  2.95600E+01  3.30000E-08  3.00000E-09  0.00000E+00  9.00000E+01
  3.05600E+01  2.80000E-08  3.00000E-09  0.00000E+00  9.00000E+01
  3.15700E+01  3.10000E-08  3.00000E-09  0.00000E+00  9.00000E+01
  3.25800E+01  2.50000E-08  3.00000E-09  0.00000E+00  9.00000E+01
  3.35800E+01  1.90000E-08  3.00000E-09  0.00000E+00  9.00000E+01
  3.45900E+01  1.70000E-08  2.00000E-09  0.00000E+00  9.00000E+01
  3.56000E+01  2.20000E-08  3.00000E-09  0.00000E+00  9.00000E+01
  3.66000E+01  2.10000E-08  3.00000E-09  0.00000E+00  9.00000E+01
  3.76100E+01  2.50000E-08  3.00000E-09  0.00000E+00  9.00000E+01
  3.86100E+01  1.20000E-08  2.00000E-09  0.00000E+00  9.00000E+01
  3.96200E+01  1.40000E-08  2.00000E-09  0.00000E+00  9.00000E+01
  4.06300E+01  3.10000E-08  3.00000E-09  0.00000E+00  9.00000E+01
  4.16300E+01  1.50000E-08  2.00000E-09  0.00000E+00  9.00000E+01
  4.26400E+01  2.40000E-08  3.00000E-09  0.00000E+00  9.00000E+01
  4.36500E+01  4.00000E-09  1.00000E-09  0.00000E+00  9.00000E+01
  4.46500E+01  2.50000E-08  3.00000E-09  0.00000E+00  9.00000E+01
  4.55600E+01  0.00000E+00  0.00000E+00  0.00000E+00  9.00000E+01
  2.44000E+00  2.70000E-07  1.00000E-08  0.00000E+00  1.10000E+02
  2.84000E+00  3.00000E-07  1.00000E-08  0.00000E+00  1.10000E+02
  3.24000E+00  3.10000E-07  1.00000E-08  0.00000E+00  1.10000E+02
  3.65000E+00  3.00000E-07  1.00000E-08  0.00000E+00  1.10000E+02
  4.05000E+00  3.70000E-07  2.00000E-08  0.00000E+00  1.10000E+02
  4.45000E+00  2.90000E-07  1.00000E-08  0.00000E+00  1.10000E+02
  4.85000E+00  2.80000E-07  1.00000E-08  0.00000E+00  1.10000E+02
  5.26000E+00  2.80000E-07  1.00000E-08  0.00000E+00  1.10000E+02
  5.66000E+00  2.40000E-07  1.00000E-08  0.00000E+00  1.10000E+02
  6.06000E+00  2.50000E-07  1.00000E-08  0.00000E+00  1.10000E+02
  6.46000E+00  2.53000E-07  1.30000E-08  0.00000E+00  1.10000E+02
  7.17000E+00  2.01000E-07  7.00000E-09  0.00000E+00  1.10000E+02
  8.17000E+00  1.82000E-07  7.00000E-09  0.00000E+00  1.10000E+02
  9.18000E+00  1.54000E-07  7.00000E-09  0.00000E+00  1.10000E+02
  1.01800E+01  1.31000E-07  6.00000E-09  0.00000E+00  1.10000E+02
  1.11900E+01  1.22000E-07  6.00000E-09  0.00000E+00  1.10000E+02
  1.22000E+01  8.80000E-08  5.00000E-09  0.00000E+00  1.10000E+02
  1.32000E+01  8.20000E-08  5.00000E-09  0.00000E+00  1.10000E+02
  1.42100E+01  7.90000E-08  5.00000E-09  0.00000E+00  1.10000E+02
  1.52100E+01  6.60000E-08  4.00000E-09  0.00000E+00  1.10000E+02
  1.62200E+01  6.20000E-08  4.00000E-09  0.00000E+00  1.10000E+02
  1.72300E+01  5.50000E-08  4.00000E-09  0.00000E+00  1.10000E+02
  1.82300E+01  5.20000E-08  4.00000E-09  0.00000E+00  1.10000E+02
  1.92400E+01  3.90000E-08  3.00000E-09  0.00000E+00  1.10000E+02
  2.02400E+01  3.20000E-08  3.00000E-09  0.00000E+00  1.10000E+02
  2.12500E+01  3.60000E-08  3.00000E-09  0.00000E+00  1.10000E+02
  2.22500E+01  3.20000E-08  3.00000E-09  0.00000E+00  1.10000E+02
  2.32600E+01  2.60000E-08  3.00000E-09  0.00000E+00  1.10000E+02
  2.42700E+01  2.40000E-08  3.00000E-09  0.00000E+00  1.10000E+02
  2.52700E+01  2.30000E-08  3.00000E-09  0.00000E+00  1.10000E+02
  2.62800E+01  2.10000E-08  2.00000E-09  0.00000E+00  1.10000E+02
  2.72800E+01  1.70000E-08  2.00000E-09  0.00000E+00  1.10000E+02
  2.82900E+01  1.80000E-08  2.00000E-09  0.00000E+00  1.10000E+02
  2.93000E+01  1.60000E-08  2.00000E-09  0.00000E+00  1.10000E+02
  3.03000E+01  1.30000E-08  2.00000E-09  0.00000E+00  1.10000E+02
  3.13100E+01  1.10000E-08  2.00000E-09  0.00000E+00  1.10000E+02
  3.23100E+01  1.00000E-08  2.00000E-09  0.00000E+00  1.10000E+02
  3.33200E+01  8.00000E-09  2.00000E-09  0.00000E+00  1.10000E+02
  3.43200E+01  1.20000E-08  2.00000E-09  0.00000E+00  1.10000E+02
  3.53300E+01  1.00000E-08  2.00000E-09  0.00000E+00  1.10000E+02
  3.63400E+01  9.00000E-09  2.00000E-09  0.00000E+00  1.10000E+02
  3.73400E+01  7.00000E-09  1.00000E-09  0.00000E+00  1.10000E+02
  3.83500E+01  9.00000E-09  2.00000E-09  0.00000E+00  1.10000E+02
  3.93500E+01  6.00000E-09  1.00000E-09  0.00000E+00  1.10000E+02
  4.03600E+01  5.00000E-09  1.00000E-09  0.00000E+00  1.10000E+02
  4.13700E+01  5.00000E-09  1.00000E-09  0.00000E+00  1.10000E+02
  4.23700E+01  5.00000E-09  1.00000E-09  0.00000E+00  1.10000E+02
  4.33800E+01  1.00000E-09  1.00000E-09  0.00000E+00  1.10000E+02
  4.39300E+01  0.00000E+00  0.00000E+00  0.00000E+00  1.10000E+02
  2.63000E+00  3.00000E-07  3.00000E-08  0.00000E+00  1.60000E+02
  3.04000E+00  3.20000E-07  3.00000E-08  0.00000E+00  1.60000E+02
  3.44000E+00  3.70000E-07  3.00000E-08  0.00000E+00  1.60000E+02
  3.85000E+00  3.30000E-07  3.00000E-08  0.00000E+00  1.60000E+02
  4.26000E+00  3.40000E-07  3.00000E-08  0.00000E+00  1.60000E+02
  4.67000E+00  4.50000E-07  4.00000E-08  0.00000E+00  1.60000E+02
  5.08000E+00  4.20000E-07  3.00000E-08  0.00000E+00  1.60000E+02
  5.48000E+00  2.30000E-07  3.00000E-08  0.00000E+00  1.60000E+02
  5.89000E+00  2.40000E-07  3.00000E-08  0.00000E+00  1.60000E+02
  6.30000E+00  2.40000E-07  3.00000E-08  0.00000E+00  1.60000E+02
  6.71000E+00  2.01000E-07  2.40000E-08  0.00000E+00  1.60000E+02
  7.42000E+00  1.63000E-07  1.30000E-08  0.00000E+00  1.60000E+02
  8.44000E+00  1.52000E-07  1.30000E-08  0.00000E+00  1.60000E+02
  9.46000E+00  1.16000E-07  1.10000E-08  0.00000E+00  1.60000E+02
  1.04800E+01  9.10000E-08  1.00000E-08  0.00000E+00  1.60000E+02
  1.15100E+01  1.01000E-07  1.10000E-08  0.00000E+00  1.60000E+02
  1.25300E+01  7.20000E-08  9.00000E-09  0.00000E+00  1.60000E+02
  1.35500E+01  3.50000E-08  6.00000E-09  0.00000E+00  1.60000E+02
  1.45700E+01  3.70000E-08  6.00000E-09  0.00000E+00  1.60000E+02
  1.55900E+01  3.40000E-08  6.00000E-09  0.00000E+00  1.60000E+02
  1.66100E+01  3.40000E-08  6.00000E-09  0.00000E+00  1.60000E+02
  1.76300E+01  3.30000E-08  6.00000E-09  0.00000E+00  1.60000E+02
  1.86500E+01  1.90000E-08  5.00000E-09  0.00000E+00  1.60000E+02
  1.96700E+01  2.30000E-08  5.00000E-09  0.00000E+00  1.60000E+02
  2.06900E+01  1.20000E-08  4.00000E-09  0.00000E+00  1.60000E+02
  2.17100E+01  1.40000E-08  4.00000E-09  0.00000E+00  1.60000E+02
  2.27300E+01  1.30000E-08  4.00000E-09  0.00000E+00  1.60000E+02
  2.37500E+01  1.60000E-08  4.00000E-09  0.00000E+00  1.60000E+02
  2.47700E+01  7.00000E-09  3.00000E-09  0.00000E+00  1.60000E+02
  2.57900E+01  9.00000E-09  3.00000E-09  0.00000E+00  1.60000E+02
  2.68100E+01  2.00000E-09  2.00000E-09  0.00000E+00  1.60000E+02
  2.78300E+01  2.00000E-09  2.00000E-09  0.00000E+00  1.60000E+02
  2.88500E+01  2.00000E-09  2.00000E-09  0.00000E+00  1.60000E+02
  2.98700E+01  2.00000E-09  2.00000E-09  0.00000E+00  1.60000E+02
  3.08900E+01  3.00000E-09  2.00000E-09  0.00000E+00  1.60000E+02
  3.19100E+01  3.00000E-09  2.00000E-09  0.00000E+00  1.60000E+02
  3.29300E+01  1.00000E-09  1.00000E-09  0.00000E+00  1.60000E+02
  3.39500E+01  1.00000E-09  1.00000E-09  0.00000E+00  1.60000E+02
  3.49700E+01  2.00000E-09  2.00000E-09  0.00000E+00  1.60000E+02
  3.59900E+01  1.00000E-09  1.00000E-09  0.00000E+00  1.60000E+02
  3.70100E+01  0.00000E+00  0.00000E+00  0.00000E+00  1.60000E+02
  3.80400E+01  0.00000E+00  0.00000E+00  0.00000E+00  1.60000E+02
  3.90600E+01  1.00000E-09  1.00000E-09  0.00000E+00  1.60000E+02
  4.00800E+01  1.00000E-09  1.00000E-09  0.00000E+00  1.60000E+02
  4.11000E+01  0.00000E+00  0.00000E+00  0.00000E+00  1.60000E+02
  4.18400E+01  0.00000E+00  0.00000E+00  0.00000E+00  1.60000E+02
# Full reference:
#F.E.Bertrand, R.W.Peelle
#Rept. Oak Ridge National Lab. Reports No.4455, 1969
#Tabulated Cross Sections For Hydrogen and Helium Particles Produced by 62 MeV and 29 MeV Protons on 27-Al.
#
