# Target Z    :  13
# Target A    :  27
# Target state:  
# Projectile  : p
# Reaction    : (p,xd)
# E-inc       : 1200.000 MeV
# Quantity    : Double-differential cross section
# Frame       : L
# MF          :    6
# MT          :  204
# X4 ID       : D0733003 
# X4 code     : 13-AL-27(P,X)1-H-2,,DA/DE
# Author      : Fidelus                  
# Year        : 2014
# Data points :    862
# E-out(MeV) xs(mb/MeV.sr) dxs(mb/MeV.sr) dE(MeV)      Evaluation  C/E(F)      Chi-2     Delta(mb)
  9.50000E+00  1.00000E-06  5.40000E-08  0.00000E+00  1.56001E+01
  1.25000E+01  8.92000E-07  5.10000E-08  0.00000E+00  1.56001E+01
  1.55000E+01  7.48000E-07  4.60000E-08  0.00000E+00  1.56001E+01
  1.95000E+01  4.48000E-07  3.70000E-08  0.00000E+00  1.56001E+01
  2.25000E+01  4.98000E-07  3.90000E-08  0.00000E+00  1.56001E+01
  2.50000E+01  4.45000E-07  3.00000E-08  0.00000E+00  1.56001E+01
  3.55000E+01  2.83000E-07  2.90000E-08  0.00000E+00  1.56001E+01
  3.85000E+01  2.87000E-07  2.90000E-08  0.00000E+00  1.56001E+01
  4.15000E+01  2.75000E-07  2.90000E-08  0.00000E+00  1.56001E+01
  4.45000E+01  2.79000E-07  2.90000E-08  0.00000E+00  1.56001E+01
  4.75000E+01  2.57000E-07  2.80000E-08  0.00000E+00  1.56001E+01
  5.05000E+01  2.54000E-07  2.80000E-08  0.00000E+00  1.56001E+01
  5.35000E+01  2.47000E-07  2.70000E-08  0.00000E+00  1.56001E+01
  5.65000E+01  2.37000E-07  2.70000E-08  0.00000E+00  1.56001E+01
  5.95000E+01  2.38000E-07  2.70000E-08  0.00000E+00  1.56001E+01
  6.25000E+01  2.33000E-07  2.70000E-08  0.00000E+00  1.56001E+01
  6.55000E+01  2.39000E-07  2.70000E-08  0.00000E+00  1.56001E+01
  6.85000E+01  2.30000E-07  2.60000E-08  0.00000E+00  1.56001E+01
  7.15000E+01  2.16000E-07  2.60000E-08  0.00000E+00  1.56001E+01
  7.45000E+01  1.89000E-07  2.40000E-08  0.00000E+00  1.56001E+01
  7.75000E+01  2.08000E-07  2.50000E-08  0.00000E+00  1.56001E+01
  8.05000E+01  2.04000E-07  2.50000E-08  0.00000E+00  1.56001E+01
  8.35000E+01  2.00000E-07  2.50000E-08  0.00000E+00  1.56001E+01
  8.65000E+01  1.96000E-07  2.40000E-08  0.00000E+00  1.56001E+01
  8.95000E+01  1.93000E-07  2.40000E-08  0.00000E+00  1.56001E+01
  9.25000E+01  1.85000E-07  2.40000E-08  0.00000E+00  1.56001E+01
  9.55000E+01  1.79000E-07  2.30000E-08  0.00000E+00  1.56001E+01
  9.85000E+01  1.95000E-07  2.40000E-08  0.00000E+00  1.56001E+01
  1.01500E+02  1.59000E-07  2.20000E-08  0.00000E+00  1.56001E+01
  1.04500E+02  1.70000E-07  2.30000E-08  0.00000E+00  1.56001E+01
  1.07500E+02  1.57000E-07  2.20000E-08  0.00000E+00  1.56001E+01
  1.10500E+02  1.57000E-07  2.20000E-08  0.00000E+00  1.56001E+01
  1.13500E+02  1.72000E-07  2.30000E-08  0.00000E+00  1.56001E+01
  1.16500E+02  1.50000E-07  2.10000E-08  0.00000E+00  1.56001E+01
  1.19500E+02  1.48000E-07  2.10000E-08  0.00000E+00  1.56001E+01
  1.22500E+02  1.39000E-07  2.00000E-08  0.00000E+00  1.56001E+01
  1.25500E+02  1.39000E-07  2.10000E-08  0.00000E+00  1.56001E+01
  1.28500E+02  1.31000E-07  2.00000E-08  0.00000E+00  1.56001E+01
  1.31500E+02  1.37000E-07  2.00000E-08  0.00000E+00  1.56001E+01
  1.34500E+02  1.34000E-07  2.00000E-08  0.00000E+00  1.56001E+01
  1.37500E+02  1.43000E-07  2.10000E-08  0.00000E+00  1.56001E+01
  1.40500E+02  1.26000E-07  1.90000E-08  0.00000E+00  1.56001E+01
  1.43500E+02  1.39000E-07  2.10000E-08  0.00000E+00  1.56001E+01
  1.46500E+02  1.31000E-07  2.00000E-08  0.00000E+00  1.56001E+01
  1.49500E+02  1.16000E-07  1.90000E-08  0.00000E+00  1.56001E+01
  1.52500E+02  1.13000E-07  1.80000E-08  0.00000E+00  1.56001E+01
  1.55500E+02  1.20000E-07  1.90000E-08  0.00000E+00  1.56001E+01
  1.58500E+02  1.12000E-07  1.80000E-08  0.00000E+00  1.56001E+01
  1.61500E+02  9.60000E-08  1.70000E-08  0.00000E+00  1.56001E+01
  1.64500E+02  1.02000E-07  1.80000E-08  0.00000E+00  1.56001E+01
  1.67500E+02  9.70000E-08  1.70000E-08  0.00000E+00  1.56001E+01
  1.70500E+02  9.40000E-08  1.70000E-08  0.00000E+00  1.56001E+01
  1.73500E+02  1.06000E-07  1.80000E-08  0.00000E+00  1.56001E+01
  1.76500E+02  9.90000E-08  1.70000E-08  0.00000E+00  1.56001E+01
  1.79500E+02  9.70000E-08  1.70000E-08  0.00000E+00  1.56001E+01
  1.82500E+02  9.60000E-08  1.70000E-08  0.00000E+00  1.56001E+01
  1.85500E+02  9.00000E-08  1.70000E-08  0.00000E+00  1.56001E+01
  1.88500E+02  8.30000E-08  1.60000E-08  0.00000E+00  1.56001E+01
  1.91500E+02  7.40000E-08  1.50000E-08  0.00000E+00  1.56001E+01
  1.94500E+02  8.30000E-08  1.60000E-08  0.00000E+00  1.56001E+01
  1.97500E+02  7.10000E-08  1.50000E-08  0.00000E+00  1.56001E+01
  2.00500E+02  7.50000E-08  1.50000E-08  0.00000E+00  1.56001E+01
  2.03500E+02  7.00000E-08  1.50000E-08  0.00000E+00  1.56001E+01
  2.06500E+02  7.10000E-08  1.50000E-08  0.00000E+00  1.56001E+01
  2.08500E+02  5.24000E-08  7.30000E-09  0.00000E+00  1.56001E+01
  9.50000E+00  1.06600E-06  5.20000E-08  0.00000E+00  2.00001E+01
  1.25000E+01  9.41000E-07  4.90000E-08  0.00000E+00  2.00001E+01
  1.55000E+01  8.20000E-07  4.60000E-08  0.00000E+00  2.00001E+01
  1.75000E+01  7.50000E-07  2.50000E-08  0.00000E+00  2.00001E+01
  2.05000E+01  5.06000E-07  3.70000E-08  0.00000E+00  2.00001E+01
  2.35000E+01  5.17000E-07  3.70000E-08  0.00000E+00  2.00001E+01
  2.55000E+01  5.48000E-07  2.20000E-08  0.00000E+00  2.00001E+01
  2.95000E+01  4.40000E-07  3.40000E-08  0.00000E+00  2.00001E+01
  3.25000E+01  3.90000E-07  3.20000E-08  0.00000E+00  2.00001E+01
  3.55000E+01  3.62000E-07  3.10000E-08  0.00000E+00  2.00001E+01
  3.85000E+01  3.30000E-07  3.00000E-08  0.00000E+00  2.00001E+01
  4.15000E+01  3.19000E-07  2.90000E-08  0.00000E+00  2.00001E+01
  4.45000E+01  2.88000E-07  2.80000E-08  0.00000E+00  2.00001E+01
  4.75000E+01  2.89000E-07  2.80000E-08  0.00000E+00  2.00001E+01
  5.05000E+01  3.02000E-07  2.80000E-08  0.00000E+00  2.00001E+01
  5.35000E+01  2.84000E-07  2.80000E-08  0.00000E+00  2.00001E+01
  5.65000E+01  2.61000E-07  2.60000E-08  0.00000E+00  2.00001E+01
  5.95000E+01  2.50000E-07  2.60000E-08  0.00000E+00  2.00001E+01
  6.25000E+01  2.39000E-07  2.50000E-08  0.00000E+00  2.00001E+01
  6.55000E+01  2.39000E-07  2.50000E-08  0.00000E+00  2.00001E+01
  6.85000E+01  2.36000E-07  2.50000E-08  0.00000E+00  2.00001E+01
  7.15000E+01  2.35000E-07  2.50000E-08  0.00000E+00  2.00001E+01
  7.45000E+01  2.27000E-07  2.50000E-08  0.00000E+00  2.00001E+01
  7.75000E+01  2.08000E-07  2.40000E-08  0.00000E+00  2.00001E+01
  8.05000E+01  2.19000E-07  2.40000E-08  0.00000E+00  2.00001E+01
  8.35000E+01  2.01000E-07  2.30000E-08  0.00000E+00  2.00001E+01
  8.65000E+01  1.98000E-07  2.30000E-08  0.00000E+00  2.00001E+01
  8.95000E+01  1.87000E-07  2.20000E-08  0.00000E+00  2.00001E+01
  9.25000E+01  1.82000E-07  2.20000E-08  0.00000E+00  2.00001E+01
  9.55000E+01  1.87000E-07  2.20000E-08  0.00000E+00  2.00001E+01
  9.85000E+01  1.66000E-07  2.10000E-08  0.00000E+00  2.00001E+01
  1.01500E+02  1.49000E-07  2.00000E-08  0.00000E+00  2.00001E+01
  1.04500E+02  1.62000E-07  2.10000E-08  0.00000E+00  2.00001E+01
  1.07500E+02  1.49000E-07  2.00000E-08  0.00000E+00  2.00001E+01
  1.10500E+02  1.53000E-07  2.00000E-08  0.00000E+00  2.00001E+01
  1.13500E+02  1.47000E-07  2.00000E-08  0.00000E+00  2.00001E+01
  1.16500E+02  1.35000E-07  1.90000E-08  0.00000E+00  2.00001E+01
  1.19500E+02  1.44000E-07  2.00000E-08  0.00000E+00  2.00001E+01
  1.22500E+02  1.29000E-07  1.90000E-08  0.00000E+00  2.00001E+01
  1.25500E+02  1.32000E-07  1.90000E-08  0.00000E+00  2.00001E+01
  1.28500E+02  1.22000E-07  1.80000E-08  0.00000E+00  2.00001E+01
  1.31500E+02  1.29000E-07  1.90000E-08  0.00000E+00  2.00001E+01
  1.34500E+02  1.21000E-07  1.80000E-08  0.00000E+00  2.00001E+01
  1.37500E+02  1.23000E-07  1.80000E-08  0.00000E+00  2.00001E+01
  1.40500E+02  1.19000E-07  1.80000E-08  0.00000E+00  2.00001E+01
  1.43500E+02  1.18000E-07  1.80000E-08  0.00000E+00  2.00001E+01
  1.46500E+02  1.22000E-07  1.80000E-08  0.00000E+00  2.00001E+01
  1.49500E+02  1.11000E-07  1.70000E-08  0.00000E+00  2.00001E+01
  1.52500E+02  1.05000E-07  1.70000E-08  0.00000E+00  2.00001E+01
  1.55500E+02  1.02000E-07  1.70000E-08  0.00000E+00  2.00001E+01
  1.58500E+02  1.08000E-07  1.70000E-08  0.00000E+00  2.00001E+01
  1.61500E+02  9.70000E-08  1.60000E-08  0.00000E+00  2.00001E+01
  1.64500E+02  9.40000E-08  1.60000E-08  0.00000E+00  2.00001E+01
  1.67500E+02  8.40000E-08  1.50000E-08  0.00000E+00  2.00001E+01
  1.70500E+02  8.20000E-08  1.50000E-08  0.00000E+00  2.00001E+01
  1.73500E+02  7.90000E-08  1.50000E-08  0.00000E+00  2.00001E+01
  1.76500E+02  8.80000E-08  1.50000E-08  0.00000E+00  2.00001E+01
  1.79500E+02  7.70000E-08  1.40000E-08  0.00000E+00  2.00001E+01
  1.82500E+02  8.00000E-08  1.50000E-08  0.00000E+00  2.00001E+01
  1.85500E+02  9.10000E-08  1.60000E-08  0.00000E+00  2.00001E+01
  1.88500E+02  7.70000E-08  1.40000E-08  0.00000E+00  2.00001E+01
  1.91500E+02  7.80000E-08  1.40000E-08  0.00000E+00  2.00001E+01
  1.94500E+02  7.90000E-08  1.50000E-08  0.00000E+00  2.00001E+01
  1.97500E+02  7.00000E-08  1.40000E-08  0.00000E+00  2.00001E+01
  2.00500E+02  6.80000E-08  1.30000E-08  0.00000E+00  2.00001E+01
  2.03500E+02  6.40000E-08  1.30000E-08  0.00000E+00  2.00001E+01
  2.06500E+02  6.40000E-08  1.30000E-08  0.00000E+00  2.00001E+01
  2.09500E+02  5.30000E-08  1.20000E-08  0.00000E+00  2.00001E+01
  2.12000E+02  6.20000E-08  1.00000E-08  0.00000E+00  2.00001E+01
  4.50000E+00  1.16400E-06  4.00000E-08  0.00000E+00  3.50000E+01
  7.50000E+00  1.12500E-06  3.90000E-08  0.00000E+00  3.50000E+01
  1.05000E+01  8.73000E-07  3.00000E-08  0.00000E+00  3.50000E+01
  1.35000E+01  7.21000E-07  3.10000E-08  0.00000E+00  3.50000E+01
  1.65000E+01  6.35000E-07  2.90000E-08  0.00000E+00  3.50000E+01
  1.95000E+01  5.58000E-07  2.70000E-08  0.00000E+00  3.50000E+01
  2.25000E+01  4.94000E-07  2.60000E-08  0.00000E+00  3.50000E+01
  2.55000E+01  4.41000E-07  2.40000E-08  0.00000E+00  3.50000E+01
  2.85000E+01  4.02000E-07  2.30000E-08  0.00000E+00  3.50000E+01
  3.15000E+01  3.87000E-07  2.30000E-08  0.00000E+00  3.50000E+01
  3.45000E+01  3.66000E-07  2.20000E-08  0.00000E+00  3.50000E+01
  4.50000E+00  7.89000E-07  3.10000E-08  0.00000E+00  5.00000E+01
  7.50000E+00  7.76000E-07  3.10000E-08  0.00000E+00  5.00000E+01
  9.50000E+00  7.82000E-07  1.70000E-08  0.00000E+00  5.00000E+01
  1.25000E+01  6.47000E-07  1.70000E-08  0.00000E+00  5.00000E+01
  1.55000E+01  5.17000E-07  2.50000E-08  0.00000E+00  5.00000E+01
  1.85000E+01  4.87000E-07  2.40000E-08  0.00000E+00  5.00000E+01
  2.15000E+01  4.55000E-07  2.30000E-08  0.00000E+00  5.00000E+01
  2.45000E+01  4.39000E-07  2.30000E-08  0.00000E+00  5.00000E+01
  2.75000E+01  4.09000E-07  2.20000E-08  0.00000E+00  5.00000E+01
  3.05000E+01  4.05000E-07  2.20000E-08  0.00000E+00  5.00000E+01
  8.50000E+00  8.94000E-07  2.00000E-08  0.00000E+00  6.50001E+01
  1.15000E+01  7.69000E-07  1.80000E-08  0.00000E+00  6.50001E+01
  1.45000E+01  6.62000E-07  1.70000E-08  0.00000E+00  6.50001E+01
  1.70000E+01  5.85000E-07  1.30000E-08  0.00000E+00  6.50001E+01
  2.05000E+01  4.33000E-07  1.40000E-08  0.00000E+00  6.50001E+01
  2.35000E+01  3.99000E-07  1.40000E-08  0.00000E+00  6.50001E+01
  2.55000E+01  3.71900E-07  7.60000E-09  0.00000E+00  6.50001E+01
  3.35000E+01  2.58000E-07  1.10000E-08  0.00000E+00  6.50001E+01
  3.65000E+01  2.45000E-07  1.10000E-08  0.00000E+00  6.50001E+01
  3.95000E+01  2.30000E-07  1.00000E-08  0.00000E+00  6.50001E+01
  4.25000E+01  2.24000E-07  1.00000E-08  0.00000E+00  6.50001E+01
  4.55000E+01  2.08400E-07  9.90000E-09  0.00000E+00  6.50001E+01
  4.85000E+01  1.93800E-07  9.50000E-09  0.00000E+00  6.50001E+01
  5.15000E+01  1.89100E-07  9.40000E-09  0.00000E+00  6.50001E+01
  5.45000E+01  1.75800E-07  9.10000E-09  0.00000E+00  6.50001E+01
  5.75000E+01  1.71200E-07  8.90000E-09  0.00000E+00  6.50001E+01
  6.05000E+01  1.62300E-07  8.70000E-09  0.00000E+00  6.50001E+01
  6.35000E+01  1.54700E-07  8.50000E-09  0.00000E+00  6.50001E+01
  6.65000E+01  1.45800E-07  8.30000E-09  0.00000E+00  6.50001E+01
  6.95000E+01  1.38700E-07  8.10000E-09  0.00000E+00  6.50001E+01
  7.25000E+01  1.36200E-07  8.00000E-09  0.00000E+00  6.50001E+01
  7.55000E+01  1.28700E-07  7.80000E-09  0.00000E+00  6.50001E+01
  7.85000E+01  1.24900E-07  7.60000E-09  0.00000E+00  6.50001E+01
  8.15000E+01  1.18900E-07  7.50000E-09  0.00000E+00  6.50001E+01
  8.45000E+01  1.11400E-07  7.20000E-09  0.00000E+00  6.50001E+01
  8.75000E+01  1.08900E-07  7.10000E-09  0.00000E+00  6.50001E+01
  9.05000E+01  1.00600E-07  6.90000E-09  0.00000E+00  6.50001E+01
  9.35000E+01  1.01300E-07  6.90000E-09  0.00000E+00  6.50001E+01
  9.65000E+01  9.76000E-08  6.80000E-09  0.00000E+00  6.50001E+01
  9.95000E+01  9.26000E-08  6.60000E-09  0.00000E+00  6.50001E+01
  1.02500E+02  8.93000E-08  6.50000E-09  0.00000E+00  6.50001E+01
  1.05500E+02  8.40000E-08  6.30000E-09  0.00000E+00  6.50001E+01
  1.08500E+02  8.01000E-08  6.10000E-09  0.00000E+00  6.50001E+01
  1.11500E+02  8.11000E-08  6.20000E-09  0.00000E+00  6.50001E+01
  1.14500E+02  7.32000E-08  5.90000E-09  0.00000E+00  6.50001E+01
  1.17500E+02  7.08000E-08  5.80000E-09  0.00000E+00  6.50001E+01
  1.20500E+02  6.75000E-08  5.60000E-09  0.00000E+00  6.50001E+01
  1.23500E+02  6.44000E-08  5.50000E-09  0.00000E+00  6.50001E+01
  1.26500E+02  6.41000E-08  5.50000E-09  0.00000E+00  6.50001E+01
  1.29500E+02  5.95000E-08  5.30000E-09  0.00000E+00  6.50001E+01
  1.32500E+02  5.48000E-08  5.10000E-09  0.00000E+00  6.50001E+01
  1.35500E+02  5.20000E-08  4.90000E-09  0.00000E+00  6.50001E+01
  1.38500E+02  5.02000E-08  4.80000E-09  0.00000E+00  6.50001E+01
  1.41500E+02  5.04000E-08  4.90000E-09  0.00000E+00  6.50001E+01
  1.44500E+02  4.64000E-08  4.70000E-09  0.00000E+00  6.50001E+01
  1.47500E+02  4.22000E-08  4.40000E-09  0.00000E+00  6.50001E+01
  1.50500E+02  4.25000E-08  4.50000E-09  0.00000E+00  6.50001E+01
  1.53500E+02  3.86000E-08  4.30000E-09  0.00000E+00  6.50001E+01
  1.56500E+02  3.78000E-08  4.20000E-09  0.00000E+00  6.50001E+01
  1.59500E+02  3.63000E-08  4.10000E-09  0.00000E+00  6.50001E+01
  1.62500E+02  3.24000E-08  3.90000E-09  0.00000E+00  6.50001E+01
  1.65500E+02  3.23000E-08  3.90000E-09  0.00000E+00  6.50001E+01
  1.68500E+02  3.24000E-08  3.90000E-09  0.00000E+00  6.50001E+01
  1.71500E+02  3.09000E-08  3.80000E-09  0.00000E+00  6.50001E+01
  1.74500E+02  2.81000E-08  3.60000E-09  0.00000E+00  6.50001E+01
  1.77500E+02  2.40000E-08  3.30000E-09  0.00000E+00  6.50001E+01
  1.80500E+02  2.41000E-08  3.40000E-09  0.00000E+00  6.50001E+01
  1.83500E+02  2.26000E-08  3.30000E-09  0.00000E+00  6.50001E+01
  1.86500E+02  2.40000E-08  3.30000E-09  0.00000E+00  6.50001E+01
  1.89500E+02  2.05000E-08  3.10000E-09  0.00000E+00  6.50001E+01
  1.92500E+02  1.91000E-08  3.00000E-09  0.00000E+00  6.50001E+01
  1.95500E+02  1.87000E-08  3.00000E-09  0.00000E+00  6.50001E+01
  1.98500E+02  1.78000E-08  2.90000E-09  0.00000E+00  6.50001E+01
  2.01500E+02  1.71000E-08  2.80000E-09  0.00000E+00  6.50001E+01
  2.04500E+02  1.60000E-08  2.70000E-09  0.00000E+00  6.50001E+01
  2.07500E+02  1.37000E-08  2.50000E-09  0.00000E+00  6.50001E+01
  2.10500E+02  1.25000E-08  2.40000E-09  0.00000E+00  6.50001E+01
  2.13000E+02  1.01000E-08  1.80000E-09  0.00000E+00  6.50001E+01
  4.50000E+00  9.35000E-07  2.20000E-08  0.00000E+00  8.00001E+01
  7.50000E+00  8.36200E-07  9.90000E-09  0.00000E+00  8.00001E+01
  9.50000E+00  7.11800E-07  5.20000E-09  0.00000E+00  8.00001E+01
  1.35000E+01  4.32000E-07  1.30000E-08  0.00000E+00  1.00000E+02
  1.65000E+01  3.65000E-07  1.20000E-08  0.00000E+00  1.00000E+02
  1.95000E+01  3.14000E-07  1.10000E-08  0.00000E+00  1.00000E+02
  2.25000E+01  2.24200E-07  9.70000E-09  0.00000E+00  1.00000E+02
  2.55000E+01  2.00000E-07  9.10000E-09  0.00000E+00  1.00000E+02
  2.80000E+01  1.81800E-07  7.10000E-09  0.00000E+00  1.00000E+02
  4.15000E+01  8.83000E-08  6.10000E-09  0.00000E+00  1.00000E+02
  4.45000E+01  9.52000E-08  6.30000E-09  0.00000E+00  1.00000E+02
  4.75000E+01  8.87000E-08  6.10000E-09  0.00000E+00  1.00000E+02
  5.05000E+01  8.02000E-08  5.80000E-09  0.00000E+00  1.00000E+02
  5.35000E+01  7.64000E-08  5.60000E-09  0.00000E+00  1.00000E+02
  5.65000E+01  6.82000E-08  5.30000E-09  0.00000E+00  1.00000E+02
  5.95000E+01  6.37000E-08  5.20000E-09  0.00000E+00  1.00000E+02
  6.25000E+01  6.03000E-08  5.00000E-09  0.00000E+00  1.00000E+02
  6.55000E+01  5.70000E-08  4.90000E-09  0.00000E+00  1.00000E+02
  6.85000E+01  4.91000E-08  4.50000E-09  0.00000E+00  1.00000E+02
  7.15000E+01  4.48000E-08  4.30000E-09  0.00000E+00  1.00000E+02
  7.45000E+01  4.06000E-08  4.10000E-09  0.00000E+00  1.00000E+02
  7.75000E+01  3.82000E-08  4.00000E-09  0.00000E+00  1.00000E+02
  8.05000E+01  3.31000E-08  3.70000E-09  0.00000E+00  1.00000E+02
  8.35000E+01  2.97000E-08  3.50000E-09  0.00000E+00  1.00000E+02
  8.65000E+01  2.60000E-08  3.30000E-09  0.00000E+00  1.00000E+02
  8.95000E+01  2.59000E-08  3.30000E-09  0.00000E+00  1.00000E+02
  9.25000E+01  2.19000E-08  3.00000E-09  0.00000E+00  1.00000E+02
  9.55000E+01  1.98000E-08  2.90000E-09  0.00000E+00  1.00000E+02
  9.85000E+01  1.89000E-08  2.80000E-09  0.00000E+00  1.00000E+02
  1.01500E+02  1.74000E-08  2.70000E-09  0.00000E+00  1.00000E+02
  1.04500E+02  1.63000E-08  2.60000E-09  0.00000E+00  1.00000E+02
  1.07500E+02  1.47000E-08  2.50000E-09  0.00000E+00  1.00000E+02
  1.10500E+02  1.31000E-08  2.30000E-09  0.00000E+00  1.00000E+02
  1.13500E+02  1.16000E-08  2.20000E-09  0.00000E+00  1.00000E+02
  1.16500E+02  1.19000E-08  2.20000E-09  0.00000E+00  1.00000E+02
  1.19500E+02  1.09000E-08  2.10000E-09  0.00000E+00  1.00000E+02
  1.22500E+02  9.80000E-09  2.00000E-09  0.00000E+00  1.00000E+02
  1.25500E+02  9.00000E-09  1.90000E-09  0.00000E+00  1.00000E+02
  1.28500E+02  8.60000E-09  1.90000E-09  0.00000E+00  1.00000E+02
  1.31500E+02  7.30000E-09  1.70000E-09  0.00000E+00  1.00000E+02
  1.34500E+02  6.50000E-09  1.70000E-09  0.00000E+00  1.00000E+02
  1.37500E+02  7.10000E-09  1.70000E-09  0.00000E+00  1.00000E+02
  1.40500E+02  6.30000E-09  1.60000E-09  0.00000E+00  1.00000E+02
  1.43500E+02  5.20000E-09  1.50000E-09  0.00000E+00  1.00000E+02
  1.46500E+02  5.60000E-09  1.50000E-09  0.00000E+00  1.00000E+02
  1.49500E+02  3.50000E-09  1.20000E-09  0.00000E+00  1.00000E+02
  1.52500E+02  3.50000E-09  1.20000E-09  0.00000E+00  1.00000E+02
  1.55500E+02  4.20000E-09  1.30000E-09  0.00000E+00  1.00000E+02
  1.58500E+02  3.40000E-09  1.20000E-09  0.00000E+00  1.00000E+02
  1.61500E+02  2.90000E-09  1.10000E-09  0.00000E+00  1.00000E+02
  1.64500E+02  2.60000E-09  1.00000E-09  0.00000E+00  1.00000E+02
  1.67500E+02  2.70000E-09  1.10000E-09  0.00000E+00  1.00000E+02
  1.70500E+02  2.23000E-09  9.60000E-10  0.00000E+00  1.00000E+02
  1.73500E+02  1.67000E-09  8.30000E-10  0.00000E+00  1.00000E+02
  1.76500E+02  2.23000E-09  9.60000E-10  0.00000E+00  1.00000E+02
  1.79500E+02  2.23000E-09  9.70000E-10  0.00000E+00  1.00000E+02
  1.82500E+02  1.48000E-09  7.90000E-10  0.00000E+00  1.00000E+02
  1.85500E+02  1.48000E-09  7.90000E-10  0.00000E+00  1.00000E+02
  1.88500E+02  1.53000E-09  8.00000E-10  0.00000E+00  1.00000E+02
  1.91500E+02  1.44000E-09  7.80000E-10  0.00000E+00  1.00000E+02
  1.94500E+02  1.07000E-09  6.70000E-10  0.00000E+00  1.00000E+02
  1.97500E+02  1.44000E-09  7.70000E-10  0.00000E+00  1.00000E+02
  2.00500E+02  7.40000E-10  5.60000E-10  0.00000E+00  1.00000E+02
  2.03500E+02  1.11000E-09  6.80000E-10  0.00000E+00  1.00000E+02
  2.06500E+02  7.90000E-10  5.70000E-10  0.00000E+00  1.00000E+02
  2.09500E+02  6.50000E-10  5.20000E-10  0.00000E+00  1.00000E+02
  2.12500E+02  7.40000E-10  5.60000E-10  0.00000E+00  1.00000E+02
  9.50000E+00  1.03900E-06  7.70000E-08  0.00000E+00  1.56001E+01
  1.25000E+01  9.69000E-07  7.40000E-08  0.00000E+00  1.56001E+01
  1.55000E+01  8.69000E-07  7.00000E-08  0.00000E+00  1.56001E+01
  1.85000E+01  5.87000E-07  5.80000E-08  0.00000E+00  1.56001E+01
  2.15000E+01  5.44000E-07  5.70000E-08  0.00000E+00  1.56001E+01
  2.45000E+01  5.69000E-07  5.80000E-08  0.00000E+00  1.56001E+01
  3.55000E+01  3.15000E-07  4.30000E-08  0.00000E+00  1.56001E+01
  3.85000E+01  3.12000E-07  4.30000E-08  0.00000E+00  1.56001E+01
  4.15000E+01  3.10000E-07  4.30000E-08  0.00000E+00  1.56001E+01
  4.45000E+01  3.08000E-07  4.30000E-08  0.00000E+00  1.56001E+01
  4.75000E+01  2.84000E-07  4.10000E-08  0.00000E+00  1.56001E+01
  5.05000E+01  2.75000E-07  4.00000E-08  0.00000E+00  1.56001E+01
  5.35000E+01  2.64000E-07  4.00000E-08  0.00000E+00  1.56001E+01
  5.65000E+01  2.95000E-07  4.20000E-08  0.00000E+00  1.56001E+01
  5.95000E+01  2.49000E-07  3.80000E-08  0.00000E+00  1.56001E+01
  6.25000E+01  2.76000E-07  4.00000E-08  0.00000E+00  1.56001E+01
  6.55000E+01  2.53000E-07  3.90000E-08  0.00000E+00  1.56001E+01
  6.85000E+01  2.40000E-07  3.80000E-08  0.00000E+00  1.56001E+01
  7.15000E+01  2.39000E-07  3.80000E-08  0.00000E+00  1.56001E+01
  7.45000E+01  2.48000E-07  3.80000E-08  0.00000E+00  1.56001E+01
  7.75000E+01  2.20000E-07  3.60000E-08  0.00000E+00  1.56001E+01
  8.05000E+01  2.31000E-07  3.70000E-08  0.00000E+00  1.56001E+01
  8.35000E+01  1.95000E-07  3.40000E-08  0.00000E+00  1.56001E+01
  8.65000E+01  2.07000E-07  3.50000E-08  0.00000E+00  1.56001E+01
  8.95000E+01  2.26000E-07  3.70000E-08  0.00000E+00  1.56001E+01
  9.25000E+01  2.12000E-07  3.50000E-08  0.00000E+00  1.56001E+01
  9.55000E+01  1.71000E-07  3.20000E-08  0.00000E+00  1.56001E+01
  9.85000E+01  2.07000E-07  3.50000E-08  0.00000E+00  1.56001E+01
  1.01500E+02  1.88000E-07  3.30000E-08  0.00000E+00  1.56001E+01
  1.04500E+02  2.04000E-07  3.50000E-08  0.00000E+00  1.56001E+01
  1.07500E+02  1.75000E-07  3.20000E-08  0.00000E+00  1.56001E+01
  1.10500E+02  1.81000E-07  3.30000E-08  0.00000E+00  1.56001E+01
  1.13500E+02  1.81000E-07  3.30000E-08  0.00000E+00  1.56001E+01
  1.16500E+02  1.54000E-07  3.00000E-08  0.00000E+00  1.56001E+01
  1.19500E+02  1.69000E-07  3.20000E-08  0.00000E+00  1.56001E+01
  1.22500E+02  1.67000E-07  3.10000E-08  0.00000E+00  1.56001E+01
  1.25500E+02  1.81000E-07  3.30000E-08  0.00000E+00  1.56001E+01
  1.28500E+02  1.39000E-07  2.90000E-08  0.00000E+00  1.56001E+01
  1.31500E+02  1.31000E-07  2.80000E-08  0.00000E+00  1.56001E+01
  1.34500E+02  1.48000E-07  3.00000E-08  0.00000E+00  1.56001E+01
  1.37500E+02  1.36000E-07  2.80000E-08  0.00000E+00  1.56001E+01
  1.40500E+02  1.40000E-07  2.90000E-08  0.00000E+00  1.56001E+01
  1.43500E+02  1.40000E-07  2.90000E-08  0.00000E+00  1.56001E+01
  1.46500E+02  1.19000E-07  2.70000E-08  0.00000E+00  1.56001E+01
  1.49500E+02  1.18000E-07  2.60000E-08  0.00000E+00  1.56001E+01
  1.52500E+02  1.41000E-07  2.90000E-08  0.00000E+00  1.56001E+01
  1.55500E+02  1.14000E-07  2.60000E-08  0.00000E+00  1.56001E+01
  1.58500E+02  1.01000E-07  2.40000E-08  0.00000E+00  1.56001E+01
  1.61500E+02  1.16000E-07  2.60000E-08  0.00000E+00  1.56001E+01
  1.64500E+02  1.16000E-07  2.60000E-08  0.00000E+00  1.56001E+01
  1.67500E+02  1.09000E-07  2.50000E-08  0.00000E+00  1.56001E+01
  1.70500E+02  1.05000E-07  2.50000E-08  0.00000E+00  1.56001E+01
  1.73500E+02  1.07000E-07  2.50000E-08  0.00000E+00  1.56001E+01
  1.76500E+02  1.04000E-07  2.50000E-08  0.00000E+00  1.56001E+01
  1.79500E+02  9.20000E-08  2.30000E-08  0.00000E+00  1.56001E+01
  1.82500E+02  9.30000E-08  2.30000E-08  0.00000E+00  1.56001E+01
  1.85500E+02  9.00000E-08  2.30000E-08  0.00000E+00  1.56001E+01
  1.88500E+02  7.80000E-08  2.10000E-08  0.00000E+00  1.56001E+01
  1.91500E+02  7.40000E-08  2.10000E-08  0.00000E+00  1.56001E+01
  1.94500E+02  8.50000E-08  2.20000E-08  0.00000E+00  1.56001E+01
  1.97500E+02  7.80000E-08  2.20000E-08  0.00000E+00  1.56001E+01
  2.00500E+02  7.50000E-08  2.10000E-08  0.00000E+00  1.56001E+01
  2.03500E+02  6.60000E-08  2.00000E-08  0.00000E+00  1.56001E+01
  2.06500E+02  7.20000E-08  2.10000E-08  0.00000E+00  1.56001E+01
  2.08500E+02  5.50000E-08  1.00000E-08  0.00000E+00  1.56001E+01
  9.50000E+00  1.11900E-06  7.50000E-08  0.00000E+00  2.00001E+01
  1.25000E+01  1.05800E-06  7.30000E-08  0.00000E+00  2.00001E+01
  1.55000E+01  9.00000E-07  6.70000E-08  0.00000E+00  2.00001E+01
  1.85000E+01  6.18000E-07  5.60000E-08  0.00000E+00  2.00001E+01
  2.15000E+01  5.44000E-07  5.30000E-08  0.00000E+00  2.00001E+01
  2.45000E+01  5.92000E-07  5.60000E-08  0.00000E+00  2.00001E+01
  2.95000E+01  5.21000E-07  5.20000E-08  0.00000E+00  2.00001E+01
  3.25000E+01  4.31000E-07  4.80000E-08  0.00000E+00  2.00001E+01
  3.55000E+01  4.17000E-07  4.70000E-08  0.00000E+00  2.00001E+01
  3.85000E+01  3.77000E-07  4.50000E-08  0.00000E+00  2.00001E+01
  4.15000E+01  3.64000E-07  4.40000E-08  0.00000E+00  2.00001E+01
  4.45000E+01  3.30000E-07  4.20000E-08  0.00000E+00  2.00001E+01
  4.75000E+01  3.11000E-07  4.00000E-08  0.00000E+00  2.00001E+01
  5.05000E+01  3.04000E-07  4.00000E-08  0.00000E+00  2.00001E+01
  5.35000E+01  3.09000E-07  4.00000E-08  0.00000E+00  2.00001E+01
  5.65000E+01  2.85000E-07  3.90000E-08  0.00000E+00  2.00001E+01
  5.95000E+01  2.85000E-07  3.90000E-08  0.00000E+00  2.00001E+01
  6.25000E+01  3.02000E-07  4.00000E-08  0.00000E+00  2.00001E+01
  6.55000E+01  2.48000E-07  3.60000E-08  0.00000E+00  2.00001E+01
  6.85000E+01  2.56000E-07  3.70000E-08  0.00000E+00  2.00001E+01
  7.15000E+01  2.60000E-07  3.70000E-08  0.00000E+00  2.00001E+01
  7.45000E+01  2.42000E-07  3.60000E-08  0.00000E+00  2.00001E+01
  7.75000E+01  2.42000E-07  3.60000E-08  0.00000E+00  2.00001E+01
  8.05000E+01  2.21000E-07  3.40000E-08  0.00000E+00  2.00001E+01
  8.35000E+01  2.26000E-07  3.40000E-08  0.00000E+00  2.00001E+01
  8.65000E+01  2.36000E-07  3.50000E-08  0.00000E+00  2.00001E+01
  8.95000E+01  2.12000E-07  3.30000E-08  0.00000E+00  2.00001E+01
  9.25000E+01  2.00000E-07  3.20000E-08  0.00000E+00  2.00001E+01
  9.55000E+01  1.92000E-07  3.20000E-08  0.00000E+00  2.00001E+01
  9.85000E+01  1.87000E-07  3.10000E-08  0.00000E+00  2.00001E+01
  1.01500E+02  1.79000E-07  3.10000E-08  0.00000E+00  2.00001E+01
  1.04500E+02  1.77000E-07  3.00000E-08  0.00000E+00  2.00001E+01
  1.07500E+02  1.75000E-07  3.00000E-08  0.00000E+00  2.00001E+01
  1.10500E+02  1.53000E-07  2.80000E-08  0.00000E+00  2.00001E+01
  1.13500E+02  1.56000E-07  2.90000E-08  0.00000E+00  2.00001E+01
  1.16500E+02  1.44000E-07  2.70000E-08  0.00000E+00  2.00001E+01
  1.19500E+02  1.56000E-07  2.90000E-08  0.00000E+00  2.00001E+01
  1.22500E+02  1.48000E-07  2.80000E-08  0.00000E+00  2.00001E+01
  1.25500E+02  1.40000E-07  2.70000E-08  0.00000E+00  2.00001E+01
  1.28500E+02  1.35000E-07  2.70000E-08  0.00000E+00  2.00001E+01
  1.31500E+02  1.33000E-07  2.60000E-08  0.00000E+00  2.00001E+01
  1.34500E+02  1.18000E-07  2.50000E-08  0.00000E+00  2.00001E+01
  1.37500E+02  1.27000E-07  2.60000E-08  0.00000E+00  2.00001E+01
  1.40500E+02  1.36000E-07  2.70000E-08  0.00000E+00  2.00001E+01
  1.43500E+02  1.23000E-07  2.50000E-08  0.00000E+00  2.00001E+01
  1.46500E+02  1.28000E-07  2.60000E-08  0.00000E+00  2.00001E+01
  1.49500E+02  1.24000E-07  2.60000E-08  0.00000E+00  2.00001E+01
  1.52500E+02  1.17000E-07  2.50000E-08  0.00000E+00  2.00001E+01
  1.55500E+02  9.70000E-08  2.30000E-08  0.00000E+00  2.00001E+01
  1.58500E+02  1.00000E-07  2.30000E-08  0.00000E+00  2.00001E+01
  1.61500E+02  1.04000E-07  2.30000E-08  0.00000E+00  2.00001E+01
  1.64500E+02  1.04000E-07  2.30000E-08  0.00000E+00  2.00001E+01
  1.67500E+02  1.04000E-07  2.30000E-08  0.00000E+00  2.00001E+01
  1.70500E+02  9.70000E-08  2.30000E-08  0.00000E+00  2.00001E+01
  1.73500E+02  9.00000E-08  2.20000E-08  0.00000E+00  2.00001E+01
  1.76500E+02  8.60000E-08  2.10000E-08  0.00000E+00  2.00001E+01
  1.79500E+02  8.20000E-08  2.10000E-08  0.00000E+00  2.00001E+01
  1.82500E+02  8.90000E-08  2.20000E-08  0.00000E+00  2.00001E+01
  1.85500E+02  8.70000E-08  2.10000E-08  0.00000E+00  2.00001E+01
  1.88500E+02  8.10000E-08  2.10000E-08  0.00000E+00  2.00001E+01
  1.91500E+02  8.30000E-08  2.10000E-08  0.00000E+00  2.00001E+01
  1.94500E+02  8.10000E-08  2.10000E-08  0.00000E+00  2.00001E+01
  1.97500E+02  8.10000E-08  2.10000E-08  0.00000E+00  2.00001E+01
  2.00500E+02  7.50000E-08  2.00000E-08  0.00000E+00  2.00001E+01
  2.03500E+02  6.20000E-08  1.80000E-08  0.00000E+00  2.00001E+01
  2.06500E+02  6.40000E-08  1.80000E-08  0.00000E+00  2.00001E+01
  2.09500E+02  5.70000E-08  1.70000E-08  0.00000E+00  2.00001E+01
  2.12000E+02  6.40000E-08  1.50000E-08  0.00000E+00  2.00001E+01
  4.50000E+00  1.31700E-06  5.90000E-08  0.00000E+00  3.50000E+01
  7.50000E+00  1.20800E-06  5.60000E-08  0.00000E+00  3.50000E+01
  1.05000E+01  9.49000E-07  4.30000E-08  0.00000E+00  3.50000E+01
  1.35000E+01  8.11000E-07  4.60000E-08  0.00000E+00  3.50000E+01
  1.65000E+01  7.09000E-07  4.30000E-08  0.00000E+00  3.50000E+01
  1.95000E+01  6.35000E-07  4.10000E-08  0.00000E+00  3.50000E+01
  2.25000E+01  5.50000E-07  3.80000E-08  0.00000E+00  3.50000E+01
  2.55000E+01  5.17000E-07  3.70000E-08  0.00000E+00  3.50000E+01
  2.85000E+01  4.53000E-07  3.50000E-08  0.00000E+00  3.50000E+01
  3.15000E+01  4.22000E-07  3.30000E-08  0.00000E+00  3.50000E+01
  3.45000E+01  4.16000E-07  3.30000E-08  0.00000E+00  3.50000E+01
  4.50000E+00  8.93000E-07  4.60000E-08  0.00000E+00  5.00000E+01
  7.50000E+00  8.61000E-07  4.50000E-08  0.00000E+00  5.00000E+01
  1.05000E+01  7.79000E-07  3.10000E-08  0.00000E+00  5.00000E+01
  1.35000E+01  6.66000E-07  3.20000E-08  0.00000E+00  5.00000E+01
  1.65000E+01  5.89000E-07  3.70000E-08  0.00000E+00  5.00000E+01
  1.95000E+01  5.43000E-07  3.60000E-08  0.00000E+00  5.00000E+01
  2.25000E+01  5.10000E-07  3.50000E-08  0.00000E+00  5.00000E+01
  2.55000E+01  4.70000E-07  3.30000E-08  0.00000E+00  5.00000E+01
  2.85000E+01  4.49000E-07  3.30000E-08  0.00000E+00  5.00000E+01
  3.10000E+01  4.45000E-07  2.70000E-08  0.00000E+00  5.00000E+01
  8.50000E+00  1.00700E-06  3.00000E-08  0.00000E+00  6.50001E+01
  1.15000E+01  8.54000E-07  2.70000E-08  0.00000E+00  6.50001E+01
  1.45000E+01  7.47000E-07  2.60000E-08  0.00000E+00  6.50001E+01
  1.75000E+01  5.82000E-07  2.30000E-08  0.00000E+00  6.50001E+01
  2.05000E+01  4.98000E-07  2.10000E-08  0.00000E+00  6.50001E+01
  2.35000E+01  4.48000E-07  2.00000E-08  0.00000E+00  6.50001E+01
  2.55000E+01  4.02000E-07  1.10000E-08  0.00000E+00  6.50001E+01
  3.35000E+01  2.92000E-07  1.60000E-08  0.00000E+00  6.50001E+01
  3.65000E+01  2.77000E-07  1.60000E-08  0.00000E+00  6.50001E+01
  3.95000E+01  2.62000E-07  1.60000E-08  0.00000E+00  6.50001E+01
  4.25000E+01  2.48000E-07  1.50000E-08  0.00000E+00  6.50001E+01
  4.55000E+01  2.36000E-07  1.50000E-08  0.00000E+00  6.50001E+01
  4.85000E+01  2.24000E-07  1.40000E-08  0.00000E+00  6.50001E+01
  5.15000E+01  2.10000E-07  1.40000E-08  0.00000E+00  6.50001E+01
  5.45000E+01  2.02000E-07  1.40000E-08  0.00000E+00  6.50001E+01
  5.75000E+01  1.90000E-07  1.30000E-08  0.00000E+00  6.50001E+01
  6.05000E+01  1.83000E-07  1.30000E-08  0.00000E+00  6.50001E+01
  6.35000E+01  1.73000E-07  1.30000E-08  0.00000E+00  6.50001E+01
  6.65000E+01  1.68000E-07  1.20000E-08  0.00000E+00  6.50001E+01
  6.95000E+01  1.56000E-07  1.20000E-08  0.00000E+00  6.50001E+01
  7.25000E+01  1.51000E-07  1.20000E-08  0.00000E+00  6.50001E+01
  7.55000E+01  1.44000E-07  1.20000E-08  0.00000E+00  6.50001E+01
  7.85000E+01  1.45000E-07  1.20000E-08  0.00000E+00  6.50001E+01
  8.15000E+01  1.32000E-07  1.10000E-08  0.00000E+00  6.50001E+01
  8.45000E+01  1.24000E-07  1.10000E-08  0.00000E+00  6.50001E+01
  8.75000E+01  1.25000E-07  1.10000E-08  0.00000E+00  6.50001E+01
  9.05000E+01  1.15000E-07  1.00000E-08  0.00000E+00  6.50001E+01
  9.35000E+01  1.13000E-07  1.00000E-08  0.00000E+00  6.50001E+01
  9.65000E+01  1.09000E-07  1.00000E-08  0.00000E+00  6.50001E+01
  9.95000E+01  1.00400E-07  9.60000E-09  0.00000E+00  6.50001E+01
  1.02500E+02  9.82000E-08  9.50000E-09  0.00000E+00  6.50001E+01
  1.05500E+02  9.27000E-08  9.20000E-09  0.00000E+00  6.50001E+01
  1.08500E+02  1.00900E-07  9.60000E-09  0.00000E+00  6.50001E+01
  1.11500E+02  8.93000E-08  9.10000E-09  0.00000E+00  6.50001E+01
  1.14500E+02  8.58000E-08  8.90000E-09  0.00000E+00  6.50001E+01
  1.17500E+02  7.89000E-08  8.50000E-09  0.00000E+00  6.50001E+01
  1.20500E+02  7.53000E-08  8.30000E-09  0.00000E+00  6.50001E+01
  1.23500E+02  7.83000E-08  8.50000E-09  0.00000E+00  6.50001E+01
  1.26500E+02  7.07000E-08  8.10000E-09  0.00000E+00  6.50001E+01
  1.29500E+02  6.74000E-08  7.90000E-09  0.00000E+00  6.50001E+01
  1.32500E+02  6.43000E-08  7.70000E-09  0.00000E+00  6.50001E+01
  1.35500E+02  6.05000E-08  7.50000E-09  0.00000E+00  6.50001E+01
  1.38500E+02  5.65000E-08  7.20000E-09  0.00000E+00  6.50001E+01
  1.41500E+02  5.52000E-08  7.10000E-09  0.00000E+00  6.50001E+01
  1.44500E+02  5.34000E-08  7.00000E-09  0.00000E+00  6.50001E+01
  1.47500E+02  5.41000E-08  7.10000E-09  0.00000E+00  6.50001E+01
  1.50500E+02  4.86000E-08  6.70000E-09  0.00000E+00  6.50001E+01
  1.53500E+02  4.72000E-08  6.60000E-09  0.00000E+00  6.50001E+01
  1.56500E+02  4.54000E-08  6.50000E-09  0.00000E+00  6.50001E+01
  1.59500E+02  4.18000E-08  6.20000E-09  0.00000E+00  6.50001E+01
  1.62500E+02  4.17000E-08  6.20000E-09  0.00000E+00  6.50001E+01
  1.65500E+02  4.14000E-08  6.20000E-09  0.00000E+00  6.50001E+01
  1.68500E+02  3.91000E-08  6.00000E-09  0.00000E+00  6.50001E+01
  1.71500E+02  3.52000E-08  5.70000E-09  0.00000E+00  6.50001E+01
  1.74500E+02  3.40000E-08  5.60000E-09  0.00000E+00  6.50001E+01
  1.77500E+02  3.54000E-08  5.70000E-09  0.00000E+00  6.50001E+01
  1.80500E+02  2.74000E-08  5.00000E-09  0.00000E+00  6.50001E+01
  1.83500E+02  2.94000E-08  5.20000E-09  0.00000E+00  6.50001E+01
  1.86500E+02  2.95000E-08  5.20000E-09  0.00000E+00  6.50001E+01
  1.89500E+02  2.61000E-08  4.90000E-09  0.00000E+00  6.50001E+01
  1.92500E+02  2.59000E-08  4.90000E-09  0.00000E+00  6.50001E+01
  1.95500E+02  2.34000E-08  4.60000E-09  0.00000E+00  6.50001E+01
  1.98500E+02  2.25000E-08  4.50000E-09  0.00000E+00  6.50001E+01
  2.01500E+02  2.20000E-08  4.50000E-09  0.00000E+00  6.50001E+01
  2.04500E+02  2.28000E-08  4.60000E-09  0.00000E+00  6.50001E+01
  2.07500E+02  1.72000E-08  4.00000E-09  0.00000E+00  6.50001E+01
  2.10500E+02  1.71000E-08  4.00000E-09  0.00000E+00  6.50001E+01
  2.13000E+02  1.30000E-08  2.80000E-09  0.00000E+00  6.50001E+01
  4.50000E+00  1.05100E-06  3.40000E-08  0.00000E+00  8.00001E+01
  7.50000E+00  9.30000E-07  1.50000E-08  0.00000E+00  8.00001E+01
  9.50000E+00  7.97700E-07  7.70000E-09  0.00000E+00  8.00001E+01
  1.35000E+01  4.67000E-07  1.90000E-08  0.00000E+00  1.00000E+02
  1.65000E+01  4.04000E-07  1.80000E-08  0.00000E+00  1.00000E+02
  1.95000E+01  3.40000E-07  1.60000E-08  0.00000E+00  1.00000E+02
  2.25000E+01  2.54000E-07  1.40000E-08  0.00000E+00  1.00000E+02
  2.55000E+01  2.22000E-07  1.30000E-08  0.00000E+00  1.00000E+02
  2.80000E+01  2.00000E-07  1.00000E-08  0.00000E+00  1.00000E+02
  4.15000E+01  1.06200E-07  9.30000E-09  0.00000E+00  1.00000E+02
  4.45000E+01  1.05200E-07  9.30000E-09  0.00000E+00  1.00000E+02
  4.75000E+01  1.00900E-07  9.10000E-09  0.00000E+00  1.00000E+02
  5.05000E+01  9.30000E-08  8.70000E-09  0.00000E+00  1.00000E+02
  5.35000E+01  8.40000E-08  8.30000E-09  0.00000E+00  1.00000E+02
  5.65000E+01  7.71000E-08  7.90000E-09  0.00000E+00  1.00000E+02
  5.95000E+01  7.10000E-08  7.60000E-09  0.00000E+00  1.00000E+02
  6.25000E+01  6.91000E-08  7.50000E-09  0.00000E+00  1.00000E+02
  6.55000E+01  6.20000E-08  7.10000E-09  0.00000E+00  1.00000E+02
  6.85000E+01  5.82000E-08  6.90000E-09  0.00000E+00  1.00000E+02
  7.15000E+01  5.22000E-08  6.50000E-09  0.00000E+00  1.00000E+02
  7.45000E+01  5.05000E-08  6.40000E-09  0.00000E+00  1.00000E+02
  7.75000E+01  4.25000E-08  5.90000E-09  0.00000E+00  1.00000E+02
  8.05000E+01  3.93000E-08  5.70000E-09  0.00000E+00  1.00000E+02
  8.35000E+01  3.81000E-08  5.60000E-09  0.00000E+00  1.00000E+02
  8.65000E+01  3.35000E-08  5.20000E-09  0.00000E+00  1.00000E+02
  8.95000E+01  2.72000E-08  4.70000E-09  0.00000E+00  1.00000E+02
  9.25000E+01  2.86000E-08  4.80000E-09  0.00000E+00  1.00000E+02
  9.55000E+01  2.53000E-08  4.60000E-09  0.00000E+00  1.00000E+02
  9.85000E+01  2.69000E-08  4.70000E-09  0.00000E+00  1.00000E+02
  1.01500E+02  2.33000E-08  4.40000E-09  0.00000E+00  1.00000E+02
  1.04500E+02  2.00000E-08  4.00000E-09  0.00000E+00  1.00000E+02
  1.07500E+02  1.94000E-08  4.00000E-09  0.00000E+00  1.00000E+02
  1.10500E+02  1.68000E-08  3.70000E-09  0.00000E+00  1.00000E+02
  1.13500E+02  1.66000E-08  3.70000E-09  0.00000E+00  1.00000E+02
  1.16500E+02  1.59000E-08  3.60000E-09  0.00000E+00  1.00000E+02
  1.19500E+02  1.23000E-08  3.20000E-09  0.00000E+00  1.00000E+02
  1.22500E+02  1.32000E-08  3.30000E-09  0.00000E+00  1.00000E+02
  1.25500E+02  9.70000E-09  2.80000E-09  0.00000E+00  1.00000E+02
  1.28500E+02  1.05000E-08  2.90000E-09  0.00000E+00  1.00000E+02
  1.31500E+02  1.09000E-08  3.00000E-09  0.00000E+00  1.00000E+02
  1.34500E+02  8.60000E-09  2.70000E-09  0.00000E+00  1.00000E+02
  1.37500E+02  7.40000E-09  2.50000E-09  0.00000E+00  1.00000E+02
  1.40500E+02  8.20000E-09  2.60000E-09  0.00000E+00  1.00000E+02
  1.43500E+02  8.00000E-09  2.60000E-09  0.00000E+00  1.00000E+02
  1.46500E+02  6.70000E-09  2.30000E-09  0.00000E+00  1.00000E+02
  1.49500E+02  6.00000E-09  2.20000E-09  0.00000E+00  1.00000E+02
  1.52500E+02  5.00000E-09  2.00000E-09  0.00000E+00  1.00000E+02
  1.55500E+02  4.10000E-09  1.80000E-09  0.00000E+00  1.00000E+02
  1.58500E+02  4.10000E-09  1.80000E-09  0.00000E+00  1.00000E+02
  1.61500E+02  3.70000E-09  1.80000E-09  0.00000E+00  1.00000E+02
  1.64500E+02  4.90000E-09  2.00000E-09  0.00000E+00  1.00000E+02
  1.67500E+02  3.80000E-09  1.80000E-09  0.00000E+00  1.00000E+02
  1.70500E+02  3.60000E-09  1.70000E-09  0.00000E+00  1.00000E+02
  1.73500E+02  3.60000E-09  1.70000E-09  0.00000E+00  1.00000E+02
  1.76500E+02  3.60000E-09  1.70000E-09  0.00000E+00  1.00000E+02
  1.79500E+02  2.90000E-09  1.50000E-09  0.00000E+00  1.00000E+02
  1.82500E+02  3.90000E-09  1.80000E-09  0.00000E+00  1.00000E+02
  1.85500E+02  2.50000E-09  1.40000E-09  0.00000E+00  1.00000E+02
  1.88500E+02  2.20000E-09  1.30000E-09  0.00000E+00  1.00000E+02
  1.91500E+02  2.50000E-09  1.40000E-09  0.00000E+00  1.00000E+02
  1.94500E+02  2.10000E-09  1.30000E-09  0.00000E+00  1.00000E+02
  1.97500E+02  1.50000E-09  1.10000E-09  0.00000E+00  1.00000E+02
  2.00500E+02  1.50000E-09  1.10000E-09  0.00000E+00  1.00000E+02
  2.03500E+02  1.60000E-09  1.20000E-09  0.00000E+00  1.00000E+02
  2.09500E+02  1.40000E-09  1.10000E-09  0.00000E+00  1.00000E+02
  9.50000E+00  1.23600E-06  9.20000E-08  0.00000E+00  1.56001E+01
  1.25000E+01  1.09700E-06  8.60000E-08  0.00000E+00  1.56001E+01
  1.55000E+01  1.00500E-06  8.30000E-08  0.00000E+00  1.56001E+01
  1.85000E+01  6.79000E-07  6.80000E-08  0.00000E+00  1.56001E+01
  2.15000E+01  5.89000E-07  6.50000E-08  0.00000E+00  1.56001E+01
  2.45000E+01  6.01000E-07  6.50000E-08  0.00000E+00  1.56001E+01
  3.55000E+01  3.43000E-07  4.90000E-08  0.00000E+00  1.56001E+01
  3.85000E+01  3.65000E-07  5.10000E-08  0.00000E+00  1.56001E+01
  4.15000E+01  3.36000E-07  4.90000E-08  0.00000E+00  1.56001E+01
  4.45000E+01  3.33000E-07  4.90000E-08  0.00000E+00  1.56001E+01
  4.75000E+01  3.31000E-07  4.90000E-08  0.00000E+00  1.56001E+01
  5.05000E+01  3.28000E-07  4.80000E-08  0.00000E+00  1.56001E+01
  5.35000E+01  2.78000E-07  4.40000E-08  0.00000E+00  1.56001E+01
  5.65000E+01  2.93000E-07  4.60000E-08  0.00000E+00  1.56001E+01
  5.95000E+01  2.66000E-07  4.30000E-08  0.00000E+00  1.56001E+01
  6.25000E+01  2.81000E-07  4.50000E-08  0.00000E+00  1.56001E+01
  6.55000E+01  2.90000E-07  4.50000E-08  0.00000E+00  1.56001E+01
  6.85000E+01  2.94000E-07  4.60000E-08  0.00000E+00  1.56001E+01
  7.15000E+01  2.63000E-07  4.30000E-08  0.00000E+00  1.56001E+01
  7.45000E+01  2.48000E-07  4.20000E-08  0.00000E+00  1.56001E+01
  7.75000E+01  2.43000E-07  4.20000E-08  0.00000E+00  1.56001E+01
  8.05000E+01  2.67000E-07  4.40000E-08  0.00000E+00  1.56001E+01
  8.35000E+01  2.53000E-07  4.20000E-08  0.00000E+00  1.56001E+01
  8.65000E+01  2.43000E-07  4.20000E-08  0.00000E+00  1.56001E+01
  8.95000E+01  2.45000E-07  4.20000E-08  0.00000E+00  1.56001E+01
  9.25000E+01  2.41000E-07  4.10000E-08  0.00000E+00  1.56001E+01
  9.55000E+01  2.38000E-07  4.10000E-08  0.00000E+00  1.56001E+01
  9.85000E+01  1.98000E-07  3.80000E-08  0.00000E+00  1.56001E+01
  1.01500E+02  2.28000E-07  4.00000E-08  0.00000E+00  1.56001E+01
  1.04500E+02  2.10000E-07  3.90000E-08  0.00000E+00  1.56001E+01
  1.07500E+02  2.00000E-07  3.80000E-08  0.00000E+00  1.56001E+01
  1.10500E+02  1.78000E-07  3.60000E-08  0.00000E+00  1.56001E+01
  1.13500E+02  2.03000E-07  3.80000E-08  0.00000E+00  1.56001E+01
  1.16500E+02  1.84000E-07  3.60000E-08  0.00000E+00  1.56001E+01
  1.19500E+02  1.96000E-07  3.70000E-08  0.00000E+00  1.56001E+01
  1.22500E+02  1.76000E-07  3.50000E-08  0.00000E+00  1.56001E+01
  1.25500E+02  1.84000E-07  3.60000E-08  0.00000E+00  1.56001E+01
  1.28500E+02  1.69000E-07  3.50000E-08  0.00000E+00  1.56001E+01
  1.31500E+02  1.81000E-07  3.60000E-08  0.00000E+00  1.56001E+01
  1.34500E+02  1.58000E-07  3.40000E-08  0.00000E+00  1.56001E+01
  1.37500E+02  1.53000E-07  3.30000E-08  0.00000E+00  1.56001E+01
  1.40500E+02  1.57000E-07  3.30000E-08  0.00000E+00  1.56001E+01
  1.43500E+02  1.40000E-07  3.20000E-08  0.00000E+00  1.56001E+01
  1.46500E+02  1.42000E-07  3.20000E-08  0.00000E+00  1.56001E+01
  1.49500E+02  1.44000E-07  3.20000E-08  0.00000E+00  1.56001E+01
  1.52500E+02  1.29000E-07  3.00000E-08  0.00000E+00  1.56001E+01
  1.55500E+02  1.19000E-07  2.90000E-08  0.00000E+00  1.56001E+01
  1.58500E+02  1.34000E-07  3.10000E-08  0.00000E+00  1.56001E+01
  1.61500E+02  1.28000E-07  3.00000E-08  0.00000E+00  1.56001E+01
  1.64500E+02  1.24000E-07  3.00000E-08  0.00000E+00  1.56001E+01
  1.67500E+02  1.26000E-07  3.00000E-08  0.00000E+00  1.56001E+01
  1.70500E+02  1.14000E-07  2.80000E-08  0.00000E+00  1.56001E+01
  1.73500E+02  1.03000E-07  2.70000E-08  0.00000E+00  1.56001E+01
  1.76500E+02  1.10000E-07  2.80000E-08  0.00000E+00  1.56001E+01
  1.79500E+02  9.70000E-08  2.60000E-08  0.00000E+00  1.56001E+01
  1.82500E+02  1.00000E-07  2.70000E-08  0.00000E+00  1.56001E+01
  1.85500E+02  1.04000E-07  2.70000E-08  0.00000E+00  1.56001E+01
  1.88500E+02  1.04000E-07  2.70000E-08  0.00000E+00  1.56001E+01
  1.91500E+02  9.20000E-08  2.60000E-08  0.00000E+00  1.56001E+01
  1.94500E+02  9.60000E-08  2.60000E-08  0.00000E+00  1.56001E+01
  1.97500E+02  7.90000E-08  2.40000E-08  0.00000E+00  1.56001E+01
  2.00500E+02  8.80000E-08  2.50000E-08  0.00000E+00  1.56001E+01
  2.03500E+02  7.90000E-08  2.40000E-08  0.00000E+00  1.56001E+01
  2.06500E+02  6.80000E-08  2.20000E-08  0.00000E+00  1.56001E+01
  2.08500E+02  5.90000E-08  1.20000E-08  0.00000E+00  1.56001E+01
  9.50000E+00  1.27600E-06  8.70000E-08  0.00000E+00  2.00001E+01
  1.25000E+01  1.25900E-06  8.70000E-08  0.00000E+00  2.00001E+01
  1.55000E+01  1.00100E-06  7.70000E-08  0.00000E+00  2.00001E+01
  1.75000E+01  8.19000E-07  4.00000E-08  0.00000E+00  2.00001E+01
  2.05000E+01  6.70000E-07  6.50000E-08  0.00000E+00  2.00001E+01
  2.35000E+01  6.30000E-07  6.30000E-08  0.00000E+00  2.00001E+01
  2.95000E+01  5.47000E-07  5.90000E-08  0.00000E+00  2.00001E+01
  3.25000E+01  4.47000E-07  5.30000E-08  0.00000E+00  2.00001E+01
  3.55000E+01  4.21000E-07  5.20000E-08  0.00000E+00  2.00001E+01
  3.85000E+01  3.94000E-07  5.00000E-08  0.00000E+00  2.00001E+01
  4.15000E+01  3.94000E-07  5.00000E-08  0.00000E+00  2.00001E+01
  4.45000E+01  3.77000E-07  4.90000E-08  0.00000E+00  2.00001E+01
  4.75000E+01  3.39000E-07  4.60000E-08  0.00000E+00  2.00001E+01
  5.05000E+01  3.48000E-07  4.70000E-08  0.00000E+00  2.00001E+01
  5.35000E+01  3.27000E-07  4.50000E-08  0.00000E+00  2.00001E+01
  5.65000E+01  3.29000E-07  4.60000E-08  0.00000E+00  2.00001E+01
  5.95000E+01  3.13000E-07  4.40000E-08  0.00000E+00  2.00001E+01
  6.25000E+01  2.90000E-07  4.30000E-08  0.00000E+00  2.00001E+01
  6.55000E+01  3.10000E-07  4.40000E-08  0.00000E+00  2.00001E+01
  6.85000E+01  2.98000E-07  4.30000E-08  0.00000E+00  2.00001E+01
  7.15000E+01  2.93000E-07  4.30000E-08  0.00000E+00  2.00001E+01
  7.45000E+01  2.92000E-07  4.30000E-08  0.00000E+00  2.00001E+01
  7.75000E+01  2.59000E-07  4.00000E-08  0.00000E+00  2.00001E+01
  8.05000E+01  2.77000E-07  4.20000E-08  0.00000E+00  2.00001E+01
  8.35000E+01  2.33000E-07  3.80000E-08  0.00000E+00  2.00001E+01
  8.65000E+01  2.35000E-07  3.90000E-08  0.00000E+00  2.00001E+01
  8.95000E+01  2.28000E-07  3.80000E-08  0.00000E+00  2.00001E+01
  9.25000E+01  2.28000E-07  3.80000E-08  0.00000E+00  2.00001E+01
  9.55000E+01  2.16000E-07  3.70000E-08  0.00000E+00  2.00001E+01
  9.85000E+01  2.25000E-07  3.80000E-08  0.00000E+00  2.00001E+01
  1.01500E+02  1.90000E-07  3.50000E-08  0.00000E+00  2.00001E+01
  1.04500E+02  1.95000E-07  3.50000E-08  0.00000E+00  2.00001E+01
  1.07500E+02  1.77000E-07  3.30000E-08  0.00000E+00  2.00001E+01
  1.10500E+02  1.88000E-07  3.40000E-08  0.00000E+00  2.00001E+01
  1.13500E+02  1.77000E-07  3.30000E-08  0.00000E+00  2.00001E+01
  1.16500E+02  1.65000E-07  3.20000E-08  0.00000E+00  2.00001E+01
  1.19500E+02  1.61000E-07  3.20000E-08  0.00000E+00  2.00001E+01
  1.22500E+02  1.59000E-07  3.20000E-08  0.00000E+00  2.00001E+01
  1.25500E+02  1.61000E-07  3.20000E-08  0.00000E+00  2.00001E+01
  1.28500E+02  1.45000E-07  3.00000E-08  0.00000E+00  2.00001E+01
  1.31500E+02  1.51000E-07  3.10000E-08  0.00000E+00  2.00001E+01
  1.34500E+02  1.53000E-07  3.10000E-08  0.00000E+00  2.00001E+01
  1.37500E+02  1.37000E-07  2.90000E-08  0.00000E+00  2.00001E+01
  1.40500E+02  1.37000E-07  2.90000E-08  0.00000E+00  2.00001E+01
  1.43500E+02  1.38000E-07  2.90000E-08  0.00000E+00  2.00001E+01
  1.46500E+02  1.46000E-07  3.00000E-08  0.00000E+00  2.00001E+01
  1.49500E+02  1.24000E-07  2.80000E-08  0.00000E+00  2.00001E+01
  1.52500E+02  1.20000E-07  2.70000E-08  0.00000E+00  2.00001E+01
  1.55500E+02  1.13000E-07  2.70000E-08  0.00000E+00  2.00001E+01
  1.58500E+02  1.06000E-07  2.60000E-08  0.00000E+00  2.00001E+01
  1.61500E+02  1.00000E-07  2.50000E-08  0.00000E+00  2.00001E+01
  1.64500E+02  1.00000E-07  2.50000E-08  0.00000E+00  2.00001E+01
  1.67500E+02  1.04000E-07  2.60000E-08  0.00000E+00  2.00001E+01
  1.70500E+02  9.60000E-08  2.50000E-08  0.00000E+00  2.00001E+01
  1.73500E+02  1.06000E-07  2.60000E-08  0.00000E+00  2.00001E+01
  1.76500E+02  1.06000E-07  2.60000E-08  0.00000E+00  2.00001E+01
  1.79500E+02  9.50000E-08  2.40000E-08  0.00000E+00  2.00001E+01
  1.82500E+02  8.80000E-08  2.30000E-08  0.00000E+00  2.00001E+01
  1.85500E+02  8.70000E-08  2.30000E-08  0.00000E+00  2.00001E+01
  1.88500E+02  8.80000E-08  2.40000E-08  0.00000E+00  2.00001E+01
  1.91500E+02  8.30000E-08  2.30000E-08  0.00000E+00  2.00001E+01
  1.94500E+02  9.50000E-08  2.50000E-08  0.00000E+00  2.00001E+01
  1.97500E+02  7.50000E-08  2.20000E-08  0.00000E+00  2.00001E+01
  2.00500E+02  7.00000E-08  2.10000E-08  0.00000E+00  2.00001E+01
  2.03500E+02  7.70000E-08  2.20000E-08  0.00000E+00  2.00001E+01
  2.06500E+02  7.50000E-08  2.20000E-08  0.00000E+00  2.00001E+01
  2.12000E+02  7.30000E-08  1.70000E-08  0.00000E+00  2.00001E+01
  4.50000E+00  1.39200E-06  6.60000E-08  0.00000E+00  3.50000E+01
  7.50000E+00  1.38000E-06  6.60000E-08  0.00000E+00  3.50000E+01
  1.05000E+01  1.02600E-06  4.90000E-08  0.00000E+00  3.50000E+01
  1.35000E+01  9.10000E-07  5.30000E-08  0.00000E+00  3.50000E+01
  1.65000E+01  8.01000E-07  5.00000E-08  0.00000E+00  3.50000E+01
  1.95000E+01  7.14000E-07  4.80000E-08  0.00000E+00  3.50000E+01
  2.25000E+01  6.30000E-07  4.50000E-08  0.00000E+00  3.50000E+01
  2.55000E+01  5.52000E-07  4.20000E-08  0.00000E+00  3.50000E+01
  2.85000E+01  5.20000E-07  4.10000E-08  0.00000E+00  3.50000E+01
  3.15000E+01  4.59000E-07  3.80000E-08  0.00000E+00  3.50000E+01
  3.45000E+01  4.30000E-07  3.70000E-08  0.00000E+00  3.50000E+01
  4.50000E+00  1.00300E-06  5.30000E-08  0.00000E+00  5.00000E+01
  7.50000E+00  1.00500E-06  5.40000E-08  0.00000E+00  5.00000E+01
  1.05000E+01  8.68000E-07  3.50000E-08  0.00000E+00  5.00000E+01
  1.35000E+01  7.44000E-07  3.70000E-08  0.00000E+00  5.00000E+01
  1.65000E+01  6.69000E-07  4.40000E-08  0.00000E+00  5.00000E+01
  1.95000E+01  6.16000E-07  4.20000E-08  0.00000E+00  5.00000E+01
  2.25000E+01  5.56000E-07  4.00000E-08  0.00000E+00  5.00000E+01
  2.55000E+01  5.23000E-07  3.90000E-08  0.00000E+00  5.00000E+01
  2.85000E+01  5.22000E-07  3.90000E-08  0.00000E+00  5.00000E+01
  3.10000E+01  5.28000E-07  3.20000E-08  0.00000E+00  5.00000E+01
  8.50000E+00  1.11700E-06  3.40000E-08  0.00000E+00  6.50001E+01
  1.15000E+01  9.72000E-07  3.20000E-08  0.00000E+00  6.50001E+01
  1.45000E+01  8.46000E-07  3.00000E-08  0.00000E+00  6.50001E+01
  1.75000E+01  6.41000E-07  2.60000E-08  0.00000E+00  6.50001E+01
  2.05000E+01  5.64000E-07  2.50000E-08  0.00000E+00  6.50001E+01
  2.35000E+01  5.21000E-07  2.40000E-08  0.00000E+00  6.50001E+01
  2.55000E+01  4.74000E-07  1.30000E-08  0.00000E+00  6.50001E+01
  3.35000E+01  3.43000E-07  1.90000E-08  0.00000E+00  6.50001E+01
  3.65000E+01  3.13000E-07  1.90000E-08  0.00000E+00  6.50001E+01
  3.95000E+01  3.01000E-07  1.80000E-08  0.00000E+00  6.50001E+01
  4.25000E+01  2.84000E-07  1.80000E-08  0.00000E+00  6.50001E+01
  4.55000E+01  2.56000E-07  1.70000E-08  0.00000E+00  6.50001E+01
  4.85000E+01  2.48000E-07  1.70000E-08  0.00000E+00  6.50001E+01
  5.15000E+01  2.39000E-07  1.60000E-08  0.00000E+00  6.50001E+01
  5.45000E+01  2.21000E-07  1.60000E-08  0.00000E+00  6.50001E+01
  5.75000E+01  2.02000E-07  1.50000E-08  0.00000E+00  6.50001E+01
  6.05000E+01  1.96000E-07  1.50000E-08  0.00000E+00  6.50001E+01
  6.35000E+01  1.95000E-07  1.50000E-08  0.00000E+00  6.50001E+01
  6.65000E+01  1.82000E-07  1.40000E-08  0.00000E+00  6.50001E+01
  6.95000E+01  1.73000E-07  1.40000E-08  0.00000E+00  6.50001E+01
  7.25000E+01  1.71000E-07  1.40000E-08  0.00000E+00  6.50001E+01
  7.55000E+01  1.61000E-07  1.30000E-08  0.00000E+00  6.50001E+01
  7.85000E+01  1.49000E-07  1.30000E-08  0.00000E+00  6.50001E+01
  8.15000E+01  1.55000E-07  1.30000E-08  0.00000E+00  6.50001E+01
  8.45000E+01  1.42000E-07  1.30000E-08  0.00000E+00  6.50001E+01
  8.75000E+01  1.34000E-07  1.20000E-08  0.00000E+00  6.50001E+01
  9.05000E+01  1.28000E-07  1.20000E-08  0.00000E+00  6.50001E+01
  9.35000E+01  1.26000E-07  1.20000E-08  0.00000E+00  6.50001E+01
  9.65000E+01  1.18000E-07  1.10000E-08  0.00000E+00  6.50001E+01
  9.95000E+01  1.17000E-07  1.10000E-08  0.00000E+00  6.50001E+01
  1.02500E+02  1.10000E-07  1.10000E-08  0.00000E+00  6.50001E+01
  1.05500E+02  1.09000E-07  1.10000E-08  0.00000E+00  6.50001E+01
  1.08500E+02  9.70000E-08  1.00000E-08  0.00000E+00  6.50001E+01
  1.11500E+02  9.60000E-08  1.00000E-08  0.00000E+00  6.50001E+01
  1.14500E+02  9.70000E-08  1.00000E-08  0.00000E+00  6.50001E+01
  1.17500E+02  8.50000E-08  9.70000E-09  0.00000E+00  6.50001E+01
  1.20500E+02  9.20000E-08  1.00000E-08  0.00000E+00  6.50001E+01
  1.23500E+02  8.04000E-08  9.40000E-09  0.00000E+00  6.50001E+01
  1.26500E+02  7.77000E-08  9.30000E-09  0.00000E+00  6.50001E+01
  1.29500E+02  7.76000E-08  9.20000E-09  0.00000E+00  6.50001E+01
  1.32500E+02  7.45000E-08  9.10000E-09  0.00000E+00  6.50001E+01
  1.35500E+02  7.30000E-08  9.00000E-09  0.00000E+00  6.50001E+01
  1.38500E+02  6.30000E-08  8.30000E-09  0.00000E+00  6.50001E+01
  1.41500E+02  6.29000E-08  8.30000E-09  0.00000E+00  6.50001E+01
  1.44500E+02  6.09000E-08  8.20000E-09  0.00000E+00  6.50001E+01
  1.47500E+02  6.25000E-08  8.30000E-09  0.00000E+00  6.50001E+01
  1.50500E+02  5.12000E-08  7.50000E-09  0.00000E+00  6.50001E+01
  1.53500E+02  5.22000E-08  7.60000E-09  0.00000E+00  6.50001E+01
  1.56500E+02  5.01000E-08  7.40000E-09  0.00000E+00  6.50001E+01
  1.59500E+02  4.77000E-08  7.30000E-09  0.00000E+00  6.50001E+01
  1.62500E+02  4.97000E-08  7.40000E-09  0.00000E+00  6.50001E+01
  1.65500E+02  4.19000E-08  6.80000E-09  0.00000E+00  6.50001E+01
  1.68500E+02  4.52000E-08  7.10000E-09  0.00000E+00  6.50001E+01
  1.71500E+02  4.58000E-08  7.10000E-09  0.00000E+00  6.50001E+01
  1.74500E+02  3.99000E-08  6.60000E-09  0.00000E+00  6.50001E+01
  1.77500E+02  3.91000E-08  6.60000E-09  0.00000E+00  6.50001E+01
  1.80500E+02  3.88000E-08  6.50000E-09  0.00000E+00  6.50001E+01
  1.83500E+02  3.47000E-08  6.20000E-09  0.00000E+00  6.50001E+01
  1.86500E+02  3.32000E-08  6.10000E-09  0.00000E+00  6.50001E+01
  1.89500E+02  2.82000E-08  5.60000E-09  0.00000E+00  6.50001E+01
  1.92500E+02  2.94000E-08  5.70000E-09  0.00000E+00  6.50001E+01
  1.95500E+02  3.09000E-08  5.80000E-09  0.00000E+00  6.50001E+01
  1.98500E+02  2.77000E-08  5.50000E-09  0.00000E+00  6.50001E+01
  2.01500E+02  2.71000E-08  5.50000E-09  0.00000E+00  6.50001E+01
  2.04500E+02  2.18000E-08  4.90000E-09  0.00000E+00  6.50001E+01
  2.07500E+02  2.08000E-08  4.80000E-09  0.00000E+00  6.50001E+01
  2.10500E+02  1.75000E-08  4.40000E-09  0.00000E+00  6.50001E+01
  2.13000E+02  1.58000E-08  3.40000E-09  0.00000E+00  6.50001E+01
  4.50000E+00  1.14600E-06  4.00000E-08  0.00000E+00  8.00001E+01
  7.50000E+00  1.02400E-06  1.90000E-08  0.00000E+00  8.00001E+01
  9.50000E+00  9.27700E-07  9.90000E-09  0.00000E+00  8.00001E+01
  1.35000E+01  5.43000E-07  2.30000E-08  0.00000E+00  1.00000E+02
  1.65000E+01  4.87000E-07  2.10000E-08  0.00000E+00  1.00000E+02
  1.95000E+01  4.00000E-07  1.90000E-08  0.00000E+00  1.00000E+02
  2.25000E+01  2.89000E-07  1.70000E-08  0.00000E+00  1.00000E+02
  2.55000E+01  2.68000E-07  1.60000E-08  0.00000E+00  1.00000E+02
  2.80000E+01  2.25000E-07  1.20000E-08  0.00000E+00  1.00000E+02
  4.15000E+01  1.20000E-07  1.10000E-08  0.00000E+00  1.00000E+02
  4.45000E+01  1.20000E-07  1.10000E-08  0.00000E+00  1.00000E+02
  4.75000E+01  1.22000E-07  1.10000E-08  0.00000E+00  1.00000E+02
  5.05000E+01  1.10000E-07  1.00000E-08  0.00000E+00  1.00000E+02
  5.35000E+01  1.06000E-07  1.00000E-08  0.00000E+00  1.00000E+02
  5.65000E+01  9.90000E-08  9.90000E-09  0.00000E+00  1.00000E+02
  5.95000E+01  8.69000E-08  9.20000E-09  0.00000E+00  1.00000E+02
  6.25000E+01  8.10000E-08  8.90000E-09  0.00000E+00  1.00000E+02
  6.55000E+01  7.89000E-08  8.80000E-09  0.00000E+00  1.00000E+02
  6.85000E+01  7.25000E-08  8.40000E-09  0.00000E+00  1.00000E+02
  7.15000E+01  6.18000E-08  7.80000E-09  0.00000E+00  1.00000E+02
  7.45000E+01  6.49000E-08  8.00000E-09  0.00000E+00  1.00000E+02
  7.75000E+01  4.97000E-08  7.00000E-09  0.00000E+00  1.00000E+02
  8.05000E+01  4.69000E-08  6.80000E-09  0.00000E+00  1.00000E+02
  8.35000E+01  4.34000E-08  6.50000E-09  0.00000E+00  1.00000E+02
  8.65000E+01  4.19000E-08  6.40000E-09  0.00000E+00  1.00000E+02
  8.95000E+01  3.86000E-08  6.20000E-09  0.00000E+00  1.00000E+02
  9.25000E+01  3.68000E-08  6.00000E-09  0.00000E+00  1.00000E+02
  9.55000E+01  3.30000E-08  5.70000E-09  0.00000E+00  1.00000E+02
  9.80000E+01  3.03000E-08  4.50000E-09  0.00000E+00  1.00000E+02
  1.01500E+02  2.95000E-08  5.40000E-09  0.00000E+00  1.00000E+02
  1.04500E+02  2.83000E-08  5.30000E-09  0.00000E+00  1.00000E+02
  1.07500E+02  2.40000E-08  4.90000E-09  0.00000E+00  1.00000E+02
  1.10500E+02  2.27000E-08  4.70000E-09  0.00000E+00  1.00000E+02
  1.13500E+02  2.10000E-08  4.50000E-09  0.00000E+00  1.00000E+02
  1.16500E+02  1.87000E-08  4.30000E-09  0.00000E+00  1.00000E+02
  1.19500E+02  1.92000E-08  4.40000E-09  0.00000E+00  1.00000E+02
  1.22500E+02  1.76000E-08  4.20000E-09  0.00000E+00  1.00000E+02
  1.25500E+02  1.52000E-08  3.90000E-09  0.00000E+00  1.00000E+02
  1.28500E+02  1.33000E-08  3.60000E-09  0.00000E+00  1.00000E+02
  1.31500E+02  1.12000E-08  3.30000E-09  0.00000E+00  1.00000E+02
  1.34500E+02  1.07000E-08  3.20000E-09  0.00000E+00  1.00000E+02
  1.37500E+02  9.40000E-09  3.00000E-09  0.00000E+00  1.00000E+02
  1.40500E+02  9.90000E-09  3.10000E-09  0.00000E+00  1.00000E+02
  1.43500E+02  1.05000E-08  3.20000E-09  0.00000E+00  1.00000E+02
  1.46500E+02  8.90000E-09  3.00000E-09  0.00000E+00  1.00000E+02
  1.49500E+02  6.80000E-09  2.60000E-09  0.00000E+00  1.00000E+02
  1.52500E+02  8.70000E-09  2.90000E-09  0.00000E+00  1.00000E+02
  1.55500E+02  6.90000E-09  2.60000E-09  0.00000E+00  1.00000E+02
  1.58500E+02  6.20000E-09  2.50000E-09  0.00000E+00  1.00000E+02
  1.61500E+02  5.50000E-09  2.30000E-09  0.00000E+00  1.00000E+02
  1.64500E+02  5.80000E-09  2.40000E-09  0.00000E+00  1.00000E+02
  1.67500E+02  5.40000E-09  2.30000E-09  0.00000E+00  1.00000E+02
  1.70500E+02  3.10000E-09  1.70000E-09  0.00000E+00  1.00000E+02
  1.73500E+02  3.90000E-09  2.00000E-09  0.00000E+00  1.00000E+02
  1.76500E+02  3.70000E-09  1.90000E-09  0.00000E+00  1.00000E+02
  1.79500E+02  3.00000E-09  1.70000E-09  0.00000E+00  1.00000E+02
  1.82500E+02  4.70000E-09  2.20000E-09  0.00000E+00  1.00000E+02
  1.85500E+02  3.70000E-09  1.90000E-09  0.00000E+00  1.00000E+02
  1.88500E+02  3.70000E-09  1.90000E-09  0.00000E+00  1.00000E+02
  1.91500E+02  2.50000E-09  1.60000E-09  0.00000E+00  1.00000E+02
  1.94500E+02  2.30000E-09  1.50000E-09  0.00000E+00  1.00000E+02
  1.97500E+02  3.10000E-09  1.70000E-09  0.00000E+00  1.00000E+02
  2.00500E+02  2.40000E-09  1.50000E-09  0.00000E+00  1.00000E+02
  2.03500E+02  2.60000E-09  1.60000E-09  0.00000E+00  1.00000E+02
# Full reference:
#M.Fidelus,  D.Filges,  F.Goldenbaum,  H.Hodde,  A.Jany, L.Jarczyk,  B.Kamys,  M.Kistryn,  St.Kistryn,
#St.Kliczewski,  E.Kozik,  P.Kulessa,  H.Machner, A.Magiera,  B.Piskor-Ignatowicz,  K.Pysz,  Z.Rudy, Sushil K.Sharma,
# R.Siudak,  M.Wojciechowski
#Jour. Physical Review, Part C, Nuclear Physics Vol.89, p.054617, 2014
#Sequential and simultaneous emission of particles from p+Al collisions at GeV energies
