# Target Z    :  13
# Target A    :  27
# Target state:  
# Projectile  : p
# Reaction    : (p,xd)
# E-inc       :   68.000 MeV
# Quantity    : Double-differential cross section
# Frame       : L
# MF          :    6
# MT          :  204
# X4 ID       : E2400141 
# X4 code     : 13-AL-27(P,X)1-H-2,,DA/DE
# Author      : Harada                   
# Year        : 2002
# Data points :    132
# E-out(MeV) xs(mb/MeV.sr) dxs(mb/MeV.sr) dE(MeV)      Evaluation  C/E(F)      Chi-2     Delta(mb)
  2.50000E+00  2.42000E-07  8.11300E-09  0.00000E+00  9.00000E+01
  3.00000E+00  2.52900E-07  8.29400E-09  0.00000E+00  9.00000E+01
  3.50000E+00  2.71100E-07  8.58700E-09  0.00000E+00  9.00000E+01
  4.00000E+00  2.84200E-07  8.79100E-09  0.00000E+00  9.00000E+01
  4.50000E+00  2.44200E-07  8.15000E-09  0.00000E+00  9.00000E+01
  5.00000E+00  2.46400E-07  8.18600E-09  0.00000E+00  9.00000E+01
  5.50000E+00  2.37400E-07  8.03500E-09  0.00000E+00  9.00000E+01
  6.00000E+00  2.28400E-07  7.88200E-09  0.00000E+00  9.00000E+01
  6.50000E+00  2.10500E-07  7.56600E-09  0.00000E+00  9.00000E+01
  7.00000E+00  2.07700E-07  7.51700E-09  0.00000E+00  9.00000E+01
  7.50000E+00  1.91400E-07  7.21600E-09  0.00000E+00  9.00000E+01
  8.00000E+00  1.92200E-07  7.23100E-09  0.00000E+00  9.00000E+01
  8.50000E+00  1.68000E-07  6.76100E-09  0.00000E+00  9.00000E+01
  9.00000E+00  1.80000E-07  6.99700E-09  0.00000E+00  9.00000E+01
  1.15000E+01  1.41300E-07  6.93000E-09  0.00000E+00  9.00000E+01
  1.20000E+01  1.33500E-07  6.73600E-09  0.00000E+00  9.00000E+01
  1.25000E+01  1.27700E-07  6.58900E-09  0.00000E+00  9.00000E+01
  1.30000E+01  1.10100E-07  6.11600E-09  0.00000E+00  9.00000E+01
  1.35000E+01  1.03900E-07  5.94400E-09  0.00000E+00  9.00000E+01
  1.40000E+01  9.85400E-08  5.78600E-09  0.00000E+00  9.00000E+01
  1.45000E+01  1.05000E-07  5.97300E-09  0.00000E+00  9.00000E+01
  1.50000E+01  9.20800E-08  5.59300E-09  0.00000E+00  9.00000E+01
  1.55000E+01  8.12100E-08  5.25300E-09  0.00000E+00  9.00000E+01
  1.60000E+01  8.18900E-08  5.27500E-09  0.00000E+00  9.00000E+01
  1.65000E+01  8.59700E-08  5.40400E-09  0.00000E+00  9.00000E+01
  1.70000E+01  9.10600E-08  5.56200E-09  0.00000E+00  9.00000E+01
  1.75000E+01  7.95100E-08  5.19800E-09  0.00000E+00  9.00000E+01
  1.80000E+01  7.16900E-08  4.93500E-09  0.00000E+00  9.00000E+01
  1.85000E+01  7.20300E-08  4.94700E-09  0.00000E+00  9.00000E+01
  1.90000E+01  6.93200E-08  4.85300E-09  0.00000E+00  9.00000E+01
  1.95000E+01  7.00000E-08  4.87700E-09  0.00000E+00  9.00000E+01
  2.00000E+01  6.83000E-08  4.81700E-09  0.00000E+00  9.00000E+01
  2.05000E+01  6.15000E-08  4.57100E-09  0.00000E+00  9.00000E+01
  2.10000E+01  6.72800E-08  4.78100E-09  0.00000E+00  9.00000E+01
  2.15000E+01  6.35400E-08  4.64600E-09  0.00000E+00  9.00000E+01
  2.20000E+01  6.01400E-08  4.52000E-09  0.00000E+00  9.00000E+01
  2.25000E+01  5.64000E-08  4.37800E-09  0.00000E+00  9.00000E+01
  2.30000E+01  5.77600E-08  4.43000E-09  0.00000E+00  9.00000E+01
  2.35000E+01  5.53800E-08  4.33800E-09  0.00000E+00  9.00000E+01
  2.40000E+01  5.26700E-08  4.23000E-09  0.00000E+00  9.00000E+01
  2.45000E+01  5.77600E-08  4.43000E-09  0.00000E+00  9.00000E+01
  2.50000E+01  4.89300E-08  4.07700E-09  0.00000E+00  9.00000E+01
  2.55000E+01  5.09700E-08  4.16100E-09  0.00000E+00  9.00000E+01
  2.60000E+01  5.16500E-08  4.18900E-09  0.00000E+00  9.00000E+01
  2.65000E+01  4.34900E-08  3.84400E-09  0.00000E+00  9.00000E+01
  2.70000E+01  4.82500E-08  4.04900E-09  0.00000E+00  9.00000E+01
  2.75000E+01  3.73700E-08  3.56300E-09  0.00000E+00  9.00000E+01
  2.80000E+01  4.17900E-08  3.76800E-09  0.00000E+00  9.00000E+01
  2.85000E+01  3.60100E-08  3.49800E-09  0.00000E+00  9.00000E+01
  2.90000E+01  3.87300E-08  3.62800E-09  0.00000E+00  9.00000E+01
  2.95000E+01  3.26200E-08  3.32900E-09  0.00000E+00  9.00000E+01
  3.00000E+01  4.07700E-08  3.72200E-09  0.00000E+00  9.00000E+01
  3.05000E+01  3.29600E-08  3.34600E-09  0.00000E+00  9.00000E+01
  3.10000E+01  2.99000E-08  3.18700E-09  0.00000E+00  9.00000E+01
  3.15000E+01  2.99000E-08  3.18700E-09  0.00000E+00  9.00000E+01
  3.20000E+01  3.36400E-08  3.38100E-09  0.00000E+00  9.00000E+01
  3.25000E+01  2.71800E-08  3.03900E-09  0.00000E+00  9.00000E+01
  3.30000E+01  2.61600E-08  2.98100E-09  0.00000E+00  9.00000E+01
  3.35000E+01  2.00400E-08  2.61000E-09  0.00000E+00  9.00000E+01
  3.40000E+01  2.41200E-08  2.86300E-09  0.00000E+00  9.00000E+01
  3.45000E+01  2.37800E-08  2.84300E-09  0.00000E+00  9.00000E+01
  3.50000E+01  2.14000E-08  2.69700E-09  0.00000E+00  9.00000E+01
  3.55000E+01  2.41200E-08  2.86300E-09  0.00000E+00  9.00000E+01
  3.60000E+01  2.24200E-08  2.76000E-09  0.00000E+00  9.00000E+01
  3.65000E+01  1.80100E-08  2.47300E-09  0.00000E+00  9.00000E+01
  3.70000E+01  2.07200E-08  2.65400E-09  0.00000E+00  9.00000E+01
  3.75000E+01  1.73300E-08  2.42600E-09  0.00000E+00  9.00000E+01
  3.80000E+01  1.52900E-08  2.27900E-09  0.00000E+00  9.00000E+01
  3.85000E+01  1.83400E-08  2.49700E-09  0.00000E+00  9.00000E+01
  3.90000E+01  1.73300E-08  2.42600E-09  0.00000E+00  9.00000E+01
  3.95000E+01  1.56300E-08  2.30400E-09  0.00000E+00  9.00000E+01
  4.00000E+01  1.35900E-08  2.14900E-09  0.00000E+00  9.00000E+01
  4.05000E+01  1.39300E-08  2.17500E-09  0.00000E+00  9.00000E+01
  4.10000E+01  2.07200E-08  2.65400E-09  0.00000E+00  9.00000E+01
  4.15000E+01  1.46100E-08  2.22800E-09  0.00000E+00  9.00000E+01
  4.20000E+01  1.12100E-08  1.95200E-09  0.00000E+00  9.00000E+01
  4.25000E+01  1.93600E-08  2.56500E-09  0.00000E+00  9.00000E+01
  4.30000E+01  1.73300E-08  2.42600E-09  0.00000E+00  9.00000E+01
  4.35000E+01  1.42700E-08  2.20200E-09  0.00000E+00  9.00000E+01
  4.40000E+01  1.01900E-08  1.86100E-09  0.00000E+00  9.00000E+01
  4.45000E+01  1.32500E-08  2.12200E-09  0.00000E+00  9.00000E+01
  4.50000E+01  1.32500E-08  2.12200E-09  0.00000E+00  9.00000E+01
  4.55000E+01  1.42700E-08  2.20200E-09  0.00000E+00  9.00000E+01
  4.60000E+01  2.17400E-08  2.71800E-09  0.00000E+00  9.00000E+01
  4.65000E+01  1.32500E-08  2.12200E-09  0.00000E+00  9.00000E+01
  4.70000E+01  1.46100E-08  2.22800E-09  0.00000E+00  9.00000E+01
  4.75000E+01  7.47500E-09  1.59300E-09  0.00000E+00  9.00000E+01
  4.80000E+01  1.86800E-08  2.52000E-09  0.00000E+00  9.00000E+01
  4.85000E+01  5.09700E-09  1.31600E-09  0.00000E+00  9.00000E+01
  4.90000E+01  8.15500E-09  1.66400E-09  0.00000E+00  9.00000E+01
  4.95000E+01  6.45600E-09  1.48100E-09  0.00000E+00  9.00000E+01
  5.00000E+01  2.00400E-08  2.61000E-09  0.00000E+00  9.00000E+01
  5.05000E+01  2.37800E-09  8.99000E-10  0.00000E+00  9.00000E+01
  5.10000E+01  6.79600E-10  4.80500E-10  0.00000E+00  9.00000E+01
  5.15000E+01  3.39800E-10  3.39800E-10  0.00000E+00  9.00000E+01
  5.20000E+01  0.00000E+00  0.00000E+00  0.00000E+00  9.00000E+01
  5.25000E+01  0.00000E+00  0.00000E+00  0.00000E+00  9.00000E+01
  5.30000E+01  3.39800E-10  3.39800E-10  0.00000E+00  9.00000E+01
  5.35000E+01  3.39800E-10  3.39800E-10  0.00000E+00  9.00000E+01
  5.40000E+01  0.00000E+00  0.00000E+00  0.00000E+00  9.00000E+01
  5.45000E+01  0.00000E+00  0.00000E+00  0.00000E+00  9.00000E+01
  5.50000E+01  0.00000E+00  0.00000E+00  0.00000E+00  9.00000E+01
  5.55000E+01  0.00000E+00  0.00000E+00  0.00000E+00  9.00000E+01
  5.60000E+01  0.00000E+00  0.00000E+00  0.00000E+00  9.00000E+01
  5.65000E+01  0.00000E+00  0.00000E+00  0.00000E+00  9.00000E+01
  5.70000E+01  0.00000E+00  0.00000E+00  0.00000E+00  9.00000E+01
  5.75000E+01  0.00000E+00  0.00000E+00  0.00000E+00  9.00000E+01
  5.80000E+01  0.00000E+00  0.00000E+00  0.00000E+00  9.00000E+01
  5.85000E+01  0.00000E+00  0.00000E+00  0.00000E+00  9.00000E+01
  5.90000E+01  0.00000E+00  0.00000E+00  0.00000E+00  9.00000E+01
  5.95000E+01  0.00000E+00  0.00000E+00  0.00000E+00  9.00000E+01
  6.00000E+01  0.00000E+00  0.00000E+00  0.00000E+00  9.00000E+01
  6.05000E+01  0.00000E+00  0.00000E+00  0.00000E+00  9.00000E+01
  6.10000E+01  0.00000E+00  0.00000E+00  0.00000E+00  9.00000E+01
  6.15000E+01  0.00000E+00  0.00000E+00  0.00000E+00  9.00000E+01
  6.20000E+01  0.00000E+00  0.00000E+00  0.00000E+00  9.00000E+01
  6.25000E+01  0.00000E+00  0.00000E+00  0.00000E+00  9.00000E+01
  6.30000E+01  0.00000E+00  0.00000E+00  0.00000E+00  9.00000E+01
  6.35000E+01  0.00000E+00  0.00000E+00  0.00000E+00  9.00000E+01
  6.40000E+01  0.00000E+00  0.00000E+00  0.00000E+00  9.00000E+01
  6.45000E+01  0.00000E+00  0.00000E+00  0.00000E+00  9.00000E+01
  6.50000E+01  0.00000E+00  0.00000E+00  0.00000E+00  9.00000E+01
  6.55000E+01  0.00000E+00  0.00000E+00  0.00000E+00  9.00000E+01
  6.60000E+01  0.00000E+00  0.00000E+00  0.00000E+00  9.00000E+01
  6.65000E+01  0.00000E+00  0.00000E+00  0.00000E+00  9.00000E+01
  6.70000E+01  0.00000E+00  0.00000E+00  0.00000E+00  9.00000E+01
  6.75000E+01  0.00000E+00  0.00000E+00  0.00000E+00  9.00000E+01
  6.80000E+01  0.00000E+00  0.00000E+00  0.00000E+00  9.00000E+01
  6.85000E+01  0.00000E+00  0.00000E+00  0.00000E+00  9.00000E+01
  6.90000E+01  0.00000E+00  0.00000E+00  0.00000E+00  9.00000E+01
  6.95000E+01  0.00000E+00  0.00000E+00  0.00000E+00  9.00000E+01
  7.00000E+01  0.00000E+00  0.00000E+00  0.00000E+00  9.00000E+01
# Full reference:
#M.Harada,  Y.Watanabe,  Y.Tanaka,  Y.Matsuoka,  K.Shin, S.Meigo,  H.Nakashima,  H.Takada,  T.Sasa,
# O.Iwamoto, T.Fukahori,  S.Chiba,  S.Tanaka
#Jour. Jour. of Nuclear Science and Technology Suppl. Vol.2, p.393, 2002
#Light charged-particle production in proton-induced reactions on 12C, 27Al, 58Ni, 90Zr, 197Au, and 209Bi at 42 and 68 MeV
#
