# Target Z    :  13
# Target A    :  27
# Target state:  
# Projectile  : p
# Reaction    : (p,xd)
# E-inc       :   68.000 MeV
# Quantity    : Double-differential cross section
# Frame       : L
# MF          :    6
# MT          :  204
# X4 ID       : E2400137 
# X4 code     : 13-AL-27(P,X)1-H-2,,DA/DE
# Author      : Harada                   
# Year        : 2002
# Data points :    132
# E-out(MeV) xs(mb/MeV.sr) dxs(mb/MeV.sr) dE(MeV)      Evaluation  C/E(F)      Chi-2     Delta(mb)
  2.50000E+00  2.38400E-07  3.72300E-08  0.00000E+00  3.50000E+01
  3.00000E+00  3.48900E-07  4.50400E-08  0.00000E+00  3.50000E+01
  3.50000E+00  3.66300E-07  4.61600E-08  0.00000E+00  3.50000E+01
  4.00000E+00  4.88500E-07  5.33000E-08  0.00000E+00  3.50000E+01
  4.50000E+00  4.12900E-07  4.90000E-08  0.00000E+00  3.50000E+01
  5.00000E+00  4.59400E-07  5.16900E-08  0.00000E+00  3.50000E+01
  5.50000E+00  4.47800E-07  5.10300E-08  0.00000E+00  3.50000E+01
  6.00000E+00  4.65200E-07  5.20100E-08  0.00000E+00  3.50000E+01
  6.50000E+00  5.58200E-07  5.69800E-08  0.00000E+00  3.50000E+01
  7.00000E+00  5.52400E-07  5.66800E-08  0.00000E+00  3.50000E+01
  7.50000E+00  4.47800E-07  5.10300E-08  0.00000E+00  3.50000E+01
  8.00000E+00  6.04800E-07  5.93000E-08  0.00000E+00  3.50000E+01
  8.50000E+00  4.12900E-07  4.90000E-08  0.00000E+00  3.50000E+01
  9.00000E+00  4.59400E-07  5.16900E-08  0.00000E+00  3.50000E+01
  1.15000E+01  3.59600E-07  4.07000E-08  0.00000E+00  3.50000E+01
  1.20000E+01  4.18400E-07  4.39000E-08  0.00000E+00  3.50000E+01
  1.25000E+01  3.45000E-07  3.98700E-08  0.00000E+00  3.50000E+01
  1.30000E+01  3.00900E-07  3.72300E-08  0.00000E+00  3.50000E+01
  1.35000E+01  3.22900E-07  3.85700E-08  0.00000E+00  3.50000E+01
  1.40000E+01  1.98100E-07  3.02100E-08  0.00000E+00  3.50000E+01
  1.45000E+01  3.67000E-07  4.11200E-08  0.00000E+00  3.50000E+01
  1.50000E+01  2.78900E-07  3.58500E-08  0.00000E+00  3.50000E+01
  1.55000E+01  2.71600E-07  3.53700E-08  0.00000E+00  3.50000E+01
  1.60000E+01  3.59600E-07  4.07000E-08  0.00000E+00  3.50000E+01
  1.65000E+01  2.56900E-07  3.44000E-08  0.00000E+00  3.50000E+01
  1.70000E+01  2.42200E-07  3.34000E-08  0.00000E+00  3.50000E+01
  1.75000E+01  3.08300E-07  3.76800E-08  0.00000E+00  3.50000E+01
  1.80000E+01  2.93600E-07  3.67800E-08  0.00000E+00  3.50000E+01
  1.85000E+01  2.34800E-07  3.28900E-08  0.00000E+00  3.50000E+01
  1.90000E+01  3.15600E-07  3.81300E-08  0.00000E+00  3.50000E+01
  1.95000E+01  3.22900E-07  3.85700E-08  0.00000E+00  3.50000E+01
  2.00000E+01  3.67000E-07  4.11200E-08  0.00000E+00  3.50000E+01
  2.05000E+01  2.56900E-07  3.44000E-08  0.00000E+00  3.50000E+01
  2.10000E+01  2.27500E-07  3.23800E-08  0.00000E+00  3.50000E+01
  2.15000E+01  2.78900E-07  3.58500E-08  0.00000E+00  3.50000E+01
  2.20000E+01  2.71600E-07  3.53700E-08  0.00000E+00  3.50000E+01
  2.25000E+01  3.15600E-07  3.81300E-08  0.00000E+00  3.50000E+01
  2.30000E+01  2.56900E-07  3.44000E-08  0.00000E+00  3.50000E+01
  2.35000E+01  3.00900E-07  3.72300E-08  0.00000E+00  3.50000E+01
  2.40000E+01  2.71600E-07  3.53700E-08  0.00000E+00  3.50000E+01
  2.45000E+01  2.34800E-07  3.28900E-08  0.00000E+00  3.50000E+01
  2.50000E+01  2.27500E-07  3.23800E-08  0.00000E+00  3.50000E+01
  2.55000E+01  3.00900E-07  3.72300E-08  0.00000E+00  3.50000E+01
  2.60000E+01  2.27500E-07  3.23800E-08  0.00000E+00  3.50000E+01
  2.65000E+01  2.49500E-07  3.39100E-08  0.00000E+00  3.50000E+01
  2.70000E+01  3.74300E-07  4.15300E-08  0.00000E+00  3.50000E+01
  2.75000E+01  2.34800E-07  3.28900E-08  0.00000E+00  3.50000E+01
  2.80000E+01  2.93600E-07  3.67800E-08  0.00000E+00  3.50000E+01
  2.85000E+01  3.45000E-07  3.98700E-08  0.00000E+00  3.50000E+01
  2.90000E+01  3.59600E-07  4.07000E-08  0.00000E+00  3.50000E+01
  2.95000E+01  3.22900E-07  3.85700E-08  0.00000E+00  3.50000E+01
  3.00000E+01  3.96300E-07  4.27300E-08  0.00000E+00  3.50000E+01
  3.05000E+01  3.08300E-07  3.76800E-08  0.00000E+00  3.50000E+01
  3.10000E+01  2.78900E-07  3.58500E-08  0.00000E+00  3.50000E+01
  3.15000E+01  2.20200E-07  3.18500E-08  0.00000E+00  3.50000E+01
  3.20000E+01  2.93600E-07  3.67800E-08  0.00000E+00  3.50000E+01
  3.25000E+01  2.86200E-07  3.63100E-08  0.00000E+00  3.50000E+01
  3.30000E+01  2.05500E-07  3.07700E-08  0.00000E+00  3.50000E+01
  3.35000E+01  2.86200E-07  3.63100E-08  0.00000E+00  3.50000E+01
  3.40000E+01  2.93600E-07  3.67800E-08  0.00000E+00  3.50000E+01
  3.45000E+01  2.42200E-07  3.34000E-08  0.00000E+00  3.50000E+01
  3.50000E+01  3.67000E-07  4.11200E-08  0.00000E+00  3.50000E+01
  3.55000E+01  2.34800E-07  3.28900E-08  0.00000E+00  3.50000E+01
  3.60000E+01  2.86200E-07  3.63100E-08  0.00000E+00  3.50000E+01
  3.65000E+01  2.34800E-07  3.28900E-08  0.00000E+00  3.50000E+01
  3.70000E+01  3.52300E-07  4.02900E-08  0.00000E+00  3.50000E+01
  3.75000E+01  2.78900E-07  3.58500E-08  0.00000E+00  3.50000E+01
  3.80000E+01  3.08300E-07  3.76800E-08  0.00000E+00  3.50000E+01
  3.85000E+01  2.34800E-07  3.28900E-08  0.00000E+00  3.50000E+01
  3.90000E+01  2.93600E-07  3.67800E-08  0.00000E+00  3.50000E+01
  3.95000E+01  2.42200E-07  3.34000E-08  0.00000E+00  3.50000E+01
  4.00000E+01  2.71600E-07  3.53700E-08  0.00000E+00  3.50000E+01
  4.05000E+01  2.71600E-07  3.53700E-08  0.00000E+00  3.50000E+01
  4.10000E+01  2.64200E-07  3.48900E-08  0.00000E+00  3.50000E+01
  4.15000E+01  3.37600E-07  3.94400E-08  0.00000E+00  3.50000E+01
  4.20000E+01  2.34800E-07  3.28900E-08  0.00000E+00  3.50000E+01
  4.25000E+01  2.93600E-07  3.67800E-08  0.00000E+00  3.50000E+01
  4.30000E+01  2.05500E-07  3.07700E-08  0.00000E+00  3.50000E+01
  4.35000E+01  3.00900E-07  3.72300E-08  0.00000E+00  3.50000E+01
  4.40000E+01  2.78900E-07  3.58500E-08  0.00000E+00  3.50000E+01
  4.45000E+01  1.90800E-07  2.96500E-08  0.00000E+00  3.50000E+01
  4.50000E+01  2.64200E-07  3.48900E-08  0.00000E+00  3.50000E+01
  4.55000E+01  1.54100E-07  2.66500E-08  0.00000E+00  3.50000E+01
  4.60000E+01  4.18400E-07  4.39000E-08  0.00000E+00  3.50000E+01
  4.65000E+01  3.30300E-07  3.90100E-08  0.00000E+00  3.50000E+01
  4.70000E+01  4.33000E-07  4.46700E-08  0.00000E+00  3.50000E+01
  4.75000E+01  3.74300E-07  4.15300E-08  0.00000E+00  3.50000E+01
  4.80000E+01  3.89000E-07  4.23300E-08  0.00000E+00  3.50000E+01
  4.85000E+01  2.05500E-07  3.07700E-08  0.00000E+00  3.50000E+01
  4.90000E+01  1.61400E-07  2.72700E-08  0.00000E+00  3.50000E+01
  4.95000E+01  3.89000E-07  4.23300E-08  0.00000E+00  3.50000E+01
  5.00000E+01  4.18400E-07  4.39000E-08  0.00000E+00  3.50000E+01
  5.05000E+01  1.11570E-06  7.16900E-08  0.00000E+00  3.50000E+01
  5.10000E+01  5.13800E-07  4.86500E-08  0.00000E+00  3.50000E+01
  5.15000E+01  4.03700E-07  4.31200E-08  0.00000E+00  3.50000E+01
  5.20000E+01  2.71600E-07  3.53700E-08  0.00000E+00  3.50000E+01
  5.25000E+01  5.72500E-07  5.13600E-08  0.00000E+00  3.50000E+01
  5.30000E+01  1.00560E-06  6.80700E-08  0.00000E+00  3.50000E+01
  5.35000E+01  1.68800E-07  2.78900E-08  0.00000E+00  3.50000E+01
  5.40000E+01  3.30300E-07  3.90100E-08  0.00000E+00  3.50000E+01
  5.45000E+01  3.74300E-07  4.15300E-08  0.00000E+00  3.50000E+01
  5.50000E+01  1.32130E-06  7.80200E-08  0.00000E+00  3.50000E+01
  5.55000E+01  8.07400E-08  1.92800E-08  0.00000E+00  3.50000E+01
  5.60000E+01  1.46800E-08  8.22400E-09  0.00000E+00  3.50000E+01
  5.65000E+01  1.46800E-08  8.22400E-09  0.00000E+00  3.50000E+01
  5.70000E+01  0.00000E+00  0.00000E+00  0.00000E+00  3.50000E+01
  5.75000E+01  0.00000E+00  0.00000E+00  0.00000E+00  3.50000E+01
  5.80000E+01  0.00000E+00  0.00000E+00  0.00000E+00  3.50000E+01
  5.85000E+01  0.00000E+00  0.00000E+00  0.00000E+00  3.50000E+01
  5.90000E+01  0.00000E+00  0.00000E+00  0.00000E+00  3.50000E+01
  5.95000E+01  0.00000E+00  0.00000E+00  0.00000E+00  3.50000E+01
  6.00000E+01  0.00000E+00  0.00000E+00  0.00000E+00  3.50000E+01
  6.05000E+01  0.00000E+00  0.00000E+00  0.00000E+00  3.50000E+01
  6.10000E+01  0.00000E+00  0.00000E+00  0.00000E+00  3.50000E+01
  6.15000E+01  0.00000E+00  0.00000E+00  0.00000E+00  3.50000E+01
  6.20000E+01  0.00000E+00  0.00000E+00  0.00000E+00  3.50000E+01
  6.25000E+01  0.00000E+00  0.00000E+00  0.00000E+00  3.50000E+01
  6.30000E+01  0.00000E+00  0.00000E+00  0.00000E+00  3.50000E+01
  6.35000E+01  0.00000E+00  0.00000E+00  0.00000E+00  3.50000E+01
  6.40000E+01  0.00000E+00  0.00000E+00  0.00000E+00  3.50000E+01
  6.45000E+01  0.00000E+00  0.00000E+00  0.00000E+00  3.50000E+01
  6.50000E+01  0.00000E+00  0.00000E+00  0.00000E+00  3.50000E+01
  6.55000E+01  0.00000E+00  0.00000E+00  0.00000E+00  3.50000E+01
  6.60000E+01  0.00000E+00  0.00000E+00  0.00000E+00  3.50000E+01
  6.65000E+01  0.00000E+00  0.00000E+00  0.00000E+00  3.50000E+01
  6.70000E+01  0.00000E+00  0.00000E+00  0.00000E+00  3.50000E+01
  6.75000E+01  0.00000E+00  0.00000E+00  0.00000E+00  3.50000E+01
  6.80000E+01  0.00000E+00  0.00000E+00  0.00000E+00  3.50000E+01
  6.85000E+01  0.00000E+00  0.00000E+00  0.00000E+00  3.50000E+01
  6.90000E+01  0.00000E+00  0.00000E+00  0.00000E+00  3.50000E+01
  6.95000E+01  0.00000E+00  0.00000E+00  0.00000E+00  3.50000E+01
  7.00000E+01  0.00000E+00  0.00000E+00  0.00000E+00  3.50000E+01
# Full reference:
#M.Harada,  Y.Watanabe,  Y.Tanaka,  Y.Matsuoka,  K.Shin, S.Meigo,  H.Nakashima,  H.Takada,  T.Sasa,
# O.Iwamoto, T.Fukahori,  S.Chiba,  S.Tanaka
#Jour. Jour. of Nuclear Science and Technology Suppl. Vol.2, p.393, 2002
#Light charged-particle production in proton-induced reactions on 12C, 27Al, 58Ni, 90Zr, 197Au, and 209Bi at 42 and 68 MeV
#
