# Target Z    :  13
# Target A    :  27
# Target state:  
# Projectile  : p
# Reaction    : (p,xd)
# E-inc       :   68.000 MeV
# Quantity    : Double-differential cross section
# Frame       : L
# MF          :    6
# MT          :  204
# X4 ID       : E2400140 
# X4 code     : 13-AL-27(P,X)1-H-2,,DA/DE
# Author      : Harada                   
# Year        : 2002
# Data points :    132
# E-out(MeV) xs(mb/MeV.sr) dxs(mb/MeV.sr) dE(MeV)      Evaluation  C/E(F)      Chi-2     Delta(mb)
  2.50000E+00  2.08500E-07  9.24400E-09  0.00000E+00  7.50001E+01
  3.00000E+00  2.63800E-07  1.03900E-08  0.00000E+00  7.50001E+01
  3.50000E+00  2.71600E-07  1.05500E-08  0.00000E+00  7.50001E+01
  4.00000E+00  2.93700E-07  1.09700E-08  0.00000E+00  7.50001E+01
  4.50000E+00  2.64700E-07  1.04100E-08  0.00000E+00  7.50001E+01
  5.00000E+00  2.76100E-07  1.06300E-08  0.00000E+00  7.50001E+01
  5.50000E+00  2.65100E-07  1.04200E-08  0.00000E+00  7.50001E+01
  6.00000E+00  2.63000E-07  1.03800E-08  0.00000E+00  7.50001E+01
  6.50000E+00  2.65900E-07  1.04300E-08  0.00000E+00  7.50001E+01
  7.00000E+00  2.62200E-07  1.03600E-08  0.00000E+00  7.50001E+01
  7.50000E+00  2.42100E-07  9.96100E-09  0.00000E+00  7.50001E+01
  8.00000E+00  2.41300E-07  9.94400E-09  0.00000E+00  7.50001E+01
  8.50000E+00  2.20000E-07  9.49500E-09  0.00000E+00  7.50001E+01
  9.00000E+00  1.91700E-07  8.86400E-09  0.00000E+00  7.50001E+01
  1.15000E+01  1.79700E-07  9.91000E-09  0.00000E+00  7.50001E+01
  1.20000E+01  1.52900E-07  9.14300E-09  0.00000E+00  7.50001E+01
  1.25000E+01  1.57900E-07  9.28800E-09  0.00000E+00  7.50001E+01
  1.30000E+01  1.55700E-07  9.22400E-09  0.00000E+00  7.50001E+01
  1.35000E+01  1.63300E-07  9.44800E-09  0.00000E+00  7.50001E+01
  1.40000E+01  1.52400E-07  9.12600E-09  0.00000E+00  7.50001E+01
  1.45000E+01  1.44800E-07  8.89400E-09  0.00000E+00  7.50001E+01
  1.50000E+01  1.18000E-07  8.03000E-09  0.00000E+00  7.50001E+01
  1.55000E+01  1.19600E-07  8.08600E-09  0.00000E+00  7.50001E+01
  1.60000E+01  1.36600E-07  8.63900E-09  0.00000E+00  7.50001E+01
  1.65000E+01  1.18000E-07  8.03000E-09  0.00000E+00  7.50001E+01
  1.70000E+01  1.19600E-07  8.08600E-09  0.00000E+00  7.50001E+01
  1.75000E+01  1.02700E-07  7.49100E-09  0.00000E+00  7.50001E+01
  1.80000E+01  1.12000E-07  7.82300E-09  0.00000E+00  7.50001E+01
  1.85000E+01  1.08700E-07  7.70800E-09  0.00000E+00  7.50001E+01
  1.90000E+01  1.21800E-07  8.15900E-09  0.00000E+00  7.50001E+01
  1.95000E+01  1.10300E-07  7.76500E-09  0.00000E+00  7.50001E+01
  2.00000E+01  1.10300E-07  7.76500E-09  0.00000E+00  7.50001E+01
  2.05000E+01  1.07600E-07  7.66900E-09  0.00000E+00  7.50001E+01
  2.10000E+01  1.09800E-07  7.74600E-09  0.00000E+00  7.50001E+01
  2.15000E+01  9.94400E-08  7.37100E-09  0.00000E+00  7.50001E+01
  2.20000E+01  8.14100E-08  6.66900E-09  0.00000E+00  7.50001E+01
  2.25000E+01  1.10300E-07  7.76500E-09  0.00000E+00  7.50001E+01
  2.30000E+01  8.85100E-08  6.95400E-09  0.00000E+00  7.50001E+01
  2.35000E+01  9.39800E-08  7.16600E-09  0.00000E+00  7.50001E+01
  2.40000E+01  9.01500E-08  7.01800E-09  0.00000E+00  7.50001E+01
  2.45000E+01  8.63300E-08  6.86800E-09  0.00000E+00  7.50001E+01
  2.50000E+01  7.59500E-08  6.44200E-09  0.00000E+00  7.50001E+01
  2.55000E+01  9.17900E-08  7.08200E-09  0.00000E+00  7.50001E+01
  2.60000E+01  8.30500E-08  6.73600E-09  0.00000E+00  7.50001E+01
  2.65000E+01  8.52300E-08  6.82400E-09  0.00000E+00  7.50001E+01
  2.70000E+01  7.04800E-08  6.20600E-09  0.00000E+00  7.50001E+01
  2.75000E+01  7.10300E-08  6.23000E-09  0.00000E+00  7.50001E+01
  2.80000E+01  8.08600E-08  6.64700E-09  0.00000E+00  7.50001E+01
  2.85000E+01  7.48500E-08  6.39500E-09  0.00000E+00  7.50001E+01
  2.90000E+01  7.37600E-08  6.34800E-09  0.00000E+00  7.50001E+01
  2.95000E+01  7.04800E-08  6.20600E-09  0.00000E+00  7.50001E+01
  3.00000E+01  6.77500E-08  6.08400E-09  0.00000E+00  7.50001E+01
  3.05000E+01  7.70400E-08  6.48800E-09  0.00000E+00  7.50001E+01
  3.10000E+01  8.41400E-08  6.78000E-09  0.00000E+00  7.50001E+01
  3.15000E+01  5.30000E-08  5.38100E-09  0.00000E+00  7.50001E+01
  3.20000E+01  6.50200E-08  5.96000E-09  0.00000E+00  7.50001E+01
  3.25000E+01  6.11900E-08  5.78200E-09  0.00000E+00  7.50001E+01
  3.30000E+01  6.83000E-08  6.10900E-09  0.00000E+00  7.50001E+01
  3.35000E+01  5.19000E-08  5.32500E-09  0.00000E+00  7.50001E+01
  3.40000E+01  6.99400E-08  6.18100E-09  0.00000E+00  7.50001E+01
  3.45000E+01  5.73700E-08  5.59900E-09  0.00000E+00  7.50001E+01
  3.50000E+01  4.80800E-08  5.12500E-09  0.00000E+00  7.50001E+01
  3.55000E+01  5.24500E-08  5.35300E-09  0.00000E+00  7.50001E+01
  3.60000E+01  5.02600E-08  5.24000E-09  0.00000E+00  7.50001E+01
  3.65000E+01  4.75300E-08  5.09600E-09  0.00000E+00  7.50001E+01
  3.70000E+01  4.42500E-08  4.91700E-09  0.00000E+00  7.50001E+01
  3.75000E+01  4.04300E-08  4.70000E-09  0.00000E+00  7.50001E+01
  3.80000E+01  5.46400E-08  5.46400E-09  0.00000E+00  7.50001E+01
  3.85000E+01  4.75300E-08  5.09600E-09  0.00000E+00  7.50001E+01
  3.90000E+01  4.31600E-08  4.85600E-09  0.00000E+00  7.50001E+01
  3.95000E+01  3.60600E-08  4.43900E-09  0.00000E+00  7.50001E+01
  4.00000E+01  4.31600E-08  4.85600E-09  0.00000E+00  7.50001E+01
  4.05000E+01  3.87900E-08  4.60400E-09  0.00000E+00  7.50001E+01
  4.10000E+01  3.27800E-08  4.23200E-09  0.00000E+00  7.50001E+01
  4.15000E+01  3.66000E-08  4.47200E-09  0.00000E+00  7.50001E+01
  4.20000E+01  3.49700E-08  4.37100E-09  0.00000E+00  7.50001E+01
  4.25000E+01  3.93400E-08  4.63600E-09  0.00000E+00  7.50001E+01
  4.30000E+01  3.33300E-08  4.26700E-09  0.00000E+00  7.50001E+01
  4.35000E+01  3.44200E-08  4.33700E-09  0.00000E+00  7.50001E+01
  4.40000E+01  5.24500E-08  5.35300E-09  0.00000E+00  7.50001E+01
  4.45000E+01  4.04300E-08  4.70000E-09  0.00000E+00  7.50001E+01
  4.50000E+01  3.66000E-08  4.47200E-09  0.00000E+00  7.50001E+01
  4.55000E+01  2.51300E-08  3.70500E-09  0.00000E+00  7.50001E+01
  4.60000E+01  2.51300E-08  3.70500E-09  0.00000E+00  7.50001E+01
  4.65000E+01  3.05900E-08  4.08800E-09  0.00000E+00  7.50001E+01
  4.70000E+01  5.79100E-08  5.62500E-09  0.00000E+00  7.50001E+01
  4.75000E+01  6.93900E-08  6.15700E-09  0.00000E+00  7.50001E+01
  4.80000E+01  4.31600E-08  4.85600E-09  0.00000E+00  7.50001E+01
  4.85000E+01  3.33300E-08  4.26700E-09  0.00000E+00  7.50001E+01
  4.90000E+01  2.89600E-08  3.97700E-09  0.00000E+00  7.50001E+01
  4.95000E+01  5.73700E-08  5.59900E-09  0.00000E+00  7.50001E+01
  5.00000E+01  2.02100E-08  3.32300E-09  0.00000E+00  7.50001E+01
  5.05000E+01  2.07600E-08  3.36800E-09  0.00000E+00  7.50001E+01
  5.10000E+01  1.47500E-08  2.83900E-09  0.00000E+00  7.50001E+01
  5.15000E+01  6.88400E-08  6.13300E-09  0.00000E+00  7.50001E+01
  5.20000E+01  1.14700E-08  2.50300E-09  0.00000E+00  7.50001E+01
  5.25000E+01  5.46400E-10  5.46400E-10  0.00000E+00  7.50001E+01
  5.30000E+01  5.46400E-10  5.46400E-10  0.00000E+00  7.50001E+01
  5.35000E+01  5.46400E-10  5.46400E-10  0.00000E+00  7.50001E+01
  5.40000E+01  1.09200E-09  7.72700E-10  0.00000E+00  7.50001E+01
  5.45000E+01  1.63900E-09  9.46400E-10  0.00000E+00  7.50001E+01
  5.50000E+01  0.00000E+00  0.00000E+00  0.00000E+00  7.50001E+01
  5.55000E+01  5.46400E-10  5.46400E-10  0.00000E+00  7.50001E+01
  5.60000E+01  5.46400E-10  5.46400E-10  0.00000E+00  7.50001E+01
  5.65000E+01  0.00000E+00  0.00000E+00  0.00000E+00  7.50001E+01
  5.70000E+01  0.00000E+00  0.00000E+00  0.00000E+00  7.50001E+01
  5.75000E+01  0.00000E+00  0.00000E+00  0.00000E+00  7.50001E+01
  5.80000E+01  0.00000E+00  0.00000E+00  0.00000E+00  7.50001E+01
  5.85000E+01  0.00000E+00  0.00000E+00  0.00000E+00  7.50001E+01
  5.90000E+01  0.00000E+00  0.00000E+00  0.00000E+00  7.50001E+01
  5.95000E+01  0.00000E+00  0.00000E+00  0.00000E+00  7.50001E+01
  6.00000E+01  0.00000E+00  0.00000E+00  0.00000E+00  7.50001E+01
  6.05000E+01  0.00000E+00  0.00000E+00  0.00000E+00  7.50001E+01
  6.10000E+01  0.00000E+00  0.00000E+00  0.00000E+00  7.50001E+01
  6.15000E+01  0.00000E+00  0.00000E+00  0.00000E+00  7.50001E+01
  6.20000E+01  0.00000E+00  0.00000E+00  0.00000E+00  7.50001E+01
  6.25000E+01  0.00000E+00  0.00000E+00  0.00000E+00  7.50001E+01
  6.30000E+01  0.00000E+00  0.00000E+00  0.00000E+00  7.50001E+01
  6.35000E+01  0.00000E+00  0.00000E+00  0.00000E+00  7.50001E+01
  6.40000E+01  0.00000E+00  0.00000E+00  0.00000E+00  7.50001E+01
  6.45000E+01  0.00000E+00  0.00000E+00  0.00000E+00  7.50001E+01
  6.50000E+01  0.00000E+00  0.00000E+00  0.00000E+00  7.50001E+01
  6.55000E+01  0.00000E+00  0.00000E+00  0.00000E+00  7.50001E+01
  6.60000E+01  0.00000E+00  0.00000E+00  0.00000E+00  7.50001E+01
  6.65000E+01  0.00000E+00  0.00000E+00  0.00000E+00  7.50001E+01
  6.70000E+01  0.00000E+00  0.00000E+00  0.00000E+00  7.50001E+01
  6.75000E+01  0.00000E+00  0.00000E+00  0.00000E+00  7.50001E+01
  6.80000E+01  0.00000E+00  0.00000E+00  0.00000E+00  7.50001E+01
  6.85000E+01  0.00000E+00  0.00000E+00  0.00000E+00  7.50001E+01
  6.90000E+01  0.00000E+00  0.00000E+00  0.00000E+00  7.50001E+01
  6.95000E+01  0.00000E+00  0.00000E+00  0.00000E+00  7.50001E+01
  7.00000E+01  0.00000E+00  0.00000E+00  0.00000E+00  7.50001E+01
# Full reference:
#M.Harada,  Y.Watanabe,  Y.Tanaka,  Y.Matsuoka,  K.Shin, S.Meigo,  H.Nakashima,  H.Takada,  T.Sasa,
# O.Iwamoto, T.Fukahori,  S.Chiba,  S.Tanaka
#Jour. Jour. of Nuclear Science and Technology Suppl. Vol.2, p.393, 2002
#Light charged-particle production in proton-induced reactions on 12C, 27Al, 58Ni, 90Zr, 197Au, and 209Bi at 42 and 68 MeV
#
