# Target Z    :  13
# Target A    :  27
# Target state:  
# Projectile  : p
# Reaction    : (p,xd)
# E-inc       :   68.000 MeV
# Quantity    : Double-differential cross section
# Frame       : L
# MF          :    6
# MT          :  204
# X4 ID       : E2400139 
# X4 code     : 13-AL-27(P,X)1-H-2,,DA/DE
# Author      : Harada                   
# Year        : 2002
# Data points :    132
# E-out(MeV) xs(mb/MeV.sr) dxs(mb/MeV.sr) dE(MeV)      Evaluation  C/E(F)      Chi-2     Delta(mb)
  2.50000E+00  2.50300E-07  1.57000E-08  0.00000E+00  6.00001E+01
  3.00000E+00  2.96600E-07  1.70900E-08  0.00000E+00  6.00001E+01
  3.50000E+00  3.04500E-07  1.73200E-08  0.00000E+00  6.00001E+01
  4.00000E+00  3.39900E-07  1.83000E-08  0.00000E+00  6.00001E+01
  4.50000E+00  3.59600E-07  1.88200E-08  0.00000E+00  6.00001E+01
  5.00000E+00  3.18300E-07  1.77100E-08  0.00000E+00  6.00001E+01
  5.50000E+00  3.35000E-07  1.81700E-08  0.00000E+00  6.00001E+01
  6.00000E+00  3.46800E-07  1.84800E-08  0.00000E+00  6.00001E+01
  6.50000E+00  3.56700E-07  1.87500E-08  0.00000E+00  6.00001E+01
  7.00000E+00  3.48800E-07  1.85400E-08  0.00000E+00  6.00001E+01
  7.50000E+00  3.15300E-07  1.76200E-08  0.00000E+00  6.00001E+01
  8.00000E+00  3.18300E-07  1.77100E-08  0.00000E+00  6.00001E+01
  8.50000E+00  2.54200E-07  1.58200E-08  0.00000E+00  6.00001E+01
  9.00000E+00  2.64100E-07  1.61300E-08  0.00000E+00  6.00001E+01
  1.15000E+01  2.54000E-07  1.81400E-08  0.00000E+00  6.00001E+01
  1.20000E+01  1.82700E-07  1.53800E-08  0.00000E+00  6.00001E+01
  1.25000E+01  2.19000E-07  1.68400E-08  0.00000E+00  6.00001E+01
  1.30000E+01  2.11200E-07  1.65400E-08  0.00000E+00  6.00001E+01
  1.35000E+01  2.06000E-07  1.63400E-08  0.00000E+00  6.00001E+01
  1.40000E+01  1.95600E-07  1.59200E-08  0.00000E+00  6.00001E+01
  1.45000E+01  2.00800E-07  1.61300E-08  0.00000E+00  6.00001E+01
  1.50000E+01  2.00800E-07  1.61300E-08  0.00000E+00  6.00001E+01
  1.55000E+01  1.54200E-07  1.41300E-08  0.00000E+00  6.00001E+01
  1.60000E+01  1.77500E-07  1.51600E-08  0.00000E+00  6.00001E+01
  1.65000E+01  1.56800E-07  1.42500E-08  0.00000E+00  6.00001E+01
  1.70000E+01  1.81400E-07  1.53300E-08  0.00000E+00  6.00001E+01
  1.75000E+01  1.93300E-07  1.60900E-08  0.00000E+00  6.00001E+01
  1.80000E+01  1.68400E-07  1.47700E-08  0.00000E+00  6.00001E+01
  1.85000E+01  1.69700E-07  1.48300E-08  0.00000E+00  6.00001E+01
  1.90000E+01  1.62200E-07  1.47900E-08  0.00000E+00  6.00001E+01
  1.95000E+01  1.54200E-07  1.41300E-08  0.00000E+00  6.00001E+01
  2.00000E+01  1.64500E-07  1.46000E-08  0.00000E+00  6.00001E+01
  2.05000E+01  1.59400E-07  1.43700E-08  0.00000E+00  6.00001E+01
  2.10000E+01  1.42500E-07  1.35900E-08  0.00000E+00  6.00001E+01
  2.15000E+01  1.46400E-07  1.37700E-08  0.00000E+00  6.00001E+01
  2.20000E+01  1.56800E-07  1.42500E-08  0.00000E+00  6.00001E+01
  2.25000E+01  1.45100E-07  1.37100E-08  0.00000E+00  6.00001E+01
  2.30000E+01  1.71000E-07  1.48800E-08  0.00000E+00  6.00001E+01
  2.35000E+01  1.46400E-07  1.37700E-08  0.00000E+00  6.00001E+01
  2.40000E+01  1.73600E-07  1.50000E-08  0.00000E+00  6.00001E+01
  2.45000E+01  1.68400E-07  1.47700E-08  0.00000E+00  6.00001E+01
  2.50000E+01  1.46400E-07  1.37700E-08  0.00000E+00  6.00001E+01
  2.55000E+01  1.67100E-07  1.47100E-08  0.00000E+00  6.00001E+01
  2.60000E+01  1.38600E-07  1.34000E-08  0.00000E+00  6.00001E+01
  2.65000E+01  1.29500E-07  1.29500E-08  0.00000E+00  6.00001E+01
  2.70000E+01  1.32100E-07  1.30800E-08  0.00000E+00  6.00001E+01
  2.75000E+01  1.20500E-07  1.24900E-08  0.00000E+00  6.00001E+01
  2.80000E+01  1.27000E-07  1.28200E-08  0.00000E+00  6.00001E+01
  2.85000E+01  1.34700E-07  1.32100E-08  0.00000E+00  6.00001E+01
  2.90000E+01  1.19200E-07  1.24300E-08  0.00000E+00  6.00001E+01
  2.95000E+01  1.33400E-07  1.31500E-08  0.00000E+00  6.00001E+01
  3.00000E+01  1.18100E-07  1.27100E-08  0.00000E+00  6.00001E+01
  3.05000E+01  1.14000E-07  1.21500E-08  0.00000E+00  6.00001E+01
  3.10000E+01  1.21800E-07  1.25600E-08  0.00000E+00  6.00001E+01
  3.15000E+01  1.14200E-07  1.25100E-08  0.00000E+00  6.00001E+01
  3.20000E+01  1.02300E-07  1.15100E-08  0.00000E+00  6.00001E+01
  3.25000E+01  1.32100E-07  1.30800E-08  0.00000E+00  6.00001E+01
  3.30000E+01  9.46000E-08  1.10700E-08  0.00000E+00  6.00001E+01
  3.35000E+01  1.15300E-07  1.22200E-08  0.00000E+00  6.00001E+01
  3.40000E+01  1.17900E-07  1.23600E-08  0.00000E+00  6.00001E+01
  3.45000E+01  9.74400E-08  1.16000E-08  0.00000E+00  6.00001E+01
  3.50000E+01  9.71900E-08  1.12200E-08  0.00000E+00  6.00001E+01
  3.55000E+01  1.16600E-07  1.22900E-08  0.00000E+00  6.00001E+01
  3.60000E+01  1.12700E-07  1.20800E-08  0.00000E+00  6.00001E+01
  3.65000E+01  1.08800E-07  1.18700E-08  0.00000E+00  6.00001E+01
  3.70000E+01  1.06200E-07  1.17300E-08  0.00000E+00  6.00001E+01
  3.75000E+01  8.94100E-08  1.07600E-08  0.00000E+00  6.00001E+01
  3.80000E+01  9.84800E-08  1.12900E-08  0.00000E+00  6.00001E+01
  3.85000E+01  9.97800E-08  1.13700E-08  0.00000E+00  6.00001E+01
  3.90000E+01  8.94100E-08  1.07600E-08  0.00000E+00  6.00001E+01
  3.95000E+01  9.33000E-08  1.09900E-08  0.00000E+00  6.00001E+01
  4.00000E+01  1.08800E-07  1.18700E-08  0.00000E+00  6.00001E+01
  4.05000E+01  8.55300E-08  1.05200E-08  0.00000E+00  6.00001E+01
  4.10000E+01  8.55300E-08  1.05200E-08  0.00000E+00  6.00001E+01
  4.15000E+01  8.68200E-08  1.06000E-08  0.00000E+00  6.00001E+01
  4.20000E+01  7.64500E-08  9.95400E-09  0.00000E+00  6.00001E+01
  4.25000E+01  9.58900E-08  1.11400E-08  0.00000E+00  6.00001E+01
  4.30000E+01  7.38600E-08  9.78300E-09  0.00000E+00  6.00001E+01
  4.35000E+01  8.16400E-08  1.02800E-08  0.00000E+00  6.00001E+01
  4.40000E+01  1.10100E-07  1.19400E-08  0.00000E+00  6.00001E+01
  4.45000E+01  1.07500E-07  1.18000E-08  0.00000E+00  6.00001E+01
  4.50000E+01  9.97800E-08  1.13700E-08  0.00000E+00  6.00001E+01
  4.55000E+01  1.30800E-07  1.30200E-08  0.00000E+00  6.00001E+01
  4.60000E+01  8.68200E-08  1.06000E-08  0.00000E+00  6.00001E+01
  4.65000E+01  7.51600E-08  9.86900E-09  0.00000E+00  6.00001E+01
  4.70000E+01  8.03400E-08  1.02000E-08  0.00000E+00  6.00001E+01
  4.75000E+01  7.38600E-08  9.78300E-09  0.00000E+00  6.00001E+01
  4.80000E+01  8.03400E-08  1.02000E-08  0.00000E+00  6.00001E+01
  4.85000E+01  2.00800E-07  1.61300E-08  0.00000E+00  6.00001E+01
  4.90000E+01  1.52900E-07  1.40700E-08  0.00000E+00  6.00001E+01
  4.95000E+01  1.32100E-07  1.30800E-08  0.00000E+00  6.00001E+01
  5.00000E+01  9.46000E-08  1.10700E-08  0.00000E+00  6.00001E+01
  5.05000E+01  1.23100E-07  1.26300E-08  0.00000E+00  6.00001E+01
  5.10000E+01  1.93000E-07  1.58100E-08  0.00000E+00  6.00001E+01
  5.15000E+01  5.44200E-08  8.39800E-09  0.00000E+00  6.00001E+01
  5.20000E+01  8.29300E-08  1.03600E-08  0.00000E+00  6.00001E+01
  5.25000E+01  6.86800E-08  9.43400E-09  0.00000E+00  6.00001E+01
  5.30000E+01  2.43600E-07  1.77600E-08  0.00000E+00  6.00001E+01
  5.35000E+01  2.59100E-08  5.79500E-09  0.00000E+00  6.00001E+01
  5.40000E+01  5.18300E-09  2.59100E-09  0.00000E+00  6.00001E+01
  5.45000E+01  2.59100E-09  1.83200E-09  0.00000E+00  6.00001E+01
  5.50000E+01  3.88700E-09  2.24400E-09  0.00000E+00  6.00001E+01
  5.55000E+01  2.59100E-09  1.83200E-09  0.00000E+00  6.00001E+01
  5.60000E+01  1.29500E-09  1.29500E-09  0.00000E+00  6.00001E+01
  5.65000E+01  1.29500E-09  1.29500E-09  0.00000E+00  6.00001E+01
  5.70000E+01  1.29500E-09  1.29500E-09  0.00000E+00  6.00001E+01
  5.75000E+01  1.29500E-09  1.29500E-09  0.00000E+00  6.00001E+01
  5.80000E+01  0.00000E+00  0.00000E+00  0.00000E+00  6.00001E+01
  5.85000E+01  0.00000E+00  0.00000E+00  0.00000E+00  6.00001E+01
  5.90000E+01  0.00000E+00  0.00000E+00  0.00000E+00  6.00001E+01
  5.95000E+01  0.00000E+00  0.00000E+00  0.00000E+00  6.00001E+01
  6.00000E+01  0.00000E+00  0.00000E+00  0.00000E+00  6.00001E+01
  6.05000E+01  0.00000E+00  0.00000E+00  0.00000E+00  6.00001E+01
  6.10000E+01  0.00000E+00  0.00000E+00  0.00000E+00  6.00001E+01
  6.15000E+01  0.00000E+00  0.00000E+00  0.00000E+00  6.00001E+01
  6.20000E+01  0.00000E+00  0.00000E+00  0.00000E+00  6.00001E+01
  6.25000E+01  0.00000E+00  0.00000E+00  0.00000E+00  6.00001E+01
  6.30000E+01  0.00000E+00  0.00000E+00  0.00000E+00  6.00001E+01
  6.35000E+01  0.00000E+00  0.00000E+00  0.00000E+00  6.00001E+01
  6.40000E+01  0.00000E+00  0.00000E+00  0.00000E+00  6.00001E+01
  6.45000E+01  0.00000E+00  0.00000E+00  0.00000E+00  6.00001E+01
  6.50000E+01  0.00000E+00  0.00000E+00  0.00000E+00  6.00001E+01
  6.55000E+01  0.00000E+00  0.00000E+00  0.00000E+00  6.00001E+01
  6.60000E+01  0.00000E+00  0.00000E+00  0.00000E+00  6.00001E+01
  6.65000E+01  0.00000E+00  0.00000E+00  0.00000E+00  6.00001E+01
  6.70000E+01  0.00000E+00  0.00000E+00  0.00000E+00  6.00001E+01
  6.75000E+01  0.00000E+00  0.00000E+00  0.00000E+00  6.00001E+01
  6.80000E+01  0.00000E+00  0.00000E+00  0.00000E+00  6.00001E+01
  6.85000E+01  0.00000E+00  0.00000E+00  0.00000E+00  6.00001E+01
  6.90000E+01  0.00000E+00  0.00000E+00  0.00000E+00  6.00001E+01
  6.95000E+01  0.00000E+00  0.00000E+00  0.00000E+00  6.00001E+01
  7.00000E+01  0.00000E+00  0.00000E+00  0.00000E+00  6.00001E+01
# Full reference:
#M.Harada,  Y.Watanabe,  Y.Tanaka,  Y.Matsuoka,  K.Shin, S.Meigo,  H.Nakashima,  H.Takada,  T.Sasa,
# O.Iwamoto, T.Fukahori,  S.Chiba,  S.Tanaka
#Jour. Jour. of Nuclear Science and Technology Suppl. Vol.2, p.393, 2002
#Light charged-particle production in proton-induced reactions on 12C, 27Al, 58Ni, 90Zr, 197Au, and 209Bi at 42 and 68 MeV
#
