# Target Z    :  13
# Target A    :  27
# Target state:  
# Projectile  : p
# Reaction    : (p,xd)
# E-inc       :   42.000 MeV
# Quantity    : Double-differential cross section
# Frame       : L
# MF          :    6
# MT          :  204
# X4 ID       : E2400126 
# X4 code     : 13-AL-27(P,X)1-H-2,,DA/DE
# Author      : Harada                   
# Year        : 2002
# Data points :     93
# E-out(MeV) xs(mb/MeV.sr) dxs(mb/MeV.sr) dE(MeV)      Evaluation  C/E(F)      Chi-2     Delta(mb)
  1.35000E+01  4.30800E-07  4.78700E-08  0.00000E+00  3.50000E+01
  1.40000E+01  4.09600E-07  4.66700E-08  0.00000E+00  3.50000E+01
  1.45000E+01  4.36200E-07  4.81700E-08  0.00000E+00  3.50000E+01
  1.50000E+01  4.30800E-07  4.78700E-08  0.00000E+00  3.50000E+01
  1.55000E+01  3.45700E-07  4.28800E-08  0.00000E+00  3.50000E+01
  1.60000E+01  4.04200E-07  4.63700E-08  0.00000E+00  3.50000E+01
  1.65000E+01  4.04200E-07  4.63700E-08  0.00000E+00  3.50000E+01
  1.70000E+01  3.72300E-07  4.45000E-08  0.00000E+00  3.50000E+01
  1.75000E+01  3.13800E-07  4.08600E-08  0.00000E+00  3.50000E+01
  1.80000E+01  3.83000E-07  4.51300E-08  0.00000E+00  3.50000E+01
  1.85000E+01  3.88300E-07  4.54500E-08  0.00000E+00  3.50000E+01
  1.90000E+01  3.45700E-07  4.28800E-08  0.00000E+00  3.50000E+01
  1.95000E+01  3.67000E-07  4.41800E-08  0.00000E+00  3.50000E+01
  2.00000E+01  2.87200E-07  3.90900E-08  0.00000E+00  3.50000E+01
  2.05000E+01  2.71200E-07  3.79800E-08  0.00000E+00  3.50000E+01
  2.10000E+01  2.92500E-07  3.94500E-08  0.00000E+00  3.50000E+01
  2.15000E+01  4.52100E-07  4.90400E-08  0.00000E+00  3.50000E+01
  2.20000E+01  4.20200E-07  4.72800E-08  0.00000E+00  3.50000E+01
  2.25000E+01  6.06400E-07  5.67900E-08  0.00000E+00  3.50000E+01
  2.30000E+01  5.47900E-07  5.39800E-08  0.00000E+00  3.50000E+01
  2.35000E+01  4.46800E-07  4.87500E-08  0.00000E+00  3.50000E+01
  2.40000E+01  4.25500E-07  4.75700E-08  0.00000E+00  3.50000E+01
  2.45000E+01  3.40400E-07  4.25500E-08  0.00000E+00  3.50000E+01
  2.50000E+01  4.14900E-07  4.69800E-08  0.00000E+00  3.50000E+01
  2.55000E+01  4.62700E-07  4.96100E-08  0.00000E+00  3.50000E+01
  2.60000E+01  1.09580E-06  7.63400E-08  0.00000E+00  3.50000E+01
  2.65000E+01  4.52100E-07  4.90400E-08  0.00000E+00  3.50000E+01
  2.70000E+01  6.48900E-07  5.87500E-08  0.00000E+00  3.50000E+01
  2.75000E+01  3.98900E-07  4.60600E-08  0.00000E+00  3.50000E+01
  2.80000E+01  6.43600E-07  5.85100E-08  0.00000E+00  3.50000E+01
  2.85000E+01  9.62800E-07  7.15600E-08  0.00000E+00  3.50000E+01
  2.90000E+01  1.80800E-07  3.10100E-08  0.00000E+00  3.50000E+01
  2.95000E+01  5.42500E-07  5.37200E-08  0.00000E+00  3.50000E+01
  3.00000E+01  4.52100E-07  4.90400E-08  0.00000E+00  3.50000E+01
  3.05000E+01  1.87250E-06  9.98000E-08  0.00000E+00  3.50000E+01
  3.10000E+01  4.25500E-08  1.50400E-08  0.00000E+00  3.50000E+01
  3.15000E+01  5.31900E-09  5.31900E-09  0.00000E+00  3.50000E+01
  3.20000E+01  5.31900E-09  5.31900E-09  0.00000E+00  3.50000E+01
  3.25000E+01  2.12700E-08  1.06300E-08  0.00000E+00  3.50000E+01
  3.30000E+01  0.00000E+00  0.00000E+00  0.00000E+00  3.50000E+01
  3.35000E+01  0.00000E+00  0.00000E+00  0.00000E+00  3.50000E+01
  3.40000E+01  5.31900E-09  5.31900E-09  0.00000E+00  3.50000E+01
  3.45000E+01  0.00000E+00  0.00000E+00  0.00000E+00  3.50000E+01
  3.50000E+01  0.00000E+00  0.00000E+00  0.00000E+00  3.50000E+01
  3.55000E+01  0.00000E+00  0.00000E+00  0.00000E+00  3.50000E+01
  3.60000E+01  0.00000E+00  0.00000E+00  0.00000E+00  3.50000E+01
  3.65000E+01  5.31900E-09  5.31900E-09  0.00000E+00  3.50000E+01
  3.70000E+01  5.31900E-09  5.31900E-09  0.00000E+00  3.50000E+01
  3.75000E+01  0.00000E+00  0.00000E+00  0.00000E+00  3.50000E+01
  3.80000E+01  0.00000E+00  0.00000E+00  0.00000E+00  3.50000E+01
  3.85000E+01  0.00000E+00  0.00000E+00  0.00000E+00  3.50000E+01
  3.90000E+01  0.00000E+00  0.00000E+00  0.00000E+00  3.50000E+01
  3.95000E+01  0.00000E+00  0.00000E+00  0.00000E+00  3.50000E+01
  4.00000E+01  0.00000E+00  0.00000E+00  0.00000E+00  3.50000E+01
  4.05000E+01  0.00000E+00  0.00000E+00  0.00000E+00  3.50000E+01
  4.10000E+01  0.00000E+00  0.00000E+00  0.00000E+00  3.50000E+01
  4.15000E+01  0.00000E+00  0.00000E+00  0.00000E+00  3.50000E+01
  4.20000E+01  5.31900E-09  5.31900E-09  0.00000E+00  3.50000E+01
  4.25000E+01  0.00000E+00  0.00000E+00  0.00000E+00  3.50000E+01
  4.30000E+01  0.00000E+00  0.00000E+00  0.00000E+00  3.50000E+01
  4.35000E+01  0.00000E+00  0.00000E+00  0.00000E+00  3.50000E+01
  4.40000E+01  0.00000E+00  0.00000E+00  0.00000E+00  3.50000E+01
  4.45000E+01  5.31900E-09  5.31900E-09  0.00000E+00  3.50000E+01
  4.50000E+01  0.00000E+00  0.00000E+00  0.00000E+00  3.50000E+01
  4.55000E+01  0.00000E+00  0.00000E+00  0.00000E+00  3.50000E+01
  4.60000E+01  0.00000E+00  0.00000E+00  0.00000E+00  3.50000E+01
  4.65000E+01  0.00000E+00  0.00000E+00  0.00000E+00  3.50000E+01
  4.70000E+01  0.00000E+00  0.00000E+00  0.00000E+00  3.50000E+01
  4.75000E+01  0.00000E+00  0.00000E+00  0.00000E+00  3.50000E+01
  4.80000E+01  0.00000E+00  0.00000E+00  0.00000E+00  3.50000E+01
  4.85000E+01  0.00000E+00  0.00000E+00  0.00000E+00  3.50000E+01
  4.90000E+01  0.00000E+00  0.00000E+00  0.00000E+00  3.50000E+01
  4.95000E+01  0.00000E+00  0.00000E+00  0.00000E+00  3.50000E+01
  5.00000E+01  0.00000E+00  0.00000E+00  0.00000E+00  3.50000E+01
  5.05000E+01  0.00000E+00  0.00000E+00  0.00000E+00  3.50000E+01
  5.10000E+01  0.00000E+00  0.00000E+00  0.00000E+00  3.50000E+01
  5.15000E+01  0.00000E+00  0.00000E+00  0.00000E+00  3.50000E+01
  5.20000E+01  0.00000E+00  0.00000E+00  0.00000E+00  3.50000E+01
  5.25000E+01  0.00000E+00  0.00000E+00  0.00000E+00  3.50000E+01
  5.30000E+01  0.00000E+00  0.00000E+00  0.00000E+00  3.50000E+01
  5.35000E+01  0.00000E+00  0.00000E+00  0.00000E+00  3.50000E+01
  5.40000E+01  0.00000E+00  0.00000E+00  0.00000E+00  3.50000E+01
  5.45000E+01  0.00000E+00  0.00000E+00  0.00000E+00  3.50000E+01
  5.50000E+01  0.00000E+00  0.00000E+00  0.00000E+00  3.50000E+01
  5.55000E+01  0.00000E+00  0.00000E+00  0.00000E+00  3.50000E+01
  5.60000E+01  0.00000E+00  0.00000E+00  0.00000E+00  3.50000E+01
  5.65000E+01  0.00000E+00  0.00000E+00  0.00000E+00  3.50000E+01
  5.70000E+01  0.00000E+00  0.00000E+00  0.00000E+00  3.50000E+01
  5.75000E+01  0.00000E+00  0.00000E+00  0.00000E+00  3.50000E+01
  5.80000E+01  0.00000E+00  0.00000E+00  0.00000E+00  3.50000E+01
  5.85000E+01  0.00000E+00  0.00000E+00  0.00000E+00  3.50000E+01
  5.90000E+01  0.00000E+00  0.00000E+00  0.00000E+00  3.50000E+01
  5.95000E+01  0.00000E+00  0.00000E+00  0.00000E+00  3.50000E+01
# Full reference:
#M.Harada,  Y.Watanabe,  Y.Tanaka,  Y.Matsuoka,  K.Shin, S.Meigo,  H.Nakashima,  H.Takada,  T.Sasa,
# O.Iwamoto, T.Fukahori,  S.Chiba,  S.Tanaka
#Jour. Jour. of Nuclear Science and Technology Suppl. Vol.2, p.393, 2002
#Light charged-particle production in proton-induced reactions on 12C, 27Al, 58Ni, 90Zr, 197Au, and 209Bi at 42 and 68 MeV
#
