# Target Z    :  13
# Target A    :  27
# Target state:  
# Projectile  : p
# Reaction    : (p,xd)
# E-inc       :   68.000 MeV
# Quantity    : Double-differential cross section
# Frame       : L
# MF          :    6
# MT          :  204
# X4 ID       : E2400143 
# X4 code     : 13-AL-27(P,X)1-H-2,,DA/DE
# Author      : Harada                   
# Year        : 2002
# Data points :    132
# E-out(MeV) xs(mb/MeV.sr) dxs(mb/MeV.sr) dE(MeV)      Evaluation  C/E(F)      Chi-2     Delta(mb)
  2.50000E+00  2.50400E-07  7.19400E-09  0.00000E+00  1.50000E+02
  3.00000E+00  2.58100E-07  7.30300E-09  0.00000E+00  1.50000E+02
  3.50000E+00  2.55400E-07  7.26500E-09  0.00000E+00  1.50000E+02
  4.00000E+00  2.36400E-07  6.98900E-09  0.00000E+00  1.50000E+02
  4.50000E+00  2.22300E-07  6.77800E-09  0.00000E+00  1.50000E+02
  5.00000E+00  2.09300E-07  6.57700E-09  0.00000E+00  1.50000E+02
  5.50000E+00  1.92100E-07  6.30100E-09  0.00000E+00  1.50000E+02
  6.00000E+00  1.73500E-07  5.98900E-09  0.00000E+00  1.50000E+02
  6.50000E+00  1.56200E-07  5.68100E-09  0.00000E+00  1.50000E+02
  7.00000E+00  1.51800E-07  5.60200E-09  0.00000E+00  1.50000E+02
  7.50000E+00  1.26200E-07  5.10800E-09  0.00000E+00  1.50000E+02
  8.00000E+00  1.14900E-07  4.87200E-09  0.00000E+00  1.50000E+02
  8.50000E+00  1.10700E-07  4.78400E-09  0.00000E+00  1.50000E+02
  9.00000E+00  1.10500E-07  4.77900E-09  0.00000E+00  1.50000E+02
  1.15000E+01  7.65200E-08  4.40300E-09  0.00000E+00  1.50000E+02
  1.20000E+01  7.19600E-08  4.27000E-09  0.00000E+00  1.50000E+02
  1.25000E+01  6.05500E-08  3.91700E-09  0.00000E+00  1.50000E+02
  1.30000E+01  5.59900E-08  3.76600E-09  0.00000E+00  1.50000E+02
  1.35000E+01  4.38300E-08  3.33200E-09  0.00000E+00  1.50000E+02
  1.40000E+01  4.48400E-08  3.37100E-09  0.00000E+00  1.50000E+02
  1.45000E+01  4.35800E-08  3.32300E-09  0.00000E+00  1.50000E+02
  1.50000E+01  4.61100E-08  3.41800E-09  0.00000E+00  1.50000E+02
  1.55000E+01  3.85100E-08  3.12400E-09  0.00000E+00  1.50000E+02
  1.60000E+01  3.44600E-08  2.95500E-09  0.00000E+00  1.50000E+02
  1.65000E+01  3.85100E-08  3.12400E-09  0.00000E+00  1.50000E+02
  1.70000E+01  3.24300E-08  2.86600E-09  0.00000E+00  1.50000E+02
  1.75000E+01  2.93900E-08  2.72900E-09  0.00000E+00  1.50000E+02
  1.80000E+01  2.76100E-08  2.64500E-09  0.00000E+00  1.50000E+02
  1.85000E+01  2.53300E-08  2.53300E-09  0.00000E+00  1.50000E+02
  1.90000E+01  2.58400E-08  2.55900E-09  0.00000E+00  1.50000E+02
  1.95000E+01  2.07700E-08  2.29400E-09  0.00000E+00  1.50000E+02
  2.00000E+01  2.17900E-08  2.34900E-09  0.00000E+00  1.50000E+02
  2.05000E+01  1.82400E-08  2.15000E-09  0.00000E+00  1.50000E+02
  2.10000E+01  2.43200E-08  2.48200E-09  0.00000E+00  1.50000E+02
  2.15000E+01  1.69700E-08  2.07400E-09  0.00000E+00  1.50000E+02
  2.20000E+01  1.74800E-08  2.10400E-09  0.00000E+00  1.50000E+02
  2.25000E+01  1.52000E-08  1.96200E-09  0.00000E+00  1.50000E+02
  2.30000E+01  1.44400E-08  1.91300E-09  0.00000E+00  1.50000E+02
  2.35000E+01  9.12100E-09  1.52000E-09  0.00000E+00  1.50000E+02
  2.40000E+01  1.06400E-08  1.64200E-09  0.00000E+00  1.50000E+02
  2.45000E+01  9.12100E-09  1.52000E-09  0.00000E+00  1.50000E+02
  2.50000E+01  1.11400E-08  1.68000E-09  0.00000E+00  1.50000E+02
  2.55000E+01  8.61500E-09  1.47700E-09  0.00000E+00  1.50000E+02
  2.60000E+01  1.24100E-08  1.77300E-09  0.00000E+00  1.50000E+02
  2.65000E+01  7.09400E-09  1.34000E-09  0.00000E+00  1.50000E+02
  2.70000E+01  6.84100E-09  1.31600E-09  0.00000E+00  1.50000E+02
  2.75000E+01  7.60100E-09  1.38700E-09  0.00000E+00  1.50000E+02
  2.80000E+01  5.57400E-09  1.18800E-09  0.00000E+00  1.50000E+02
  2.85000E+01  5.57400E-09  1.18800E-09  0.00000E+00  1.50000E+02
  2.90000E+01  8.36100E-09  1.45500E-09  0.00000E+00  1.50000E+02
  2.95000E+01  3.29400E-09  9.13600E-10  0.00000E+00  1.50000E+02
  3.00000E+01  3.80000E-09  9.81300E-10  0.00000E+00  1.50000E+02
  3.05000E+01  4.81400E-09  1.10400E-09  0.00000E+00  1.50000E+02
  3.10000E+01  4.81400E-09  1.10400E-09  0.00000E+00  1.50000E+02
  3.15000E+01  3.54700E-09  9.48000E-10  0.00000E+00  1.50000E+02
  3.20000E+01  4.05400E-09  1.01300E-09  0.00000E+00  1.50000E+02
  3.25000E+01  3.54700E-09  9.48000E-10  0.00000E+00  1.50000E+02
  3.30000E+01  2.78700E-09  8.40300E-10  0.00000E+00  1.50000E+02
  3.35000E+01  4.05400E-09  1.01300E-09  0.00000E+00  1.50000E+02
  3.40000E+01  1.52000E-09  6.20600E-10  0.00000E+00  1.50000E+02
  3.45000E+01  2.28000E-09  7.60100E-10  0.00000E+00  1.50000E+02
  3.50000E+01  1.01300E-09  5.06700E-10  0.00000E+00  1.50000E+02
  3.55000E+01  2.28000E-09  7.60100E-10  0.00000E+00  1.50000E+02
  3.60000E+01  2.02700E-09  7.16600E-10  0.00000E+00  1.50000E+02
  3.65000E+01  7.60100E-10  4.38800E-10  0.00000E+00  1.50000E+02
  3.70000E+01  1.77300E-09  6.70400E-10  0.00000E+00  1.50000E+02
  3.75000E+01  1.52000E-09  6.20600E-10  0.00000E+00  1.50000E+02
  3.80000E+01  1.01300E-09  5.06700E-10  0.00000E+00  1.50000E+02
  3.85000E+01  2.53300E-10  2.53300E-10  0.00000E+00  1.50000E+02
  3.90000E+01  2.53300E-10  2.53300E-10  0.00000E+00  1.50000E+02
  3.95000E+01  7.60100E-10  4.38800E-10  0.00000E+00  1.50000E+02
  4.00000E+01  1.77300E-09  6.70400E-10  0.00000E+00  1.50000E+02
  4.05000E+01  1.77300E-09  6.70400E-10  0.00000E+00  1.50000E+02
  4.10000E+01  1.52000E-09  6.20600E-10  0.00000E+00  1.50000E+02
  4.15000E+01  2.53300E-10  2.53300E-10  0.00000E+00  1.50000E+02
  4.20000E+01  7.60100E-10  4.38800E-10  0.00000E+00  1.50000E+02
  4.25000E+01  1.01300E-09  5.06700E-10  0.00000E+00  1.50000E+02
  4.30000E+01  7.60100E-10  4.38800E-10  0.00000E+00  1.50000E+02
  4.35000E+01  5.06700E-10  3.58300E-10  0.00000E+00  1.50000E+02
  4.40000E+01  2.53300E-10  2.53300E-10  0.00000E+00  1.50000E+02
  4.45000E+01  2.53300E-10  2.53300E-10  0.00000E+00  1.50000E+02
  4.50000E+01  1.01300E-09  5.06700E-10  0.00000E+00  1.50000E+02
  4.55000E+01  0.00000E+00  0.00000E+00  0.00000E+00  1.50000E+02
  4.60000E+01  0.00000E+00  0.00000E+00  0.00000E+00  1.50000E+02
  4.65000E+01  0.00000E+00  0.00000E+00  0.00000E+00  1.50000E+02
  4.70000E+01  0.00000E+00  0.00000E+00  0.00000E+00  1.50000E+02
  4.75000E+01  0.00000E+00  0.00000E+00  0.00000E+00  1.50000E+02
  4.80000E+01  0.00000E+00  0.00000E+00  0.00000E+00  1.50000E+02
  4.85000E+01  0.00000E+00  0.00000E+00  0.00000E+00  1.50000E+02
  4.90000E+01  0.00000E+00  0.00000E+00  0.00000E+00  1.50000E+02
  4.95000E+01  0.00000E+00  0.00000E+00  0.00000E+00  1.50000E+02
  5.00000E+01  0.00000E+00  0.00000E+00  0.00000E+00  1.50000E+02
  5.05000E+01  0.00000E+00  0.00000E+00  0.00000E+00  1.50000E+02
  5.10000E+01  0.00000E+00  0.00000E+00  0.00000E+00  1.50000E+02
  5.15000E+01  0.00000E+00  0.00000E+00  0.00000E+00  1.50000E+02
  5.20000E+01  0.00000E+00  0.00000E+00  0.00000E+00  1.50000E+02
  5.25000E+01  0.00000E+00  0.00000E+00  0.00000E+00  1.50000E+02
  5.30000E+01  0.00000E+00  0.00000E+00  0.00000E+00  1.50000E+02
  5.35000E+01  0.00000E+00  0.00000E+00  0.00000E+00  1.50000E+02
  5.40000E+01  0.00000E+00  0.00000E+00  0.00000E+00  1.50000E+02
  5.45000E+01  0.00000E+00  0.00000E+00  0.00000E+00  1.50000E+02
  5.50000E+01  0.00000E+00  0.00000E+00  0.00000E+00  1.50000E+02
  5.55000E+01  0.00000E+00  0.00000E+00  0.00000E+00  1.50000E+02
  5.60000E+01  0.00000E+00  0.00000E+00  0.00000E+00  1.50000E+02
  5.65000E+01  0.00000E+00  0.00000E+00  0.00000E+00  1.50000E+02
  5.70000E+01  0.00000E+00  0.00000E+00  0.00000E+00  1.50000E+02
  5.75000E+01  0.00000E+00  0.00000E+00  0.00000E+00  1.50000E+02
  5.80000E+01  0.00000E+00  0.00000E+00  0.00000E+00  1.50000E+02
  5.85000E+01  0.00000E+00  0.00000E+00  0.00000E+00  1.50000E+02
  5.90000E+01  0.00000E+00  0.00000E+00  0.00000E+00  1.50000E+02
  5.95000E+01  0.00000E+00  0.00000E+00  0.00000E+00  1.50000E+02
  6.00000E+01  0.00000E+00  0.00000E+00  0.00000E+00  1.50000E+02
  6.05000E+01  0.00000E+00  0.00000E+00  0.00000E+00  1.50000E+02
  6.10000E+01  0.00000E+00  0.00000E+00  0.00000E+00  1.50000E+02
  6.15000E+01  0.00000E+00  0.00000E+00  0.00000E+00  1.50000E+02
  6.20000E+01  0.00000E+00  0.00000E+00  0.00000E+00  1.50000E+02
  6.25000E+01  0.00000E+00  0.00000E+00  0.00000E+00  1.50000E+02
  6.30000E+01  0.00000E+00  0.00000E+00  0.00000E+00  1.50000E+02
  6.35000E+01  0.00000E+00  0.00000E+00  0.00000E+00  1.50000E+02
  6.40000E+01  0.00000E+00  0.00000E+00  0.00000E+00  1.50000E+02
  6.45000E+01  0.00000E+00  0.00000E+00  0.00000E+00  1.50000E+02
  6.50000E+01  0.00000E+00  0.00000E+00  0.00000E+00  1.50000E+02
  6.55000E+01  0.00000E+00  0.00000E+00  0.00000E+00  1.50000E+02
  6.60000E+01  0.00000E+00  0.00000E+00  0.00000E+00  1.50000E+02
  6.65000E+01  0.00000E+00  0.00000E+00  0.00000E+00  1.50000E+02
  6.70000E+01  0.00000E+00  0.00000E+00  0.00000E+00  1.50000E+02
  6.75000E+01  0.00000E+00  0.00000E+00  0.00000E+00  1.50000E+02
  6.80000E+01  0.00000E+00  0.00000E+00  0.00000E+00  1.50000E+02
  6.85000E+01  0.00000E+00  0.00000E+00  0.00000E+00  1.50000E+02
  6.90000E+01  0.00000E+00  0.00000E+00  0.00000E+00  1.50000E+02
  6.95000E+01  0.00000E+00  0.00000E+00  0.00000E+00  1.50000E+02
  7.00000E+01  0.00000E+00  0.00000E+00  0.00000E+00  1.50000E+02
# Full reference:
#M.Harada,  Y.Watanabe,  Y.Tanaka,  Y.Matsuoka,  K.Shin, S.Meigo,  H.Nakashima,  H.Takada,  T.Sasa,
# O.Iwamoto, T.Fukahori,  S.Chiba,  S.Tanaka
#Jour. Jour. of Nuclear Science and Technology Suppl. Vol.2, p.393, 2002
#Light charged-particle production in proton-induced reactions on 12C, 27Al, 58Ni, 90Zr, 197Au, and 209Bi at 42 and 68 MeV
#
