# Target Z    :  13
# Target A    :  27
# Target state:  
# Projectile  : p
# Reaction    : (p,xh)
# E-inc       :   68.000 MeV
# Quantity    : Double-differential cross section
# Frame       : L
# MF          :    6
# MT          :  206
# X4 ID       : E2400183 
# X4 code     : 13-AL-27(P,X)2-HE-3,,DA/DE
# Author      : Harada                   
# Year        : 2002
# Data points :     64
# E-out(MeV) xs(mb/MeV.sr) dxs(mb/MeV.sr) dE(MeV)      Evaluation  C/E(F)      Chi-2     Delta(mb)
  7.00000E+00  4.06000E-08  2.04800E-09  0.00000E+00  1.50000E+02
  8.00000E+00  3.21300E-08  1.82200E-09  0.00000E+00  1.50000E+02
  9.00000E+00  2.57200E-08  1.63000E-09  0.00000E+00  1.50000E+02
  1.00000E+01  2.60300E-08  1.64000E-09  0.00000E+00  1.50000E+02
  1.10000E+01  1.82800E-08  1.37400E-09  0.00000E+00  1.50000E+02
  1.20000E+01  1.90100E-08  1.40100E-09  0.00000E+00  1.50000E+02
  1.30000E+01  1.41500E-08  1.20900E-09  0.00000E+00  1.50000E+02
  1.40000E+01  1.08400E-08  1.05800E-09  0.00000E+00  1.50000E+02
  1.50000E+01  8.57500E-09  9.41300E-10  0.00000E+00  1.50000E+02
  1.60000E+01  7.74900E-09  8.94800E-10  0.00000E+00  1.50000E+02
  1.70000E+01  6.81900E-09  8.39400E-10  0.00000E+00  1.50000E+02
  1.80000E+01  5.37200E-09  7.45000E-10  0.00000E+00  1.50000E+02
  1.90000E+01  4.23600E-09  6.61500E-10  0.00000E+00  1.50000E+02
  2.00000E+01  3.20300E-09  5.75200E-10  0.00000E+00  1.50000E+02
  2.10000E+01  2.89300E-09  5.46700E-10  0.00000E+00  1.50000E+02
  2.20000E+01  2.68600E-09  5.26800E-10  0.00000E+00  1.50000E+02
  2.30000E+01  2.58300E-09  5.16600E-10  0.00000E+00  1.50000E+02
  2.40000E+01  1.23900E-09  3.57900E-10  0.00000E+00  1.50000E+02
  2.50000E+01  1.85900E-09  4.38300E-10  0.00000E+00  1.50000E+02
  2.60000E+01  9.29900E-10  3.09900E-10  0.00000E+00  1.50000E+02
  2.70000E+01  1.14800E-09  3.06800E-10  0.00000E+00  1.50000E+02
  2.80000E+01  6.56000E-10  2.31900E-10  0.00000E+00  1.50000E+02
  2.90000E+01  6.56000E-10  2.31900E-10  0.00000E+00  1.50000E+02
  3.00000E+01  4.10000E-10  1.83300E-10  0.00000E+00  1.50000E+02
  3.10000E+01  4.10000E-10  1.83300E-10  0.00000E+00  1.50000E+02
  3.20000E+01  4.10000E-10  1.83300E-10  0.00000E+00  1.50000E+02
  3.30000E+01  7.60100E-10  3.10300E-10  0.00000E+00  1.50000E+02
  3.40000E+01  0.00000E+00  0.00000E+00  0.00000E+00  1.50000E+02
  3.50000E+01  5.06700E-10  2.53300E-10  0.00000E+00  1.50000E+02
  3.60000E+01  0.00000E+00  0.00000E+00  0.00000E+00  1.50000E+02
  3.70000E+01  1.26600E-10  1.26600E-10  0.00000E+00  1.50000E+02
  3.80000E+01  0.00000E+00  0.00000E+00  0.00000E+00  1.50000E+02
  3.90000E+01  0.00000E+00  0.00000E+00  0.00000E+00  1.50000E+02
  4.00000E+01  0.00000E+00  0.00000E+00  0.00000E+00  1.50000E+02
  4.10000E+01  0.00000E+00  0.00000E+00  0.00000E+00  1.50000E+02
  4.20000E+01  0.00000E+00  0.00000E+00  0.00000E+00  1.50000E+02
  4.30000E+01  0.00000E+00  0.00000E+00  0.00000E+00  1.50000E+02
  4.40000E+01  0.00000E+00  0.00000E+00  0.00000E+00  1.50000E+02
  4.50000E+01  0.00000E+00  0.00000E+00  0.00000E+00  1.50000E+02
  4.60000E+01  0.00000E+00  0.00000E+00  0.00000E+00  1.50000E+02
  4.70000E+01  0.00000E+00  0.00000E+00  0.00000E+00  1.50000E+02
  4.80000E+01  0.00000E+00  0.00000E+00  0.00000E+00  1.50000E+02
  4.90000E+01  0.00000E+00  0.00000E+00  0.00000E+00  1.50000E+02
  5.00000E+01  0.00000E+00  0.00000E+00  0.00000E+00  1.50000E+02
  5.10000E+01  0.00000E+00  0.00000E+00  0.00000E+00  1.50000E+02
  5.20000E+01  0.00000E+00  0.00000E+00  0.00000E+00  1.50000E+02
  5.30000E+01  0.00000E+00  0.00000E+00  0.00000E+00  1.50000E+02
  5.40000E+01  0.00000E+00  0.00000E+00  0.00000E+00  1.50000E+02
  5.50000E+01  0.00000E+00  0.00000E+00  0.00000E+00  1.50000E+02
  5.60000E+01  0.00000E+00  0.00000E+00  0.00000E+00  1.50000E+02
  5.70000E+01  0.00000E+00  0.00000E+00  0.00000E+00  1.50000E+02
  5.80000E+01  0.00000E+00  0.00000E+00  0.00000E+00  1.50000E+02
  5.90000E+01  0.00000E+00  0.00000E+00  0.00000E+00  1.50000E+02
  6.00000E+01  0.00000E+00  0.00000E+00  0.00000E+00  1.50000E+02
  6.10000E+01  0.00000E+00  0.00000E+00  0.00000E+00  1.50000E+02
  6.20000E+01  0.00000E+00  0.00000E+00  0.00000E+00  1.50000E+02
  6.30000E+01  0.00000E+00  0.00000E+00  0.00000E+00  1.50000E+02
  6.40000E+01  0.00000E+00  0.00000E+00  0.00000E+00  1.50000E+02
  6.50000E+01  0.00000E+00  0.00000E+00  0.00000E+00  1.50000E+02
  6.60000E+01  0.00000E+00  0.00000E+00  0.00000E+00  1.50000E+02
  6.70000E+01  0.00000E+00  0.00000E+00  0.00000E+00  1.50000E+02
  6.80000E+01  0.00000E+00  0.00000E+00  0.00000E+00  1.50000E+02
  6.90000E+01  0.00000E+00  0.00000E+00  0.00000E+00  1.50000E+02
  7.00000E+01  0.00000E+00  0.00000E+00  0.00000E+00  1.50000E+02
# Full reference:
#M.Harada,  Y.Watanabe,  Y.Tanaka,  Y.Matsuoka,  K.Shin, S.Meigo,  H.Nakashima,  H.Takada,  T.Sasa,
# O.Iwamoto, T.Fukahori,  S.Chiba,  S.Tanaka
#Jour. Jour. of Nuclear Science and Technology Suppl. Vol.2, p.393, 2002
#Light charged-particle production in proton-induced reactions on 12C, 27Al, 58Ni, 90Zr, 197Au, and 209Bi at 42 and 68 MeV
#
