# Target Z    :  13
# Target A    :  27
# Target state:  
# Projectile  : p
# Reaction    : (p,xh)
# E-inc       :   42.000 MeV
# Quantity    : Double-differential cross section
# Frame       : L
# MF          :    6
# MT          :  206
# X4 ID       : E2400165 
# X4 code     : 13-AL-27(P,X)2-HE-3,,DA/DE
# Author      : Harada                   
# Year        : 2002
# Data points :    107
# E-out(MeV) xs(mb/MeV.sr) dxs(mb/MeV.sr) dE(MeV)      Evaluation  C/E(F)      Chi-2     Delta(mb)
  6.50000E+00  8.29000E-08  1.04400E-08  0.00000E+00  3.00000E+01
  7.00000E+00  9.07900E-08  1.09300E-08  0.00000E+00  3.00000E+01
  7.50000E+00  1.11800E-07  1.21300E-08  0.00000E+00  3.00000E+01
  8.00000E+00  1.00000E-07  1.14700E-08  0.00000E+00  3.00000E+01
  8.50000E+00  9.60600E-08  1.12400E-08  0.00000E+00  3.00000E+01
  9.00000E+00  8.55300E-08  1.06000E-08  0.00000E+00  3.00000E+01
  9.50000E+00  1.06500E-07  1.18400E-08  0.00000E+00  3.00000E+01
  1.00000E+01  7.50000E-08  9.93400E-09  0.00000E+00  3.00000E+01
  1.05000E+01  1.07900E-07  1.19100E-08  0.00000E+00  3.00000E+01
  1.10000E+01  1.06500E-07  1.18400E-08  0.00000E+00  3.00000E+01
  1.15000E+01  8.55300E-08  1.06000E-08  0.00000E+00  3.00000E+01
  1.20000E+01  1.09200E-07  1.19800E-08  0.00000E+00  3.00000E+01
  1.25000E+01  8.42100E-08  1.05200E-08  0.00000E+00  3.00000E+01
  1.30000E+01  7.23700E-08  9.75900E-09  0.00000E+00  3.00000E+01
  1.35000E+01  9.47400E-08  1.11600E-08  0.00000E+00  3.00000E+01
  1.40000E+01  8.68400E-08  1.06900E-08  0.00000E+00  3.00000E+01
  1.45000E+01  8.55300E-08  1.06000E-08  0.00000E+00  3.00000E+01
  1.50000E+01  1.06500E-07  1.18400E-08  0.00000E+00  3.00000E+01
  1.55000E+01  5.79000E-08  8.72800E-09  0.00000E+00  3.00000E+01
  1.60000E+01  8.81600E-08  1.07700E-08  0.00000E+00  3.00000E+01
  1.65000E+01  7.76300E-08  1.01000E-08  0.00000E+00  3.00000E+01
  1.70000E+01  8.42100E-08  1.05200E-08  0.00000E+00  3.00000E+01
  1.75000E+01  7.50000E-08  9.93400E-09  0.00000E+00  3.00000E+01
  1.80000E+01  8.29000E-08  1.04400E-08  0.00000E+00  3.00000E+01
  1.85000E+01  6.18400E-08  9.02100E-09  0.00000E+00  3.00000E+01
  1.90000E+01  6.18400E-08  9.02100E-09  0.00000E+00  3.00000E+01
  1.95000E+01  8.55300E-08  1.06000E-08  0.00000E+00  3.00000E+01
  2.00000E+01  7.23700E-08  9.75900E-09  0.00000E+00  3.00000E+01
  2.05000E+01  8.15800E-08  1.03600E-08  0.00000E+00  3.00000E+01
  2.10000E+01  6.31600E-08  9.11600E-09  0.00000E+00  3.00000E+01
  2.15000E+01  7.76300E-08  1.01000E-08  0.00000E+00  3.00000E+01
  2.20000E+01  2.21000E-07  1.70500E-08  0.00000E+00  3.00000E+01
  2.25000E+01  7.36900E-08  9.84700E-09  0.00000E+00  3.00000E+01
  2.30000E+01  5.13200E-08  8.21700E-09  0.00000E+00  3.00000E+01
  2.35000E+01  5.92100E-08  8.82700E-09  0.00000E+00  3.00000E+01
  2.40000E+01  9.21100E-08  1.10100E-08  0.00000E+00  3.00000E+01
  2.45000E+01  7.76300E-08  1.01000E-08  0.00000E+00  3.00000E+01
  2.50000E+01  2.36800E-08  5.58200E-09  0.00000E+00  3.00000E+01
  2.55000E+01  1.97300E-08  5.09600E-09  0.00000E+00  3.00000E+01
  2.60000E+01  2.76300E-08  6.03000E-09  0.00000E+00  3.00000E+01
  2.65000E+01  2.63100E-08  5.88400E-09  0.00000E+00  3.00000E+01
  2.70000E+01  1.97300E-08  5.09600E-09  0.00000E+00  3.00000E+01
  2.75000E+01  1.71000E-08  4.74400E-09  0.00000E+00  3.00000E+01
  2.80000E+01  7.50000E-08  9.93400E-09  0.00000E+00  3.00000E+01
  2.85000E+01  3.94700E-09  2.27900E-09  0.00000E+00  3.00000E+01
  2.90000E+01  6.57900E-09  2.94200E-09  0.00000E+00  3.00000E+01
  2.95000E+01  1.73700E-07  1.51100E-08  0.00000E+00  3.00000E+01
  3.00000E+01  2.63100E-09  1.86100E-09  0.00000E+00  3.00000E+01
  3.05000E+01  0.00000E+00  0.00000E+00  0.00000E+00  3.00000E+01
  3.10000E+01  0.00000E+00  0.00000E+00  0.00000E+00  3.00000E+01
  3.15000E+01  0.00000E+00  0.00000E+00  0.00000E+00  3.00000E+01
  3.20000E+01  0.00000E+00  0.00000E+00  0.00000E+00  3.00000E+01
  3.25000E+01  0.00000E+00  0.00000E+00  0.00000E+00  3.00000E+01
  3.30000E+01  0.00000E+00  0.00000E+00  0.00000E+00  3.00000E+01
  3.35000E+01  0.00000E+00  0.00000E+00  0.00000E+00  3.00000E+01
  3.40000E+01  0.00000E+00  0.00000E+00  0.00000E+00  3.00000E+01
  3.45000E+01  0.00000E+00  0.00000E+00  0.00000E+00  3.00000E+01
  3.50000E+01  0.00000E+00  0.00000E+00  0.00000E+00  3.00000E+01
  3.55000E+01  2.63100E-09  1.86100E-09  0.00000E+00  3.00000E+01
  3.60000E+01  2.63100E-09  1.86100E-09  0.00000E+00  3.00000E+01
  3.65000E+01  0.00000E+00  0.00000E+00  0.00000E+00  3.00000E+01
  3.70000E+01  0.00000E+00  0.00000E+00  0.00000E+00  3.00000E+01
  3.75000E+01  0.00000E+00  0.00000E+00  0.00000E+00  3.00000E+01
  3.80000E+01  0.00000E+00  0.00000E+00  0.00000E+00  3.00000E+01
  3.85000E+01  0.00000E+00  0.00000E+00  0.00000E+00  3.00000E+01
  3.90000E+01  0.00000E+00  0.00000E+00  0.00000E+00  3.00000E+01
  3.95000E+01  2.63100E-09  1.86100E-09  0.00000E+00  3.00000E+01
  4.00000E+01  1.05200E-08  3.72100E-09  0.00000E+00  3.00000E+01
  4.05000E+01  5.26300E-09  2.63100E-09  0.00000E+00  3.00000E+01
  4.10000E+01  1.31500E-09  1.31500E-09  0.00000E+00  3.00000E+01
  4.15000E+01  0.00000E+00  0.00000E+00  0.00000E+00  3.00000E+01
  4.20000E+01  0.00000E+00  0.00000E+00  0.00000E+00  3.00000E+01
  4.25000E+01  0.00000E+00  0.00000E+00  0.00000E+00  3.00000E+01
  4.30000E+01  0.00000E+00  0.00000E+00  0.00000E+00  3.00000E+01
  4.35000E+01  0.00000E+00  0.00000E+00  0.00000E+00  3.00000E+01
  4.40000E+01  0.00000E+00  0.00000E+00  0.00000E+00  3.00000E+01
  4.45000E+01  0.00000E+00  0.00000E+00  0.00000E+00  3.00000E+01
  4.50000E+01  0.00000E+00  0.00000E+00  0.00000E+00  3.00000E+01
  4.55000E+01  0.00000E+00  0.00000E+00  0.00000E+00  3.00000E+01
  4.60000E+01  2.63100E-09  1.86100E-09  0.00000E+00  3.00000E+01
  4.65000E+01  1.31500E-09  1.31500E-09  0.00000E+00  3.00000E+01
  4.70000E+01  6.57900E-09  2.94200E-09  0.00000E+00  3.00000E+01
  4.75000E+01  2.63100E-09  1.86100E-09  0.00000E+00  3.00000E+01
  4.80000E+01  0.00000E+00  0.00000E+00  0.00000E+00  3.00000E+01
  4.85000E+01  0.00000E+00  0.00000E+00  0.00000E+00  3.00000E+01
  4.90000E+01  0.00000E+00  0.00000E+00  0.00000E+00  3.00000E+01
  4.95000E+01  0.00000E+00  0.00000E+00  0.00000E+00  3.00000E+01
  5.00000E+01  3.94700E-09  2.27900E-09  0.00000E+00  3.00000E+01
  5.05000E+01  0.00000E+00  0.00000E+00  0.00000E+00  3.00000E+01
  5.10000E+01  0.00000E+00  0.00000E+00  0.00000E+00  3.00000E+01
  5.15000E+01  0.00000E+00  0.00000E+00  0.00000E+00  3.00000E+01
  5.20000E+01  0.00000E+00  0.00000E+00  0.00000E+00  3.00000E+01
  5.25000E+01  0.00000E+00  0.00000E+00  0.00000E+00  3.00000E+01
  5.30000E+01  0.00000E+00  0.00000E+00  0.00000E+00  3.00000E+01
  5.35000E+01  0.00000E+00  0.00000E+00  0.00000E+00  3.00000E+01
  5.40000E+01  0.00000E+00  0.00000E+00  0.00000E+00  3.00000E+01
  5.45000E+01  0.00000E+00  0.00000E+00  0.00000E+00  3.00000E+01
  5.50000E+01  0.00000E+00  0.00000E+00  0.00000E+00  3.00000E+01
  5.55000E+01  0.00000E+00  0.00000E+00  0.00000E+00  3.00000E+01
  5.60000E+01  0.00000E+00  0.00000E+00  0.00000E+00  3.00000E+01
  5.65000E+01  0.00000E+00  0.00000E+00  0.00000E+00  3.00000E+01
  5.70000E+01  0.00000E+00  0.00000E+00  0.00000E+00  3.00000E+01
  5.75000E+01  0.00000E+00  0.00000E+00  0.00000E+00  3.00000E+01
  5.80000E+01  0.00000E+00  0.00000E+00  0.00000E+00  3.00000E+01
  5.85000E+01  0.00000E+00  0.00000E+00  0.00000E+00  3.00000E+01
  5.90000E+01  0.00000E+00  0.00000E+00  0.00000E+00  3.00000E+01
  5.95000E+01  0.00000E+00  0.00000E+00  0.00000E+00  3.00000E+01
# Full reference:
#M.Harada,  Y.Watanabe,  Y.Tanaka,  Y.Matsuoka,  K.Shin, S.Meigo,  H.Nakashima,  H.Takada,  T.Sasa,
# O.Iwamoto, T.Fukahori,  S.Chiba,  S.Tanaka
#Jour. Jour. of Nuclear Science and Technology Suppl. Vol.2, p.393, 2002
#Light charged-particle production in proton-induced reactions on 12C, 27Al, 58Ni, 90Zr, 197Au, and 209Bi at 42 and 68 MeV
#
