# Target Z    :  13
# Target A    :  27
# Target state:  
# Projectile  : p
# Reaction    : (p,xh)
# E-inc       :   42.000 MeV
# Quantity    : Double-differential cross section
# Frame       : L
# MF          :    6
# MT          :  206
# X4 ID       : E2400164 
# X4 code     : 13-AL-27(P,X)2-HE-3,,DA/DE
# Author      : Harada                   
# Year        : 2002
# Data points :    107
# E-out(MeV) xs(mb/MeV.sr) dxs(mb/MeV.sr) dE(MeV)      Evaluation  C/E(F)      Chi-2     Delta(mb)
  6.50000E+00  9.60500E-08  1.31900E-08  0.00000E+00  2.50000E+01
  7.00000E+00  9.06200E-08  1.28100E-08  0.00000E+00  2.50000E+01
  7.50000E+00  1.05100E-07  1.38000E-08  0.00000E+00  2.50000E+01
  8.00000E+00  1.14100E-07  1.43800E-08  0.00000E+00  2.50000E+01
  8.50000E+00  8.33700E-08  1.22900E-08  0.00000E+00  2.50000E+01
  9.00000E+00  1.08700E-07  1.40300E-08  0.00000E+00  2.50000E+01
  9.50000E+00  9.96800E-08  1.34400E-08  0.00000E+00  2.50000E+01
  1.00000E+01  8.88100E-08  1.26800E-08  0.00000E+00  2.50000E+01
  1.05000E+01  1.17800E-07  1.46100E-08  0.00000E+00  2.50000E+01
  1.10000E+01  1.12300E-07  1.42700E-08  0.00000E+00  2.50000E+01
  1.15000E+01  1.05100E-07  1.38000E-08  0.00000E+00  2.50000E+01
  1.20000E+01  9.96800E-08  1.34400E-08  0.00000E+00  2.50000E+01
  1.25000E+01  1.16000E-07  1.45000E-08  0.00000E+00  2.50000E+01
  1.30000E+01  1.01500E-07  1.35600E-08  0.00000E+00  2.50000E+01
  1.35000E+01  9.60500E-08  1.31900E-08  0.00000E+00  2.50000E+01
  1.40000E+01  8.51800E-08  1.24200E-08  0.00000E+00  2.50000E+01
  1.45000E+01  9.60500E-08  1.31900E-08  0.00000E+00  2.50000E+01
  1.50000E+01  8.51800E-08  1.24200E-08  0.00000E+00  2.50000E+01
  1.55000E+01  5.98100E-08  1.04100E-08  0.00000E+00  2.50000E+01
  1.60000E+01  8.51800E-08  1.24200E-08  0.00000E+00  2.50000E+01
  1.65000E+01  5.79900E-08  1.02500E-08  0.00000E+00  2.50000E+01
  1.70000E+01  9.06200E-08  1.28100E-08  0.00000E+00  2.50000E+01
  1.75000E+01  6.70600E-08  1.10200E-08  0.00000E+00  2.50000E+01
  1.80000E+01  6.70600E-08  1.10200E-08  0.00000E+00  2.50000E+01
  1.85000E+01  8.51800E-08  1.24200E-08  0.00000E+00  2.50000E+01
  1.90000E+01  9.42400E-08  1.30700E-08  0.00000E+00  2.50000E+01
  1.95000E+01  7.97400E-08  1.20200E-08  0.00000E+00  2.50000E+01
  2.00000E+01  1.05100E-07  1.38000E-08  0.00000E+00  2.50000E+01
  2.05000E+01  7.97400E-08  1.20200E-08  0.00000E+00  2.50000E+01
  2.10000E+01  8.51800E-08  1.24200E-08  0.00000E+00  2.50000E+01
  2.15000E+01  6.52400E-08  1.08700E-08  0.00000E+00  2.50000E+01
  2.20000E+01  2.41000E-07  2.09000E-08  0.00000E+00  2.50000E+01
  2.25000E+01  1.52200E-07  1.66100E-08  0.00000E+00  2.50000E+01
  2.30000E+01  8.51800E-08  1.24200E-08  0.00000E+00  2.50000E+01
  2.35000E+01  6.16200E-08  1.05600E-08  0.00000E+00  2.50000E+01
  2.40000E+01  1.43100E-07  1.61000E-08  0.00000E+00  2.50000E+01
  2.45000E+01  1.16000E-07  1.45000E-08  0.00000E+00  2.50000E+01
  2.50000E+01  3.62400E-08  8.10500E-09  0.00000E+00  2.50000E+01
  2.55000E+01  9.06200E-09  4.05200E-09  0.00000E+00  2.50000E+01
  2.60000E+01  1.45000E-08  5.12600E-09  0.00000E+00  2.50000E+01
  2.65000E+01  6.52400E-08  1.08700E-08  0.00000E+00  2.50000E+01
  2.70000E+01  2.89900E-08  7.24900E-09  0.00000E+00  2.50000E+01
  2.75000E+01  1.26800E-08  4.79500E-09  0.00000E+00  2.50000E+01
  2.80000E+01  1.23200E-07  1.49400E-08  0.00000E+00  2.50000E+01
  2.85000E+01  2.17400E-08  6.27800E-09  0.00000E+00  2.50000E+01
  2.90000E+01  5.43700E-09  3.13900E-09  0.00000E+00  2.50000E+01
  2.95000E+01  2.35600E-07  2.06600E-08  0.00000E+00  2.50000E+01
  3.00000E+01  6.70600E-08  1.10200E-08  0.00000E+00  2.50000E+01
  3.05000E+01  0.00000E+00  0.00000E+00  0.00000E+00  2.50000E+01
  3.10000E+01  0.00000E+00  0.00000E+00  0.00000E+00  2.50000E+01
  3.15000E+01  0.00000E+00  0.00000E+00  0.00000E+00  2.50000E+01
  3.20000E+01  0.00000E+00  0.00000E+00  0.00000E+00  2.50000E+01
  3.25000E+01  0.00000E+00  0.00000E+00  0.00000E+00  2.50000E+01
  3.30000E+01  0.00000E+00  0.00000E+00  0.00000E+00  2.50000E+01
  3.35000E+01  0.00000E+00  0.00000E+00  0.00000E+00  2.50000E+01
  3.40000E+01  0.00000E+00  0.00000E+00  0.00000E+00  2.50000E+01
  3.45000E+01  0.00000E+00  0.00000E+00  0.00000E+00  2.50000E+01
  3.50000E+01  0.00000E+00  0.00000E+00  0.00000E+00  2.50000E+01
  3.55000E+01  0.00000E+00  0.00000E+00  0.00000E+00  2.50000E+01
  3.60000E+01  0.00000E+00  0.00000E+00  0.00000E+00  2.50000E+01
  3.65000E+01  0.00000E+00  0.00000E+00  0.00000E+00  2.50000E+01
  3.70000E+01  0.00000E+00  0.00000E+00  0.00000E+00  2.50000E+01
  3.75000E+01  1.81200E-09  1.81200E-09  0.00000E+00  2.50000E+01
  3.80000E+01  0.00000E+00  0.00000E+00  0.00000E+00  2.50000E+01
  3.85000E+01  0.00000E+00  0.00000E+00  0.00000E+00  2.50000E+01
  3.90000E+01  0.00000E+00  0.00000E+00  0.00000E+00  2.50000E+01
  3.95000E+01  0.00000E+00  0.00000E+00  0.00000E+00  2.50000E+01
  4.00000E+01  0.00000E+00  0.00000E+00  0.00000E+00  2.50000E+01
  4.05000E+01  3.62400E-09  2.56300E-09  0.00000E+00  2.50000E+01
  4.10000E+01  7.24900E-09  3.62400E-09  0.00000E+00  2.50000E+01
  4.15000E+01  9.06200E-09  4.05200E-09  0.00000E+00  2.50000E+01
  4.20000E+01  1.81200E-09  1.81200E-09  0.00000E+00  2.50000E+01
  4.25000E+01  0.00000E+00  0.00000E+00  0.00000E+00  2.50000E+01
  4.30000E+01  0.00000E+00  0.00000E+00  0.00000E+00  2.50000E+01
  4.35000E+01  0.00000E+00  0.00000E+00  0.00000E+00  2.50000E+01
  4.40000E+01  0.00000E+00  0.00000E+00  0.00000E+00  2.50000E+01
  4.45000E+01  0.00000E+00  0.00000E+00  0.00000E+00  2.50000E+01
  4.50000E+01  3.62400E-09  2.56300E-09  0.00000E+00  2.50000E+01
  4.55000E+01  0.00000E+00  0.00000E+00  0.00000E+00  2.50000E+01
  4.60000E+01  0.00000E+00  0.00000E+00  0.00000E+00  2.50000E+01
  4.65000E+01  0.00000E+00  0.00000E+00  0.00000E+00  2.50000E+01
  4.70000E+01  0.00000E+00  0.00000E+00  0.00000E+00  2.50000E+01
  4.75000E+01  3.62400E-09  2.56300E-09  0.00000E+00  2.50000E+01
  4.80000E+01  3.62400E-09  2.56300E-09  0.00000E+00  2.50000E+01
  4.85000E+01  1.81200E-09  1.81200E-09  0.00000E+00  2.50000E+01
  4.90000E+01  0.00000E+00  0.00000E+00  0.00000E+00  2.50000E+01
  4.95000E+01  0.00000E+00  0.00000E+00  0.00000E+00  2.50000E+01
  5.00000E+01  0.00000E+00  0.00000E+00  0.00000E+00  2.50000E+01
  5.05000E+01  1.81200E-09  1.81200E-09  0.00000E+00  2.50000E+01
  5.10000E+01  0.00000E+00  0.00000E+00  0.00000E+00  2.50000E+01
  5.15000E+01  0.00000E+00  0.00000E+00  0.00000E+00  2.50000E+01
  5.20000E+01  0.00000E+00  0.00000E+00  0.00000E+00  2.50000E+01
  5.25000E+01  0.00000E+00  0.00000E+00  0.00000E+00  2.50000E+01
  5.30000E+01  0.00000E+00  0.00000E+00  0.00000E+00  2.50000E+01
  5.35000E+01  0.00000E+00  0.00000E+00  0.00000E+00  2.50000E+01
  5.40000E+01  0.00000E+00  0.00000E+00  0.00000E+00  2.50000E+01
  5.45000E+01  0.00000E+00  0.00000E+00  0.00000E+00  2.50000E+01
  5.50000E+01  0.00000E+00  0.00000E+00  0.00000E+00  2.50000E+01
  5.55000E+01  0.00000E+00  0.00000E+00  0.00000E+00  2.50000E+01
  5.60000E+01  0.00000E+00  0.00000E+00  0.00000E+00  2.50000E+01
  5.65000E+01  0.00000E+00  0.00000E+00  0.00000E+00  2.50000E+01
  5.70000E+01  0.00000E+00  0.00000E+00  0.00000E+00  2.50000E+01
  5.75000E+01  0.00000E+00  0.00000E+00  0.00000E+00  2.50000E+01
  5.80000E+01  0.00000E+00  0.00000E+00  0.00000E+00  2.50000E+01
  5.85000E+01  0.00000E+00  0.00000E+00  0.00000E+00  2.50000E+01
  5.90000E+01  0.00000E+00  0.00000E+00  0.00000E+00  2.50000E+01
  5.95000E+01  0.00000E+00  0.00000E+00  0.00000E+00  2.50000E+01
# Full reference:
#M.Harada,  Y.Watanabe,  Y.Tanaka,  Y.Matsuoka,  K.Shin, S.Meigo,  H.Nakashima,  H.Takada,  T.Sasa,
# O.Iwamoto, T.Fukahori,  S.Chiba,  S.Tanaka
#Jour. Jour. of Nuclear Science and Technology Suppl. Vol.2, p.393, 2002
#Light charged-particle production in proton-induced reactions on 12C, 27Al, 58Ni, 90Zr, 197Au, and 209Bi at 42 and 68 MeV
#
