# Target Z    :  13
# Target A    :  27
# Target state:  
# Projectile  : p
# Reaction    : (p,xh)
# E-inc       :   68.000 MeV
# Quantity    : Double-differential cross section
# Frame       : L
# MF          :    6
# MT          :  206
# X4 ID       : E2400182 
# X4 code     : 13-AL-27(P,X)2-HE-3,,DA/DE
# Author      : Harada                   
# Year        : 2002
# Data points :     64
# E-out(MeV) xs(mb/MeV.sr) dxs(mb/MeV.sr) dE(MeV)      Evaluation  C/E(F)      Chi-2     Delta(mb)
  7.00000E+00  4.69700E-08  2.20400E-09  0.00000E+00  1.20000E+02
  8.00000E+00  3.79700E-08  1.98200E-09  0.00000E+00  1.20000E+02
  9.00000E+00  3.39300E-08  1.87300E-09  0.00000E+00  1.20000E+02
  1.00000E+01  2.67900E-08  1.66500E-09  0.00000E+00  1.20000E+02
  1.10000E+01  2.35900E-08  1.56200E-09  0.00000E+00  1.20000E+02
  1.20000E+01  1.95500E-08  1.42200E-09  0.00000E+00  1.20000E+02
  1.30000E+01  1.61400E-08  1.29200E-09  0.00000E+00  1.20000E+02
  1.40000E+01  1.54100E-08  1.26300E-09  0.00000E+00  1.20000E+02
  1.50000E+01  1.55200E-08  1.26700E-09  0.00000E+00  1.20000E+02
  1.60000E+01  9.93200E-09  1.01300E-09  0.00000E+00  1.20000E+02
  1.70000E+01  9.00100E-09  9.65000E-10  0.00000E+00  1.20000E+02
  1.80000E+01  7.96700E-09  9.07900E-10  0.00000E+00  1.20000E+02
  1.90000E+01  7.86300E-09  9.02000E-10  0.00000E+00  1.20000E+02
  2.00000E+01  6.10400E-09  7.94700E-10  0.00000E+00  1.20000E+02
  2.10000E+01  5.58700E-09  7.60300E-10  0.00000E+00  1.20000E+02
  2.20000E+01  3.82800E-09  6.29300E-10  0.00000E+00  1.20000E+02
  2.30000E+01  3.31000E-09  5.85300E-10  0.00000E+00  1.20000E+02
  2.40000E+01  2.89700E-09  5.47500E-10  0.00000E+00  1.20000E+02
  2.50000E+01  2.17200E-09  4.74100E-10  0.00000E+00  1.20000E+02
  2.60000E+01  2.27600E-09  4.85300E-10  0.00000E+00  1.20000E+02
  2.70000E+01  1.96500E-09  4.19000E-10  0.00000E+00  1.20000E+02
  2.80000E+01  2.05400E-09  4.28400E-10  0.00000E+00  1.20000E+02
  2.90000E+01  1.42900E-09  3.57300E-10  0.00000E+00  1.20000E+02
  3.00000E+01  1.16100E-09  3.22100E-10  0.00000E+00  1.20000E+02
  3.10000E+01  1.42900E-09  3.57300E-10  0.00000E+00  1.20000E+02
  3.20000E+01  8.04000E-10  2.68000E-10  0.00000E+00  1.20000E+02
  3.30000E+01  6.35100E-10  2.84000E-10  0.00000E+00  1.20000E+02
  3.40000E+01  3.81000E-10  2.20000E-10  0.00000E+00  1.20000E+02
  3.50000E+01  6.35100E-10  2.84000E-10  0.00000E+00  1.20000E+02
  3.60000E+01  1.27000E-10  1.27000E-10  0.00000E+00  1.20000E+02
  3.70000E+01  8.89100E-10  3.36000E-10  0.00000E+00  1.20000E+02
  3.80000E+01  6.35100E-10  2.84000E-10  0.00000E+00  1.20000E+02
  3.90000E+01  2.54000E-10  1.79600E-10  0.00000E+00  1.20000E+02
  4.00000E+01  7.62100E-10  3.11100E-10  0.00000E+00  1.20000E+02
  4.10000E+01  0.00000E+00  0.00000E+00  0.00000E+00  1.20000E+02
  4.20000E+01  0.00000E+00  0.00000E+00  0.00000E+00  1.20000E+02
  4.30000E+01  1.27000E-10  1.27000E-10  0.00000E+00  1.20000E+02
  4.40000E+01  0.00000E+00  0.00000E+00  0.00000E+00  1.20000E+02
  4.50000E+01  0.00000E+00  0.00000E+00  0.00000E+00  1.20000E+02
  4.60000E+01  0.00000E+00  0.00000E+00  0.00000E+00  1.20000E+02
  4.70000E+01  0.00000E+00  0.00000E+00  0.00000E+00  1.20000E+02
  4.80000E+01  0.00000E+00  0.00000E+00  0.00000E+00  1.20000E+02
  4.90000E+01  0.00000E+00  0.00000E+00  0.00000E+00  1.20000E+02
  5.00000E+01  0.00000E+00  0.00000E+00  0.00000E+00  1.20000E+02
  5.10000E+01  0.00000E+00  0.00000E+00  0.00000E+00  1.20000E+02
  5.20000E+01  0.00000E+00  0.00000E+00  0.00000E+00  1.20000E+02
  5.30000E+01  0.00000E+00  0.00000E+00  0.00000E+00  1.20000E+02
  5.40000E+01  0.00000E+00  0.00000E+00  0.00000E+00  1.20000E+02
  5.50000E+01  0.00000E+00  0.00000E+00  0.00000E+00  1.20000E+02
  5.60000E+01  0.00000E+00  0.00000E+00  0.00000E+00  1.20000E+02
  5.70000E+01  0.00000E+00  0.00000E+00  0.00000E+00  1.20000E+02
  5.80000E+01  0.00000E+00  0.00000E+00  0.00000E+00  1.20000E+02
  5.90000E+01  0.00000E+00  0.00000E+00  0.00000E+00  1.20000E+02
  6.00000E+01  0.00000E+00  0.00000E+00  0.00000E+00  1.20000E+02
  6.10000E+01  0.00000E+00  0.00000E+00  0.00000E+00  1.20000E+02
  6.20000E+01  0.00000E+00  0.00000E+00  0.00000E+00  1.20000E+02
  6.30000E+01  0.00000E+00  0.00000E+00  0.00000E+00  1.20000E+02
  6.40000E+01  0.00000E+00  0.00000E+00  0.00000E+00  1.20000E+02
  6.50000E+01  0.00000E+00  0.00000E+00  0.00000E+00  1.20000E+02
  6.60000E+01  0.00000E+00  0.00000E+00  0.00000E+00  1.20000E+02
  6.70000E+01  0.00000E+00  0.00000E+00  0.00000E+00  1.20000E+02
  6.80000E+01  0.00000E+00  0.00000E+00  0.00000E+00  1.20000E+02
  6.90000E+01  0.00000E+00  0.00000E+00  0.00000E+00  1.20000E+02
  7.00000E+01  0.00000E+00  0.00000E+00  0.00000E+00  1.20000E+02
# Full reference:
#M.Harada,  Y.Watanabe,  Y.Tanaka,  Y.Matsuoka,  K.Shin, S.Meigo,  H.Nakashima,  H.Takada,  T.Sasa,
# O.Iwamoto, T.Fukahori,  S.Chiba,  S.Tanaka
#Jour. Jour. of Nuclear Science and Technology Suppl. Vol.2, p.393, 2002
#Light charged-particle production in proton-induced reactions on 12C, 27Al, 58Ni, 90Zr, 197Au, and 209Bi at 42 and 68 MeV
#
