# Target Z    :  13
# Target A    :  27
# Target state:  
# Projectile  : p
# Reaction    : (p,xh)
# E-inc       :   42.000 MeV
# Quantity    : Double-differential cross section
# Frame       : L
# MF          :    6
# MT          :  206
# X4 ID       : E2400174 
# X4 code     : 13-AL-27(P,X)2-HE-3,,DA/DE
# Author      : Harada                   
# Year        : 2002
# Data points :    107
# E-out(MeV) xs(mb/MeV.sr) dxs(mb/MeV.sr) dE(MeV)      Evaluation  C/E(F)      Chi-2     Delta(mb)
  6.50000E+00  4.77900E-08  2.52600E-09  0.00000E+00  1.50000E+02
  7.00000E+00  3.77800E-08  2.24600E-09  0.00000E+00  1.50000E+02
  7.50000E+00  3.64500E-08  2.20600E-09  0.00000E+00  1.50000E+02
  8.00000E+00  3.59100E-08  2.18900E-09  0.00000E+00  1.50000E+02
  8.50000E+00  2.59000E-08  1.85900E-09  0.00000E+00  1.50000E+02
  9.00000E+00  2.68300E-08  1.89200E-09  0.00000E+00  1.50000E+02
  9.50000E+00  2.69700E-08  1.89700E-09  0.00000E+00  1.50000E+02
  1.00000E+01  2.43000E-08  1.80100E-09  0.00000E+00  1.50000E+02
  1.05000E+01  2.37600E-08  1.78100E-09  0.00000E+00  1.50000E+02
  1.10000E+01  1.81500E-08  1.55700E-09  0.00000E+00  1.50000E+02
  1.15000E+01  2.01600E-08  1.64000E-09  0.00000E+00  1.50000E+02
  1.20000E+01  1.33500E-08  1.33500E-09  0.00000E+00  1.50000E+02
  1.25000E+01  1.50800E-08  1.41900E-09  0.00000E+00  1.50000E+02
  1.30000E+01  1.40100E-08  1.36800E-09  0.00000E+00  1.50000E+02
  1.35000E+01  1.25500E-08  1.29400E-09  0.00000E+00  1.50000E+02
  1.40000E+01  1.21500E-08  1.27300E-09  0.00000E+00  1.50000E+02
  1.45000E+01  7.34300E-09  9.90100E-10  0.00000E+00  1.50000E+02
  1.50000E+01  8.94500E-09  1.09200E-09  0.00000E+00  1.50000E+02
  1.55000E+01  5.47400E-09  8.54900E-10  0.00000E+00  1.50000E+02
  1.60000E+01  9.21200E-09  1.10900E-09  0.00000E+00  1.50000E+02
  1.65000E+01  5.20700E-09  8.33800E-10  0.00000E+00  1.50000E+02
  1.70000E+01  4.40600E-09  7.66900E-10  0.00000E+00  1.50000E+02
  1.75000E+01  8.27800E-09  1.05100E-09  0.00000E+00  1.50000E+02
  1.80000E+01  6.67500E-09  9.44100E-10  0.00000E+00  1.50000E+02
  1.85000E+01  1.33500E-09  4.22200E-10  0.00000E+00  1.50000E+02
  1.90000E+01  2.53600E-09  5.81900E-10  0.00000E+00  1.50000E+02
  1.95000E+01  2.13600E-09  5.34000E-10  0.00000E+00  1.50000E+02
  2.00000E+01  2.13600E-09  5.34000E-10  0.00000E+00  1.50000E+02
  2.05000E+01  4.00500E-10  2.31200E-10  0.00000E+00  1.50000E+02
  2.10000E+01  3.47100E-09  6.80800E-10  0.00000E+00  1.50000E+02
  2.15000E+01  2.67000E-10  1.88800E-10  0.00000E+00  1.50000E+02
  2.20000E+01  8.01000E-10  3.27000E-10  0.00000E+00  1.50000E+02
  2.25000E+01  2.26900E-09  5.50500E-10  0.00000E+00  1.50000E+02
  2.30000E+01  1.33500E-10  1.33500E-10  0.00000E+00  1.50000E+02
  2.35000E+01  1.33500E-10  1.33500E-10  0.00000E+00  1.50000E+02
  2.40000E+01  0.00000E+00  0.00000E+00  0.00000E+00  1.50000E+02
  2.45000E+01  0.00000E+00  0.00000E+00  0.00000E+00  1.50000E+02
  2.50000E+01  0.00000E+00  0.00000E+00  0.00000E+00  1.50000E+02
  2.55000E+01  1.33500E-10  1.33500E-10  0.00000E+00  1.50000E+02
  2.60000E+01  0.00000E+00  0.00000E+00  0.00000E+00  1.50000E+02
  2.65000E+01  0.00000E+00  0.00000E+00  0.00000E+00  1.50000E+02
  2.70000E+01  0.00000E+00  0.00000E+00  0.00000E+00  1.50000E+02
  2.75000E+01  0.00000E+00  0.00000E+00  0.00000E+00  1.50000E+02
  2.80000E+01  0.00000E+00  0.00000E+00  0.00000E+00  1.50000E+02
  2.85000E+01  0.00000E+00  0.00000E+00  0.00000E+00  1.50000E+02
  2.90000E+01  0.00000E+00  0.00000E+00  0.00000E+00  1.50000E+02
  2.95000E+01  0.00000E+00  0.00000E+00  0.00000E+00  1.50000E+02
  3.00000E+01  0.00000E+00  0.00000E+00  0.00000E+00  1.50000E+02
  3.05000E+01  0.00000E+00  0.00000E+00  0.00000E+00  1.50000E+02
  3.10000E+01  0.00000E+00  0.00000E+00  0.00000E+00  1.50000E+02
  3.15000E+01  0.00000E+00  0.00000E+00  0.00000E+00  1.50000E+02
  3.20000E+01  0.00000E+00  0.00000E+00  0.00000E+00  1.50000E+02
  3.25000E+01  0.00000E+00  0.00000E+00  0.00000E+00  1.50000E+02
  3.30000E+01  0.00000E+00  0.00000E+00  0.00000E+00  1.50000E+02
  3.35000E+01  0.00000E+00  0.00000E+00  0.00000E+00  1.50000E+02
  3.40000E+01  0.00000E+00  0.00000E+00  0.00000E+00  1.50000E+02
  3.45000E+01  0.00000E+00  0.00000E+00  0.00000E+00  1.50000E+02
  3.50000E+01  0.00000E+00  0.00000E+00  0.00000E+00  1.50000E+02
  3.55000E+01  0.00000E+00  0.00000E+00  0.00000E+00  1.50000E+02
  3.60000E+01  0.00000E+00  0.00000E+00  0.00000E+00  1.50000E+02
  3.65000E+01  0.00000E+00  0.00000E+00  0.00000E+00  1.50000E+02
  3.70000E+01  0.00000E+00  0.00000E+00  0.00000E+00  1.50000E+02
  3.75000E+01  0.00000E+00  0.00000E+00  0.00000E+00  1.50000E+02
  3.80000E+01  0.00000E+00  0.00000E+00  0.00000E+00  1.50000E+02
  3.85000E+01  0.00000E+00  0.00000E+00  0.00000E+00  1.50000E+02
  3.90000E+01  0.00000E+00  0.00000E+00  0.00000E+00  1.50000E+02
  3.95000E+01  0.00000E+00  0.00000E+00  0.00000E+00  1.50000E+02
  4.00000E+01  0.00000E+00  0.00000E+00  0.00000E+00  1.50000E+02
  4.05000E+01  0.00000E+00  0.00000E+00  0.00000E+00  1.50000E+02
  4.10000E+01  0.00000E+00  0.00000E+00  0.00000E+00  1.50000E+02
  4.15000E+01  0.00000E+00  0.00000E+00  0.00000E+00  1.50000E+02
  4.20000E+01  0.00000E+00  0.00000E+00  0.00000E+00  1.50000E+02
  4.25000E+01  0.00000E+00  0.00000E+00  0.00000E+00  1.50000E+02
  4.30000E+01  0.00000E+00  0.00000E+00  0.00000E+00  1.50000E+02
  4.35000E+01  0.00000E+00  0.00000E+00  0.00000E+00  1.50000E+02
  4.40000E+01  0.00000E+00  0.00000E+00  0.00000E+00  1.50000E+02
  4.45000E+01  0.00000E+00  0.00000E+00  0.00000E+00  1.50000E+02
  4.50000E+01  0.00000E+00  0.00000E+00  0.00000E+00  1.50000E+02
  4.55000E+01  0.00000E+00  0.00000E+00  0.00000E+00  1.50000E+02
  4.60000E+01  0.00000E+00  0.00000E+00  0.00000E+00  1.50000E+02
  4.65000E+01  0.00000E+00  0.00000E+00  0.00000E+00  1.50000E+02
  4.70000E+01  0.00000E+00  0.00000E+00  0.00000E+00  1.50000E+02
  4.75000E+01  0.00000E+00  0.00000E+00  0.00000E+00  1.50000E+02
  4.80000E+01  0.00000E+00  0.00000E+00  0.00000E+00  1.50000E+02
  4.85000E+01  0.00000E+00  0.00000E+00  0.00000E+00  1.50000E+02
  4.90000E+01  0.00000E+00  0.00000E+00  0.00000E+00  1.50000E+02
  4.95000E+01  0.00000E+00  0.00000E+00  0.00000E+00  1.50000E+02
  5.00000E+01  0.00000E+00  0.00000E+00  0.00000E+00  1.50000E+02
  5.05000E+01  0.00000E+00  0.00000E+00  0.00000E+00  1.50000E+02
  5.10000E+01  0.00000E+00  0.00000E+00  0.00000E+00  1.50000E+02
  5.15000E+01  0.00000E+00  0.00000E+00  0.00000E+00  1.50000E+02
  5.20000E+01  0.00000E+00  0.00000E+00  0.00000E+00  1.50000E+02
  5.25000E+01  0.00000E+00  0.00000E+00  0.00000E+00  1.50000E+02
  5.30000E+01  0.00000E+00  0.00000E+00  0.00000E+00  1.50000E+02
  5.35000E+01  0.00000E+00  0.00000E+00  0.00000E+00  1.50000E+02
  5.40000E+01  0.00000E+00  0.00000E+00  0.00000E+00  1.50000E+02
  5.45000E+01  0.00000E+00  0.00000E+00  0.00000E+00  1.50000E+02
  5.50000E+01  0.00000E+00  0.00000E+00  0.00000E+00  1.50000E+02
  5.55000E+01  0.00000E+00  0.00000E+00  0.00000E+00  1.50000E+02
  5.60000E+01  0.00000E+00  0.00000E+00  0.00000E+00  1.50000E+02
  5.65000E+01  0.00000E+00  0.00000E+00  0.00000E+00  1.50000E+02
  5.70000E+01  0.00000E+00  0.00000E+00  0.00000E+00  1.50000E+02
  5.75000E+01  0.00000E+00  0.00000E+00  0.00000E+00  1.50000E+02
  5.80000E+01  0.00000E+00  0.00000E+00  0.00000E+00  1.50000E+02
  5.85000E+01  0.00000E+00  0.00000E+00  0.00000E+00  1.50000E+02
  5.90000E+01  0.00000E+00  0.00000E+00  0.00000E+00  1.50000E+02
  5.95000E+01  0.00000E+00  0.00000E+00  0.00000E+00  1.50000E+02
# Full reference:
#M.Harada,  Y.Watanabe,  Y.Tanaka,  Y.Matsuoka,  K.Shin, S.Meigo,  H.Nakashima,  H.Takada,  T.Sasa,
# O.Iwamoto, T.Fukahori,  S.Chiba,  S.Tanaka
#Jour. Jour. of Nuclear Science and Technology Suppl. Vol.2, p.393, 2002
#Light charged-particle production in proton-induced reactions on 12C, 27Al, 58Ni, 90Zr, 197Au, and 209Bi at 42 and 68 MeV
#
