$SPEC_ID:
No sample description was entered.
$SPEC_REM:
DET# 1
DETDESC# EPS-140909 Easy-MCA-8k SN 16175454
AP# Maestro Version 7.01
$DATE_MEA:
02/25/2022 15:13:42
$MEAS_TIM:
298 300
$DATA:
0 8191
       0
       0
       0
       0
       0
       0
       0
       0
       0
       0
       0
       0
       0
       0
       0
       0
       0
       0
       0
       0
       0
       0
       0
       0
       0
       0
       0
       0
       0
       0
       0
       0
       0
       0
       0
       0
       0
       0
       1
       2
       7
      17
     383
     674
     327
     238
     228
     194
     216
     220
     213
     222
     193
     212
     159
     183
     160
     155
     162
     158
     149
     185
     169
     199
     174
     168
     192
     140
     132
     136
     147
     134
     138
     113
     133
     146
     136
     140
     136
     131
     122
     126
     122
     115
     129
     118
     120
     117
     129
     111
     124
     117
     107
     123
     133
     143
     111
     107
     133
     151
     110
     123
     118
     113
     112
     116
     119
     115
     130
     119
     104
     106
     127
     129
     114
      99
     131
     134
     126
     121
     155
     128
     129
     127
     119
     126
     132
     131
     118
     122
     124
     139
     127
     124
     131
     124
     149
     159
     179
     234
     272
     289
     300
     318
     286
     250
     186
     148
     150
     142
     147
     137
     125
     125
     148
     140
     142
     142
     133
     144
     178
     159
     209
     194
     180
     173
     166
     167
     140
     154
     146
     135
     122
     145
     148
     122
     144
     120
     113
     130
     118
     165
     145
     145
     150
     151
     146
     161
     163
     153
     154
     157
     158
     148
     156
     164
     160
     143
     140
     154
     136
     162
     152
     164
     140
     112
     150
     128
     162
     157
     149
     152
     147
     114
     148
     148
     142
     140
     142
     131
     140
     114
     143
     123
     144
     139
     133
     127
     128
     144
     131
     124
     113
     124
     121
     119
     118
     138
     139
     131
     124
     130
     134
     135
     112
     115
     128
     115
     109
     135
     134
     127
     134
     114
     139
     118
     104
     130
     109
     109
     115
     125
     131
     122
     109
     124
     126
     141
     122
     126
     129
     124
     104
     109
      99
     120
     121
     121
     113
     127
     120
     118
     113
     111
     106
     132
     116
     104
      94
     111
     117
     120
     119
     119
      93
     110
     117
     112
     121
     110
     107
     119
     116
     109
     118
     108
     101
      87
     103
      83
     101
      90
      95
     112
     101
     113
      91
      94
      94
      97
      93
     103
     114
     114
     114
      97
     111
     110
      93
     102
      92
      93
     103
      93
     102
      92
     109
      89
      89
      99
      85
      95
      74
      98
      97
      92
      78
      87
     102
      97
      93
     102
     105
      85
      83
     101
     101
      82
      89
      89
      86
      76
      93
      99
      76
      86
      85
     103
     108
     139
     105
     105
      97
      83
      77
      94
      86
      89
      95
     105
      83
      76
      74
      81
      89
      99
      89
      72
      77
      71
      72
      86
      69
      84
      86
      82
      71
      97
      72
      77
      90
      73
      81
      78
      94
      77
      67
      73
      73
      75
      70
      69
      70
      78
      93
      64
      74
      71
      78
      67
      73
      73
      68
      95
      75
      79
      76
      64
      68
      79
      73
      94
      83
      88
      64
      76
      61
      61
      76
      79
      86
      77
      75
      81
      85
      75
      69
      87
      74
      69
      78
      84
      70
      70
      78
      71
      89
      65
      68
      77
      81
      89
      82
      60
      73
      89
      61
      61
      72
      65
      60
      67
      61
      72
      69
      67
      63
      67
      56
      74
      64
      77
      66
      65
      79
      72
      60
      70
      89
      64
      61
      61
      74
      76
      66
      73
      63
      61
      64
      78
      64
      60
      62
      58
      47
      72
      66
      75
      65
      69
      67
      62
      60
      69
      63
      52
      70
      64
      65
      72
      62
      69
      57
      60
      82
      59
      64
      60
      38
      64
      52
      67
      64
      74
      44
      59
      60
      56
      50
      74
      66
      52
      68
      64
      54
      54
      49
      59
      51
      60
      51
      61
      57
      62
      53
      66
      51
      58
      50
      58
      51
      54
      52
      62
      64
      45
      63
      53
      62
      55
      57
      45
      71
      52
      62
      47
      70
      55
      55
      44
      38
      46
      45
      53
      52
      56
      58
      69
      43
      47
      49
      58
      59
      67
      70
      80
      70
      70
      68
      47
      48
      62
      77
      70
      58
      50
      56
      39
      62
      51
      53
      48
      36
      46
      55
      43
      63
      52
      48
      42
      46
      38
      50
      51
      50
      42
      59
      49
      64
      36
      47
      46
      61
      43
      55
      45
      37
      66
      62
      40
      49
      53
      44
      46
      48
      57
      50
      57
      52
      45
      31
      49
      47
      40
      48
      40
      56
      44
      55
      40
      47
      54
      45
      59
      53
      49
      55
      42
      51
      56
      55
      49
      37
      45
      41
      53
      50
      51
      49
      39
      40
      66
      33
      45
      38
      48
      43
      41
      39
      43
      39
      49
      57
      50
      43
      51
      46
      38
      39
      46
      52
      44
      60
      38
      54
      44
      52
      49
      44
      40
      51
      42
      45
      48
      45
      47
      49
      45
      49
      51
      47
      52
      63
      47
      51
      42
      43
      47
      58
      41
      54
      53
      42
      52
      56
      72
      74
      58
      64
      44
      42
      39
      43
      53
      43
      45
      59
      64
      50
      55
      40
      63
      46
      45
      63
      57
      47
      50
      57
      47
      43
      64
      51
      49
      52
      63
      50
      62
      37
      44
      41
      40
      48
      45
      41
      52
      46
      45
      44
      45
      47
      59
      51
      63
      34
      50
      57
      44
      38
      57
      38
      50
      50
      45
      45
      39
      42
      58
      39
      46
      47
      58
      52
      47
      35
      45
      49
      51
      52
      49
      43
      40
      47
      54
      55
      45
      59
      49
      51
      44
      56
      72
      57
      80
      61
      47
      58
      40
      51
      59
      55
      58
      51
      58
      55
      45
      57
      59
      57
      54
      48
      43
      52
      59
      49
      52
      39
      47
      34
      44
      42
      39
      37
      35
      45
      38
      38
      34
      38
      49
      47
      36
      31
      36
      27
      43
      36
      31
      32
      34
      36
      28
      36
      35
      27
      26
      50
      48
      40
      40
      38
      28
      23
      34
      28
      28
      37
      29
      21
      24
      30
      30
      30
      28
      21
      27
      24
      30
      19
      26
      24
      37
      29
      21
      20
      30
      26
      24
      38
      30
      27
      19
      16
      28
      32
      20
      30
      15
      26
      36
      24
      26
      27
      24
      26
      32
      30
      28
      30
      22
      20
      27
      23
      29
      24
      24
      25
      24
      28
      19
      24
      24
      21
      28
      32
      29
      22
      14
      30
      26
      27
      19
      20
      15
      22
      19
      21
      18
      39
      18
      21
      24
      21
      17
      26
      13
      26
      20
      18
      18
      22
      16
      20
      29
      20
      22
      20
      23
      23
      17
      26
      15
      24
      17
      20
      22
      10
      17
      22
      19
      11
      24
      21
      20
      15
      23
      21
      25
      15
      21
      14
      20
      16
      18
      18
      17
      21
      16
      16
      18
      25
      16
      14
      20
      19
      10
      17
       7
       9
      17
      13
      21
      19
      12
      11
       6
      12
      15
      10
      13
      24
      17
      13
      15
      19
      19
      19
      20
      18
      15
      18
      15
      21
      12
      19
      14
      11
      14
      15
      15
       8
      13
      11
       7
      17
      11
      20
      13
       9
      29
      15
      16
      15
      21
      10
      19
      16
      13
      12
      15
      18
      19
      15
      12
      10
      12
      10
      18
      18
       9
       9
      14
      18
      14
       7
      20
      14
      12
      13
      19
       9
      20
      15
      17
      13
      11
      24
      14
      20
      13
      13
      13
      11
      13
      15
      15
      14
      13
      12
      16
      16
      15
      13
       7
       6
       9
      20
      12
      19
      15
      11
      10
      11
      12
      16
       9
       9
      19
      13
      12
      12
      17
      15
       4
      13
      17
      14
      11
       8
      11
      11
      14
       8
      20
      14
       9
      10
      11
      13
      14
      10
      10
      13
      13
      10
      18
      14
      17
      13
      12
      15
       8
       8
      13
      12
       9
      14
       8
       8
      10
      10
      13
      14
       9
      18
      13
      11
      11
      14
       6
      14
       6
      14
      14
       9
      11
      13
      14
       9
      14
       8
      13
      15
      11
      14
      16
      15
      14
       6
      20
      10
      14
       7
      15
      13
      16
      14
      16
       8
      17
       5
      11
       7
      12
      10
      10
      13
      12
       8
       5
      12
      13
      13
      11
       7
      18
       9
      15
      16
       9
      16
      10
       9
      12
      10
      10
      12
      12
       9
      11
      15
       9
      14
      23
      10
      11
      12
       7
      13
      12
      16
      21
      10
      10
      12
      12
      14
      12
      22
      15
      27
      27
      19
      31
      44
      55
      83
     145
     219
     388
     523
     802
     888
    1058
    1147
     971
     882
     678
     498
     292
     191
     118
      61
      44
      33
      17
      16
      11
      16
      15
       8
       9
       8
       8
      10
       9
      14
      10
       7
      10
       9
      14
      15
      13
      14
       2
       8
      13
      11
       6
      11
      12
       1
       4
      11
       4
       7
       9
       7
      10
       7
       9
      10
      13
       7
      11
       6
      10
       8
      12
       5
      10
      11
       9
      12
       7
      13
      14
       8
      15
       6
       8
      11
       9
       5
      11
       7
       6
       7
       8
       9
      10
       7
       7
      13
       8
       7
       9
       6
       8
      10
      12
      10
      10
       9
      17
      11
       7
      12
      12
       8
      10
       7
       4
       8
       4
       7
      15
       3
       8
       9
       7
      13
      13
      14
       8
      13
       9
       7
      12
      10
       7
      10
       5
       9
       5
      11
       8
       7
       7
       7
      13
       5
      13
      11
       6
       3
      10
      12
       9
      10
       8
       5
       7
       6
       5
      12
       8
      11
       9
       2
      12
       8
       5
      14
       5
       7
      10
       8
       5
      15
       4
       6
       9
      10
       5
       7
       8
       5
      15
      14
      12
      12
       6
      12
      10
       8
       5
      11
       8
      10
      12
      15
      18
      13
      16
      12
      12
       9
       5
       5
       4
       8
       3
       8
       4
       9
       5
       3
       9
       8
      12
       6
       7
      10
      10
      10
       5
       6
       9
      10
       8
       7
       3
       6
       7
       9
       9
       8
       6
       7
       9
       7
       2
       9
       3
       3
      11
       8
       7
      11
       7
       3
      11
       8
       4
       6
       5
       6
       4
       7
      11
      10
       7
       3
      10
      17
      21
      20
      26
      18
      16
      11
       8
       9
       2
      11
       5
       6
      12
       1
      10
      11
       5
      11
       8
       5
      12
       5
       5
      11
       5
       4
       9
       9
      11
       8
       8
       5
       7
       9
      10
       9
       8
       7
       6
       7
       8
       9
      10
       7
       3
       6
      11
       7
       5
       9
       5
       5
      11
       4
       4
      10
       3
       6
       9
      10
       6
       1
       6
       5
       8
      11
       7
       6
      12
       8
       7
       7
       6
       5
       7
       5
       5
      10
       5
       4
      11
       2
       4
       4
       6
       2
       3
       9
       5
       4
       8
       9
       5
       6
       6
       7
       7
       7
       5
       6
       6
       9
       5
      10
       7
       8
       7
      13
       5
       3
      13
       8
       5
       6
       7
       7
       7
      10
       8
       8
       6
       6
      11
       5
      10
      10
       7
       4
       4
       7
       5
       5
       6
      11
       8
       2
       9
       7
       8
       6
       6
       8
       7
       8
       3
       6
       7
      10
       2
       4
       6
       5
      10
       2
      11
       8
       4
       2
       7
       9
      10
       5
       8
       8
       4
       1
       8
       9
       5
       8
       4
       8
       8
       4
       5
      11
       3
       9
       7
       9
      10
       2
      15
       7
       6
       5
       9
       7
       3
       6
       6
       4
       8
      11
       6
       5
       5
      11
       7
       3
       8
       2
       8
       8
       8
      13
       6
      10
       6
       6
       7
       8
       6
       7
       5
       3
       6
       7
       6
      11
       5
       9
       9
       3
       6
       5
       9
       4
       9
       5
       2
       6
       6
      12
       5
      10
      16
       6
      12
       5
       7
       8
      10
       4
      11
      11
       4
       6
       5
       4
       5
       7
       3
       8
       4
       7
       7
      10
       5
       8
      12
       8
       5
       5
       4
       7
       5
       8
       4
       4
       1
       4
       4
       8
      11
       9
      10
       6
       9
       5
       5
       8
       7
      11
       6
      12
       8
       8
       9
       5
       7
       4
      10
       6
       2
       9
       6
       9
       7
       5
       8
       2
       9
       5
       8
       8
       6
       9
      10
       9
       6
       6
       5
       4
       5
       4
       6
      10
       7
       8
       4
       4
       4
       4
       7
       4
       7
       3
       5
       7
       4
      10
       3
       5
       6
       4
       4
       5
       5
       5
       6
       5
       5
       5
       5
      12
       4
       3
       9
       4
       5
       9
       5
       5
       2
       1
       2
       4
       3
      10
       2
       7
       2
       5
       4
       4
       3
       5
      10
       5
       9
       2
       4
       5
       5
       7
       4
       6
       4
       5
       4
       6
       3
       7
       7
       4
       8
       3
       1
       6
       5
       3
       6
       4
      11
       6
       4
       5
       6
       4
       8
       7
       6
       5
       4
       3
       6
      10
      12
      11
       7
      14
       9
       5
      11
       8
       1
       2
       4
       3
      10
       8
       9
       5
       8
       6
       8
       5
       6
       6
       4
       7
       7
       2
       5
       7
       5
       5
       4
       6
       4
       9
       4
       7
       1
       7
       3
       4
       8
       8
       3
       6
       2
       7
       7
       7
       7
      10
       4
       5
      10
       1
       6
       7
       6
       8
       6
       4
       5
       8
       6
       4
       2
       1
       4
       3
      10
       3
       8
       6
       2
       5
       3
       4
       5
       5
       5
       8
       5
       6
       2
       5
       6
       5
       6
       7
       4
       8
       5
       6
       3
       7
       3
       6
       4
       5
       2
       7
       2
       3
       3
       7
       1
       2
      10
       4
       7
       6
       2
       3
       4
       5
       5
       2
       5
       3
       3
       5
       7
       0
       6
       9
       6
       4
       2
       3
       3
       3
       4
       3
       3
       3
       3
       9
       5
       7
       2
       2
       5
       4
       6
       5
       3
       3
      12
       2
       7
       6
       6
       3
       5
       2
       3
       7
       2
       4
       2
       6
       2
       3
       3
       7
       2
       4
       8
       4
       2
       2
       3
       5
       3
       6
       4
       5
       2
       2
       2
       2
       2
       4
       4
       4
       3
       4
       3
       3
       6
       5
       3
       3
       8
       4
       4
       6
       5
       3
       3
       3
       5
       5
       4
       2
       3
       3
       4
      10
       2
       1
       4
       3
       2
       4
       3
       3
       3
       2
       4
       6
       7
       7
       6
       6
       2
       4
       2
       5
       5
       1
       4
       6
       2
       3
       4
       2
       3
       5
       3
       7
       4
       7
      11
       8
      13
      17
      19
      28
      15
      11
       9
       7
       6
       6
       4
       4
       6
       2
       2
       2
       4
       5
       4
       1
       5
       2
       3
       2
       2
       6
       7
       6
       9
       2
       5
       1
       5
       4
       4
       2
       0
       1
       7
       3
       1
       5
       2
       5
       3
       4
       2
       5
      10
       2
       4
       1
       9
       3
       2
       4
       3
       8
       5
       1
       2
       7
       1
       2
      10
       3
       6
       5
       5
       1
       0
       3
       4
       1
       7
       2
       1
       8
       6
       6
       2
       3
       6
       6
       3
       4
       1
       2
       5
       4
       6
       2
       5
       2
       3
       4
       5
       2
       6
       8
       8
       7
      16
      12
       8
       7
       2
       2
       3
       8
       6
       4
       4
       6
       4
       2
       2
       6
       4
       2
       1
       3
       3
       5
       2
       2
       3
       3
       6
       7
       1
       1
       3
       2
       3
       0
       0
       4
       7
       4
       5
       3
       5
       4
       6
       4
       4
       2
       1
       5
       3
       3
       3
       4
       4
       3
       3
       6
       5
       7
       3
       7
       5
       0
       6
       4
       5
       1
       3
       3
       4
       1
       4
       7
       3
       7
       3
       4
       4
       0
       1
       4
       2
       0
       4
       3
       3
       4
       8
       1
       3
       5
       4
       3
       3
       3
       2
       3
       0
       2
       2
       2
       4
       4
       1
       2
       2
       4
       4
       5
       1
       1
       2
       2
       3
       6
       4
       4
       5
       6
       5
       4
       6
       2
       5
       5
       2
       3
       4
       4
       3
       2
       3
       7
       4
       6
       5
       3
       1
       4
       5
       1
       4
       5
       5
       8
       7
       3
      10
       9
       2
       1
       4
       2
       2
       1
       5
       4
       4
      10
       2
       2
       3
       3
       2
       5
       1
       2
       1
       7
       5
       2
       4
       3
       0
       2
       0
       2
       3
       2
       3
       0
       3
       5
       1
       2
       5
       2
       3
       2
       2
       4
       2
       2
       1
       4
       1
       5
       2
       4
       2
       3
       2
       1
       2
       3
       3
       8
       1
       2
       6
       5
       3
       4
       3
       2
       0
       3
       2
       1
       4
       2
       6
       8
       1
       2
       5
       1
       2
       2
       0
       2
       1
       0
       3
       4
       4
       4
       2
       3
       1
       2
       7
       2
       4
       3
       1
       2
       1
       1
       7
       3
       5
       4
       2
       3
       1
       3
       3
       7
       5
       2
       1
       3
       1
       2
       4
       2
       4
       0
       3
       3
       2
       3
       4
       3
       1
       2
       3
       0
       3
       2
       3
       1
       5
       1
       2
       1
       3
       4
       0
       2
       3
       2
       1
       1
       1
       4
       3
       0
       1
       2
       0
       4
       3
       4
       4
       3
       3
       4
       0
       0
       7
       0
       2
       3
       4
       2
       2
       3
       2
       2
       2
       1
       2
       0
       3
       1
       4
       0
       3
       3
       0
       1
       4
       2
       2
       2
       3
       2
       1
       2
       0
       3
       3
       3
       3
       3
       2
       3
       3
       1
       4
       3
       1
       2
       1
       3
       6
       7
       1
       5
       3
       2
       3
       1
       1
       3
       1
       2
       6
       3
       2
       2
       3
       2
       2
       4
       3
       0
       2
       2
       0
       4
       1
       3
       2
       2
       2
       2
       2
       1
       0
       0
       6
       3
       4
       2
       3
       5
       4
       2
       5
       3
       1
       3
       6
       3
       2
       4
       0
       3
       5
       3
       3
       2
       1
       2
       2
       4
       2
       3
       2
       3
       1
       0
       0
       1
       3
       5
       2
       2
       2
       2
       4
       2
       3
       5
       5
       3
       3
       5
       1
       2
       2
       3
       5
       4
       3
       3
       0
       4
       1
       1
       2
       0
       2
       3
       5
       7
       2
       4
       2
       3
       3
       3
       3
       5
       1
       1
       1
       3
       3
       1
       5
       1
       3
       3
       2
       0
       1
       6
       1
       2
       1
       0
       0
       0
       3
       3
       2
       4
       2
       2
       2
       3
       0
       4
       7
       4
       8
       3
       3
       1
       4
       0
       2
       4
       6
       1
       2
       4
       5
       6
       6
       0
       3
       1
       1
       3
       2
       1
       6
       8
       6
       3
       3
       2
       4
       4
       2
       0
       0
       2
       1
       2
       3
       3
       5
       5
       0
       2
       3
       2
       2
       2
       3
       4
       1
       1
       2
       2
       5
       3
       3
       4
       4
       1
       5
       8
       3
       2
       4
       1
       3
       1
       2
       1
       2
       2
       3
       0
       3
       3
       2
       2
       1
       1
       3
       4
       2
       3
       2
       1
       3
       3
       1
       3
       1
       3
       3
       3
       2
       1
       4
       4
       2
       2
       0
       0
       1
       1
       2
       2
       1
       1
       2
       3
       2
       1
       1
       0
       2
       2
       3
       2
       1
       3
       1
       1
       1
       0
       2
       1
       5
       2
       1
       2
       0
       1
       1
       1
       3
       5
       0
       2
       3
       1
       3
       5
       1
       4
       1
       2
       3
       0
       3
       3
       1
       3
       1
       3
       7
       5
       4
       5
       6
       1
       2
       1
       2
       1
       1
       1
       0
       3
       4
       2
       4
       1
       0
       1
       0
       2
       1
       0
       1
       1
       3
       2
       0
       3
       0
       1
       1
       3
       2
       2
       3
       0
       1
       2
       3
       2
       2
       3
       0
       0
       1
       2
       2
       1
       5
       1
       1
       1
       1
       2
       6
       2
       3
       2
       2
       1
       5
       4
       4
       1
       4
       1
       3
       1
       4
       2
       6
       5
       3
       3
       1
       2
       0
       1
       1
       4
       2
       3
       2
       3
       2
       0
       1
       1
       3
       2
       3
       2
       3
       2
       0
       3
       2
       2
       0
       2
       1
       2
       3
       4
       0
       5
       3
       4
       2
       2
       0
       3
       5
       2
       2
       1
       0
       3
       2
       2
       1
       3
       0
       3
       4
       1
       1
       3
       1
       4
       2
       1
       4
       4
       1
       1
       2
       1
       1
       2
       3
       2
       3
       3
       0
       2
       1
       3
       1
       2
       0
       1
       2
       0
       2
       2
       2
       1
       1
       5
       0
       6
       0
       3
       6
       5
       1
       1
       5
       5
       3
       1
       2
       3
       3
       2
       2
       1
       4
       0
       2
       4
       2
       1
       3
       3
       2
       2
       2
       1
       0
       1
       4
       1
       0
       2
       5
       1
       2
       0
       2
       2
       4
       2
       0
       4
       0
       1
       2
       1
       2
       1
       1
       0
       1
       1
       0
       2
       0
       0
       1
       2
       0
       0
       4
       1
       1
       2
       1
       2
       0
       0
       3
       0
       0
       0
       1
       2
       1
       1
       2
       0
       1
       1
       0
       1
       0
       0
       1
       2
       1
       2
       3
       0
       1
       1
       4
       0
       1
       1
       0
       1
       3
       0
       1
       0
       1
       1
       2
       5
       0
       1
       0
       3
       3
       2
       0
       0
       1
       2
       2
       3
       2
       0
       1
       1
       1
       1
       2
       0
       1
       1
       4
       1
       1
       0
       2
       2
       2
       2
       1
       0
       1
       2
       2
       3
       1
       1
       3
       0
       0
       1
       3
       2
       1
       1
       3
       1
       1
       1
       3
       0
       2
       1
       3
       0
       1
       2
       0
       0
       0
       0
       3
       2
       1
       1
       2
       1
       6
       1
       1
       3
       3
       1
       2
       2
       1
       0
       3
       2
       2
       2
       2
       2
       1
       1
       1
       1
       1
       0
       1
       0
       0
       3
       0
       2
       0
       3
       0
       0
       1
       0
       0
       0
       1
       1
       1
       4
       2
       0
       0
       1
       0
       0
       0
       6
       1
       2
       2
       0
       1
       0
       0
       0
       0
       1
       2
       2
       2
       3
       2
       1
       0
       1
       1
       1
       1
       0
       1
       1
       0
       0
       0
       1
       0
       1
       1
       1
       0
       3
       1
       0
       0
       0
       0
       1
       2
       1
       0
       0
       0
       0
       3
       2
       0
       5
       0
       1
       0
       1
       0
       1
       1
       0
       1
       1
       0
       1
       0
       0
       1
       1
       0
       0
       0
       1
       1
       2
       0
       0
       2
       0
       0
       1
       1
       1
       0
       1
       1
       1
       2
       1
       0
       0
       1
       0
       1
       0
       1
       0
       1
       0
       2
       2
       3
       2
       1
       0
       2
       1
       1
       2
       2
       0
       1
       0
       2
       0
       1
       2
       0
       1
       0
       1
       0
       1
       0
       0
       4
       1
       3
       5
       1
       3
       1
       0
       0
       0
       1
       1
       1
       1
       0
       1
       1
       1
       2
       0
       0
       1
       1
       0
       1
       1
       0
       1
       1
       0
       1
       1
       1
       1
       1
       1
       1
       0
       3
       0
       0
       1
       0
       0
       0
       1
       0
       1
       2
       1
       2
       0
       0
       0
       0
       0
       0
       1
       0
       1
       0
       0
       3
       0
       3
       0
       1
       1
       1
       0
       0
       0
       1
       4
       4
       2
       4
       3
       2
       5
       5
       0
       4
       1
       1
       1
       0
       1
       1
       3
       0
       1
       3
       0
       1
       1
       0
       0
       1
       1
       1
       0
       0
       0
       0
       2
       0
       0
       1
       0
       2
       1
       0
       1
       0
       0
       0
       0
       0
       1
       0
       2
       0
       1
       0
       0
       0
       1
       2
       0
       0
       0
       0
       1
       0
       1
       0
       1
       2
       0
       3
       0
       2
       1
       0
       0
       0
       0
       1
       0
       1
       2
       2
       0
       0
       0
       2
       0
       0
       0
       1
       1
       1
       0
       0
       1
       0
       0
       0
       3
       0
       1
       0
       0
       1
       0
       0
       1
       1
       0
       1
       1
       0
       0
       0
       0
       1
       2
       1
       0
       1
       0
       0
       0
       1
       0
       0
       1
       0
       0
       2
       2
       3
       4
       3
       7
      16
      14
      16
      27
      31
      32
      19
      15
      11
       4
       2
       2
       0
       0
       0
       2
       2
       2
       0
       0
       0
       0
       1
       0
       0
       0
       0
       0
       0
       0
       0
       0
       0
       1
       0
       0
       0
       0
       1
       0
       0
       0
       1
       1
       2
       0
       2
       1
       1
       0
       2
       0
       0
       2
       0
       0
       1
       0
       0
       1
       0
       0
       1
       0
       1
       0
       1
       0
       1
       2
       0
       1
       1
       0
       0
       0
       0
       0
       0
       0
       1
       0
       0
       1
       0
       0
       0
       0
       0
       1
       0
       0
       0
       1
       1
       0
       0
       0
       1
       0
       0
       1
       0
       1
       0
       0
       0
       0
       2
       1
       0
       0
       0
       0
       0
       1
       0
       0
       2
       1
       2
       0
       3
       1
       1
       7
       3
       1
       4
       0
       0
       1
       0
       2
       1
       0
       0
       0
       0
       0
       0
       0
       0
       0
       1
       0
       0
       0
       1
       0
       1
       0
       0
       1
       2
       1
       1
       2
       2
       1
       0
       1
       0
       1
       1
       2
       0
       0
       1
       1
       0
       0
       0
       1
       1
       3
       0
       0
       1
       1
       0
       0
       0
       0
       0
       0
       1
       1
       0
       1
       0
       0
       0
       1
       1
       0
       0
       0
       0
       1
       0
       0
       0
       0
       0
       0
       1
       1
       1
       0
       1
       0
       0
       0
       0
       0
       0
       0
       1
       0
       0
       0
       1
       0
       0
       1
       0
       0
       0
       0
       0
       0
       0
       0
       0
       1
       0
       0
       0
       0
       1
       0
       1
       1
       0
       1
       0
       0
       0
       1
       1
       0
       2
       0
       0
       0
       0
       1
       0
       1
       0
       1
       1
       1
       0
       0
       0
       1
       0
       0
       0
       0
       0
       0
       0
       0
       1
       1
       0
       1
       0
       0
       0
       0
       0
       1
       2
       1
       0
       0
       0
       0
       0
       0
       0
       0
       0
       1
       0
       0
       0
       0
       0
       1
       0
       1
       0
       0
       2
       1
       1
       0
       1
       1
       0
       0
       1
       0
       1
       1
       2
       1
       0
       0
       1
       1
       0
       1
       3
       1
       2
       1
       1
       1
       1
       0
       2
       1
       0
       0
       0
       1
       0
       0
       1
       0
       1
       0
       0
       0
       0
       0
       2
       0
       0
       0
       0
       0
       0
       1
       0
       1
       0
       2
       0
       1
       0
       0
       0
       1
       0
       1
       2
       0
       0
       0
       0
       0
       0
       2
       0
       0
       2
       0
       1
       1
       2
       1
       0
       0
       0
       0
       0
       2
       0
       0
       0
       0
       0
       0
       2
       3
       3
       1
       0
       1
       0
       0
       1
       1
       2
       1
       0
       0
       1
       1
       0
       0
       0
       0
       0
       1
       0
       1
       1
       1
       1
       0
       1
       0
       0
       2
       0
       0
       0
       0
       1
       0
       0
       2
       0
       3
       0
       2
       1
       3
       0
       1
       0
       0
       1
       1
       0
       0
       0
       1
       0
       1
       1
       0
       2
       0
       0
       0
       0
       0
       0
       1
       0
       0
       0
       0
       0
       1
       0
       0
       0
       1
       0
       1
       0
       0
       0
       0
       0
       2
       0
       0
       0
       1
       0
       0
       0
       1
       0
       0
       0
       0
       2
       0
       1
       0
       1
       1
       0
       0
       0
       0
       0
       1
       0
       0
       0
       0
       0
       1
       0
       0
       0
       0
       0
       1
       0
       0
       0
       0
       0
       1
       0
       0
       0
       0
       0
       0
       1
       0
       0
       0
       1
       0
       0
       0
       1
       1
       0
       0
       1
       1
       0
       0
       2
       0
       1
       0
       1
       0
       0
       0
       2
       0
       0
       2
       1
       0
       2
       0
       2
       0
       0
       0
       0
       0
       0
       0
       0
       2
       1
       0
       1
       0
       0
       0
       0
       0
       0
       0
       0
       3
       0
       0
       0
       1
       1
       0
       0
       1
       0
       0
       1
       0
       0
       0
       0
       1
       0
       0
       0
       1
       0
       0
       0
       0
       0
       0
       0
       0
       0
       1
       0
       0
       0
       1
       0
       0
       0
       0
       0
       1
       0
       1
       0
       0
       0
       0
       0
       0
       0
       0
       0
       0
       1
       0
       0
       0
       0
       0
       0
       0
       0
       0
       1
       0
       1
       0
       0
       1
       0
       0
       1
       1
       0
       0
       1
       2
       0
       0
       0
       0
       0
       0
       0
       0
       0
       1
       1
       0
       1
       0
       0
       1
       0
       0
       0
       0
       0
       0
       0
       0
       0
       0
       0
       1
       0
       3
       0
       0
       1
       0
       1
       0
       0
       2
       0
       0
       1
       1
       0
       0
       0
       0
       0
       0
       0
       0
       0
       0
       1
       0
       0
       3
       0
       0
       0
       1
       0
       0
       0
       0
       1
       0
       1
       1
       0
       0
       1
       1
       0
       2
       1
       0
       1
       0
       0
       0
       0
       0
       1
       1
       0
       0
       1
       1
       0
       0
       0
       2
       3
       1
       1
       0
       1
       4
       0
       1
       3
       0
       0
       0
       1
       1
       0
       0
       0
       0
       0
       0
       0
       0
       0
       0
       0
       0
       1
       0
       0
       1
       0
       0
       0
       0
       1
       0
       0
       0
       0
       0
       0
       0
       0
       0
       0
       1
       0
       0
       0
       0
       1
       1
       0
       0
       0
       0
       0
       0
       0
       0
       0
       2
       0
       0
       0
       1
       0
       0
       0
       0
       0
       0
       0
       0
       0
       0
       1
       0
       1
       0
       0
       2
       0
       0
       1
       0
       1
       0
       0
       0
       0
       0
       0
       2
       0
       0
       1
       0
       1
       2
       0
       0
       1
       0
       0
       0
       0
       1
       0
       0
       1
       0
       0
       1
       0
       0
       0
       0
       0
       1
       0
       0
       0
       0
       0
       1
       0
       0
       0
       0
       0
       0
       1
       0
       0
       1
       1
       0
       0
       1
       0
       1
       0
       0
       0
       0
       0
       0
       0
       1
       0
       0
       0
       0
       0
       0
       0
       0
       0
       0
       0
       1
       0
       0
       0
       1
       0
       0
       0
       0
       0
       0
       0
       0
       0
       0
       0
       0
       0
       0
       0
       0
       0
       0
       1
       0
       1
       0
       0
       0
       1
       0
       0
       1
       0
       0
       0
       0
       0
       1
       0
       0
       1
       0
       0
       0
       1
       1
       0
       0
       0
       0
       1
       3
       0
       1
       0
       0
       0
       0
       0
       0
       1
       0
       0
       0
       0
       0
       0
       0
       0
       0
       0
       0
       1
       0
       0
       1
       1
       0
       0
       0
       0
       1
       0
       1
       1
       0
       0
       0
       1
       1
       0
       0
       1
       1
       0
       0
       0
       0
       0
       0
       1
       3
       0
       1
       1
       0
       0
       0
       0
       0
       0
       0
       0
       0
       0
       0
       2
       0
       0
       0
       0
       0
       0
       0
       0
       0
       0
       0
       0
       0
       0
       0
       0
       1
       0
       0
       0
       0
       1
       0
       0
       0
       0
       1
       0
       0
       0
       0
       0
       0
       1
       0
       0
       0
       0
       0
       0
       0
       1
       0
       0
       0
       0
       0
       1
       0
       0
       0
       0
       1
       0
       0
       1
       0
       0
       1
       1
       0
       1
       0
       0
       0
       0
       0
       0
       0
       0
       0
       0
       0
       0
       1
       1
       1
       0
       0
       0
       0
       0
       0
       0
       0
       0
       0
       1
       0
       0
       0
       0
       1
       0
       1
       0
       0
       0
       0
       1
       0
       0
       1
       0
       0
       0
       0
       0
       0
       0
       1
       1
       0
       0
       0
       0
       1
       0
       0
       0
       0
       1
       0
       0
       1
       0
       0
       0
       0
       0
       2
       0
       3
       0
       0
       0
       0
       0
       0
       0
       0
       0
       1
       0
       0
       0
       0
       0
       1
       1
       0
       0
       0
       0
       0
       2
       0
       0
       1
       0
       0
       0
       0
       0
       1
       0
       0
       1
       0
       1
       1
       0
       1
       0
       1
       0
       0
       0
       0
       0
       0
       0
       0
       1
       0
       0
       1
       0
       0
       2
       0
       0
       0
       0
       0
       0
       1
       1
       1
       0
       0
       1
       0
       0
       0
       0
       0
       0
       0
       0
       0
       0
       0
       0
       0
       0
       0
       0
       0
       2
       0
       1
       0
       0
       0
       0
       0
       1
       0
       0
       1
       0
       0
       0
       1
       0
       0
       1
       0
       1
       0
       0
       0
       0
       0
       1
       1
       0
       0
       1
       0
       0
       0
       0
       0
       0
       0
       0
       0
       0
       0
       0
       0
       0
       0
       0
       0
       1
       0
       0
       0
       0
       0
       1
       0
       0
       0
       0
       0
       0
       0
       0
       0
       0
       0
       1
       1
       0
       0
       0
       0
       0
       1
       0
       1
       0
       0
       1
       1
       1
       0
       1
       0
       0
       0
       0
       0
       0
       0
       0
       0
       0
       0
       0
       0
       0
       1
       0
       0
       0
       0
       0
       0
       0
       0
       0
       0
       0
       0
       0
       0
       1
       0
       1
       0
       0
       0
       0
       0
       1
       0
       0
       0
       0
       0
       0
       0
       0
       0
       1
       0
       0
       1
       0
       0
       0
       0
       0
       0
       1
       0
       1
       0
       1
       0
       0
       0
       1
       1
       0
       1
       1
       0
       0
       0
       0
       0
       2
       0
       0
       0
       0
       1
       0
       1
       2
       0
       0
       0
       0
       1
       1
       0
       0
       1
       0
       0
       0
       0
       0
       0
       0
       0
       0
       0
       0
       1
       2
       1
       0
       0
       0
       0
       0
       0
       0
       0
       0
       1
       0
       0
       0
       0
       0
       0
       0
       0
       0
       1
       0
       1
       1
       0
       1
       0
       0
       0
       1
       0
       1
       0
       1
       0
       0
       0
       0
       0
       0
       0
       1
       0
       0
       0
       0
       0
       0
       0
       0
       0
       0
       0
       0
       2
       0
       1
       0
       0
       0
       0
       0
       0
       0
       0
       0
       0
       0
       1
       0
       0
       1
       0
       0
       1
       0
       0
       0
       0
       0
       0
       0
       0
       0
       0
       0
       0
       0
       1
       0
       0
       0
       0
       0
       1
       0
       0
       0
       0
       0
       0
       0
       1
       0
       0
       0
       0
       0
       1
       0
       0
       0
       0
       0
       0
       0
       0
       0
       0
       0
       0
       0
       0
       1
       0
       0
       0
       1
       0
       1
       0
       0
       0
       0
       0
       0
       0
       0
       0
       0
       1
       0
       0
       0
       0
       1
       0
       0
       0
       1
       0
       0
       1
       0
       0
       0
       0
       1
       1
       1
       1
       0
       2
       0
       1
       2
       0
       0
       1
       0
       0
       0
       0
       1
       0
       0
       0
       0
       0
       0
       0
       0
       0
       0
       0
       0
       0
       0
       0
       0
       1
       1
       0
       0
       0
       0
       1
       0
       0
       0
       0
       0
       0
       0
       1
       0
       1
       1
       1
       0
       1
       0
       0
       0
       0
       0
       0
       0
       0
       0
       0
       0
       0
       1
       0
       0
       0
       0
       0
       0
       0
       0
       0
       0
       0
       0
       0
       0
       0
       1
       0
       0
       1
       0
       0
       0
       1
       0
       0
       0
       0
       2
       0
       1
       0
       0
       1
       0
       0
       1
       0
       0
       0
       0
       0
       0
       0
       0
       1
       0
       0
       0
       0
       0
       0
       0
       0
       0
       0
       0
       0
       1
       0
       0
       0
       0
       0
       0
       0
       0
       0
       1
       0
       0
       0
       0
       0
       0
       0
       0
       0
       0
       0
       0
       0
       0
       1
       0
       1
       0
       1
       0
       0
       1
       0
       0
       0
       2
       0
       0
       0
       0
       0
       0
       0
       0
       0
       0
       0
       1
       0
       0
       0
       0
       0
       0
       1
       0
       1
       0
       0
       0
       0
       0
       0
       0
       0
       0
       0
       0
       0
       0
       0
       0
       0
       0
       0
       0
       0
       0
       0
       0
       0
       0
       1
       0
       1
       0
       0
       0
       0
       0
       0
       0
       0
       0
       0
       0
       0
       0
       0
       1
       0
       0
       1
       0
       0
       0
       0
       0
       0
       0
       0
       0
       0
       0
       0
       0
       0
       0
       1
       0
       0
       1
       0
       1
       0
       2
       1
       3
       3
       2
       1
       0
       0
       0
       0
       0
       0
       0
       2
       1
       0
       0
       1
       0
       1
       0
       0
       1
       1
       0
       0
       0
       1
       0
       0
       0
       0
       0
       0
       0
       0
       0
       0
       0
       0
       0
       0
       0
       0
       1
       0
       0
       0
       0
       0
       0
       0
       0
       0
       0
       0
       0
       1
       0
       0
       0
       0
       1
       0
       2
       0
       0
       1
       2
       0
       0
       0
       1
       0
       0
       0
       0
       0
       0
       0
       0
       0
       1
       0
       0
       0
       0
       0
       0
       0
       1
       0
       0
       1
       0
       0
       0
       1
       0
       0
       0
       0
       0
       0
       0
       1
       0
       1
       1
       0
       0
       0
       0
       1
       0
       1
       0
       1
       0
       0
       0
       0
       1
       0
       0
       0
       0
       0
       0
       1
       0
       0
       0
       0
       0
       0
       0
       0
       1
       0
       0
       0
       0
       1
       0
       0
       0
       2
       0
       0
       1
       0
       0
       0
       0
       0
       1
       0
       0
       1
       0
       0
       0
       1
       0
       0
       0
       0
       0
       1
       0
       0
       0
       0
       0
       0
       0
       0
       0
       0
       0
       0
       0
       1
       0
       0
       0
       0
       0
       0
       0
       0
       0
       1
       0
       0
       0
       0
       0
       0
       0
       0
       0
       1
       1
       0
       0
       0
       0
       0
       0
       0
       3
       0
       0
       0
       0
       1
       0
       0
       0
       0
       0
       0
       0
       0
       0
       1
       0
       0
       0
       0
       0
       0
       1
       1
       1
       1
       0
       0
       0
       0
       0
       0
       0
       1
       0
       0
       0
       0
       0
       0
       1
       0
       1
       0
       0
       0
       0
       0
       0
       0
       1
       0
       1
       0
       0
       0
       0
       1
       0
       1
       0
       0
       0
       0
       0
       0
       2
       0
       0
       0
       2
       0
       0
       0
       0
       0
       0
       0
       0
       0
       0
       0
       0
       0
       0
       0
       0
       0
       0
       0
       0
       1
       0
       0
       0
       0
       0
       0
       0
       0
       0
       0
       0
       0
       0
       0
       0
       2
       0
       1
       0
       0
       1
       0
       1
       0
       0
       0
       0
       1
       2
       0
       0
       0
       0
       0
       0
       0
       0
       0
       0
       0
       0
       0
       0
       0
       0
       1
       1
       2
       0
       0
       1
       0
       0
       0
       0
       0
       0
       0
       0
       0
       0
       0
       0
       0
       1
       0
       0
       0
       0
       0
       0
       1
       0
       0
       0
       1
       1
       0
       2
       0
       0
       0
       2
       1
       0
       0
       0
       0
       1
       0
       0
       0
       0
       0
       2
       0
       0
       1
       0
       0
       0
       0
       0
       0
       0
       0
       0
       0
       0
       0
       0
       1
       0
       0
       0
       2
       0
       0
       0
       0
       0
       0
       0
       2
       1
       0
       0
       2
       0
       1
       0
       0
       0
       1
       2
       0
       1
       0
       0
       0
       0
       1
       1
       0
       0
       0
       0
       0
       0
       0
       0
       0
       0
       2
       0
       0
       0
       1
       0
       0
       0
       0
       0
       0
       0
       1
       0
       1
       0
       0
       0
       0
       1
       1
       0
       0
       0
       0
       0
       2
       0
       0
       0
       0
       0
       1
       0
       0
       0
       0
       0
       0
       0
       0
       1
       0
       1
       0
       0
       0
       0
       0
       0
       0
       0
       0
       0
       0
       0
       0
       0
       0
       1
       0
       0
       0
       1
       0
       0
       0
       0
       0
       0
       0
       0
       0
       0
       0
       0
       0
       1
       0
       0
       0
       0
       0
       1
       0
       0
       0
       0
       0
       0
       0
       0
       0
       0
       0
       1
       0
       0
       0
       0
       1
       0
       0
       0
       1
       0
       0
       0
       0
       0
       1
       0
       0
       0
       0
       0
       0
       0
       0
       0
       0
       1
       0
       0
       0
       0
       0
       0
       0
       0
       0
       0
       1
       0
       0
       0
       0
       0
       0
       1
       0
       0
       0
       0
       0
       0
       0
       0
       0
       0
       0
       0
       0
       1
       0
       0
       0
       0
       0
       0
       0
       0
       0
       0
       1
       0
       0
       0
       0
       0
       2
       1
       0
       0
       0
       0
       1
       0
       0
       0
       1
       0
       0
       0
       0
       0
       0
       0
       1
       0
       0
       0
       0
       1
       0
       0
       0
       0
       0
       0
       0
       0
       0
       0
       0
       0
       0
       0
       0
       0
       0
       0
       0
       0
       0
       0
       0
       0
       1
       0
       1
       0
       0
       0
       0
       0
       0
       0
       1
       0
       0
       0
       1
       1
       0
       0
       0
       0
       0
       0
       0
       0
       0
       0
       0
       0
       0
       0
       0
       0
       0
       1
       0
       1
       0
       0
       0
       1
       0
       0
       0
       0
       0
       0
       0
       0
       2
       0
       0
       0
       0
       0
       0
       0
       0
       0
       0
       0
       0
       0
       0
       0
       0
       0
       1
       0
       0
       0
       0
       0
       0
       1
       0
       1
       0
       0
       0
       0
       1
       0
       0
       0
       0
       0
       0
       0
       0
       0
       0
       0
       0
       0
       0
       0
       0
       0
       0
       0
       0
       0
       1
       1
       1
       0
       0
       0
       1
       0
       1
       0
       0
       0
       1
       0
       0
       0
       1
       0
       0
       0
       0
       0
       0
       0
       0
       0
       0
       0
       0
       0
       0
       0
       0
       0
       0
       0
       1
       0
       0
       0
       0
       0
       0
       0
       0
       0
       0
       0
       0
       0
       0
       0
       0
       0
       0
       0
       1
       0
       0
       0
       0
       0
       0
       0
       0
       0
       0
       0
       0
       0
       0
       0
       0
       0
       0
       0
       0
       0
       0
       0
       0
       0
       0
       0
       0
       0
       0
       0
       0
       0
       0
       0
       0
       0
       0
       0
       0
       0
       1
       0
       0
       0
       0
       0
       0
       0
       0
       0
       0
       0
       0
       0
       0
       0
       0
       0
       0
       0
       1
       0
       0
       0
       0
       0
       0
       0
       0
       0
       0
       1
       0
       0
       0
       0
       0
       0
       0
       0
       0
       0
       0
       0
       0
       0
       0
       0
       1
       0
       1
       1
       0
       0
       0
       0
       0
       0
       0
       0
       0
       0
       1
       0
       0
       0
       0
       0
       0
       0
       0
       0
       1
       0
       0
       0
       0
       0
       0
       0
       0
       0
       0
       0
       0
       0
       0
       0
       0
       0
       0
       0
       0
       0
       0
       0
       0
       0
       0
       0
       0
       0
       0
       0
       0
       0
       0
       0
       1
       0
       0
       0
       0
       0
       0
       0
       0
       1
       0
       0
       0
       0
       0
       0
       0
       0
       0
       1
       0
       0
       0
       0
       0
       0
       0
       0
       0
       0
       0
       0
       0
       0
       0
       0
       0
       0
       2
       1
       2
       2
       4
       0
       4
       6
       3
       6
       3
       2
       2
       0
       0
       0
       0
       0
       0
       0
       0
       0
       0
       0
       0
       1
       0
       0
       1
       0
       0
       0
       0
       0
       0
       0
       0
       0
       0
       0
       1
       0
       0
       0
       0
       0
       0
       0
       0
       0
       0
       0
       0
       0
       0
       0
       0
       0
       0
       0
       0
       0
       0
       0
       0
       0
       0
       0
       0
       0
       0
       0
       0
       0
       0
       0
       0
       0
       0
       0
       0
       0
       0
       0
       0
       0
       0
       0
       0
       0
       0
       0
       0
       0
       0
       0
       0
       0
       0
       0
       0
       0
       0
       0
       0
       0
       0
       0
       0
       1
       0
       0
       0
       0
       0
       0
       0
       0
       0
       0
       0
       0
       0
       0
       0
       0
       1
       0
       0
       0
       0
       0
       0
       0
       0
       0
       0
       0
       0
       0
       0
       0
       0
       0
       0
       0
       0
       0
       0
       0
       0
       0
       1
       0
       0
       0
       0
       0
       0
       0
       0
       0
       0
       0
       0
       0
       0
       0
       0
       0
       0
       0
       0
       0
       0
       0
       0
       0
       0
       0
       0
       0
       0
       0
       0
       1
       0
       0
       0
       0
       0
       0
       0
       0
       0
       0
       0
       0
       0
       0
       0
       0
       0
       1
       0
       0
       0
       0
       0
       0
       0
       0
       0
       0
       0
       0
       0
       0
       0
       0
       0
       0
       0
       0
       0
       0
       0
       0
       0
       0
       0
       0
       0
       0
       0
       0
       0
       0
       0
       0
       1
       0
       0
       0
       0
       1
       0
       0
       0
       0
       0
       0
       0
       0
       0
       0
       0
       0
       0
       0
       0
       0
       0
       0
       0
       0
       0
       0
       0
       0
       0
       0
       0
       0
       0
       0
       0
       0
       0
       0
       0
       0
       0
       0
       0
       0
       0
       0
       0
       0
       0
       0
       0
       0
       0
       0
       0
       0
       0
       0
       0
       0
       0
       0
       0
       0
       0
       0
       0
       0
       0
       1
       0
       0
       0
       0
       0
       0
       1
       0
       1
       0
       0
       0
       0
       0
       0
       0
       0
       0
       0
       0
       0
       0
       0
       0
       0
       0
       0
       0
       0
       0
       0
       0
       0
       0
       0
       0
       0
       0
       0
       0
       0
       0
       0
       0
       0
       0
       0
       0
       0
       0
       0
       0
       0
       0
       0
       1
       0
       0
       0
       1
       0
       0
       0
       0
       0
       0
       0
       0
       0
       0
       0
       0
       0
       1
       0
       0
       0
       0
       0
       0
       0
       0
       0
       0
       0
       0
       0
       0
       0
       0
       0
       1
       0
       0
       0
       0
       0
       0
       0
       0
       0
       0
       0
       0
       0
       0
       0
       0
       0
       0
       0
       1
       0
       0
       0
       0
       0
       0
       0
       0
       0
       0
       0
       0
       0
       0
       0
       0
       0
       0
       0
       0
       0
       0
       0
       0
       0
       0
       0
       0
       0
       0
       0
       0
       0
       0
       0
       0
       1
       0
       0
       0
       0
       0
       0
       0
       0
       1
       0
       0
       1
       0
       0
       0
       0
       0
       0
       0
       0
       0
       0
       0
       0
       0
       0
       0
       0
       0
       0
       0
       0
       0
       0
       1
       0
       0
       0
       1
       0
       0
       0
       0
       0
       0
       0
       0
       0
       0
       0
       0
       0
       0
       0
       0
       0
       0
       0
       0
       0
       0
       0
       0
       0
       0
       0
       0
       0
       0
       0
       0
       0
       0
       0
       0
       0
       0
       0
       0
       0
       0
       0
       0
       0
       1
       0
       0
       0
       0
       0
       0
       0
       0
       0
       0
       0
       0
       0
       0
       0
       0
       0
       0
       0
       0
       0
       0
       0
       1
       0
       0
       0
       0
       0
       0
       1
       0
       0
       0
       0
       0
       0
       0
       0
       0
       0
       0
       0
       0
       0
       0
       0
       0
       0
       0
       0
       0
       1
       0
       0
       0
       0
       0
       1
       0
       0
       0
       0
       0
       0
       0
       0
       1
       0
       0
       0
       0
       0
       0
       0
       0
       0
       0
       0
       0
       0
       0
       0
       0
       0
       0
       0
       0
       0
       0
       0
       0
       0
       0
       0
       0
       0
       0
       0
       0
       0
       0
       0
       0
       0
       0
       0
       0
       0
       0
       0
       0
       0
       0
       1
       1
       0
       0
       0
       0
       1
       0
       0
       1
       0
       0
       0
       0
       0
       0
       0
       0
       0
       0
       0
       0
       0
       0
       0
       0
       0
       0
       0
       0
       0
       0
       0
       1
       0
       0
       0
       0
       0
       0
       0
       0
       0
       1
       0
       0
       0
       0
       0
       0
       0
       0
       0
       0
       0
       0
       0
       0
       0
       0
       0
       0
       0
       0
       0
       0
       0
       0
       0
       0
       1
       0
       0
       0
       0
       0
       0
       0
       0
       0
       0
       0
       0
       0
       0
       0
       0
       0
       0
       0
       0
       1
       0
       0
       0
       0
       0
       0
       0
       0
       0
       0
       0
       0
       0
       0
       0
       0
       0
       0
       0
       0
       0
       0
       0
       0
       0
       0
       0
       0
       0
       0
       0
       0
       0
       0
       0
       0
       0
       0
       0
       0
       0
       0
       0
       0
       0
       0
       0
       0
       0
       0
       0
       0
       0
       0
       0
       0
       0
       0
       0
       0
       0
       0
       0
       0
       0
       0
       0
       0
       0
       0
       0
       0
       0
       0
       0
       0
       0
       0
       0
       0
       0
       0
       0
       0
       0
       0
       0
       0
       0
       0
       1
       0
       0
       0
       0
       0
       0
       0
       0
       0
       0
       0
       0
       0
       0
       0
       0
       0
       0
       0
       0
       0
       0
       0
       0
       0
       0
       0
       0
       0
       0
       0
       0
       0
       0
       0
       0
       0
       0
       0
       0
       0
       0
       0
       0
       0
       0
       0
       0
       0
       0
       1
       0
       0
       0
       0
       0
       0
       0
       0
       0
       0
       0
       0
       0
       0
       0
       1
       0
       0
       0
       1
       0
       0
       0
       0
       0
       0
       0
       0
       0
       0
       0
       0
       0
       0
       0
       0
       0
       0
       0
       0
       0
       0
       0
       0
       0
       0
       0
       0
       0
       0
       0
       0
       0
       0
       0
       0
       0
       0
       0
       0
       0
       0
       0
       0
       0
       0
       0
       0
       1
       0
       0
       0
       0
       0
       0
       0
       0
       0
       0
       0
       0
       0
       0
       0
       0
       0
       0
       0
       0
       0
       0
       0
       0
       0
       0
       0
       0
       0
       0
       0
       0
       0
       0
       0
       0
       0
       0
       0
       0
       0
       2
       0
       0
       1
       0
       0
       0
       0
       0
       0
       1
       0
       0
       1
       0
       0
       0
       0
       0
       0
       0
       0
       0
       0
       0
       0
       0
       0
       0
       0
       0
       0
       0
       0
       0
       0
       1
       0
       0
       0
       0
       0
       0
       0
       0
       0
       0
       0
       0
       0
       0
       0
       0
       0
       0
       0
       0
       0
       0
       0
       0
       0
       0
       0
       0
       0
       0
       0
       0
       0
       0
       0
       0
       0
       0
       0
       0
       0
       0
       0
       0
       0
       0
       0
       0
       0
       0
       0
       0
       0
       0
       0
       0
       0
       0
       0
       0
       0
       0
       0
       0
       0
       0
       0
       0
       0
       0
       1
       0
       0
       0
       0
       0
       0
       0
       0
       0
       0
       1
       0
       0
       0
       0
       0
       0
       0
       0
       0
       0
       0
       0
       0
       0
       0
       0
       0
       0
       0
       0
       0
       0
       0
       1
       0
       0
       0
       0
       0
       0
       0
       0
       0
       0
       0
       0
       0
       0
       0
       0
       0
       1
       0
       0
       0
       0
       0
       0
       0
       0
       0
       0
       0
       0
       0
       0
       0
       0
       0
       0
       0
       0
       0
       0
       1
       0
       0
       1
       0
       0
       0
       0
       0
       0
       0
       0
       0
       0
       0
       0
       0
       0
       0
       0
       0
       0
       0
       0
       0
       0
       0
       0
       0
       0
       0
       0
       0
       0
       0
       0
       0
       0
       0
       0
       0
       0
       0
       0
       0
       0
       0
       0
       0
       0
       0
       0
       0
       0
       0
       0
       0
       0
       0
       0
       0
       0
       0
       0
       0
       0
       0
       0
       0
       0
       0
       0
       0
       0
       0
       0
       0
       0
       0
       0
       0
       0
       0
       0
       0
       0
       0
       0
       0
       0
       0
       0
       0
       0
       0
       0
       0
       0
       0
       0
       0
       0
       0
       0
       0
       0
       0
       0
       0
       0
       0
       0
       0
       0
       0
       0
       0
       0
       0
       0
       0
       0
       0
       0
       0
       0
       0
       0
       0
       0
       0
       0
       0
       1
       0
       0
       0
       0
       0
       0
       0
       0
       1
       0
       0
       0
       0
       0
       0
       0
       0
       0
       0
       0
       0
       0
       0
       0
       0
       0
       0
       0
       0
       0
       0
       0
       0
       0
       0
       0
       0
       0
       0
       0
       0
       1
       0
       0
       0
       0
       0
       0
       0
       0
       0
       0
       0
       0
       0
       0
       0
       0
       0
       0
       0
       0
       0
       0
       0
       0
       0
       0
       0
       0
       0
       0
       0
       0
       0
       0
       0
       0
       0
       0
       0
       0
       0
       0
       0
       0
       0
       0
       0
       0
       0
       0
       0
       0
       0
       0
       0
       0
       0
       0
       0
       0
       0
       0
       0
       0
       0
       0
       0
       0
       0
       0
       0
       0
       0
       0
       0
       0
       0
       0
       0
       0
       0
       0
       0
       0
       0
       1
       0
       0
       0
       0
       0
       0
       0
       0
       0
       0
       0
       0
       0
       0
       0
       0
       0
       0
       0
       0
       0
       0
       0
       0
       0
       0
       0
       0
       0
       0
       0
       0
       0
       0
       0
       0
       1
       0
       0
       0
       0
       0
       0
       0
       0
       0
       0
       0
       0
       0
       0
       0
       0
       0
       0
       0
       0
       0
       0
       0
       0
       1
       0
       0
       0
       0
       0
       0
       0
       0
       0
       0
       0
       0
       0
       0
       0
       0
       0
       0
       0
       0
       0
       0
       0
       0
       0
       0
       0
       0
       0
       0
       0
       0
       0
       0
       0
       0
       0
       0
       0
       0
       0
       0
       0
       0
       0
       0
       0
       0
       0
       0
       0
       0
       0
       0
       0
       0
       0
       0
       0
       0
       0
       0
       0
       0
       0
       0
       0
       0
       0
       0
       0
       0
       0
       0
       0
       0
       0
       0
       0
       0
       0
       0
       0
       0
       0
       0
       0
       0
       0
       0
       0
       0
       0
       0
       0
       0
       0
       0
       0
       0
       0
       0
       0
       0
       0
       0
       0
       0
       0
       0
       0
       0
       0
       0
       0
       0
       0
       0
       0
       0
       0
       0
       0
       0
       0
       0
       0
       0
       0
       0
       0
       0
       0
       0
       0
       0
       0
       0
       0
       0
       0
       0
       0
       0
       0
       0
       0
       0
       0
       0
       0
       0
       0
       0
       0
       0
       0
       0
       0
       0
       0
       0
       0
       0
       0
       0
       0
       0
       0
       0
       0
       0
       0
$ROI:
0
$PRESETS:
Real Time
300
0
$ENER_FIT:
8.931054 0.240803
$MCA_CAL:
3
8.931054E+000 2.408025E-001 6.157388E-008 keV
$SHAPE_CAL:
3
9.658150E+000 -1.618950E-003 2.758845E-007
