# Target Z    :  73
# Target A    : 181
# Target state:  
# Projectile  : p
# Reaction    : (p,xp)
# E-inc       :  400.000 MeV
# Quantity    : Double-differential cross section
# Frame       : L
# MF          :    6
# MT          :  203
# X4 ID       : E2075066 
# X4 code     : 73-TA-181(P,X)1-H-1,,DA/DE
# Author      : Otsu                     
# Year        : 1995
# Data points :    150
# E-out(MeV) xs(mb/MeV.sr) dxs(mb/MeV.sr) dE(MeV)      Evaluation  C/E(F)      Chi-2     Delta(mb)
  0.00000E+00 -2.71500E-08  9.12000E-09  0.00000E+00  2.00001E+01
  0.00000E+00 -2.75900E-08  9.26600E-09  0.00000E+00  2.00001E+01
  0.00000E+00 -1.94700E-08  7.66700E-09  0.00000E+00  2.00001E+01
  0.00000E+00 -2.80300E-08  9.41000E-09  0.00000E+00  2.00001E+01
  0.00000E+00 -2.30500E-08  8.55500E-09  0.00000E+00  2.00001E+01
  0.00000E+00 -4.47900E-08  1.17600E-08  0.00000E+00  2.00001E+01
  0.00000E+00 -7.24500E-09  4.65900E-09  0.00000E+00  2.00001E+01
  0.00000E+00 -2.75900E-08  9.26600E-09  0.00000E+00  2.00001E+01
  0.00000E+00 -3.52700E-08  1.05000E-08  0.00000E+00  2.00001E+01
  0.00000E+00 -3.98100E-08  1.10900E-08  0.00000E+00  2.00001E+01
  0.00000E+00 -3.43900E-08  1.02400E-08  0.00000E+00  2.00001E+01
  0.00000E+00 -4.11300E-08  1.14500E-08  0.00000E+00  2.00001E+01
  0.00000E+00 -3.34400E-08  1.03200E-08  0.00000E+00  2.00001E+01
  0.00000E+00 -4.74900E-08  1.21400E-08  0.00000E+00  2.00001E+01
  0.00000E+00 -4.38300E-08  1.18300E-08  0.00000E+00  2.00001E+01
  0.00000E+00 -1.94700E-08  7.66700E-09  0.00000E+00  2.00001E+01
  0.00000E+00 -4.16400E-08  1.12500E-08  0.00000E+00  2.00001E+01
  0.00000E+00 -4.79300E-08  1.22500E-08  0.00000E+00  2.00001E+01
  0.00000E+00 -5.20300E-08  1.26500E-08  0.00000E+00  2.00001E+01
  0.00000E+00 -6.73200E-08  1.46900E-08  0.00000E+00  2.00001E+01
  0.00000E+00 -7.18600E-08  1.51200E-08  0.00000E+00  2.00001E+01
  0.00000E+00 -4.47900E-08  1.17600E-08  0.00000E+00  2.00001E+01
  0.00000E+00 -6.46900E-08  1.41300E-08  0.00000E+00  2.00001E+01
  0.00000E+00 -7.64000E-08  1.55300E-08  0.00000E+00  2.00001E+01
  0.00000E+00  2.68000E-07  3.95700E-08  0.00000E+00  2.00001E+01
  0.00000E+00  7.72200E-06  1.75900E-07  0.00000E+00  2.00001E+01
  0.00000E+00  6.09000E-07  5.22700E-08  0.00000E+00  2.00001E+01
  0.00000E+00  5.32400E-07  5.06500E-08  0.00000E+00  2.00001E+01
  0.00000E+00  9.98800E-07  6.47400E-08  0.00000E+00  2.00001E+01
  0.00000E+00  1.01720E-06  6.60500E-08  0.00000E+00  2.00001E+01
  0.00000E+00  1.16820E-06  7.17700E-08  0.00000E+00  2.00001E+01
  0.00000E+00  1.06980E-06  6.78800E-08  0.00000E+00  2.00001E+01
  0.00000E+00  1.02040E-06  6.56400E-08  0.00000E+00  2.00001E+01
  0.00000E+00  1.19020E-06  7.05700E-08  0.00000E+00  2.00001E+01
  0.00000E+00  1.21200E-06  7.14200E-08  0.00000E+00  2.00001E+01
  0.00000E+00  1.26860E-06  7.46500E-08  0.00000E+00  2.00001E+01
  0.00000E+00  1.26870E-06  7.36900E-08  0.00000E+00  2.00001E+01
  0.00000E+00  1.39730E-06  7.81000E-08  0.00000E+00  2.00001E+01
  0.00000E+00  1.44980E-06  7.86600E-08  0.00000E+00  2.00001E+01
  0.00000E+00  1.48750E-06  7.88400E-08  0.00000E+00  2.00001E+01
  0.00000E+00  1.67530E-06  8.44900E-08  0.00000E+00  2.00001E+01
  0.00000E+00  1.56530E-06  8.06200E-08  0.00000E+00  2.00001E+01
  0.00000E+00  1.52650E-06  8.11300E-08  0.00000E+00  2.00001E+01
  0.00000E+00  1.63690E-06  8.39800E-08  0.00000E+00  2.00001E+01
  0.00000E+00  1.59690E-06  8.30200E-08  0.00000E+00  2.00001E+01
  0.00000E+00  1.68980E-06  8.52200E-08  0.00000E+00  2.00001E+01
  0.00000E+00  1.63420E-06  8.36400E-08  0.00000E+00  2.00001E+01
  0.00000E+00  1.81000E-06  8.67200E-08  0.00000E+00  2.00001E+01
  0.00000E+00  1.85840E-06  8.80700E-08  0.00000E+00  2.00001E+01
  0.00000E+00  1.85110E-06  8.91300E-08  0.00000E+00  2.00001E+01
  0.00000E+00  1.88810E-06  8.77700E-08  0.00000E+00  2.00001E+01
  0.00000E+00  2.07420E-06  9.36800E-08  0.00000E+00  2.00001E+01
  0.00000E+00  1.87650E-06  8.94300E-08  0.00000E+00  2.00001E+01
  0.00000E+00  1.92750E-06  9.09100E-08  0.00000E+00  2.00001E+01
  0.00000E+00  1.88620E-06  8.94700E-08  0.00000E+00  2.00001E+01
  0.00000E+00  2.17700E-06  9.49300E-08  0.00000E+00  2.00001E+01
  0.00000E+00  2.04500E-06  9.34000E-08  0.00000E+00  2.00001E+01
  0.00000E+00  2.27770E-06  9.83100E-08  0.00000E+00  2.00001E+01
  0.00000E+00  2.19970E-06  9.70300E-08  0.00000E+00  2.00001E+01
  0.00000E+00  2.25310E-06  9.80400E-08  0.00000E+00  2.00001E+01
  0.00000E+00  2.09230E-06  9.47600E-08  0.00000E+00  2.00001E+01
  0.00000E+00  2.28330E-06  9.84000E-08  0.00000E+00  2.00001E+01
  0.00000E+00  2.20700E-06  9.68900E-08  0.00000E+00  2.00001E+01
  0.00000E+00  2.30620E-06  9.83900E-08  0.00000E+00  2.00001E+01
  0.00000E+00  2.16750E-06  9.61400E-08  0.00000E+00  2.00001E+01
  0.00000E+00  2.31950E-06  9.93600E-08  0.00000E+00  2.00001E+01
  0.00000E+00  2.37890E-06  1.00500E-07  0.00000E+00  2.00001E+01
  0.00000E+00  2.20570E-06  9.73900E-08  0.00000E+00  2.00001E+01
  0.00000E+00  2.27980E-06  9.96300E-08  0.00000E+00  2.00001E+01
  0.00000E+00  2.38560E-06  9.93700E-08  0.00000E+00  2.00001E+01
  0.00000E+00  2.45890E-06  1.02700E-07  0.00000E+00  2.00001E+01
  0.00000E+00  2.47710E-06  1.02300E-07  0.00000E+00  2.00001E+01
  0.00000E+00  2.45140E-06  1.01400E-07  0.00000E+00  2.00001E+01
  0.00000E+00  2.43850E-06  1.01600E-07  0.00000E+00  2.00001E+01
  0.00000E+00  2.44210E-06  1.01700E-07  0.00000E+00  2.00001E+01
  0.00000E+00  2.36910E-06  1.00300E-07  0.00000E+00  2.00001E+01
  0.00000E+00  2.39890E-06  1.01900E-07  0.00000E+00  2.00001E+01
  0.00000E+00  2.37290E-06  1.01000E-07  0.00000E+00  2.00001E+01
  0.00000E+00  2.43670E-06  1.01700E-07  0.00000E+00  2.00001E+01
  0.00000E+00  2.53210E-06  1.04000E-07  0.00000E+00  2.00001E+01
  0.00000E+00  2.45660E-06  1.01400E-07  0.00000E+00  2.00001E+01
  0.00000E+00  2.33290E-06  9.97200E-08  0.00000E+00  2.00001E+01
  0.00000E+00  2.27850E-06  9.87800E-08  0.00000E+00  2.00001E+01
  0.00000E+00  2.40610E-06  1.01200E-07  0.00000E+00  2.00001E+01
  0.00000E+00  2.23080E-06  9.81300E-08  0.00000E+00  2.00001E+01
  0.00000E+00  2.20740E-06  9.79100E-08  0.00000E+00  2.00001E+01
  0.00000E+00  2.34620E-06  1.01400E-07  0.00000E+00  2.00001E+01
  0.00000E+00  2.41160E-06  1.02000E-07  0.00000E+00  2.00001E+01
  0.00000E+00  2.31530E-06  9.92800E-08  0.00000E+00  2.00001E+01
  0.00000E+00  2.43290E-06  1.01800E-07  0.00000E+00  2.00001E+01
  0.00000E+00  2.22290E-06  9.84900E-08  0.00000E+00  2.00001E+01
  0.00000E+00  2.39940E-06  1.02400E-07  0.00000E+00  2.00001E+01
  0.00000E+00  2.36670E-06  9.99800E-08  0.00000E+00  2.00001E+01
  0.00000E+00  2.38880E-06  1.01300E-07  0.00000E+00  2.00001E+01
  0.00000E+00  2.33300E-06  9.98200E-08  0.00000E+00  2.00001E+01
  0.00000E+00  2.28630E-06  9.93300E-08  0.00000E+00  2.00001E+01
  0.00000E+00  2.40330E-06  1.01800E-07  0.00000E+00  2.00001E+01
  0.00000E+00  2.34310E-06  1.01000E-07  0.00000E+00  2.00001E+01
  0.00000E+00  2.22700E-06  9.95800E-08  0.00000E+00  2.00001E+01
  0.00000E+00  2.35870E-06  1.01900E-07  0.00000E+00  2.00001E+01
  0.00000E+00  2.31370E-06  9.88300E-08  0.00000E+00  2.00001E+01
  0.00000E+00  2.05680E-06  9.62300E-08  0.00000E+00  2.00001E+01
  0.00000E+00  2.31310E-06  1.00200E-07  0.00000E+00  2.00001E+01
  0.00000E+00  2.24290E-06  9.98700E-08  0.00000E+00  2.00001E+01
  0.00000E+00  2.06340E-06  9.54700E-08  0.00000E+00  2.00001E+01
  0.00000E+00  2.11750E-06  9.71400E-08  0.00000E+00  2.00001E+01
  0.00000E+00  1.92680E-06  9.25100E-08  0.00000E+00  2.00001E+01
  0.00000E+00  2.01270E-06  9.47100E-08  0.00000E+00  2.00001E+01
  0.00000E+00  1.97280E-06  9.45000E-08  0.00000E+00  2.00001E+01
  0.00000E+00  2.27750E-06  9.80800E-08  0.00000E+00  2.00001E+01
  0.00000E+00  2.08470E-06  9.62700E-08  0.00000E+00  2.00001E+01
  0.00000E+00  2.06040E-06  9.58500E-08  0.00000E+00  2.00001E+01
  0.00000E+00  2.12080E-06  9.67500E-08  0.00000E+00  2.00001E+01
  0.00000E+00  2.04780E-06  9.52200E-08  0.00000E+00  2.00001E+01
  0.00000E+00  1.95500E-06  9.38600E-08  0.00000E+00  2.00001E+01
  0.00000E+00  2.09610E-06  9.67900E-08  0.00000E+00  2.00001E+01
  0.00000E+00  1.89150E-06  9.30100E-08  0.00000E+00  2.00001E+01
  0.00000E+00  2.00080E-06  9.39000E-08  0.00000E+00  2.00001E+01
  0.00000E+00  2.02680E-06  9.53100E-08  0.00000E+00  2.00001E+01
  0.00000E+00  2.01360E-06  9.48100E-08  0.00000E+00  2.00001E+01
  0.00000E+00  1.89120E-06  9.22200E-08  0.00000E+00  2.00001E+01
  0.00000E+00  1.93300E-06  9.35400E-08  0.00000E+00  2.00001E+01
  0.00000E+00  1.64160E-06  8.67000E-08  0.00000E+00  2.00001E+01
  0.00000E+00  1.95640E-06  9.33200E-08  0.00000E+00  2.00001E+01
  0.00000E+00  1.78790E-06  8.94400E-08  0.00000E+00  2.00001E+01
  0.00000E+00  1.69460E-06  8.95300E-08  0.00000E+00  2.00001E+01
  0.00000E+00  1.70170E-06  8.72700E-08  0.00000E+00  2.00001E+01
  0.00000E+00  1.72800E-06  9.03200E-08  0.00000E+00  2.00001E+01
  0.00000E+00  1.73390E-06  8.84500E-08  0.00000E+00  2.00001E+01
  0.00000E+00  1.82740E-06  9.07900E-08  0.00000E+00  2.00001E+01
  0.00000E+00  1.70960E-06  8.86600E-08  0.00000E+00  2.00001E+01
  0.00000E+00  1.56410E-06  8.64600E-08  0.00000E+00  2.00001E+01
  0.00000E+00  1.59680E-06  8.76600E-08  0.00000E+00  2.00001E+01
  0.00000E+00  1.62350E-06  8.74800E-08  0.00000E+00  2.00001E+01
  0.00000E+00  1.70470E-06  8.89900E-08  0.00000E+00  2.00001E+01
  0.00000E+00  1.53510E-06  8.33800E-08  0.00000E+00  2.00001E+01
  0.00000E+00  1.47250E-06  8.54100E-08  0.00000E+00  2.00001E+01
  0.00000E+00  1.52680E-06  8.68000E-08  0.00000E+00  2.00001E+01
  0.00000E+00  1.53110E-06  8.49100E-08  0.00000E+00  2.00001E+01
  0.00000E+00  1.62410E-06  8.69200E-08  0.00000E+00  2.00001E+01
  0.00000E+00  1.43620E-06  8.28900E-08  0.00000E+00  2.00001E+01
  0.00000E+00  1.38810E-06  8.33100E-08  0.00000E+00  2.00001E+01
  0.00000E+00  1.36320E-06  8.19300E-08  0.00000E+00  2.00001E+01
  0.00000E+00  1.29510E-06  8.00600E-08  0.00000E+00  2.00001E+01
  0.00000E+00  1.41190E-06  8.41700E-08  0.00000E+00  2.00001E+01
  0.00000E+00  1.29910E-06  8.16800E-08  0.00000E+00  2.00001E+01
  0.00000E+00  1.38170E-06  8.24400E-08  0.00000E+00  2.00001E+01
  0.00000E+00  1.37900E-06  8.45700E-08  0.00000E+00  2.00001E+01
  0.00000E+00  1.35270E-06  8.16500E-08  0.00000E+00  2.00001E+01
  0.00000E+00  1.22070E-06  7.92300E-08  0.00000E+00  2.00001E+01
# Full reference:
#H.Otsu
#Thes. Thesis or dissertation Name.Otsu, 1995
#Study of reaction mechanisms for (p,n) and (p,p`) quasi elastic scatterings
