# Target Z    :  73
# Target A    : 181
# Target state:  
# Projectile  : p
# Reaction    : (p,xp)
# E-inc       :  400.000 MeV
# Quantity    : Double-differential cross section
# Frame       : L
# MF          :    6
# MT          :  203
# X4 ID       : E2075067 
# X4 code     : 73-TA-181(P,X)1-H-1,,DA/DE
# Author      : Otsu                     
# Year        : 1995
# Data points :    150
# E-out(MeV) xs(mb/MeV.sr) dxs(mb/MeV.sr) dE(MeV)      Evaluation  C/E(F)      Chi-2     Delta(mb)
  0.00000E+00  0.00000E+00  0.00000E+00  0.00000E+00  2.80001E+01
  0.00000E+00  3.26800E-09  2.51100E-09  0.00000E+00  2.80001E+01
  0.00000E+00  0.00000E+00  0.00000E+00  0.00000E+00  2.80001E+01
  0.00000E+00  0.00000E+00  0.00000E+00  0.00000E+00  2.80001E+01
  0.00000E+00  0.00000E+00  0.00000E+00  0.00000E+00  2.80001E+01
  0.00000E+00  0.00000E+00  0.00000E+00  0.00000E+00  2.80001E+01
  0.00000E+00  0.00000E+00  0.00000E+00  0.00000E+00  2.80001E+01
  0.00000E+00  0.00000E+00  0.00000E+00  0.00000E+00  2.80001E+01
  0.00000E+00  0.00000E+00  0.00000E+00  0.00000E+00  2.80001E+01
  0.00000E+00  0.00000E+00  0.00000E+00  0.00000E+00  2.80001E+01
  0.00000E+00  0.00000E+00  0.00000E+00  0.00000E+00  2.80001E+01
  0.00000E+00  0.00000E+00  0.00000E+00  0.00000E+00  2.80001E+01
  0.00000E+00  0.00000E+00  0.00000E+00  0.00000E+00  2.80001E+01
  0.00000E+00  0.00000E+00  0.00000E+00  0.00000E+00  2.80001E+01
  0.00000E+00  0.00000E+00  0.00000E+00  0.00000E+00  2.80001E+01
  0.00000E+00  0.00000E+00  0.00000E+00  0.00000E+00  2.80001E+01
  0.00000E+00  0.00000E+00  0.00000E+00  0.00000E+00  2.80001E+01
  0.00000E+00  0.00000E+00  0.00000E+00  0.00000E+00  2.80001E+01
  0.00000E+00  0.00000E+00  0.00000E+00  0.00000E+00  2.80001E+01
  0.00000E+00  3.26800E-09  2.51100E-09  0.00000E+00  2.80001E+01
  0.00000E+00  0.00000E+00  0.00000E+00  0.00000E+00  2.80001E+01
  0.00000E+00  0.00000E+00  0.00000E+00  0.00000E+00  2.80001E+01
  0.00000E+00  0.00000E+00  0.00000E+00  0.00000E+00  2.80001E+01
  0.00000E+00  0.00000E+00  0.00000E+00  0.00000E+00  2.80001E+01
  0.00000E+00  0.00000E+00  0.00000E+00  0.00000E+00  2.80001E+01
  0.00000E+00  5.25300E-07  3.19100E-08  0.00000E+00  2.80001E+01
  0.00000E+00  1.93400E-07  1.93500E-08  0.00000E+00  2.80001E+01
  0.00000E+00  1.00100E-07  1.39300E-08  0.00000E+00  2.80001E+01
  0.00000E+00  1.21500E-07  1.53500E-08  0.00000E+00  2.80001E+01
  0.00000E+00  1.84900E-07  1.89100E-08  0.00000E+00  2.80001E+01
  0.00000E+00  2.19200E-07  2.05800E-08  0.00000E+00  2.80001E+01
  0.00000E+00  2.45500E-07  2.17800E-08  0.00000E+00  2.80001E+01
  0.00000E+00  2.45500E-07  2.17900E-08  0.00000E+00  2.80001E+01
  0.00000E+00  2.73500E-07  2.30000E-08  0.00000E+00  2.80001E+01
  0.00000E+00  2.66800E-07  2.27100E-08  0.00000E+00  2.80001E+01
  0.00000E+00  3.27400E-07  2.51500E-08  0.00000E+00  2.80001E+01
  0.00000E+00  3.17300E-07  2.47600E-08  0.00000E+00  2.80001E+01
  0.00000E+00  3.55300E-07  2.62100E-08  0.00000E+00  2.80001E+01
  0.00000E+00  3.63500E-07  2.65100E-08  0.00000E+00  2.80001E+01
  0.00000E+00  3.63200E-07  2.64900E-08  0.00000E+00  2.80001E+01
  0.00000E+00  3.79700E-07  2.70900E-08  0.00000E+00  2.80001E+01
  0.00000E+00  4.15500E-07  2.83300E-08  0.00000E+00  2.80001E+01
  0.00000E+00  4.02900E-07  2.79100E-08  0.00000E+00  2.80001E+01
  0.00000E+00  3.84600E-07  2.72600E-08  0.00000E+00  2.80001E+01
  0.00000E+00  4.33400E-07  2.89300E-08  0.00000E+00  2.80001E+01
  0.00000E+00  4.56400E-07  2.96900E-08  0.00000E+00  2.80001E+01
  0.00000E+00  4.89800E-07  3.07800E-08  0.00000E+00  2.80001E+01
  0.00000E+00  5.10700E-07  3.14200E-08  0.00000E+00  2.80001E+01
  0.00000E+00  5.43700E-07  3.24200E-08  0.00000E+00  2.80001E+01
  0.00000E+00  5.64200E-07  3.30100E-08  0.00000E+00  2.80001E+01
  0.00000E+00  5.71000E-07  3.32100E-08  0.00000E+00  2.80001E+01
  0.00000E+00  5.95700E-07  3.39200E-08  0.00000E+00  2.80001E+01
  0.00000E+00  5.84300E-07  3.36000E-08  0.00000E+00  2.80001E+01
  0.00000E+00  6.42500E-07  3.52200E-08  0.00000E+00  2.80001E+01
  0.00000E+00  6.55200E-07  3.55900E-08  0.00000E+00  2.80001E+01
  0.00000E+00  6.46300E-07  3.53400E-08  0.00000E+00  2.80001E+01
  0.00000E+00  7.70800E-07  3.85900E-08  0.00000E+00  2.80001E+01
  0.00000E+00  7.49200E-07  3.80400E-08  0.00000E+00  2.80001E+01
  0.00000E+00  6.77500E-07  3.61800E-08  0.00000E+00  2.80001E+01
  0.00000E+00  7.75700E-07  3.87100E-08  0.00000E+00  2.80001E+01
  0.00000E+00  8.13100E-07  3.96300E-08  0.00000E+00  2.80001E+01
  0.00000E+00  7.82200E-07  3.88700E-08  0.00000E+00  2.80001E+01
  0.00000E+00  8.15900E-07  3.96900E-08  0.00000E+00  2.80001E+01
  0.00000E+00  9.07000E-07  4.18700E-08  0.00000E+00  2.80001E+01
  0.00000E+00  8.28300E-07  4.00100E-08  0.00000E+00  2.80001E+01
  0.00000E+00  8.47500E-07  4.04600E-08  0.00000E+00  2.80001E+01
  0.00000E+00  8.65500E-07  4.08900E-08  0.00000E+00  2.80001E+01
  0.00000E+00  8.57100E-07  4.06900E-08  0.00000E+00  2.80001E+01
  0.00000E+00  8.54700E-07  4.06500E-08  0.00000E+00  2.80001E+01
  0.00000E+00  8.97500E-07  4.16200E-08  0.00000E+00  2.80001E+01
  0.00000E+00  1.01650E-06  4.43200E-08  0.00000E+00  2.80001E+01
  0.00000E+00  8.94100E-07  4.32200E-08  0.00000E+00  2.80001E+01
  0.00000E+00  1.03440E-06  4.47000E-08  0.00000E+00  2.80001E+01
  0.00000E+00  9.65000E-07  4.31700E-08  0.00000E+00  2.80001E+01
  0.00000E+00  1.16950E-06  4.75200E-08  0.00000E+00  2.80001E+01
  0.00000E+00  1.01790E-06  4.43500E-08  0.00000E+00  2.80001E+01
  0.00000E+00  9.95700E-07  4.54400E-08  0.00000E+00  2.80001E+01
  0.00000E+00  1.00540E-06  4.40800E-08  0.00000E+00  2.80001E+01
  0.00000E+00  9.93400E-07  4.38100E-08  0.00000E+00  2.80001E+01
  0.00000E+00  1.06030E-06  4.52600E-08  0.00000E+00  2.80001E+01
  0.00000E+00  1.26320E-06  4.94000E-08  0.00000E+00  2.80001E+01
  0.00000E+00  1.11160E-06  4.85700E-08  0.00000E+00  2.80001E+01
  0.00000E+00  1.19730E-06  4.80800E-08  0.00000E+00  2.80001E+01
  0.00000E+00  1.15530E-06  4.72400E-08  0.00000E+00  2.80001E+01
  0.00000E+00  1.19770E-06  4.81000E-08  0.00000E+00  2.80001E+01
  0.00000E+00  1.18990E-06  4.79500E-08  0.00000E+00  2.80001E+01
  0.00000E+00  1.16190E-06  4.73800E-08  0.00000E+00  2.80001E+01
  0.00000E+00  1.14030E-06  4.98300E-08  0.00000E+00  2.80001E+01
  0.00000E+00  1.20890E-06  4.97700E-08  0.00000E+00  2.80001E+01
  0.00000E+00  1.33440E-06  5.34800E-08  0.00000E+00  2.80001E+01
  0.00000E+00  1.29550E-06  5.20800E-08  0.00000E+00  2.80001E+01
  0.00000E+00  1.32420E-06  5.05900E-08  0.00000E+00  2.80001E+01
  0.00000E+00  1.41890E-06  5.43200E-08  0.00000E+00  2.80001E+01
  0.00000E+00  1.40500E-06  5.20900E-08  0.00000E+00  2.80001E+01
  0.00000E+00  1.29430E-06  5.00000E-08  0.00000E+00  2.80001E+01
  0.00000E+00  1.32130E-06  5.38700E-08  0.00000E+00  2.80001E+01
  0.00000E+00  1.44490E-06  5.28300E-08  0.00000E+00  2.80001E+01
  0.00000E+00  1.47090E-06  5.33000E-08  0.00000E+00  2.80001E+01
  0.00000E+00  1.48420E-06  5.35500E-08  0.00000E+00  2.80001E+01
  0.00000E+00  1.44340E-06  5.41100E-08  0.00000E+00  2.80001E+01
  0.00000E+00  1.44830E-06  5.54900E-08  0.00000E+00  2.80001E+01
  0.00000E+00  1.44800E-06  5.61100E-08  0.00000E+00  2.80001E+01
  0.00000E+00  1.51180E-06  5.53100E-08  0.00000E+00  2.80001E+01
  0.00000E+00  1.59260E-06  5.67100E-08  0.00000E+00  2.80001E+01
  0.00000E+00  1.57100E-06  5.50600E-08  0.00000E+00  2.80001E+01
  0.00000E+00  1.59660E-06  5.55600E-08  0.00000E+00  2.80001E+01
  0.00000E+00  1.52640E-06  5.42900E-08  0.00000E+00  2.80001E+01
  0.00000E+00  1.56360E-06  5.92500E-08  0.00000E+00  2.80001E+01
  0.00000E+00  1.50650E-06  5.77300E-08  0.00000E+00  2.80001E+01
  0.00000E+00  1.63860E-06  5.81000E-08  0.00000E+00  2.80001E+01
  0.00000E+00  1.68470E-06  5.70400E-08  0.00000E+00  2.80001E+01
  0.00000E+00  1.64520E-06  5.63600E-08  0.00000E+00  2.80001E+01
  0.00000E+00  1.81600E-06  6.15500E-08  0.00000E+00  2.80001E+01
  0.00000E+00  1.72930E-06  6.01700E-08  0.00000E+00  2.80001E+01
  0.00000E+00  1.72050E-06  6.06200E-08  0.00000E+00  2.80001E+01
  0.00000E+00  1.65580E-06  5.77700E-08  0.00000E+00  2.80001E+01
  0.00000E+00  1.65620E-06  5.77800E-08  0.00000E+00  2.80001E+01
  0.00000E+00  1.61560E-06  5.58400E-08  0.00000E+00  2.80001E+01
  0.00000E+00  1.66850E-06  5.85900E-08  0.00000E+00  2.80001E+01
  0.00000E+00  1.74930E-06  5.81300E-08  0.00000E+00  2.80001E+01
  0.00000E+00  1.74230E-06  6.03800E-08  0.00000E+00  2.80001E+01
  0.00000E+00  1.63530E-06  5.98300E-08  0.00000E+00  2.80001E+01
  0.00000E+00  1.64080E-06  5.87400E-08  0.00000E+00  2.80001E+01
  0.00000E+00  1.61560E-06  6.01100E-08  0.00000E+00  2.80001E+01
  0.00000E+00  1.73840E-06  5.79300E-08  0.00000E+00  2.80001E+01
  0.00000E+00  1.57160E-06  5.63600E-08  0.00000E+00  2.80001E+01
  0.00000E+00  1.81120E-06  6.03100E-08  0.00000E+00  2.80001E+01
  0.00000E+00  1.72680E-06  5.89500E-08  0.00000E+00  2.80001E+01
  0.00000E+00  1.74220E-06  5.80000E-08  0.00000E+00  2.80001E+01
  0.00000E+00  1.70190E-06  5.91400E-08  0.00000E+00  2.80001E+01
  0.00000E+00  1.67530E-06  6.22100E-08  0.00000E+00  2.80001E+01
  0.00000E+00  1.76450E-06  6.07200E-08  0.00000E+00  2.80001E+01
  0.00000E+00  1.71720E-06  5.99700E-08  0.00000E+00  2.80001E+01
  0.00000E+00  1.56730E-06  5.75200E-08  0.00000E+00  2.80001E+01
  0.00000E+00  1.69280E-06  5.71700E-08  0.00000E+00  2.80001E+01
  0.00000E+00  1.66540E-06  6.37200E-08  0.00000E+00  2.80001E+01
  0.00000E+00  1.68970E-06  5.95000E-08  0.00000E+00  2.80001E+01
  0.00000E+00  1.70060E-06  6.08700E-08  0.00000E+00  2.80001E+01
  0.00000E+00  1.73690E-06  5.91200E-08  0.00000E+00  2.80001E+01
  0.00000E+00  1.72560E-06  6.12600E-08  0.00000E+00  2.80001E+01
  0.00000E+00  1.58160E-06  6.07200E-08  0.00000E+00  2.80001E+01
  0.00000E+00  1.67220E-06  6.10000E-08  0.00000E+00  2.80001E+01
  0.00000E+00  1.45510E-06  6.04300E-08  0.00000E+00  2.80001E+01
  0.00000E+00  1.47930E-06  5.90500E-08  0.00000E+00  2.80001E+01
  0.00000E+00  1.45240E-06  5.67900E-08  0.00000E+00  2.80001E+01
  0.00000E+00  1.45410E-06  5.55800E-08  0.00000E+00  2.80001E+01
  0.00000E+00  1.45110E-06  6.04000E-08  0.00000E+00  2.80001E+01
  0.00000E+00  1.45620E-06  6.16100E-08  0.00000E+00  2.80001E+01
  0.00000E+00  1.67320E-06  5.92600E-08  0.00000E+00  2.80001E+01
  0.00000E+00  1.60660E-06  6.16900E-08  0.00000E+00  2.80001E+01
# Full reference:
#H.Otsu
#Thes. Thesis or dissertation Name.Otsu, 1995
#Study of reaction mechanisms for (p,n) and (p,p`) quasi elastic scatterings
