$SPEC_ID:
No sample description was entered.
$SPEC_REM:
DET# 1
DETDESC# EPS-140909 Easy-MCA-8k SN 16175454
AP# Maestro Version 7.01
$DATE_MEA:
02/25/2022 18:51:43
$MEAS_TIM:
299 300
$DATA:
0 8191
       0
       0
       0
       0
       0
       0
       0
       0
       0
       0
       0
       0
       0
       0
       0
       0
       0
       0
       0
       0
       0
       0
       0
       0
       0
       0
       0
       0
       0
       0
       0
       0
       0
       0
       0
       0
       0
       0
       1
       1
       0
       5
     204
     517
     272
     193
     138
     103
     103
      95
      96
      92
      91
      73
      56
      49
      55
      49
      45
      59
      55
      53
      51
      59
      53
      61
      44
      59
      50
      47
      68
      47
      59
      72
      95
     136
     161
     144
      85
      69
      69
      48
      39
      47
      45
      49
      41
      61
      39
      53
      43
      50
      59
      60
      64
      67
      56
      44
      63
      57
      64
      60
      45
      61
      50
      83
      65
      81
      66
      71
      68
      82
      82
     108
     109
     101
     119
     126
     129
     133
     126
     147
     119
     137
     124
     140
     121
     100
     108
     118
     107
     112
     125
     145
     176
     180
     256
     355
     461
     649
     734
     806
     835
     818
     657
     475
     277
     184
     113
     119
      84
     102
     101
     119
     107
     114
     147
     173
     165
     191
     238
     317
     293
     302
     245
     216
     179
     166
     159
     136
     119
     104
     102
      94
     126
     100
     117
     108
     115
      99
     123
     120
     110
     122
     123
     112
     103
     130
     104
     108
     117
     104
     115
     122
     125
     130
     118
     117
     111
     135
     104
      99
     113
     100
     102
     108
     115
     138
      99
     107
     118
     131
     119
     104
     110
     104
     104
     103
     112
     106
     109
      96
     113
     101
     101
     108
     109
     114
     116
     118
     108
     130
     126
     130
     101
     107
      92
     101
      93
     106
     103
     111
      97
      84
     137
     107
      95
      77
     113
     104
     101
      84
     101
      85
      99
      97
     101
      99
     109
      87
      86
      91
      85
     109
      85
      97
      83
      96
      77
     101
      81
      77
      85
     103
      77
      96
      86
     100
      90
      99
      73
      80
      90
      93
      85
      78
      83
      94
      93
      80
      88
      93
      91
      86
      93
      82
      89
      87
      90
      96
      79
      92
      99
      89
      85
      83
      81
      81
      91
      97
      87
      84
      60
      85
      92
      91
      92
      94
      63
      83
      75
      88
      76
      65
      80
      82
      83
      63
      65
      88
      78
      60
      75
      72
      69
      88
      83
      73
      74
      80
      89
      81
      65
      73
      64
      76
      67
      56
      97
      94
     107
     116
      97
      77
      69
      72
      77
      76
      74
      73
      80
      64
      73
      89
      81
      74
      75
      60
      75
      65
      67
      73
      57
      62
      69
      56
      68
      71
      75
      79
      71
      66
      78
      51
      75
      58
      64
      73
      66
      71
      56
      60
      55
      61
      56
      47
      75
      57
      61
      35
      59
      59
      56
      73
      68
      70
      65
      45
      50
      64
      53
      45
      60
      55
      55
      63
      57
      67
      50
      72
      62
      57
      63
      55
      52
      63
      46
      71
      50
      63
      56
      54
      67
      61
      67
      61
      59
      53
      53
      51
      60
      58
      56
      44
      57
      49
      69
      64
      50
      63
      54
      52
      51
      47
      46
      61
      51
      58
      51
      50
      61
      51
      76
      57
      66
      65
      60
      48
      50
      41
      38
      56
      52
      62
      45
      45
      50
      50
      58
      55
      42
      51
      56
      51
      46
      56
      53
      53
      43
      59
      51
      44
      55
      39
      49
      51
      44
      48
      49
      45
      39
      52
      60
      54
      52
      44
      39
      54
      45
      36
      38
      61
      41
      35
      41
      47
      41
      56
      36
      31
      54
      38
      59
      33
      48
      40
      51
      40
      55
      47
      48
      40
      41
      28
      42
      44
      45
      39
      53
      49
      46
      37
      41
      38
      55
      36
      33
      39
      44
      40
      28
      39
      45
      39
      36
      34
      45
      42
      47
      48
      38
      48
      39
      34
      36
      47
      33
      47
      35
      33
      30
      44
      33
      32
      40
      45
      47
      34
      43
      38
      40
      39
      41
      23
      40
      40
      45
      38
      25
      49
      29
      44
      47
      60
      59
      68
      66
      55
      43
      44
      27
      44
      41
      37
      53
      22
      25
      38
      29
      30
      36
      49
      42
      32
      33
      35
      31
      34
      37
      34
      27
      39
      33
      26
      32
      21
      31
      38
      27
      35
      27
      42
      37
      18
      40
      16
      36
      26
      34
      38
      31
      34
      37
      37
      39
      31
      31
      41
      27
      25
      41
      32
      32
      33
      33
      20
      36
      35
      27
      37
      28
      28
      28
      33
      31
      32
      33
      36
      31
      30
      40
      34
      32
      33
      28
      23
      32
      29
      33
      28
      28
      33
      25
      28
      27
      27
      32
      30
      26
      41
      50
      36
      35
      25
      33
      26
      34
      24
      24
      17
      26
      24
      33
      29
      41
      33
      38
      28
      26
      31
      22
      31
      36
      29
      27
      29
      39
      21
      34
      26
      21
      26
      21
      24
      34
      27
      35
      30
      28
      29
      27
      28
      30
      34
      36
      35
      40
      35
      34
      36
      38
      24
      31
      29
      31
      24
      37
      31
      31
      33
      28
      27
      32
      18
      28
      28
      19
      23
      26
      28
      30
      29
      39
      24
      33
      32
      30
      31
      31
      33
      33
      24
      47
      28
      24
      28
      28
      29
      34
      27
      27
      36
      29
      24
      36
      26
      32
      31
      30
      22
      23
      38
      27
      40
      29
      36
      30
      31
      27
      28
      28
      33
      39
      34
      44
      35
      29
      40
      31
      30
      28
      37
      34
      25
      41
      25
      32
      26
      30
      43
      28
      25
      25
      28
      27
      24
      28
      29
      28
      33
      31
      21
      28
      35
      31
      31
      28
      31
      31
      23
      25
      37
      38
      41
      23
      26
      34
      22
      21
      24
      22
      20
      26
      17
      28
      18
      25
      19
      27
      19
      24
      23
      20
      20
      26
      19
      31
      22
      31
      25
      30
      20
      24
      22
      23
      30
      32
      42
      32
      35
      21
      21
      19
      19
      17
      14
      15
      17
      18
      13
      20
      23
      19
       8
      19
      17
      24
      25
      13
      21
      15
      24
      10
      13
      17
      11
      26
      16
      15
      23
      22
      19
      18
      15
      17
      20
      20
      14
      19
      19
      19
      20
      15
      14
      18
      14
      17
      11
      12
      16
      16
      17
      15
      18
      14
      12
       9
       7
      19
      11
      13
      29
      12
      17
      21
      14
       9
      14
      19
      12
      14
      14
      15
      12
      11
      13
      14
      10
      11
       9
      10
      12
      11
      17
      19
      11
      18
      15
      19
      13
      12
      14
       7
       9
       6
      15
       9
      13
      11
      14
      18
      16
      14
       9
      16
      17
       9
      13
      11
      13
      10
      13
      13
      10
       8
      19
      16
      16
      12
      11
      10
      10
      11
      16
      15
      15
      12
       8
       8
      14
      13
      14
      15
       7
      19
       8
      12
      15
      12
      12
      18
      18
      15
       8
       7
      10
      15
       8
      11
      11
      10
      13
      22
      11
       8
      10
      12
      17
      11
      16
       7
       9
      10
      11
       9
      13
       7
       8
      12
      10
       7
      10
       6
       8
      16
       9
       7
       9
      11
      11
       5
      12
      11
      16
       4
       8
      10
       7
       5
      10
      13
      10
       9
      12
       5
      12
       5
      13
      11
      12
       7
      10
       5
      13
       6
       8
       9
       7
      13
      11
      14
       7
       8
      14
      15
      11
       7
      17
       7
      14
      11
       3
      13
      12
       3
       9
       5
      11
       9
      11
       7
       7
      14
      15
      16
       8
      10
      11
      11
       6
      11
      14
       3
       7
       8
       8
      11
       5
       6
       8
       6
       9
       7
       8
       9
      12
       6
       2
      10
       7
       9
       7
       6
       8
      10
      11
      13
       7
      11
      11
      12
       4
       7
      13
      12
       7
       8
       9
       5
      13
      10
       3
       6
      12
       6
      10
       8
       7
       6
      11
      10
       9
       8
      13
       5
       6
       5
       9
       8
      13
      11
      13
       8
       6
      14
       7
       8
       7
       6
       8
      12
      12
      11
       6
       5
      11
       5
       7
      14
      11
       9
      12
      11
      13
       7
       6
       8
      10
       7
       5
       8
      16
      10
      11
       9
       7
      13
       9
       7
       8
       7
       5
       7
       9
      11
       7
      11
       7
       7
       4
       9
       7
      11
       7
       6
       9
       7
       6
      10
      13
       8
      13
       8
       9
       7
      12
      11
       4
       6
       7
      10
       9
       5
       9
      12
       3
       8
      14
       7
       7
      15
       7
      12
      14
      23
      36
      43
      88
     118
     198
     271
     405
     477
     551
     519
     495
     424
     334
     244
     126
      72
      56
      28
      18
      15
       7
      10
      14
      11
       6
      10
       7
       4
       9
      11
       9
      11
       6
       6
       6
       9
       3
      10
       9
       4
       8
       7
       4
       5
       6
      10
       5
       7
      10
       6
       8
       9
       7
       6
       8
       5
       6
       5
      13
       8
      14
       7
       9
       6
       7
       6
       8
       9
       8
       3
       8
       8
       3
       4
       5
       5
       7
      10
       6
       7
       6
       9
       5
      10
      10
       8
       5
       6
       4
       5
       7
       6
       9
       5
       6
       7
       3
      13
       9
       9
       5
       7
       6
       7
       6
       9
       3
       3
       5
       7
       8
       5
      10
       8
       8
       7
       5
      12
       6
       5
      10
       8
       9
       3
       9
      10
       8
      10
       4
       7
       2
       8
       4
       7
       6
       6
       6
       7
       5
       9
       6
       6
       7
       8
       4
       8
       8
       9
       8
       4
       9
       5
       4
       5
       5
       6
       4
      11
       5
       4
       4
      11
       6
       9
       4
       7
      10
       5
      10
       6
       3
       5
       8
       8
       6
       5
       5
       7
       5
       2
       9
       6
       5
       3
       9
       8
      11
      15
      15
      19
       9
      13
       8
       7
      10
       7
       5
       6
       5
      10
       5
       5
       7
       6
       6
       5
       9
       6
       8
       3
       6
       6
       8
       4
       7
       6
      10
       9
      12
       3
       6
       2
       6
       5
       7
       6
       3
       8
       6
       5
       3
      10
       8
       6
       4
       7
       6
       6
       6
       5
      11
       4
       4
       6
       9
       7
       4
       5
       5
       9
       9
      15
      23
      22
      23
      20
      17
      11
       9
       5
       3
       6
       6
       8
       5
       5
       3
      10
       6
       6
       9
       7
       6
       4
       6
       4
      10
       5
       6
       3
      10
       7
       5
       9
      10
       6
       8
       7
       3
      15
       5
      12
       4
       8
       4
       6
       5
       8
       1
      14
       8
       3
       7
       6
       6
       4
       3
       5
       5
       9
       9
       4
       5
       6
       5
       6
       2
       8
       3
       6
       6
       9
       9
       4
       5
       8
       7
       7
       4
       9
       5
       8
       6
       6
       4
       8
       7
       8
       4
       4
       8
       6
       4
      10
       8
       5
       4
       6
       5
       3
       3
       7
       8
       4
       6
       4
       6
       6
       4
       6
       2
       3
      10
       9
       5
       4
       7
       5
       2
       4
       9
       5
       6
       6
       5
       3
       5
       8
       4
       4
       6
       6
       5
       7
       8
       6
       5
       6
       5
       3
       7
       4
       4
       9
       6
       6
       4
       8
       4
       6
       7
       5
       6
       2
       7
       5
       5
       8
       4
       7
       7
       4
       5
       8
       8
       4
       5
       3
       1
       3
       5
       2
       7
       6
       4
       5
      11
       6
       2
       7
       6
       4
       8
       2
       5
       4
       8
       7
       4
       1
       6
       6
       4
       3
       4
       2
       6
       5
       3
       9
       6
       5
       7
       4
       4
       3
       9
       4
       5
       5
       2
       7
       2
       5
       6
       4
       7
       5
       4
       5
      11
       6
       5
       3
      12
       7
       1
       3
       2
       3
       6
       5
      11
      12
       7
       8
      12
      15
       8
      13
       4
       2
       3
       2
       2
       9
       3
       2
       5
       3
       2
       4
       5
       4
       6
       6
       6
       5
       7
       7
       5
       3
       8
       2
       2
       3
       0
       8
       2
       7
       5
       4
       9
       4
       5
       3
       5
       3
       1
       6
       3
       4
       5
       4
       4
       5
       6
       4
       4
       3
       6
       6
       1
       8
       8
       4
       9
       6
       9
       6
       2
       3
       2
       3
       3
       4
       9
       3
       2
       5
       6
       4
       1
       3
       3
       6
       4
       4
       2
       7
      10
       5
       6
       4
       2
       5
       4
       2
       4
       4
       5
       8
       4
       2
       5
       4
       4
       5
       5
       1
       6
       5
       4
       2
       4
       8
       5
       5
       6
       2
       4
       5
       3
      12
       2
       4
       5
       3
       4
       4
       3
       4
       3
       2
       4
       1
       2
       6
       3
       5
       4
       1
       1
       5
       2
       1
       3
       6
       6
       1
       1
       2
       6
       3
       7
       3
       4
       1
       5
       6
       3
      13
       9
      11
       7
      14
       6
       5
       3
       0
       3
       3
       5
       6
       3
       6
       3
       2
       2
       2
       4
       4
       3
       4
       6
       3
       2
       8
       1
       7
       8
       2
       7
       5
       5
       3
       7
       6
       8
       3
       1
       4
       2
       4
       5
       5
       4
       4
       7
       1
       2
       4
       3
       4
       4
       4
       5
       0
       3
       3
       6
       4
       2
       4
       2
       4
       1
       3
       6
       5
       4
       2
       1
       4
       5
       6
       4
       4
       5
       5
       2
       4
       2
       2
       2
       2
       5
       4
       7
       2
       4
       1
       3
       0
       3
       5
       3
       8
       2
       4
       3
       2
       3
       2
       8
       4
       4
       1
       2
       2
       6
       3
       1
       4
       7
       3
       3
       2
       6
       2
       5
       8
       5
       6
       4
       3
       1
       1
       7
       7
       5
       1
       5
       3
       4
       4
       4
       6
       3
       3
       3
       3
       2
       0
       6
       2
       3
       4
       3
       1
       2
       2
       3
       3
       2
       4
       3
       2
       4
       6
       3
       2
       3
       1
       2
       4
       7
       3
       8
       3
       2
       2
       5
       3
       3
       0
       3
       6
       4
       0
       8
       3
       1
       2
       0
       1
       4
       0
       6
       3
       3
       0
       2
       5
       3
       4
       4
       4
       6
       4
       2
       3
       4
       4
       4
       3
       1
       5
       4
       5
       4
      13
      17
      12
       7
       4
       7
       4
       5
       4
       0
       7
       3
       3
       4
       6
       3
       2
       3
       2
       3
       2
       2
       6
       1
       6
       4
       3
       5
       4
       3
       6
       2
       4
       3
       5
       2
       3
       4
       4
       3
       2
       3
       3
       4
       1
       3
       3
       3
       3
       4
       8
      13
      20
      33
      30
      41
      45
      34
      19
      15
       7
       4
       2
       1
       5
       2
       2
       1
       4
       1
       2
       3
       2
       5
       8
       4
       2
       3
       4
       2
       2
       3
       4
       1
       5
       2
       4
       5
       8
       0
       5
       3
       3
       1
       6
       3
       3
       3
       3
       8
       5
       3
       0
       2
       9
       7
       3
       1
       3
       4
       3
       5
       3
       1
       3
       2
       4
       3
       2
       2
       1
       6
       3
       3
       4
       1
       0
       2
       3
       1
       6
       5
       4
       3
       2
       7
       3
       2
       3
       4
       5
       4
       2
       7
       2
       7
       3
       2
       1
       3
       3
       7
       5
      11
      10
       6
      10
       4
       4
       2
       5
       3
       6
       4
       5
       3
       1
       2
       4
       2
       8
       5
       3
       5
       1
       1
       3
       1
       2
       4
       1
       3
       2
       2
       3
       2
       2
       1
       1
       1
       4
       1
       5
       0
       2
       1
       1
       6
       5
       0
       3
       1
       3
       0
       2
       2
       1
       2
       3
       2
       3
       4
       2
       2
       4
       3
       3
       4
       3
       1
       2
       1
       4
       3
       3
       0
       3
       4
       4
       5
       3
       3
       3
       1
       1
       4
       2
       7
       1
       2
       3
       2
       2
       3
       1
       0
       0
       2
       0
       2
       2
       1
       5
       2
       0
       3
       5
       2
       4
       1
       5
       5
       0
       5
       3
       2
       2
       2
       4
       1
       2
       0
       3
       3
       1
       1
       3
       1
       5
       3
       0
       4
       6
       4
       3
       2
       8
       4
       4
       5
       1
       5
       5
       3
       6
       6
       2
       5
       3
       9
       3
       4
       7
       2
       3
       1
       4
       4
       3
       1
       2
       0
       2
       3
       1
       1
       3
       4
       3
       1
       1
       1
       3
       2
       2
       2
       1
       0
       4
       5
       2
       3
       3
       1
       2
       4
       5
       2
       6
       6
       1
       3
       4
       2
       2
       4
       5
       1
       4
       1
       2
       4
       1
       3
       4
       3
       1
       3
       1
       4
       3
       0
       3
       1
       1
       3
       2
       4
       2
       4
       2
       3
       4
       3
       2
       2
       3
       1
       1
       2
       6
       2
       3
       2
       1
       2
       2
       0
       2
       0
       3
       1
       2
       1
       2
       2
       1
       3
       3
       3
       3
       0
       2
       1
       3
       1
       1
       1
       2
       1
       3
       1
       3
       0
       0
       5
       1
       3
       3
       3
       2
       4
       1
       2
       3
       0
       1
       2
       3
       3
       2
       1
       4
       1
       3
       3
       0
       1
       1
       3
       3
       5
       3
       4
       1
       4
       1
       4
       3
       1
       4
       1
       2
       2
       1
       0
       1
       4
       7
       1
       0
       1
       2
       1
       1
       1
       0
       3
       3
       2
       2
       2
       3
       0
       2
       2
       4
       2
       1
       0
       1
       2
       1
       2
       1
       2
       3
       3
       3
       1
       2
       2
       4
       2
       2
       1
       0
       2
       1
       3
       1
       6
       0
       1
       4
       1
       5
       2
       2
       0
       2
       2
       2
       1
       2
       1
       2
       1
       2
       0
       0
       1
       2
       2
       3
       1
       2
       3
       2
       5
       2
       1
       4
       2
       1
       2
       2
       1
       1
       1
       0
       2
       1
       3
       5
       2
       7
       3
       2
       0
       1
       2
       1
       3
       2
       1
       2
       1
       2
       2
       2
       1
       1
       1
       4
       0
       1
       3
       2
       4
       2
       4
       5
       0
       3
       0
       6
       2
       2
       2
       1
       5
       2
       5
       2
       3
       1
       4
       2
       2
       1
       1
       5
       1
       1
       1
       0
       3
       1
       1
       1
       5
       1
       2
       2
       1
       3
       1
       2
       1
       3
       1
       2
       1
       6
       3
       0
       0
       0
       2
       6
       2
       2
       0
       3
       0
       2
       2
       0
       4
       0
       1
       2
       4
       2
       3
       2
       0
       0
       3
       2
       3
       5
       3
       3
       2
       1
       2
       1
       0
       0
       0
       2
       7
       1
       4
       2
       1
       6
       1
       3
       0
       5
       5
       5
       1
       0
       1
       2
       3
       3
       0
       1
       1
       6
       6
       4
       5
       3
       3
       1
       3
       3
       1
       0
       0
       0
       0
       1
       1
       0
       2
       0
       4
       1
       1
       3
       3
       0
       2
       1
       4
       1
       1
       3
       2
       2
       0
       1
       1
       5
       0
       1
       2
       2
       2
       1
       3
       2
       4
       0
       0
       2
       3
       1
       4
       3
       0
       1
       0
       2
       0
       1
       3
       3
       3
       3
       4
       3
       3
       2
       1
       0
       3
       1
       0
       1
       1
       0
       0
       5
       1
       1
       1
       3
       4
       0
       3
       3
       1
       6
       1
       1
       2
       3
       1
       3
       3
       2
       5
       4
       5
       0
       3
       3
       0
       4
       2
       1
       1
       2
       1
       1
       2
       2
       2
       1
       2
       1
       4
       6
       0
       2
       0
       1
       5
       2
       3
       3
       0
       1
       0
       2
       0
       1
       7
       5
       7
       1
       8
       9
       4
       3
       2
       1
       3
       0
       2
       0
       4
       3
       0
       1
       1
       1
       1
       4
       2
       2
       2
       2
       2
       0
       1
       0
       2
       2
       2
       2
       0
       4
       3
       0
       4
       3
       4
       1
       2
       1
       0
       1
       1
       6
       3
       5
       2
       3
       0
       1
       4
       4
       1
       1
       2
       0
       0
       1
       0
       1
       2
       3
       4
       2
       2
       4
       4
       4
       3
       5
       1
       1
       1
       0
       0
       2
       1
       2
       2
       2
       4
       1
       2
       2
       2
       1
       2
       1
       2
       2
       1
       1
       6
       6
       1
       0
       3
       2
       2
       0
       1
       1
       1
       1
       4
       3
       3
       0
       2
       2
       2
       2
       2
       1
       0
       1
       1
       1
       1
       1
       3
       1
       1
       4
       2
       2
       3
       0
       2
       2
       2
       3
       2
       3
       1
       3
       2
       2
       1
       2
       0
       1
       1
       0
       1
       2
       1
       1
       4
       5
       1
       0
       1
       3
       2
       1
       3
       2
       0
       6
       2
       1
       4
       3
       1
       1
       2
       2
       0
       2
       1
       2
       1
       4
       2
       5
       0
       1
       1
       4
       1
       2
       4
       0
       4
       3
       1
       2
       2
       0
       1
       3
       1
       2
       0
       0
       4
       2
       0
       2
       3
       1
       0
       1
       1
       2
       1
       0
       1
       2
       0
       3
       2
       1
       3
       0
       3
       0
       3
       1
       3
       3
       1
       2
       3
       3
       1
       1
       0
       3
       0
       0
       0
       1
       0
       2
       4
       2
       1
       3
       1
       4
       0
       2
       3
       2
       3
       0
       4
       0
       1
       3
       1
       3
       0
       1
       0
       1
       1
       1
       1
       0
       0
       2
       2
       3
       0
       1
       0
       3
       3
       1
       1
       0
       1
       0
       1
       3
       3
       0
       1
       3
       2
       3
       3
       1
       3
       1
       2
       2
       0
       3
       3
       2
       0
       0
       1
       2
       2
       0
       2
       1
       0
       1
       0
       0
       1
       0
       2
       1
       0
       1
       1
       1
       1
       2
       1
       1
       1
       0
       0
       0
       4
       5
       4
       1
       0
       2
       2
       0
       0
       2
       1
       0
       2
       1
       0
       1
       0
       0
       1
       0
       1
       2
       2
       0
       0
       1
       1
       2
       1
       0
       1
       0
       0
       1
       1
       0
       0
       2
       0
       0
       1
       0
       1
       3
       0
       2
       0
       1
       2
       2
       1
       2
       0
       2
       0
       2
       0
       0
       2
       0
       0
       1
       1
       1
       1
       0
       1
       1
       1
       2
       2
       1
       2
       4
       6
       5
       3
       1
       0
       3
       1
       0
       0
       1
       2
       0
       2
       2
       1
       1
       0
       1
       1
       3
       0
       1
       0
       1
       0
       2
       4
       3
       1
       1
       0
       1
       1
       1
       0
       3
       1
       1
       1
       0
       1
       1
       0
       1
       0
       1
       1
       0
       3
       1
       1
       0
       0
       0
       0
       1
       0
       2
       1
       0
       0
       1
       1
       1
       4
       2
       0
       0
       2
       1
       0
       0
       1
       1
       1
       4
       3
       1
       0
       1
       2
       1
       0
       0
       1
       3
       1
       2
       1
       0
       1
       1
       2
       0
       1
       1
       1
       0
       1
       0
       1
       1
       0
       0
       0
       3
       0
       2
       1
       0
       2
       2
       1
       2
       2
       1
       3
       2
       1
       2
       0
       1
       1
       1
       3
       0
       2
       0
       2
       0
       1
       2
       1
       1
       1
       0
       5
       1
       0
       0
       1
       1
       0
       2
       0
       1
       0
       0
       2
       0
       0
       1
       1
       1
       1
       2
       0
       0
       0
       0
       1
       1
       2
       0
       1
       0
       0
       0
       5
       0
       4
       1
       1
       0
       0
       2
       0
       1
       0
       0
       1
       2
       0
       0
       1
       0
       0
       2
       0
       0
       3
       0
       3
       0
       0
       0
       0
       0
       0
       1
       0
       0
       1
       2
       0
       0
       2
       0
       1
       0
       2
       0
       1
       1
       1
       1
       0
       1
       0
       0
       1
       0
       1
       1
       1
       1
       1
       0
       1
       0
       0
       1
       0
       2
       1
       0
       0
       2
       1
       0
       1
       0
       2
       1
       0
       0
       1
       0
       0
       1
       0
       2
       2
       0
       0
       1
       1
       0
       1
       0
       0
       0
       2
       1
       1
       0
       0
       2
       0
       1
       0
       0
       1
       2
       0
       3
       1
       1
       1
       0
       0
       0
       1
       0
       0
       0
       2
       0
       0
       1
       0
       0
       1
       2
       0
       1
       2
       3
       1
       1
       0
       0
       0
       0
       0
       0
       0
       2
       1
       2
       2
       0
       2
       5
       4
       8
      17
      18
      28
      19
      28
      24
      20
      19
       7
       4
       4
       3
       2
       0
       1
       0
       0
       0
       0
       1
       0
       0
       0
       2
       0
       0
       1
       0
       1
       0
       3
       0
       0
       0
       0
       0
       1
       1
       2
       3
       0
       1
       0
       2
       2
       0
       0
       1
       1
       1
       0
       1
       0
       0
       2
       2
       2
       0
       1
       0
       1
       0
       1
       0
       1
       2
       0
       1
       1
       0
       0
       1
       1
       0
       0
       0
       1
       0
       0
       0
       0
       1
       1
       0
       0
       1
       0
       0
       1
       2
       3
       1
       0
       0
       2
       0
       0
       0
       1
       3
       0
       0
       1
       0
       1
       0
       1
       1
       1
       0
       1
       1
       0
       0
       0
       0
       0
       1
       2
       0
       0
       2
       0
       1
       2
       0
       1
       2
       0
       0
       1
       0
       1
       0
       0
       1
       0
       0
       0
       0
       0
       0
       0
       0
       1
       0
       1
       0
       1
       1
       0
       0
       0
       4
       2
       1
       2
       1
       2
       1
       2
       1
       3
       0
       0
       1
       0
       0
       0
       0
       0
       0
       2
       1
       0
       0
       1
       1
       1
       1
       0
       1
       0
       0
       1
       0
       2
       0
       0
       0
       1
       0
       0
       1
       1
       2
       1
       2
       0
       0
       1
       1
       0
       1
       1
       0
       2
       0
       0
       0
       0
       0
       1
       1
       0
       0
       4
       0
       0
       1
       0
       1
       4
       0
       0
       0
       2
       1
       0
       1
       0
       0
       3
       1
       1
       1
       0
       1
       1
       1
       1
       0
       0
       0
       1
       0
       0
       2
       0
       1
       0
       0
       0
       0
       0
       1
       1
       0
       1
       0
       0
       0
       2
       0
       1
       0
       2
       1
       2
       0
       0
       0
       0
       1
       0
       3
       0
       0
       0
       1
       0
       0
       0
       2
       0
       0
       1
       0
       0
       2
       1
       1
       2
       0
       0
       0
       0
       0
       0
       0
       0
       0
       1
       0
       1
       3
       0
       0
       0
       0
       0
       2
       2
       1
       0
       0
       0
       2
       0
       0
       1
       3
       1
       1
       1
       1
       0
       1
       0
       1
       2
       2
       0
       1
       2
       1
       0
       0
       1
       1
       0
       0
       0
       1
       0
       0
       0
       1
       2
       0
       2
       0
       1
       0
       0
       0
       0
       0
       1
       0
       0
       0
       0
       0
       0
       1
       1
       0
       0
       1
       0
       0
       0
       0
       0
       0
       1
       0
       0
       0
       0
       0
       1
       0
       0
       1
       0
       0
       0
       0
       1
       1
       0
       0
       0
       2
       1
       0
       0
       2
       2
       0
       1
       1
       1
       1
       0
       0
       1
       0
       1
       0
       0
       0
       0
       2
       0
       0
       0
       0
       1
       0
       1
       1
       0
       0
       0
       0
       1
       1
       0
       0
       1
       1
       1
       1
       2
       0
       0
       0
       1
       0
       0
       1
       2
       2
       0
       0
       1
       0
       0
       0
       0
       0
       1
       0
       0
       0
       1
       0
       0
       3
       0
       1
       0
       0
       0
       0
       1
       0
       0
       0
       1
       1
       0
       0
       1
       0
       1
       0
       0
       0
       0
       0
       1
       0
       1
       1
       1
       0
       0
       0
       0
       0
       1
       1
       0
       0
       0
       0
       0
       0
       0
       0
       1
       2
       1
       1
       2
       0
       0
       0
       0
       2
       1
       0
       0
       0
       0
       0
       0
       1
       1
       0
       1
       0
       0
       1
       0
       0
       0
       1
       0
       0
       0
       0
       0
       0
       0
       0
       1
       0
       2
       0
       0
       0
       1
       0
       0
       0
       0
       1
       0
       0
       0
       0
       0
       0
       1
       1
       1
       0
       0
       0
       1
       1
       0
       0
       0
       1
       1
       0
       0
       0
       0
       0
       0
       0
       0
       2
       0
       2
       1
       0
       0
       0
       1
       1
       0
       2
       0
       1
       0
       0
       0
       1
       0
       0
       1
       1
       0
       1
       1
       1
       0
       0
       1
       0
       0
       0
       0
       1
       0
       1
       1
       0
       0
       0
       1
       0
       1
       0
       0
       0
       0
       2
       1
       0
       0
       1
       0
       0
       0
       1
       0
       0
       0
       0
       1
       0
       1
       1
       0
       0
       2
       0
       0
       0
       0
       0
       0
       1
       0
       0
       0
       0
       1
       0
       0
       2
       0
       0
       0
       0
       0
       1
       0
       0
       0
       0
       0
       1
       0
       1
       2
       1
       0
       1
       0
       0
       1
       0
       0
       0
       1
       0
       1
       0
       0
       0
       0
       1
       0
       1
       0
       0
       0
       1
       0
       0
       1
       0
       1
       1
       1
       0
       0
       1
       0
       0
       0
       0
       0
       0
       1
       0
       0
       0
       1
       0
       0
       1
       0
       0
       0
       1
       0
       0
       0
       0
       2
       0
       0
       1
       0
       1
       0
       0
       0
       0
       0
       1
       0
       0
       1
       0
       0
       0
       0
       1
       2
       0
       0
       0
       1
       0
       3
       1
       3
       3
       3
       1
       5
       0
       2
       1
       0
       0
       0
       0
       2
       1
       1
       0
       1
       0
       0
       0
       2
       0
       0
       0
       0
       0
       2
       0
       0
       1
       0
       0
       0
       1
       1
       0
       1
       0
       0
       0
       0
       0
       3
       0
       1
       0
       0
       0
       0
       0
       0
       0
       0
       0
       0
       0
       1
       2
       0
       0
       1
       0
       0
       1
       1
       0
       1
       1
       0
       0
       0
       0
       1
       0
       0
       0
       0
       1
       0
       0
       0
       2
       0
       1
       0
       0
       0
       0
       1
       1
       0
       0
       0
       0
       0
       0
       0
       0
       0
       0
       1
       0
       0
       1
       0
       0
       0
       0
       0
       0
       0
       2
       0
       0
       0
       0
       1
       0
       1
       0
       0
       0
       0
       0
       0
       0
       0
       0
       0
       1
       0
       0
       1
       1
       0
       1
       0
       0
       0
       0
       1
       0
       1
       0
       0
       1
       1
       0
       0
       0
       0
       0
       0
       0
       0
       1
       0
       0
       0
       0
       0
       1
       1
       1
       0
       0
       0
       2
       1
       0
       1
       0
       0
       0
       0
       1
       0
       1
       0
       0
       1
       1
       0
       0
       0
       0
       0
       0
       1
       1
       1
       0
       0
       0
       0
       1
       1
       0
       0
       0
       0
       1
       0
       0
       1
       0
       1
       0
       0
       0
       1
       0
       0
       0
       0
       0
       0
       0
       1
       0
       1
       0
       1
       2
       1
       0
       1
       0
       0
       0
       0
       0
       0
       0
       1
       0
       0
       0
       0
       1
       0
       0
       1
       0
       0
       0
       0
       1
       1
       2
       0
       0
       0
       0
       0
       0
       0
       0
       0
       2
       0
       1
       0
       1
       0
       0
       1
       0
       0
       0
       0
       0
       2
       0
       1
       0
       0
       0
       0
       0
       1
       0
       1
       0
       1
       0
       1
       1
       1
       0
       0
       0
       0
       0
       0
       1
       0
       0
       0
       1
       1
       0
       0
       0
       2
       0
       0
       0
       2
       1
       0
       0
       0
       0
       0
       0
       1
       0
       0
       1
       0
       1
       0
       0
       1
       0
       0
       0
       0
       0
       0
       0
       0
       1
       1
       0
       0
       1
       0
       0
       0
       0
       1
       1
       0
       0
       0
       0
       1
       0
       1
       0
       1
       1
       0
       0
       1
       0
       0
       1
       3
       0
       1
       0
       0
       0
       0
       2
       0
       0
       1
       0
       0
       0
       0
       0
       0
       0
       0
       1
       0
       1
       0
       0
       0
       1
       2
       0
       1
       1
       0
       0
       0
       1
       0
       1
       0
       1
       0
       0
       0
       1
       1
       0
       0
       0
       0
       0
       0
       0
       1
       1
       0
       0
       0
       1
       1
       0
       0
       1
       0
       0
       1
       1
       0
       1
       0
       0
       0
       0
       0
       0
       1
       1
       1
       1
       0
       0
       0
       0
       0
       0
       0
       0
       1
       1
       1
       0
       0
       0
       0
       0
       0
       0
       2
       0
       0
       0
       0
       0
       0
       0
       0
       1
       1
       0
       0
       0
       1
       0
       0
       0
       0
       0
       0
       0
       0
       0
       0
       0
       0
       1
       0
       0
       0
       0
       0
       0
       0
       0
       0
       2
       0
       0
       1
       0
       0
       0
       0
       1
       0
       0
       0
       0
       0
       0
       0
       1
       0
       0
       0
       0
       0
       0
       0
       0
       1
       1
       1
       0
       0
       0
       0
       1
       0
       0
       0
       0
       1
       0
       0
       0
       0
       1
       1
       1
       0
       0
       0
       0
       0
       0
       0
       0
       0
       0
       1
       1
       0
       0
       0
       0
       0
       0
       0
       0
       1
       0
       0
       0
       0
       0
       0
       0
       0
       0
       0
       1
       1
       0
       1
       0
       1
       0
       1
       0
       0
       0
       0
       1
       0
       1
       0
       0
       1
       1
       0
       0
       0
       0
       0
       0
       0
       1
       0
       0
       0
       1
       1
       0
       1
       0
       0
       0
       0
       0
       0
       1
       1
       0
       0
       1
       0
       0
       0
       0
       0
       0
       0
       0
       0
       1
       0
       0
       0
       1
       1
       0
       0
       0
       0
       0
       0
       0
       0
       0
       0
       1
       0
       0
       1
       1
       0
       0
       0
       0
       0
       1
       0
       0
       0
       0
       1
       0
       0
       0
       0
       0
       1
       0
       1
       0
       0
       0
       0
       0
       1
       0
       0
       1
       0
       0
       0
       0
       0
       0
       0
       0
       1
       0
       0
       0
       0
       0
       0
       0
       0
       0
       0
       0
       0
       0
       0
       0
       0
       0
       0
       1
       0
       1
       0
       0
       0
       0
       0
       0
       0
       0
       0
       0
       0
       0
       0
       1
       1
       0
       0
       1
       0
       0
       0
       0
       0
       0
       0
       0
       0
       0
       0
       0
       1
       0
       0
       0
       0
       0
       0
       0
       0
       0
       0
       0
       0
       1
       0
       0
       1
       0
       0
       3
       0
       0
       0
       1
       0
       0
       1
       1
       0
       1
       0
       1
       0
       1
       0
       0
       0
       0
       2
       0
       1
       1
       1
       0
       0
       0
       2
       0
       1
       1
       0
       0
       1
       0
       1
       0
       0
       0
       0
       1
       0
       0
       0
       1
       0
       0
       0
       1
       0
       0
       0
       0
       1
       1
       0
       0
       0
       0
       0
       0
       0
       2
       0
       0
       0
       0
       0
       2
       0
       1
       0
       2
       0
       0
       2
       0
       0
       0
       0
       0
       0
       0
       1
       0
       0
       0
       1
       0
       0
       0
       1
       2
       0
       1
       0
       5
       1
       0
       1
       0
       0
       0
       0
       0
       1
       1
       0
       0
       0
       0
       0
       0
       0
       1
       0
       0
       0
       0
       0
       0
       0
       0
       0
       0
       0
       2
       2
       0
       0
       0
       0
       0
       0
       0
       0
       0
       0
       1
       0
       0
       1
       0
       1
       0
       0
       0
       1
       0
       0
       0
       0
       0
       1
       0
       0
       0
       0
       0
       0
       0
       0
       0
       0
       0
       0
       0
       0
       0
       0
       1
       1
       0
       0
       0
       0
       0
       0
       2
       0
       0
       1
       1
       0
       0
       0
       2
       0
       1
       0
       1
       0
       0
       1
       0
       0
       0
       0
       0
       0
       0
       0
       0
       0
       0
       0
       0
       0
       0
       0
       0
       0
       1
       0
       0
       0
       0
       0
       0
       0
       0
       0
       0
       0
       0
       0
       0
       0
       0
       0
       0
       0
       1
       0
       0
       0
       0
       0
       0
       0
       0
       0
       0
       0
       0
       0
       0
       0
       0
       0
       0
       0
       0
       0
       0
       1
       0
       0
       1
       0
       1
       0
       1
       0
       1
       0
       0
       0
       0
       0
       0
       0
       1
       0
       0
       0
       0
       0
       0
       0
       1
       0
       0
       1
       0
       0
       0
       1
       0
       0
       1
       0
       1
       0
       0
       0
       1
       0
       0
       0
       1
       1
       1
       0
       0
       0
       0
       0
       0
       0
       1
       1
       0
       0
       0
       0
       1
       0
       0
       0
       2
       0
       0
       0
       0
       0
       0
       0
       0
       1
       0
       0
       0
       0
       0
       0
       0
       0
       1
       0
       1
       0
       1
       0
       1
       1
       0
       0
       1
       0
       1
       1
       0
       1
       0
       2
       1
       0
       0
       0
       1
       0
       0
       0
       0
       0
       1
       0
       0
       0
       0
       0
       0
       0
       0
       0
       0
       1
       0
       1
       0
       1
       0
       0
       0
       0
       0
       0
       0
       0
       0
       0
       0
       0
       0
       0
       0
       0
       0
       0
       0
       0
       0
       0
       0
       0
       1
       0
       0
       0
       0
       0
       0
       0
       0
       0
       0
       1
       0
       1
       0
       1
       0
       0
       0
       0
       0
       1
       0
       0
       2
       0
       0
       0
       1
       0
       0
       0
       0
       0
       1
       0
       1
       0
       0
       1
       1
       0
       0
       0
       0
       0
       0
       1
       0
       0
       0
       0
       0
       0
       0
       0
       0
       0
       0
       0
       0
       0
       0
       0
       0
       0
       0
       0
       0
       1
       0
       0
       0
       0
       0
       0
       0
       0
       0
       0
       0
       1
       0
       0
       0
       0
       0
       0
       0
       0
       0
       0
       0
       0
       0
       0
       0
       0
       0
       0
       0
       0
       0
       0
       0
       0
       1
       0
       0
       0
       0
       0
       0
       0
       0
       0
       0
       0
       0
       0
       0
       0
       0
       0
       0
       0
       0
       0
       0
       0
       0
       0
       1
       0
       0
       0
       0
       1
       0
       0
       0
       0
       1
       0
       0
       1
       0
       0
       0
       0
       0
       0
       0
       1
       0
       2
       0
       0
       0
       0
       0
       0
       0
       0
       0
       0
       0
       0
       0
       1
       1
       1
       0
       0
       0
       0
       1
       0
       1
       1
       1
       0
       1
       0
       0
       0
       0
       0
       0
       0
       1
       0
       0
       0
       0
       0
       0
       0
       0
       0
       0
       1
       0
       0
       1
       0
       1
       0
       0
       1
       0
       0
       0
       0
       0
       0
       0
       0
       0
       0
       0
       0
       1
       0
       0
       0
       0
       1
       0
       0
       0
       0
       1
       0
       0
       0
       0
       0
       1
       0
       0
       0
       0
       0
       0
       0
       2
       0
       2
       0
       0
       1
       1
       0
       0
       0
       0
       0
       0
       0
       0
       0
       0
       1
       1
       0
       0
       0
       0
       0
       0
       0
       0
       0
       0
       1
       0
       0
       0
       0
       0
       0
       0
       1
       0
       0
       0
       0
       0
       0
       1
       0
       0
       1
       1
       0
       0
       0
       0
       0
       0
       0
       0
       0
       1
       0
       0
       0
       0
       0
       0
       3
       0
       0
       0
       0
       0
       0
       1
       0
       0
       0
       1
       0
       0
       0
       0
       0
       0
       1
       0
       0
       0
       0
       0
       1
       0
       0
       0
       0
       1
       1
       0
       0
       0
       0
       0
       0
       0
       0
       0
       0
       0
       0
       0
       0
       0
       1
       0
       0
       1
       1
       0
       1
       0
       0
       0
       0
       0
       1
       0
       1
       0
       1
       0
       1
       0
       0
       0
       1
       0
       0
       0
       0
       1
       0
       1
       0
       0
       1
       0
       0
       0
       1
       0
       0
       0
       1
       0
       0
       0
       1
       0
       1
       0
       0
       0
       0
       1
       0
       0
       0
       2
       3
       0
       0
       0
       0
       0
       0
       0
       0
       1
       0
       0
       0
       0
       0
       0
       0
       0
       0
       0
       0
       0
       1
       0
       0
       0
       0
       0
       0
       1
       0
       0
       0
       0
       1
       0
       0
       0
       0
       0
       1
       0
       0
       0
       0
       0
       0
       0
       0
       1
       0
       0
       0
       0
       1
       0
       0
       0
       0
       0
       0
       0
       0
       0
       0
       0
       0
       0
       0
       0
       0
       0
       0
       0
       0
       0
       0
       0
       0
       0
       0
       0
       0
       0
       0
       0
       1
       0
       1
       1
       0
       0
       0
       0
       0
       0
       1
       0
       0
       0
       0
       0
       0
       0
       0
       0
       0
       0
       0
       1
       0
       0
       1
       0
       0
       0
       0
       0
       0
       1
       0
       0
       0
       0
       0
       1
       0
       1
       0
       0
       0
       0
       0
       0
       0
       0
       0
       1
       0
       0
       1
       0
       0
       0
       0
       1
       0
       0
       0
       0
       0
       1
       0
       0
       1
       1
       0
       0
       0
       0
       0
       0
       1
       0
       0
       0
       0
       0
       0
       0
       0
       0
       0
       0
       1
       0
       0
       0
       1
       1
       0
       0
       0
       0
       0
       0
       0
       1
       0
       0
       0
       0
       0
       1
       0
       0
       0
       0
       0
       0
       0
       0
       0
       0
       1
       0
       0
       0
       1
       0
       0
       0
       0
       0
       0
       0
       0
       0
       0
       0
       0
       0
       0
       0
       0
       0
       0
       0
       0
       0
       0
       0
       0
       0
       0
       0
       0
       0
       0
       0
       0
       0
       0
       0
       0
       0
       0
       0
       0
       0
       0
       0
       1
       0
       0
       0
       0
       0
       0
       0
       0
       0
       0
       0
       0
       1
       0
       0
       0
       0
       0
       0
       0
       0
       0
       0
       0
       0
       0
       0
       0
       0
       0
       0
       0
       0
       1
       0
       1
       0
       0
       0
       0
       0
       0
       0
       0
       0
       0
       0
       1
       0
       0
       0
       0
       0
       0
       0
       0
       0
       0
       0
       0
       0
       0
       0
       0
       0
       0
       1
       0
       0
       0
       0
       0
       0
       0
       0
       0
       0
       0
       0
       0
       0
       0
       1
       0
       0
       0
       0
       0
       0
       0
       0
       0
       0
       0
       0
       0
       0
       0
       0
       0
       0
       1
       0
       0
       0
       0
       1
       0
       0
       0
       0
       0
       0
       0
       0
       0
       0
       0
       0
       0
       0
       1
       0
       1
       0
       0
       0
       0
       0
       0
       0
       1
       0
       0
       0
       0
       0
       0
       0
       1
       0
       0
       0
       0
       0
       0
       0
       0
       0
       0
       0
       0
       0
       0
       0
       0
       0
       0
       0
       0
       0
       0
       0
       0
       0
       0
       0
       0
       0
       0
       0
       0
       0
       0
       0
       0
       0
       0
       0
       0
       0
       0
       0
       0
       0
       0
       0
       0
       0
       0
       0
       0
       0
       0
       0
       0
       0
       0
       0
       0
       0
       0
       0
       0
       0
       0
       0
       0
       1
       0
       0
       0
       0
       0
       0
       0
       0
       0
       0
       0
       0
       0
       0
       0
       0
       0
       0
       0
       0
       0
       0
       0
       0
       0
       0
       0
       0
       0
       0
       0
       0
       0
       0
       0
       0
       0
       0
       0
       0
       0
       0
       0
       0
       0
       0
       0
       0
       0
       0
       0
       0
       0
       0
       0
       0
       0
       0
       0
       0
       1
       0
       0
       0
       0
       0
       0
       0
       0
       0
       1
       0
       0
       0
       0
       0
       0
       0
       0
       0
       0
       0
       0
       0
       3
       2
       0
       7
       6
       3
       5
       5
       2
       1
       0
       0
       1
       0
       0
       0
       0
       0
       0
       0
       0
       0
       0
       0
       0
       0
       0
       0
       0
       0
       0
       0
       0
       0
       0
       1
       0
       0
       0
       0
       0
       0
       0
       0
       0
       0
       0
       0
       0
       0
       0
       0
       0
       0
       0
       0
       0
       0
       0
       0
       0
       0
       0
       0
       0
       0
       0
       0
       0
       0
       0
       0
       0
       0
       0
       0
       0
       0
       0
       0
       0
       0
       0
       0
       0
       0
       0
       0
       0
       0
       0
       0
       0
       0
       0
       0
       0
       0
       0
       0
       0
       0
       0
       0
       0
       0
       0
       0
       0
       0
       0
       0
       0
       0
       0
       0
       0
       0
       0
       0
       0
       0
       0
       0
       0
       0
       0
       0
       0
       0
       0
       0
       0
       0
       0
       0
       0
       0
       0
       0
       0
       0
       0
       0
       0
       0
       0
       0
       0
       0
       0
       0
       0
       0
       0
       0
       0
       0
       0
       0
       0
       0
       0
       0
       0
       0
       0
       0
       0
       0
       0
       0
       1
       0
       0
       0
       0
       0
       0
       0
       0
       0
       0
       0
       0
       0
       0
       0
       0
       0
       0
       0
       0
       0
       0
       0
       0
       0
       0
       0
       0
       0
       0
       0
       1
       0
       0
       0
       0
       0
       0
       0
       0
       0
       0
       0
       0
       0
       0
       0
       0
       0
       0
       0
       0
       0
       0
       0
       0
       0
       1
       0
       0
       0
       0
       0
       0
       0
       0
       0
       0
       0
       0
       0
       0
       0
       0
       0
       0
       0
       0
       0
       0
       0
       0
       0
       0
       0
       0
       0
       0
       0
       0
       0
       0
       0
       0
       0
       0
       0
       0
       0
       0
       0
       0
       0
       0
       0
       0
       0
       0
       0
       0
       0
       0
       0
       0
       0
       0
       0
       0
       0
       0
       0
       0
       0
       0
       0
       0
       0
       0
       0
       0
       0
       0
       0
       0
       0
       0
       0
       0
       0
       0
       0
       0
       0
       0
       0
       0
       0
       0
       0
       0
       0
       0
       0
       0
       0
       0
       1
       0
       0
       0
       0
       0
       0
       0
       0
       0
       0
       0
       0
       0
       0
       0
       0
       0
       0
       0
       0
       0
       0
       0
       0
       0
       0
       0
       0
       0
       0
       0
       0
       0
       0
       0
       0
       0
       0
       0
       0
       1
       0
       0
       0
       0
       0
       0
       0
       0
       0
       0
       0
       0
       0
       0
       0
       0
       0
       0
       0
       0
       0
       0
       0
       0
       0
       0
       0
       0
       0
       0
       0
       0
       0
       0
       0
       0
       0
       0
       0
       0
       0
       0
       0
       0
       0
       0
       0
       0
       0
       0
       0
       0
       0
       0
       0
       0
       0
       0
       0
       0
       0
       0
       0
       0
       0
       1
       0
       0
       0
       0
       0
       0
       0
       0
       0
       0
       0
       0
       0
       0
       0
       0
       0
       0
       0
       0
       0
       0
       0
       1
       0
       0
       0
       0
       0
       0
       0
       0
       0
       0
       0
       0
       0
       0
       0
       0
       0
       0
       0
       0
       0
       0
       0
       0
       0
       0
       0
       0
       0
       0
       0
       0
       0
       0
       0
       0
       0
       0
       0
       0
       0
       0
       0
       0
       0
       0
       0
       0
       0
       0
       0
       0
       0
       0
       0
       0
       0
       0
       0
       0
       0
       0
       0
       0
       0
       0
       0
       0
       0
       0
       0
       0
       0
       0
       0
       0
       0
       0
       0
       1
       0
       0
       0
       0
       0
       0
       0
       0
       0
       0
       0
       0
       0
       0
       0
       0
       0
       0
       0
       0
       0
       0
       0
       0
       0
       0
       0
       0
       0
       0
       0
       0
       0
       0
       0
       0
       0
       0
       0
       0
       0
       0
       0
       0
       0
       0
       0
       0
       0
       0
       0
       0
       0
       0
       0
       0
       0
       0
       0
       0
       0
       0
       0
       0
       0
       0
       0
       1
       0
       0
       0
       0
       0
       0
       0
       0
       0
       0
       0
       0
       0
       0
       0
       0
       0
       1
       0
       0
       0
       0
       0
       0
       0
       0
       0
       0
       0
       0
       0
       0
       0
       0
       0
       0
       0
       0
       0
       0
       0
       0
       0
       0
       0
       0
       0
       0
       0
       0
       0
       0
       0
       0
       0
       0
       0
       0
       0
       0
       0
       0
       0
       0
       0
       0
       0
       0
       0
       0
       0
       0
       0
       0
       0
       0
       0
       0
       0
       0
       0
       0
       0
       0
       0
       0
       0
       0
       0
       0
       0
       0
       0
       0
       0
       0
       0
       0
       1
       0
       0
       0
       0
       0
       0
       0
       0
       0
       1
       0
       0
       0
       0
       0
       0
       0
       0
       0
       0
       0
       0
       0
       0
       0
       0
       0
       0
       0
       0
       0
       0
       0
       0
       0
       0
       0
       0
       0
       0
       0
       0
       0
       0
       0
       0
       0
       0
       0
       0
       0
       0
       0
       0
       0
       0
       0
       0
       0
       0
       0
       0
       0
       0
       0
       0
       0
       0
       0
       0
       0
       0
       0
       0
       0
       0
       0
       0
       0
       0
       0
       0
       0
       0
       0
       0
       0
       0
       0
       0
       0
       0
       0
       0
       0
       0
       0
       0
       0
       0
       0
       1
       0
       0
       0
       0
       0
       0
       0
       0
       0
       0
       0
       0
       0
       0
       0
       0
       0
       0
       0
       0
       0
       0
       0
       0
       0
       0
       0
       0
       0
       0
       0
       0
       0
       0
       0
       0
       0
       0
       0
       0
       0
       0
       0
       0
       0
       0
       0
       0
       0
       0
       0
       0
       0
       0
       0
       0
       0
       0
       0
       0
       0
       0
       0
       0
       0
       0
       0
       0
       0
       0
       0
       0
       0
       0
       0
       0
       0
       0
       0
       0
       0
       0
       0
       0
       0
       0
       0
       0
       0
       0
       0
       0
       0
       0
       0
       0
       0
       0
       0
       0
       0
       0
       0
       0
       0
       0
       0
       0
       0
       0
       0
       0
       0
       0
       0
       0
       0
       0
       0
       0
       0
       0
       0
       0
       0
       0
       0
       0
       0
       0
       0
       0
       0
       0
       0
       0
       0
       0
       0
       0
       0
       0
       0
       0
       0
       0
       0
       0
       0
       0
       0
       0
       0
       0
       0
       0
       0
       0
       0
       0
       0
       0
       0
       0
       0
       0
       0
       0
       0
       0
       0
       0
       0
       0
       0
       0
       0
       0
       0
       0
       0
       0
       0
       0
       0
       0
       0
       0
       0
       0
       0
       0
       0
       0
       0
       0
       0
       0
       0
       0
       0
       0
       0
       0
       0
       0
       0
       0
       0
       0
       0
       0
       0
       0
       0
       0
       0
       0
       0
       0
       0
       0
       0
       0
       0
       0
       0
       0
       0
       0
       0
       0
       0
       0
       0
       0
       0
       0
       0
       0
       0
       0
       0
       0
       0
       0
       0
       0
       0
       0
       0
       0
       0
       0
       0
       0
       0
       0
       0
       0
       0
       0
       0
       0
       0
       0
       0
       0
       0
       0
       0
       0
       0
       0
       0
       0
       0
       0
       0
       0
       0
       0
       0
       0
       0
       0
       0
       0
       0
       0
       0
       0
       0
       0
       0
       0
       0
       0
       0
       0
       0
       0
       0
       0
       0
       1
       0
       0
       0
       0
       0
       0
       0
       0
       0
       0
       0
       0
       0
       0
       0
       0
       0
       0
       0
       0
       0
       0
       0
       0
       0
       0
       0
       0
       0
       0
       0
       0
       0
       0
       0
       0
       0
       0
       0
       0
       0
       0
       0
       0
       0
       0
       0
       0
       0
       0
       0
       0
       0
       0
       1
       0
       0
       0
       0
       0
       0
       0
       0
       0
       0
       0
       0
       0
       0
       0
       0
       0
       0
       0
       0
       0
       0
       0
       0
       0
       0
       0
       0
       0
       0
       0
       0
       0
       0
       0
       0
       0
       0
       0
       0
       0
       0
       0
       0
       0
       0
       0
       0
       0
       0
       0
       0
       0
       0
       0
       0
       0
       0
       0
       0
       0
       0
       0
       0
       0
       0
       0
       0
       0
       0
       0
       0
       0
       0
       0
       0
       0
       0
       0
       0
       0
       0
       0
       0
       0
       0
       0
       0
       0
       0
       0
       0
       0
       0
       0
       0
       0
       0
       0
       0
       0
       0
       0
       0
       0
       0
       0
       0
       0
       0
       0
       0
       0
       0
       0
       0
       1
       0
       0
       0
       0
       0
       0
       0
       0
       0
       0
       0
       0
       0
       0
       0
       0
       0
       0
       0
       0
       0
       0
       0
       0
       0
       0
       0
       0
       0
       0
       0
       0
       0
       0
       0
       0
       0
       0
       0
       0
       0
       0
       0
       0
       0
       0
       0
       0
       0
       0
       0
       0
       0
       0
       0
       0
       0
       0
       0
       0
       0
       0
       0
       0
       0
       0
       0
       0
       0
       0
       0
       0
       0
       0
       0
       0
       0
       0
       0
       0
       0
       0
       0
       0
       0
       0
       0
       0
       0
       0
       0
       0
       0
       0
       0
       0
       0
       0
       0
       0
       0
       0
       0
       0
       0
       0
       0
       1
       0
       0
       0
       0
       0
       0
       0
       0
       0
       0
       0
       0
       0
       0
       0
       0
       0
       0
       0
       0
       0
       0
       0
       0
       0
       0
       0
       0
       0
       0
       0
       0
       0
       0
       0
       0
       0
       0
       0
       0
       0
       0
       0
       0
       0
       0
       0
       0
       0
       0
       0
       0
       0
       0
       0
       0
       0
       0
       0
       0
       0
       0
       0
       0
       0
       0
       0
       0
       0
       0
       0
       0
       0
       0
       0
       0
       0
       0
       0
       0
       0
       0
       0
       0
       0
       0
       0
       0
       0
       0
       0
       0
       0
       0
       0
       0
       0
       0
       0
       0
       0
       0
       0
       0
       0
       0
       0
       0
       0
       0
       0
       0
       0
       0
       0
       0
       0
       0
       0
       0
       0
       0
       0
       0
       0
       0
       0
       0
       0
       0
       0
       0
       0
       0
       0
       0
       0
       0
       0
       0
       0
       0
       0
       0
       0
       0
       0
       0
       0
       0
       0
       0
       0
       0
       0
       0
       0
       0
       0
       0
       0
       0
       0
       0
       0
       0
       0
       0
       0
       0
       0
       0
       0
       0
       0
       0
       0
       0
       0
       0
       0
       0
       0
       0
       0
       0
       0
       0
       0
       0
       0
       0
       0
       0
       0
       0
       0
       0
       0
       0
       0
       0
       0
       0
       0
       0
       0
       0
       0
       0
       0
       0
       0
       0
       0
       0
       0
       0
       0
       0
       0
       0
       0
       0
       0
       0
       0
       0
       0
       0
       0
       0
       0
       0
       0
       0
       0
       0
       0
       0
       0
       0
       0
       0
       0
       0
       0
       0
       0
       0
       0
       0
       0
       0
       0
       0
       0
       0
       0
       0
       0
       0
       0
       0
       0
       0
       0
       0
       0
       0
       0
       0
       0
       0
       0
       0
       0
       0
       0
       0
       0
       0
       0
       0
       0
       0
       0
$ROI:
0
$PRESETS:
Real Time
300
0
$ENER_FIT:
8.931054 0.240803
$MCA_CAL:
3
8.931054E+000 2.408025E-001 6.157388E-008 keV
$SHAPE_CAL:
3
9.658150E+000 -1.618950E-003 2.758845E-007
