# Target Z    :  29
# Target A    :   0
# Target state:  
# Projectile  : p
# Reaction    : (p,n')    
# Final state :  
# Quantity    : Cross section
# Frame       : L
# MF          :    3
# MT          :    4
# X4 ID       : C0739002 
# X4 code     : 29-CU-0(P,N),,SIG
# Author      : Qiang                    
# Year        : 1990
# Data points :     84
#    E(MeV)       xs(mb)      dxs(mb)     dE(MeV)      Evaluation  C/E(F)      Chi-2     Delta(mb)
  1.91700E+00  2.00000E-02  7.40000E-04  0.00000E+00
  1.92700E+00  0.00000E+00  0.00000E+00  0.00000E+00
  2.07000E+00  5.00000E-02  9.15000E-04  0.00000E+00
  2.07000E+00  1.00000E-02  7.34000E-04  0.00000E+00
  2.16900E+00  4.20000E-01  1.62120E-02  0.00000E+00
  2.17000E+00  6.80000E-01  1.61840E-02  0.00000E+00
  2.17100E+00  7.30000E-01  1.49650E-02  0.00000E+00
  2.17100E+00  8.70000E-01  1.47900E-02  0.00000E+00
  2.17200E+00  7.00000E-01  1.24600E-02  0.00000E+00
  2.17500E+00  5.20000E-01  8.68400E-03  0.00000E+00
  2.17800E+00  4.30000E-01  6.62200E-03  0.00000E+00
  2.17800E+00  2.30000E-01  5.22100E-03  0.00000E+00
  2.18500E+00  4.40000E-01  5.23600E-03  0.00000E+00
  2.18500E+00  2.70000E-01  4.23900E-03  0.00000E+00
  2.20200E+00  5.70000E-01  4.27500E-03  0.00000E+00
  2.20200E+00  4.40000E-01  3.78400E-03  0.00000E+00
  2.21400E+00  4.60000E-01  3.31200E-03  0.00000E+00
  2.21400E+00  4.90000E-01  3.38100E-03  0.00000E+00
  2.21400E+00  4.50000E-01  3.28500E-03  0.00000E+00
  2.21400E+00  4.60000E-01  3.26600E-03  0.00000E+00
  2.21400E+00  4.50000E-01  3.24000E-03  0.00000E+00
  2.22900E+00  5.70000E-01  3.19200E-03  0.00000E+00
  2.33400E+00  1.13000E+00  3.95500E-03  0.00000E+00
  2.44700E+00  1.96000E+00  5.29200E-03  0.00000E+00
  2.57000E+00  2.87000E+00  8.89700E-03  0.00000E+00
  2.70100E+00  3.80000E+00  1.02600E-02  0.00000E+00
  2.83400E+00  6.16000E+00  1.29360E-02  0.00000E+00
  2.94600E+00  8.16000E+00  1.95840E-02  0.00000E+00
  3.05300E+00  7.40000E+00  1.85000E-02  0.00000E+00
  3.05400E+00  7.42000E+00  1.85500E-02  0.00000E+00
  3.14900E+00  8.93000E+00  2.50040E-02  0.00000E+00
  3.14900E+00  8.92000E+00  2.49760E-02  0.00000E+00
  3.25100E+00  1.07100E+01  2.78460E-02  0.00000E+00
  3.35100E+00  1.40900E+01  3.09980E-02  0.00000E+00
  3.45200E+00  1.47500E+01  3.24500E-02  0.00000E+00
  3.55400E+00  1.90700E+01  3.62330E-02  0.00000E+00
  3.55400E+00  1.91300E+01  3.63470E-02  0.00000E+00
  3.65500E+00  1.93900E+01  5.23530E-02  0.00000E+00
  3.73900E+00  2.41500E+01  5.79600E-02  0.00000E+00
  3.85800E+00  2.44400E+01  5.86560E-02  0.00000E+00
  3.95900E+00  2.63700E+01  6.06510E-02  0.00000E+00
  4.05000E+00  2.77700E+01  6.10940E-02  0.00000E+00
  4.14100E+00  2.95200E+01  6.49440E-02  0.00000E+00
  4.23100E+00  3.67800E+01  6.98820E-02  0.00000E+00
  4.32300E+00  4.71500E+01  8.01550E-02  0.00000E+00
  4.32300E+00  4.73400E+01  8.04780E-02  0.00000E+00
  4.32300E+00  4.71900E+01  8.02230E-02  0.00000E+00
  4.41200E+00  5.56500E+01  1.22430E-01  0.00000E+00
  4.44000E+00  5.87600E+01  1.23400E-01  0.00000E+00
  4.44000E+00  5.87500E+01  1.23380E-01  0.00000E+00
  4.51000E+00  6.96400E+01  1.39280E-01  0.00000E+00
  4.59500E+00  8.04800E+01  1.44860E-01  0.00000E+00
  4.68500E+00  9.00200E+01  1.53030E-01  0.00000E+00
  4.77600E+00  1.00870E+02  1.71480E-01  0.00000E+00
  4.77600E+00  9.98900E+01  1.69810E-01  0.00000E+00
  4.77700E+00  9.90800E+01  1.58530E-01  0.00000E+00
  4.86700E+00  1.09330E+02  1.74930E-01  0.00000E+00
  4.86700E+00  1.09990E+02  1.86980E-01  0.00000E+00
  4.95600E+00  1.16670E+02  1.75010E-01  0.00000E+00
  4.95800E+00  1.17550E+02  1.88080E-01  0.00000E+00
  5.03900E+00  1.31840E+02  1.97760E-01  0.00000E+00
  5.12000E+00  1.37320E+02  2.05980E-01  0.00000E+00
  5.20000E+00  1.47770E+02  2.06880E-01  0.00000E+00
  5.28100E+00  1.49900E+02  2.09860E-01  0.00000E+00
  5.36200E+00  1.63480E+02  2.28870E-01  0.00000E+00
  5.44200E+00  1.69340E+02  2.20140E-01  0.00000E+00
  5.52400E+00  1.87780E+02  2.44110E-01  0.00000E+00
  5.52400E+00  1.87700E+02  2.44010E-01  0.00000E+00
  5.58300E+00  1.94120E+02  2.32940E-01  0.00000E+00
  5.66500E+00  1.97590E+02  2.37110E-01  0.00000E+00
  5.73700E+00  2.12680E+02  2.55220E-01  0.00000E+00
  5.80600E+00  2.08850E+02  2.50620E-01  0.00000E+00
  5.80600E+00  2.08170E+02  2.49800E-01  0.00000E+00
  5.87700E+00  2.11190E+02  2.53430E-01  0.00000E+00
  5.94700E+00  2.10680E+02  2.52820E-01  0.00000E+00
  6.02300E+00  2.27440E+02  2.72930E-01  0.00000E+00
  6.04700E+00  2.29170E+02  2.75000E-01  0.00000E+00
  6.18900E+00  2.33910E+02  2.57300E-01  0.00000E+00
  6.25900E+00  2.37560E+02  2.61320E-01  0.00000E+00
  6.33000E+00  2.43360E+02  2.67700E-01  0.00000E+00
  6.33000E+00  2.45260E+02  2.69790E-01  0.00000E+00
  6.40100E+00  2.45280E+02  2.69810E-01  0.00000E+00
  6.47000E+00  2.55890E+02  2.81480E-01  0.00000E+00
  6.54000E+00  2.61540E+02  2.87690E-01  0.00000E+00
#
# Average deviation:                                                0.000       0.000       0.000    
#
# Full reference:
#S.Qiang
#Thes. Thesis or dissertation Name.Qiang, 1990
#Sub-Coulomb proton induced reactions on copper
#
# Quality information:
#
# Quality  C0739002 :   
# Date     C0739002 : 05-01-2018
# Reaction C0739002 : NP:   84 E-range:   1.92    -   6.54     MeV 29-CU-0(P,N),,SIG                   pdf: n
# Paper    C0739002 : S.Qiang Thes. Thesis or dissertation Name.Qiang, 1990 Sub-Coulomb proton induced reactions on copper
# Action   C0739002 : 
# Comment  C0739002 : 
