# Target Z    :  13
# Target A    :  27
# Target state:  
# Projectile  : p
# Reaction    : (p,xa)
# E-inc       :  200.000 MeV
# Quantity    : Double-differential cross section
# Frame       : L
# MF          :    6
# MT          :  207
# X4 ID       : D0424003 
# X4 code     : 13-AL-27(P,X)2-HE-4,,DA/DE
# Author      : Machner                  
# Year        : 2006
# Data points :    323
# E-out(MeV) xs(mb/MeV.sr) dxs(mb/MeV.sr) dE(MeV)      Evaluation  C/E(F)      Chi-2     Delta(mb)
  1.00000E+00  1.29200E-09  1.05100E-10  0.00000E+00  2.00001E+01
  2.00000E+00  1.83900E-09  1.25400E-10  0.00000E+00  2.00001E+01
  3.00000E+00  1.36900E-10  3.42200E-11  0.00000E+00  2.00001E+01
  4.00000E+00  1.02600E-10  2.96300E-11  0.00000E+00  2.00001E+01
  5.00000E+00  2.31000E-10  4.44500E-11  0.00000E+00  2.00001E+01
  6.00000E+00  5.98800E-11  2.26300E-11  0.00000E+00  2.00001E+01
  7.00000E+00  8.55400E-12  8.55400E-12  0.00000E+00  2.00001E+01
  8.00000E+00  8.55400E-12  8.55400E-12  0.00000E+00  2.00001E+01
  9.00000E+00  1.71100E-11  1.21000E-11  0.00000E+00  2.00001E+01
  1.00000E+01  7.39400E-07  2.51500E-09  0.00000E+00  2.00001E+01
  1.10000E+01  1.18600E-06  3.18500E-09  0.00000E+00  2.00001E+01
  1.20000E+01  1.02100E-06  2.95600E-09  0.00000E+00  2.00001E+01
  1.30000E+01  8.62900E-07  2.71700E-09  0.00000E+00  2.00001E+01
  1.40000E+01  7.30000E-07  2.49900E-09  0.00000E+00  2.00001E+01
  1.50000E+01  6.19500E-07  2.30200E-09  0.00000E+00  2.00001E+01
  1.60000E+01  5.23400E-07  2.11600E-09  0.00000E+00  2.00001E+01
  1.70000E+01  4.46700E-07  1.95500E-09  0.00000E+00  2.00001E+01
  1.80000E+01  3.86700E-07  1.81900E-09  0.00000E+00  2.00001E+01
  1.90000E+01  3.37700E-07  1.70000E-09  0.00000E+00  2.00001E+01
  2.00000E+01  3.06100E-07  1.61800E-09  0.00000E+00  2.00001E+01
  2.10000E+01  2.47500E-07  1.45500E-09  0.00000E+00  2.00001E+01
  2.20000E+01  2.23600E-07  1.38300E-09  0.00000E+00  2.00001E+01
  2.30000E+01  2.03100E-07  1.31800E-09  0.00000E+00  2.00001E+01
  2.40000E+01  1.82500E-07  1.25000E-09  0.00000E+00  2.00001E+01
  2.50000E+01  1.65800E-07  1.19100E-09  0.00000E+00  2.00001E+01
  2.60000E+01  1.50500E-07  1.13500E-09  0.00000E+00  2.00001E+01
  2.70000E+01  1.38000E-07  1.08700E-09  0.00000E+00  2.00001E+01
  2.80000E+01  1.27500E-07  1.04400E-09  0.00000E+00  2.00001E+01
  2.90000E+01  1.15800E-07  9.95000E-10  0.00000E+00  2.00001E+01
  3.00000E+01  1.08700E-07  9.64300E-10  0.00000E+00  2.00001E+01
  3.10000E+01  9.98200E-08  9.24100E-10  0.00000E+00  2.00001E+01
  3.20000E+01  9.34200E-08  8.93900E-10  0.00000E+00  2.00001E+01
  3.30000E+01  8.52100E-08  8.53800E-10  0.00000E+00  2.00001E+01
  3.40000E+01  8.10800E-08  8.32800E-10  0.00000E+00  2.00001E+01
  3.50000E+01  7.44400E-08  7.98000E-10  0.00000E+00  2.00001E+01
  3.60000E+01  7.18500E-08  7.84000E-10  0.00000E+00  2.00001E+01
  3.70000E+01  6.59200E-08  7.50900E-10  0.00000E+00  2.00001E+01
  3.80000E+01  6.28200E-08  7.33000E-10  0.00000E+00  2.00001E+01
  3.90000E+01  5.83200E-08  7.06300E-10  0.00000E+00  2.00001E+01
  4.00000E+01  5.46800E-08  6.83900E-10  0.00000E+00  2.00001E+01
  4.10000E+01  5.04500E-08  6.56900E-10  0.00000E+00  2.00001E+01
  4.20000E+01  4.83400E-08  6.43000E-10  0.00000E+00  2.00001E+01
  4.30000E+01  4.57700E-08  6.25700E-10  0.00000E+00  2.00001E+01
  4.40000E+01  4.55300E-08  6.24100E-10  0.00000E+00  2.00001E+01
  4.50000E+01  4.02500E-08  5.86700E-10  0.00000E+00  2.00001E+01
  4.60000E+01  3.78200E-08  5.68800E-10  0.00000E+00  2.00001E+01
  4.70000E+01  3.71300E-08  5.63600E-10  0.00000E+00  2.00001E+01
  4.80000E+01  3.35000E-08  5.35300E-10  0.00000E+00  2.00001E+01
  4.90000E+01  3.15000E-08  5.19000E-10  0.00000E+00  2.00001E+01
  5.00000E+01  3.22600E-08  5.25300E-10  0.00000E+00  2.00001E+01
  5.10000E+01  2.91000E-08  4.98900E-10  0.00000E+00  2.00001E+01
  5.20000E+01  2.71800E-08  4.82200E-10  0.00000E+00  2.00001E+01
  5.30000E+01  2.96300E-08  5.03400E-10  0.00000E+00  2.00001E+01
  5.40000E+01  2.59400E-08  4.71100E-10  0.00000E+00  2.00001E+01
  5.50000E+01  2.05300E-08  4.19100E-10  0.00000E+00  2.00001E+01
  5.60000E+01  4.81600E-09  2.03000E-10  0.00000E+00  2.00001E+01
  5.70000E+01  2.39500E-10  4.52600E-11  0.00000E+00  2.00001E+01
  5.80000E+01  1.45400E-10  3.52700E-11  0.00000E+00  2.00001E+01
  5.90000E+01  1.45400E-10  3.52700E-11  0.00000E+00  2.00001E+01
  6.00000E+01  8.55400E-11  2.70500E-11  0.00000E+00  2.00001E+01
  6.10000E+01  9.40900E-11  2.83700E-11  0.00000E+00  2.00001E+01
  6.20000E+01  9.40900E-11  2.83700E-11  0.00000E+00  2.00001E+01
  6.30000E+01  3.42200E-11  1.71100E-11  0.00000E+00  2.00001E+01
  6.40000E+01  3.42200E-11  1.71100E-11  0.00000E+00  2.00001E+01
  6.50000E+01  1.71100E-11  1.21000E-11  0.00000E+00  2.00001E+01
  6.60000E+01  1.71100E-11  1.21000E-11  0.00000E+00  2.00001E+01
  6.70000E+01  8.55400E-12  8.55400E-12  0.00000E+00  2.00001E+01
  7.40000E+01  8.55400E-12  8.55400E-12  0.00000E+00  2.00001E+01
  1.00000E+00  1.10000E-09  6.81200E-11  0.00000E+00  4.50001E+01
  2.00000E+00  2.31100E-09  9.87000E-11  0.00000E+00  4.50001E+01
  3.00000E+00  2.23500E-10  3.07000E-11  0.00000E+00  4.50001E+01
  4.00000E+00  2.06600E-10  2.95100E-11  0.00000E+00  4.50001E+01
  5.00000E+00  1.22300E-10  2.27100E-11  0.00000E+00  4.50001E+01
  6.00000E+00  9.69800E-11  2.02200E-11  0.00000E+00  4.50001E+01
  7.00000E+00  6.74600E-11  1.68700E-11  0.00000E+00  4.50001E+01
  8.00000E+00  8.43300E-12  5.96300E-12  0.00000E+00  4.50001E+01
  9.00000E+00  1.68700E-11  8.43300E-12  0.00000E+00  4.50001E+01
  1.00000E+01  5.92600E-07  1.58100E-09  0.00000E+00  4.50001E+01
  1.10000E+01  1.01200E-06  2.06500E-09  0.00000E+00  4.50001E+01
  1.20000E+01  8.61900E-07  1.90600E-09  0.00000E+00  4.50001E+01
  1.30000E+01  7.16100E-07  1.73800E-09  0.00000E+00  4.50001E+01
  1.40000E+01  6.02900E-07  1.59400E-09  0.00000E+00  4.50001E+01
  1.50000E+01  5.03900E-07  1.45800E-09  0.00000E+00  4.50001E+01
  1.60000E+01  4.26200E-07  1.34100E-09  0.00000E+00  4.50001E+01
  1.70000E+01  3.60200E-07  1.23200E-09  0.00000E+00  4.50001E+01
  1.80000E+01  3.10400E-07  1.14400E-09  0.00000E+00  4.50001E+01
  1.90000E+01  2.68900E-07  1.06500E-09  0.00000E+00  4.50001E+01
  2.00000E+01  2.40100E-07  1.00600E-09  0.00000E+00  4.50001E+01
  2.10000E+01  1.98600E-07  9.15000E-10  0.00000E+00  4.50001E+01
  2.20000E+01  1.75000E-07  8.59000E-10  0.00000E+00  4.50001E+01
  2.30000E+01  1.57500E-07  8.14900E-10  0.00000E+00  4.50001E+01
  2.40000E+01  1.41200E-07  7.71700E-10  0.00000E+00  4.50001E+01
  2.50000E+01  1.28600E-07  7.36300E-10  0.00000E+00  4.50001E+01
  2.60000E+01  1.15600E-07  6.98100E-10  0.00000E+00  4.50001E+01
  2.70000E+01  1.05100E-07  6.65600E-10  0.00000E+00  4.50001E+01
  2.80000E+01  9.64900E-08  6.37800E-10  0.00000E+00  4.50001E+01
  2.90000E+01  8.95700E-08  6.14500E-10  0.00000E+00  4.50001E+01
  3.00000E+01  8.21000E-08  5.88400E-10  0.00000E+00  4.50001E+01
  3.10000E+01  7.50500E-08  5.62500E-10  0.00000E+00  4.50001E+01
  3.20000E+01  6.88300E-08  5.38700E-10  0.00000E+00  4.50001E+01
  3.30000E+01  6.32100E-08  5.16300E-10  0.00000E+00  4.50001E+01
  3.40000E+01  5.92300E-08  4.99700E-10  0.00000E+00  4.50001E+01
  3.50000E+01  5.39900E-08  4.77100E-10  0.00000E+00  4.50001E+01
  3.60000E+01  4.96200E-08  4.57400E-10  0.00000E+00  4.50001E+01
  3.70000E+01  4.71700E-08  4.46000E-10  0.00000E+00  4.50001E+01
  3.80000E+01  4.25700E-08  4.23700E-10  0.00000E+00  4.50001E+01
  3.90000E+01  4.07800E-08  4.14700E-10  0.00000E+00  4.50001E+01
  4.00000E+01  3.50200E-08  3.84300E-10  0.00000E+00  4.50001E+01
  4.10000E+01  3.55300E-08  3.87100E-10  0.00000E+00  4.50001E+01
  4.20000E+01  3.11700E-08  3.62500E-10  0.00000E+00  4.50001E+01
  4.30000E+01  3.11400E-08  3.62400E-10  0.00000E+00  4.50001E+01
  4.40000E+01  2.67500E-08  3.35900E-10  0.00000E+00  4.50001E+01
  4.50000E+01  2.34700E-08  3.14600E-10  0.00000E+00  4.50001E+01
  4.60000E+01  2.43600E-08  3.20500E-10  0.00000E+00  4.50001E+01
  4.70000E+01  2.14400E-08  3.00700E-10  0.00000E+00  4.50001E+01
  4.80000E+01  2.00500E-08  2.90800E-10  0.00000E+00  4.50001E+01
  4.90000E+01  1.93700E-08  2.85700E-10  0.00000E+00  4.50001E+01
  5.00000E+01  1.61400E-08  2.60800E-10  0.00000E+00  4.50001E+01
  5.10000E+01  1.64700E-08  2.63500E-10  0.00000E+00  4.50001E+01
  5.20000E+01  1.58900E-08  2.58800E-10  0.00000E+00  4.50001E+01
  5.30000E+01  1.33500E-08  2.37300E-10  0.00000E+00  4.50001E+01
  5.40000E+01  1.18500E-08  2.23500E-10  0.00000E+00  4.50001E+01
  5.50000E+01  1.37300E-08  2.40600E-10  0.00000E+00  4.50001E+01
  5.60000E+01  3.90900E-09  1.28400E-10  0.00000E+00  4.50001E+01
  5.70000E+01  1.81300E-10  2.76500E-11  0.00000E+00  4.50001E+01
  5.80000E+01  5.48100E-11  1.52000E-11  0.00000E+00  4.50001E+01
  5.90000E+01  5.90300E-11  1.57800E-11  0.00000E+00  4.50001E+01
  6.00000E+01  4.21600E-11  1.33300E-11  0.00000E+00  4.50001E+01
  6.10000E+01  2.95100E-11  1.11600E-11  0.00000E+00  4.50001E+01
  6.20000E+01  2.53000E-11  1.03300E-11  0.00000E+00  4.50001E+01
  6.30000E+01  2.10800E-11  9.42800E-12  0.00000E+00  4.50001E+01
  6.40000E+01  1.68700E-11  8.43300E-12  0.00000E+00  4.50001E+01
  6.50000E+01  1.26500E-11  7.30300E-12  0.00000E+00  4.50001E+01
  6.60000E+01  4.21600E-12  4.21600E-12  0.00000E+00  4.50001E+01
  6.70000E+01  4.21600E-12  4.21600E-12  0.00000E+00  4.50001E+01
  7.00000E+01  4.21600E-12  4.21600E-12  0.00000E+00  4.50001E+01
  7.20000E+01  4.21600E-12  4.21600E-12  0.00000E+00  4.50001E+01
  8.80000E+01  4.21600E-12  4.21600E-12  0.00000E+00  4.50001E+01
  1.00000E+00  2.54800E-10  2.74800E-11  0.00000E+00  6.00001E+01
  2.00000E+00  5.33300E-10  3.97600E-11  0.00000E+00  6.00001E+01
  3.00000E+00  9.18700E-11  1.65000E-11  0.00000E+00  6.00001E+01
  4.00000E+00  5.63100E-11  1.29200E-11  0.00000E+00  6.00001E+01
  5.00000E+00  3.26000E-11  9.82800E-12  0.00000E+00  6.00001E+01
  6.00000E+00  2.96400E-11  9.37300E-12  0.00000E+00  6.00001E+01
  7.00000E+00  2.37100E-11  8.38100E-12  0.00000E+00  6.00001E+01
  8.00000E+00  2.96400E-12  2.96400E-12  0.00000E+00  6.00001E+01
  9.00000E+00  2.96400E-12  2.96400E-12  0.00000E+00  6.00001E+01
  1.00000E+01  2.36000E-07  8.36400E-10  0.00000E+00  6.00001E+01
  1.10000E+01  3.77000E-07  1.05700E-09  0.00000E+00  6.00001E+01
  1.20000E+01  3.16500E-07  9.68300E-10  0.00000E+00  6.00001E+01
  1.30000E+01  2.64100E-07  8.84800E-10  0.00000E+00  6.00001E+01
  1.40000E+01  2.19100E-07  8.05800E-10  0.00000E+00  6.00001E+01
  1.50000E+01  1.84000E-07  7.38400E-10  0.00000E+00  6.00001E+01
  1.60000E+01  1.54900E-07  6.77600E-10  0.00000E+00  6.00001E+01
  1.70000E+01  1.30600E-07  6.22200E-10  0.00000E+00  6.00001E+01
  1.80000E+01  1.12500E-07  5.77200E-10  0.00000E+00  6.00001E+01
  1.90000E+01  9.60900E-08  5.33800E-10  0.00000E+00  6.00001E+01
  2.00000E+01  8.74900E-08  5.09400E-10  0.00000E+00  6.00001E+01
  2.10000E+01  7.11100E-08  4.58900E-10  0.00000E+00  6.00001E+01
  2.20000E+01  6.23900E-08  4.30000E-10  0.00000E+00  6.00001E+01
  2.30000E+01  5.53200E-08  4.04900E-10  0.00000E+00  6.00001E+01
  2.40000E+01  5.01900E-08  3.85700E-10  0.00000E+00  6.00001E+01
  2.50000E+01  4.51900E-08  3.66000E-10  0.00000E+00  6.00001E+01
  2.60000E+01  4.13400E-08  3.50100E-10  0.00000E+00  6.00001E+01
  2.70000E+01  3.72200E-08  3.32100E-10  0.00000E+00  6.00001E+01
  2.80000E+01  3.44100E-08  3.19300E-10  0.00000E+00  6.00001E+01
  2.90000E+01  3.07700E-08  3.02000E-10  0.00000E+00  6.00001E+01
  3.00000E+01  2.84100E-08  2.90200E-10  0.00000E+00  6.00001E+01
  3.10000E+01  2.58500E-08  2.76800E-10  0.00000E+00  6.00001E+01
  3.20000E+01  2.32300E-08  2.62400E-10  0.00000E+00  6.00001E+01
  3.30000E+01  2.12300E-08  2.50900E-10  0.00000E+00  6.00001E+01
  3.40000E+01  1.99400E-08  2.43100E-10  0.00000E+00  6.00001E+01
  3.50000E+01  1.78100E-08  2.29800E-10  0.00000E+00  6.00001E+01
  3.60000E+01  1.64800E-08  2.21000E-10  0.00000E+00  6.00001E+01
  3.70000E+01  1.55800E-08  2.14900E-10  0.00000E+00  6.00001E+01
  3.80000E+01  1.39600E-08  2.03400E-10  0.00000E+00  6.00001E+01
  3.90000E+01  1.35700E-08  2.00600E-10  0.00000E+00  6.00001E+01
  4.00000E+01  1.15400E-08  1.84900E-10  0.00000E+00  6.00001E+01
  4.10000E+01  1.12500E-08  1.82500E-10  0.00000E+00  6.00001E+01
  4.20000E+01  9.60900E-09  1.68700E-10  0.00000E+00  6.00001E+01
  4.30000E+01  9.58000E-09  1.68500E-10  0.00000E+00  6.00001E+01
  4.40000E+01  8.41000E-09  1.57900E-10  0.00000E+00  6.00001E+01
  4.50000E+01  7.12000E-09  1.45200E-10  0.00000E+00  6.00001E+01
  4.60000E+01  7.40100E-09  1.48100E-10  0.00000E+00  6.00001E+01
  4.70000E+01  6.33400E-09  1.37000E-10  0.00000E+00  6.00001E+01
  4.80000E+01  6.09400E-09  1.34400E-10  0.00000E+00  6.00001E+01
  4.90000E+01  5.66400E-09  1.29500E-10  0.00000E+00  6.00001E+01
  5.00000E+01  4.95700E-09  1.21200E-10  0.00000E+00  6.00001E+01
  5.10000E+01  4.81300E-09  1.19400E-10  0.00000E+00  6.00001E+01
  5.20000E+01  4.67600E-09  1.17700E-10  0.00000E+00  6.00001E+01
  5.30000E+01  3.88200E-09  1.07200E-10  0.00000E+00  6.00001E+01
  5.40000E+01  3.44900E-09  1.01100E-10  0.00000E+00  6.00001E+01
  5.50000E+01  3.61500E-09  1.03500E-10  0.00000E+00  6.00001E+01
  5.60000E+01  9.09600E-10  5.19300E-11  0.00000E+00  6.00001E+01
  5.70000E+01  8.88900E-12  5.13100E-12  0.00000E+00  6.00001E+01
  5.80000E+01  2.37100E-11  8.38100E-12  0.00000E+00  6.00001E+01
  5.90000E+01  1.48200E-11  6.62800E-12  0.00000E+00  6.00001E+01
  6.00000E+01  1.18500E-11  5.92900E-12  0.00000E+00  6.00001E+01
  6.10000E+01  5.92900E-12  4.19200E-12  0.00000E+00  6.00001E+01
  6.20000E+01  2.96400E-12  2.96400E-12  0.00000E+00  6.00001E+01
  6.30000E+01  5.92900E-12  4.19200E-12  0.00000E+00  6.00001E+01
  6.40000E+01  5.92900E-12  4.19200E-12  0.00000E+00  6.00001E+01
  6.50000E+01  2.96400E-12  2.96400E-12  0.00000E+00  6.00001E+01
  6.60000E+01  2.96400E-12  2.96400E-12  0.00000E+00  6.00001E+01
  1.00000E+00  1.02500E-10  1.30200E-11  0.00000E+00  9.00000E+01
  2.00000E+00  2.05000E-10  1.84100E-11  0.00000E+00  9.00000E+01
  3.00000E+00  8.09900E-11  1.15700E-11  0.00000E+00  9.00000E+01
  4.00000E+00  5.95400E-11  9.91900E-12  0.00000E+00  9.00000E+01
  5.00000E+00  4.96100E-11  9.05500E-12  0.00000E+00  9.00000E+01
  6.00000E+00  3.80200E-11  7.93000E-12  0.00000E+00  9.00000E+01
  7.00000E+00  2.48000E-11  6.40400E-12  0.00000E+00  9.00000E+01
  9.00000E+00  3.30600E-12  2.33800E-12  0.00000E+00  9.00000E+01
  1.00000E+01  2.11100E-07  5.90800E-10  0.00000E+00  9.00000E+01
  1.10000E+01  3.25100E-07  7.33000E-10  0.00000E+00  9.00000E+01
  1.20000E+01  2.61200E-07  6.57000E-10  0.00000E+00  9.00000E+01
  1.30000E+01  2.08200E-07  5.86700E-10  0.00000E+00  9.00000E+01
  1.40000E+01  1.68100E-07  5.27100E-10  0.00000E+00  9.00000E+01
  1.50000E+01  1.35800E-07  4.73800E-10  0.00000E+00  9.00000E+01
  1.60000E+01  1.10800E-07  4.27900E-10  0.00000E+00  9.00000E+01
  1.70000E+01  9.05500E-08  3.86900E-10  0.00000E+00  9.00000E+01
  1.80000E+01  7.64100E-08  3.55400E-10  0.00000E+00  9.00000E+01
  1.90000E+01  6.33800E-08  3.23700E-10  0.00000E+00  9.00000E+01
  2.00000E+01  5.58200E-08  3.03800E-10  0.00000E+00  9.00000E+01
  2.10000E+01  4.39500E-08  2.69500E-10  0.00000E+00  9.00000E+01
  2.20000E+01  3.81600E-08  2.51200E-10  0.00000E+00  9.00000E+01
  2.30000E+01  3.37900E-08  2.36300E-10  0.00000E+00  9.00000E+01
  2.40000E+01  2.93600E-08  2.20300E-10  0.00000E+00  9.00000E+01
  2.50000E+01  2.57000E-08  2.06100E-10  0.00000E+00  9.00000E+01
  2.60000E+01  2.22800E-08  1.91900E-10  0.00000E+00  9.00000E+01
  2.70000E+01  1.97900E-08  1.80900E-10  0.00000E+00  9.00000E+01
  2.80000E+01  1.73300E-08  1.69300E-10  0.00000E+00  9.00000E+01
  2.90000E+01  1.57200E-08  1.61200E-10  0.00000E+00  9.00000E+01
  3.00000E+01  1.38600E-08  1.51400E-10  0.00000E+00  9.00000E+01
  3.10000E+01  1.21900E-08  1.42000E-10  0.00000E+00  9.00000E+01
  3.20000E+01  1.09500E-08  1.34600E-10  0.00000E+00  9.00000E+01
  3.30000E+01  9.61700E-09  1.26100E-10  0.00000E+00  9.00000E+01
  3.40000E+01  8.95900E-09  1.21700E-10  0.00000E+00  9.00000E+01
  3.50000E+01  7.69000E-09  1.12700E-10  0.00000E+00  9.00000E+01
  3.60000E+01  6.61900E-09  1.04600E-10  0.00000E+00  9.00000E+01
  3.70000E+01  6.23900E-09  1.01500E-10  0.00000E+00  9.00000E+01
  3.80000E+01  5.54800E-09  9.57500E-11  0.00000E+00  9.00000E+01
  3.90000E+01  5.04000E-09  9.12900E-11  0.00000E+00  9.00000E+01
  4.00000E+01  4.12500E-09  8.25700E-11  0.00000E+00  9.00000E+01
  4.10000E+01  4.08500E-09  8.21900E-11  0.00000E+00  9.00000E+01
  4.20000E+01  3.33100E-09  7.42100E-11  0.00000E+00  9.00000E+01
  4.30000E+01  3.17200E-09  7.24400E-11  0.00000E+00  9.00000E+01
  4.40000E+01  2.67500E-09  6.64800E-11  0.00000E+00  9.00000E+01
  4.50000E+01  2.28500E-09  6.14800E-11  0.00000E+00  9.00000E+01
  4.60000E+01  2.33300E-09  6.21000E-11  0.00000E+00  9.00000E+01
  4.70000E+01  1.84500E-09  5.52400E-11  0.00000E+00  9.00000E+01
  4.80000E+01  1.82500E-09  5.49500E-11  0.00000E+00  9.00000E+01
  4.90000E+01  1.58900E-09  5.12700E-11  0.00000E+00  9.00000E+01
  5.00000E+01  1.28000E-09  4.59800E-11  0.00000E+00  9.00000E+01
  5.10000E+01  1.26100E-09  4.56900E-11  0.00000E+00  9.00000E+01
  5.20000E+01  1.08900E-09  4.24600E-11  0.00000E+00  9.00000E+01
  5.30000E+01  9.72000E-10  4.00900E-11  0.00000E+00  9.00000E+01
  5.40000E+01  7.81800E-10  3.59600E-11  0.00000E+00  9.00000E+01
  5.50000E+01  8.34800E-10  3.71500E-11  0.00000E+00  9.00000E+01
  5.60000E+01  2.01700E-10  1.82600E-11  0.00000E+00  9.00000E+01
  5.70000E+01  3.30600E-12  2.33800E-12  0.00000E+00  9.00000E+01
  5.80000E+01  3.30600E-12  2.33800E-12  0.00000E+00  9.00000E+01
  5.90000E+01  1.65300E-12  1.65300E-12  0.00000E+00  9.00000E+01
  1.00000E+00  3.00500E-11  4.81300E-12  0.00000E+00  1.10000E+02
  2.00000E+00  1.12500E-10  9.31100E-12  0.00000E+00  1.10000E+02
  3.00000E+00  4.15900E-11  5.66000E-12  0.00000E+00  1.10000E+02
  4.00000E+00  3.54400E-11  5.22600E-12  0.00000E+00  1.10000E+02
  5.00000E+00  3.54400E-11  5.22600E-12  0.00000E+00  1.10000E+02
  6.00000E+00  1.84900E-11  3.77500E-12  0.00000E+00  1.10000E+02
  7.00000E+00  7.70700E-12  2.43600E-12  0.00000E+00  1.10000E+02
  8.00000E+00  7.70700E-13  7.70700E-13  0.00000E+00  1.10000E+02
  9.00000E+00  7.70700E-13  7.70700E-13  0.00000E+00  1.10000E+02
  1.00000E+01  1.62200E-07  3.53500E-10  0.00000E+00  1.10000E+02
  1.10000E+01  2.37900E-07  4.28300E-10  0.00000E+00  1.10000E+02
  1.20000E+01  1.85900E-07  3.78500E-10  0.00000E+00  1.10000E+02
  1.30000E+01  1.44700E-07  3.33900E-10  0.00000E+00  1.10000E+02
  1.40000E+01  1.14400E-07  2.96900E-10  0.00000E+00  1.10000E+02
  1.50000E+01  9.05000E-08  2.64100E-10  0.00000E+00  1.10000E+02
  1.60000E+01  7.24400E-08  2.36200E-10  0.00000E+00  1.10000E+02
  1.70000E+01  5.91200E-08  2.13500E-10  0.00000E+00  1.10000E+02
  1.80000E+01  4.82500E-08  1.92800E-10  0.00000E+00  1.10000E+02
  1.90000E+01  3.94900E-08  1.74400E-10  0.00000E+00  1.10000E+02
  2.00000E+01  3.43900E-08  1.62800E-10  0.00000E+00  1.10000E+02
  2.10000E+01  2.63800E-08  1.42600E-10  0.00000E+00  1.10000E+02
  2.20000E+01  2.26700E-08  1.32100E-10  0.00000E+00  1.10000E+02
  2.30000E+01  1.92300E-08  1.21700E-10  0.00000E+00  1.10000E+02
  2.40000E+01  1.64400E-08  1.12500E-10  0.00000E+00  1.10000E+02
  2.50000E+01  1.42800E-08  1.04900E-10  0.00000E+00  1.10000E+02
  2.60000E+01  1.22200E-08  9.70400E-11  0.00000E+00  1.10000E+02
  2.70000E+01  1.07000E-08  9.07900E-11  0.00000E+00  1.10000E+02
  2.80000E+01  9.12500E-09  8.38500E-11  0.00000E+00  1.10000E+02
  2.90000E+01  7.82200E-09  7.76500E-11  0.00000E+00  1.10000E+02
  3.00000E+01  6.80100E-09  7.23900E-11  0.00000E+00  1.10000E+02
  3.10000E+01  5.96200E-09  6.77600E-11  0.00000E+00  1.10000E+02
  3.20000E+01  5.28000E-09  6.37500E-11  0.00000E+00  1.10000E+02
  3.30000E+01  4.55200E-09  5.92100E-11  0.00000E+00  1.10000E+02
  3.40000E+01  4.05100E-09  5.58600E-11  0.00000E+00  1.10000E+02
  3.50000E+01  3.38400E-09  5.10600E-11  0.00000E+00  1.10000E+02
  3.60000E+01  3.10300E-09  4.89100E-11  0.00000E+00  1.10000E+02
  3.70000E+01  2.62800E-09  4.49800E-11  0.00000E+00  1.10000E+02
  3.80000E+01  2.32800E-09  4.23400E-11  0.00000E+00  1.10000E+02
  3.90000E+01  2.06500E-09  3.98900E-11  0.00000E+00  1.10000E+02
  4.00000E+01  1.72600E-09  3.64700E-11  0.00000E+00  1.10000E+02
  4.10000E+01  1.56700E-09  3.47500E-11  0.00000E+00  1.10000E+02
  4.20000E+01  1.34000E-09  3.21300E-11  0.00000E+00  1.10000E+02
  4.30000E+01  1.20000E-09  3.04000E-11  0.00000E+00  1.10000E+02
  4.40000E+01  1.03600E-09  2.82600E-11  0.00000E+00  1.10000E+02
  4.50000E+01  8.23600E-10  2.51900E-11  0.00000E+00  1.10000E+02
  4.60000E+01  7.87600E-10  2.46300E-11  0.00000E+00  1.10000E+02
  4.70000E+01  6.61100E-10  2.25700E-11  0.00000E+00  1.10000E+02
  4.80000E+01  5.61900E-10  2.08000E-11  0.00000E+00  1.10000E+02
  4.90000E+01  5.06900E-10  1.97600E-11  0.00000E+00  1.10000E+02
  5.00000E+01  4.25400E-10  1.81000E-11  0.00000E+00  1.10000E+02
  5.10000E+01  3.99100E-10  1.75300E-11  0.00000E+00  1.10000E+02
  5.20000E+01  3.69800E-10  1.68800E-11  0.00000E+00  1.10000E+02
  5.30000E+01  2.68900E-10  1.43900E-11  0.00000E+00  1.10000E+02
  5.40000E+01  2.40400E-10  1.36100E-11  0.00000E+00  1.10000E+02
  5.50000E+01  2.52700E-10  1.39500E-11  0.00000E+00  1.10000E+02
  5.60000E+01  3.85300E-11  5.44900E-12  0.00000E+00  1.10000E+02
  5.70000E+01  1.54100E-12  1.08900E-12  0.00000E+00  1.10000E+02
  5.80000E+01  7.70700E-13  7.70700E-13  0.00000E+00  1.10000E+02
  5.90000E+01  7.70700E-13  7.70700E-13  0.00000E+00  1.10000E+02
  6.00000E+01  7.70700E-13  7.70700E-13  0.00000E+00  1.10000E+02
  6.10000E+01  7.70700E-13  7.70700E-13  0.00000E+00  1.10000E+02
# Full reference:
#H.Machner, D.G.Aschman, K.Baruth-Ram, J.Carter, A.A.Cowley, F.Goldenbaum, B.M.Nangu, J.V.Pilcher, E.Sideras-Haddad,
#J.P.F.Sellschop, F.D.Smit, B.Spoelstra, D.Steyn
#Jour. Physical Review, Part C, Nuclear Physics Vol.73, p.044606, 2006
#Isotopic production cross sections in proton-nucleus collisions at 200  MeV
