# Target Z    :  13
# Target A    :  27
# Target state:  
# Projectile  : p
# Reaction    : (p,xa)
# E-inc       :   42.000 MeV
# Quantity    : Double-differential cross section
# Frame       : L
# MF          :    6
# MT          :  207
# X4 ID       : E2400184 
# X4 code     : 13-AL-27(P,X)2-HE-4,,DA/DE
# Author      : Harada                   
# Year        : 2002
# Data points :    106
# E-out(MeV) xs(mb/MeV.sr) dxs(mb/MeV.sr) dE(MeV)      Evaluation  C/E(F)      Chi-2     Delta(mb)
  7.00000E+00  2.40330E-06  6.59900E-08  0.00000E+00  2.50000E+01
  7.50000E+00  2.31090E-06  6.47100E-08  0.00000E+00  2.50000E+01
  8.00000E+00  2.18220E-06  6.28800E-08  0.00000E+00  2.50000E+01
  8.50000E+00  2.16590E-06  6.26500E-08  0.00000E+00  2.50000E+01
  9.00000E+00  1.87770E-06  5.83300E-08  0.00000E+00  2.50000E+01
  9.50000E+00  1.73450E-06  5.60600E-08  0.00000E+00  2.50000E+01
  1.00000E+01  1.66380E-06  5.49100E-08  0.00000E+00  2.50000E+01
  1.05000E+01  1.35750E-06  4.96000E-08  0.00000E+00  2.50000E+01
  1.10000E+01  1.25600E-06  4.77100E-08  0.00000E+00  2.50000E+01
  1.15000E+01  1.28680E-06  4.82900E-08  0.00000E+00  2.50000E+01
  1.20000E+01  9.93200E-07  4.24200E-08  0.00000E+00  2.50000E+01
  1.25000E+01  8.79000E-07  3.99100E-08  0.00000E+00  2.50000E+01
  1.30000E+01  8.40900E-07  3.90400E-08  0.00000E+00  2.50000E+01
  1.35000E+01  7.61200E-07  3.71400E-08  0.00000E+00  2.50000E+01
  1.40000E+01  6.92300E-07  3.54200E-08  0.00000E+00  2.50000E+01
  1.45000E+01  6.52400E-07  3.43800E-08  0.00000E+00  2.50000E+01
  1.50000E+01  5.89000E-07  3.26700E-08  0.00000E+00  2.50000E+01
  1.55000E+01  5.05600E-07  3.02700E-08  0.00000E+00  2.50000E+01
  1.60000E+01  5.05600E-07  3.02700E-08  0.00000E+00  2.50000E+01
  1.65000E+01  4.04100E-07  2.70600E-08  0.00000E+00  2.50000E+01
  1.70000E+01  3.67900E-07  2.58200E-08  0.00000E+00  2.50000E+01
  1.75000E+01  3.44300E-07  2.49800E-08  0.00000E+00  2.50000E+01
  1.80000E+01  3.46100E-07  2.50400E-08  0.00000E+00  2.50000E+01
  1.85000E+01  2.97200E-07  2.32100E-08  0.00000E+00  2.50000E+01
  1.90000E+01  3.28000E-07  2.43800E-08  0.00000E+00  2.50000E+01
  1.95000E+01  2.77300E-07  2.24100E-08  0.00000E+00  2.50000E+01
  2.00000E+01  2.53700E-07  2.14400E-08  0.00000E+00  2.50000E+01
  2.05000E+01  2.60900E-07  2.17400E-08  0.00000E+00  2.50000E+01
  2.10000E+01  2.50100E-07  2.12900E-08  0.00000E+00  2.50000E+01
  2.15000E+01  2.17400E-07  1.98500E-08  0.00000E+00  2.50000E+01
  2.20000E+01  2.35600E-07  2.06600E-08  0.00000E+00  2.50000E+01
  2.25000E+01  2.28300E-07  2.03400E-08  0.00000E+00  2.50000E+01
  2.30000E+01  2.02900E-07  1.91800E-08  0.00000E+00  2.50000E+01
  2.35000E+01  2.06600E-07  1.93500E-08  0.00000E+00  2.50000E+01
  2.40000E+01  2.13800E-07  1.96800E-08  0.00000E+00  2.50000E+01
  2.45000E+01  2.02900E-07  1.91800E-08  0.00000E+00  2.50000E+01
  2.50000E+01  1.64900E-07  1.72900E-08  0.00000E+00  2.50000E+01
  2.55000E+01  2.06600E-07  1.93500E-08  0.00000E+00  2.50000E+01
  2.60000E+01  1.77600E-07  1.79400E-08  0.00000E+00  2.50000E+01
  2.65000E+01  1.99300E-07  1.90000E-08  0.00000E+00  2.50000E+01
  2.70000E+01  1.79400E-07  1.80300E-08  0.00000E+00  2.50000E+01
  2.75000E+01  1.77600E-07  1.79400E-08  0.00000E+00  2.50000E+01
  2.80000E+01  1.55800E-07  1.68000E-08  0.00000E+00  2.50000E+01
  2.85000E+01  1.63100E-07  1.71900E-08  0.00000E+00  2.50000E+01
  2.90000E+01  1.77600E-07  1.79400E-08  0.00000E+00  2.50000E+01
  2.95000E+01  1.48600E-07  1.64100E-08  0.00000E+00  2.50000E+01
  3.00000E+01  1.39500E-07  1.59000E-08  0.00000E+00  2.50000E+01
  3.05000E+01  1.14100E-07  1.43800E-08  0.00000E+00  2.50000E+01
  3.10000E+01  1.41300E-07  1.60000E-08  0.00000E+00  2.50000E+01
  3.15000E+01  2.39200E-07  2.08200E-08  0.00000E+00  2.50000E+01
  3.20000E+01  5.61800E-08  1.00900E-08  0.00000E+00  2.50000E+01
  3.25000E+01  1.75800E-07  1.78500E-08  0.00000E+00  2.50000E+01
  3.30000E+01  5.98100E-08  1.04100E-08  0.00000E+00  2.50000E+01
  3.35000E+01  1.19600E-07  1.47200E-08  0.00000E+00  2.50000E+01
  3.40000E+01  3.44300E-08  7.90000E-09  0.00000E+00  2.50000E+01
  3.45000E+01  1.45000E-08  5.12600E-09  0.00000E+00  2.50000E+01
  3.50000E+01  0.00000E+00  0.00000E+00  0.00000E+00  2.50000E+01
  3.55000E+01  0.00000E+00  0.00000E+00  0.00000E+00  2.50000E+01
  3.60000E+01  1.81200E-09  1.81200E-09  0.00000E+00  2.50000E+01
  3.65000E+01  0.00000E+00  0.00000E+00  0.00000E+00  2.50000E+01
  3.70000E+01  0.00000E+00  0.00000E+00  0.00000E+00  2.50000E+01
  3.75000E+01  0.00000E+00  0.00000E+00  0.00000E+00  2.50000E+01
  3.80000E+01  0.00000E+00  0.00000E+00  0.00000E+00  2.50000E+01
  3.85000E+01  0.00000E+00  0.00000E+00  0.00000E+00  2.50000E+01
  3.90000E+01  0.00000E+00  0.00000E+00  0.00000E+00  2.50000E+01
  3.95000E+01  0.00000E+00  0.00000E+00  0.00000E+00  2.50000E+01
  4.00000E+01  0.00000E+00  0.00000E+00  0.00000E+00  2.50000E+01
  4.05000E+01  0.00000E+00  0.00000E+00  0.00000E+00  2.50000E+01
  4.10000E+01  0.00000E+00  0.00000E+00  0.00000E+00  2.50000E+01
  4.15000E+01  0.00000E+00  0.00000E+00  0.00000E+00  2.50000E+01
  4.20000E+01  0.00000E+00  0.00000E+00  0.00000E+00  2.50000E+01
  4.25000E+01  0.00000E+00  0.00000E+00  0.00000E+00  2.50000E+01
  4.30000E+01  0.00000E+00  0.00000E+00  0.00000E+00  2.50000E+01
  4.35000E+01  0.00000E+00  0.00000E+00  0.00000E+00  2.50000E+01
  4.40000E+01  0.00000E+00  0.00000E+00  0.00000E+00  2.50000E+01
  4.45000E+01  0.00000E+00  0.00000E+00  0.00000E+00  2.50000E+01
  4.50000E+01  0.00000E+00  0.00000E+00  0.00000E+00  2.50000E+01
  4.55000E+01  1.81200E-09  1.81200E-09  0.00000E+00  2.50000E+01
  4.60000E+01  0.00000E+00  0.00000E+00  0.00000E+00  2.50000E+01
  4.65000E+01  0.00000E+00  0.00000E+00  0.00000E+00  2.50000E+01
  4.70000E+01  0.00000E+00  0.00000E+00  0.00000E+00  2.50000E+01
  4.75000E+01  0.00000E+00  0.00000E+00  0.00000E+00  2.50000E+01
  4.80000E+01  0.00000E+00  0.00000E+00  0.00000E+00  2.50000E+01
  4.85000E+01  0.00000E+00  0.00000E+00  0.00000E+00  2.50000E+01
  4.90000E+01  0.00000E+00  0.00000E+00  0.00000E+00  2.50000E+01
  4.95000E+01  0.00000E+00  0.00000E+00  0.00000E+00  2.50000E+01
  5.00000E+01  0.00000E+00  0.00000E+00  0.00000E+00  2.50000E+01
  5.05000E+01  0.00000E+00  0.00000E+00  0.00000E+00  2.50000E+01
  5.10000E+01  0.00000E+00  0.00000E+00  0.00000E+00  2.50000E+01
  5.15000E+01  0.00000E+00  0.00000E+00  0.00000E+00  2.50000E+01
  5.20000E+01  0.00000E+00  0.00000E+00  0.00000E+00  2.50000E+01
  5.25000E+01  0.00000E+00  0.00000E+00  0.00000E+00  2.50000E+01
  5.30000E+01  0.00000E+00  0.00000E+00  0.00000E+00  2.50000E+01
  5.35000E+01  0.00000E+00  0.00000E+00  0.00000E+00  2.50000E+01
  5.40000E+01  0.00000E+00  0.00000E+00  0.00000E+00  2.50000E+01
  5.45000E+01  0.00000E+00  0.00000E+00  0.00000E+00  2.50000E+01
  5.50000E+01  0.00000E+00  0.00000E+00  0.00000E+00  2.50000E+01
  5.55000E+01  0.00000E+00  0.00000E+00  0.00000E+00  2.50000E+01
  5.60000E+01  0.00000E+00  0.00000E+00  0.00000E+00  2.50000E+01
  5.65000E+01  0.00000E+00  0.00000E+00  0.00000E+00  2.50000E+01
  5.70000E+01  0.00000E+00  0.00000E+00  0.00000E+00  2.50000E+01
  5.75000E+01  0.00000E+00  0.00000E+00  0.00000E+00  2.50000E+01
  5.80000E+01  0.00000E+00  0.00000E+00  0.00000E+00  2.50000E+01
  5.85000E+01  0.00000E+00  0.00000E+00  0.00000E+00  2.50000E+01
  5.90000E+01  0.00000E+00  0.00000E+00  0.00000E+00  2.50000E+01
  5.95000E+01  0.00000E+00  0.00000E+00  0.00000E+00  2.50000E+01
# Full reference:
#M.Harada,  Y.Watanabe,  Y.Tanaka,  Y.Matsuoka,  K.Shin, S.Meigo,  H.Nakashima,  H.Takada,  T.Sasa,
# O.Iwamoto, T.Fukahori,  S.Chiba,  S.Tanaka
#Jour. Jour. of Nuclear Science and Technology Suppl. Vol.2, p.393, 2002
#Light charged-particle production in proton-induced reactions on 12C, 27Al, 58Ni, 90Zr, 197Au, and 209Bi at 42 and 68 MeV
#
