# Target Z    :  13
# Target A    :  27
# Target state:  
# Projectile  : p
# Reaction    : (p,xa)
# E-inc       :   42.000 MeV
# Quantity    : Double-differential cross section
# Frame       : L
# MF          :    6
# MT          :  207
# X4 ID       : E2400188 
# X4 code     : 13-AL-27(P,X)2-HE-4,,DA/DE
# Author      : Harada                   
# Year        : 2002
# Data points :    106
# E-out(MeV) xs(mb/MeV.sr) dxs(mb/MeV.sr) dE(MeV)      Evaluation  C/E(F)      Chi-2     Delta(mb)
  7.00000E+00  1.85300E-06  3.98600E-08  0.00000E+00  4.50001E+01
  7.50000E+00  1.82040E-06  3.95000E-08  0.00000E+00  4.50001E+01
  8.00000E+00  1.69180E-06  3.80800E-08  0.00000E+00  4.50001E+01
  8.50000E+00  1.50480E-06  3.59200E-08  0.00000E+00  4.50001E+01
  9.00000E+00  1.40190E-06  3.46700E-08  0.00000E+00  4.50001E+01
  9.50000E+00  1.26820E-06  3.29700E-08  0.00000E+00  4.50001E+01
  1.00000E+01  1.07530E-06  3.03600E-08  0.00000E+00  4.50001E+01
  1.05000E+01  9.89500E-07  2.91200E-08  0.00000E+00  4.50001E+01
  1.10000E+01  9.11400E-07  2.79500E-08  0.00000E+00  4.50001E+01
  1.15000E+01  8.16300E-07  2.64500E-08  0.00000E+00  4.50001E+01
  1.20000E+01  7.33100E-07  2.50700E-08  0.00000E+00  4.50001E+01
  1.25000E+01  5.65000E-07  2.20100E-08  0.00000E+00  4.50001E+01
  1.30000E+01  5.54700E-07  2.18100E-08  0.00000E+00  4.50001E+01
  1.35000E+01  5.04100E-07  2.07900E-08  0.00000E+00  4.50001E+01
  1.40000E+01  4.57000E-07  1.97900E-08  0.00000E+00  4.50001E+01
  1.45000E+01  4.03000E-07  1.85800E-08  0.00000E+00  4.50001E+01
  1.50000E+01  3.86700E-07  1.82100E-08  0.00000E+00  4.50001E+01
  1.55000E+01  3.40400E-07  1.70800E-08  0.00000E+00  4.50001E+01
  1.60000E+01  3.00900E-07  1.60600E-08  0.00000E+00  4.50001E+01
  1.65000E+01  2.85500E-07  1.56400E-08  0.00000E+00  4.50001E+01
  1.70000E+01  2.44300E-07  1.44700E-08  0.00000E+00  4.50001E+01
  1.75000E+01  2.38300E-07  1.42900E-08  0.00000E+00  4.50001E+01
  1.80000E+01  2.10000E-07  1.34200E-08  0.00000E+00  4.50001E+01
  1.85000E+01  2.09200E-07  1.33900E-08  0.00000E+00  4.50001E+01
  1.90000E+01  1.90300E-07  1.27700E-08  0.00000E+00  4.50001E+01
  1.95000E+01  1.68900E-07  1.20300E-08  0.00000E+00  4.50001E+01
  2.00000E+01  1.39700E-07  1.09400E-08  0.00000E+00  4.50001E+01
  2.05000E+01  1.68900E-07  1.20300E-08  0.00000E+00  4.50001E+01
  2.10000E+01  1.56000E-07  1.15600E-08  0.00000E+00  4.50001E+01
  2.15000E+01  1.50000E-07  1.13400E-08  0.00000E+00  4.50001E+01
  2.20000E+01  1.29400E-07  1.05300E-08  0.00000E+00  4.50001E+01
  2.25000E+01  1.41400E-07  1.10100E-08  0.00000E+00  4.50001E+01
  2.30000E+01  1.20000E-07  1.01400E-08  0.00000E+00  4.50001E+01
  2.35000E+01  1.18300E-07  1.00700E-08  0.00000E+00  4.50001E+01
  2.40000E+01  1.17400E-07  1.00300E-08  0.00000E+00  4.50001E+01
  2.45000E+01  1.09700E-07  9.70100E-09  0.00000E+00  4.50001E+01
  2.50000E+01  9.68900E-08  9.11400E-09  0.00000E+00  4.50001E+01
  2.55000E+01  9.00300E-08  8.78600E-09  0.00000E+00  4.50001E+01
  2.60000E+01  8.91700E-08  8.74400E-09  0.00000E+00  4.50001E+01
  2.65000E+01  8.31700E-08  8.44500E-09  0.00000E+00  4.50001E+01
  2.70000E+01  8.66000E-08  8.61700E-09  0.00000E+00  4.50001E+01
  2.75000E+01  6.08800E-08  7.22500E-09  0.00000E+00  4.50001E+01
  2.80000E+01  9.00300E-08  8.78600E-09  0.00000E+00  4.50001E+01
  2.85000E+01  5.57300E-08  6.91300E-09  0.00000E+00  4.50001E+01
  2.90000E+01  8.14500E-08  8.35700E-09  0.00000E+00  4.50001E+01
  2.95000E+01  4.80100E-08  6.41600E-09  0.00000E+00  4.50001E+01
  3.00000E+01  7.80200E-08  8.17900E-09  0.00000E+00  4.50001E+01
  3.05000E+01  7.11600E-08  7.81100E-09  0.00000E+00  4.50001E+01
  3.10000E+01  2.05700E-08  4.20000E-09  0.00000E+00  4.50001E+01
  3.15000E+01  9.60300E-08  9.07400E-09  0.00000E+00  4.50001E+01
  3.20000E+01  1.20000E-08  3.20800E-09  0.00000E+00  4.50001E+01
  3.25000E+01  4.37300E-08  6.12300E-09  0.00000E+00  4.50001E+01
  3.30000E+01  2.91500E-08  4.99900E-09  0.00000E+00  4.50001E+01
  3.35000E+01  9.43200E-09  2.84300E-09  0.00000E+00  4.50001E+01
  3.40000E+01  8.57400E-10  8.57400E-10  0.00000E+00  4.50001E+01
  3.45000E+01  2.57200E-09  1.48500E-09  0.00000E+00  4.50001E+01
  3.50000E+01  0.00000E+00  0.00000E+00  0.00000E+00  4.50001E+01
  3.55000E+01  0.00000E+00  0.00000E+00  0.00000E+00  4.50001E+01
  3.60000E+01  0.00000E+00  0.00000E+00  0.00000E+00  4.50001E+01
  3.65000E+01  0.00000E+00  0.00000E+00  0.00000E+00  4.50001E+01
  3.70000E+01  0.00000E+00  0.00000E+00  0.00000E+00  4.50001E+01
  3.75000E+01  1.71400E-09  1.21200E-09  0.00000E+00  4.50001E+01
  3.80000E+01  8.57400E-10  8.57400E-10  0.00000E+00  4.50001E+01
  3.85000E+01  8.57400E-10  8.57400E-10  0.00000E+00  4.50001E+01
  3.90000E+01  0.00000E+00  0.00000E+00  0.00000E+00  4.50001E+01
  3.95000E+01  0.00000E+00  0.00000E+00  0.00000E+00  4.50001E+01
  4.00000E+01  0.00000E+00  0.00000E+00  0.00000E+00  4.50001E+01
  4.05000E+01  0.00000E+00  0.00000E+00  0.00000E+00  4.50001E+01
  4.10000E+01  0.00000E+00  0.00000E+00  0.00000E+00  4.50001E+01
  4.15000E+01  0.00000E+00  0.00000E+00  0.00000E+00  4.50001E+01
  4.20000E+01  0.00000E+00  0.00000E+00  0.00000E+00  4.50001E+01
  4.25000E+01  0.00000E+00  0.00000E+00  0.00000E+00  4.50001E+01
  4.30000E+01  0.00000E+00  0.00000E+00  0.00000E+00  4.50001E+01
  4.35000E+01  0.00000E+00  0.00000E+00  0.00000E+00  4.50001E+01
  4.40000E+01  0.00000E+00  0.00000E+00  0.00000E+00  4.50001E+01
  4.45000E+01  0.00000E+00  0.00000E+00  0.00000E+00  4.50001E+01
  4.50000E+01  0.00000E+00  0.00000E+00  0.00000E+00  4.50001E+01
  4.55000E+01  0.00000E+00  0.00000E+00  0.00000E+00  4.50001E+01
  4.60000E+01  0.00000E+00  0.00000E+00  0.00000E+00  4.50001E+01
  4.65000E+01  0.00000E+00  0.00000E+00  0.00000E+00  4.50001E+01
  4.70000E+01  0.00000E+00  0.00000E+00  0.00000E+00  4.50001E+01
  4.75000E+01  8.57400E-10  8.57400E-10  0.00000E+00  4.50001E+01
  4.80000E+01  0.00000E+00  0.00000E+00  0.00000E+00  4.50001E+01
  4.85000E+01  0.00000E+00  0.00000E+00  0.00000E+00  4.50001E+01
  4.90000E+01  0.00000E+00  0.00000E+00  0.00000E+00  4.50001E+01
  4.95000E+01  8.57400E-10  8.57400E-10  0.00000E+00  4.50001E+01
  5.00000E+01  0.00000E+00  0.00000E+00  0.00000E+00  4.50001E+01
  5.05000E+01  0.00000E+00  0.00000E+00  0.00000E+00  4.50001E+01
  5.10000E+01  0.00000E+00  0.00000E+00  0.00000E+00  4.50001E+01
  5.15000E+01  0.00000E+00  0.00000E+00  0.00000E+00  4.50001E+01
  5.20000E+01  0.00000E+00  0.00000E+00  0.00000E+00  4.50001E+01
  5.25000E+01  0.00000E+00  0.00000E+00  0.00000E+00  4.50001E+01
  5.30000E+01  0.00000E+00  0.00000E+00  0.00000E+00  4.50001E+01
  5.35000E+01  0.00000E+00  0.00000E+00  0.00000E+00  4.50001E+01
  5.40000E+01  8.57400E-10  8.57400E-10  0.00000E+00  4.50001E+01
  5.45000E+01  0.00000E+00  0.00000E+00  0.00000E+00  4.50001E+01
  5.50000E+01  0.00000E+00  0.00000E+00  0.00000E+00  4.50001E+01
  5.55000E+01  0.00000E+00  0.00000E+00  0.00000E+00  4.50001E+01
  5.60000E+01  0.00000E+00  0.00000E+00  0.00000E+00  4.50001E+01
  5.65000E+01  0.00000E+00  0.00000E+00  0.00000E+00  4.50001E+01
  5.70000E+01  0.00000E+00  0.00000E+00  0.00000E+00  4.50001E+01
  5.75000E+01  0.00000E+00  0.00000E+00  0.00000E+00  4.50001E+01
  5.80000E+01  0.00000E+00  0.00000E+00  0.00000E+00  4.50001E+01
  5.85000E+01  0.00000E+00  0.00000E+00  0.00000E+00  4.50001E+01
  5.90000E+01  0.00000E+00  0.00000E+00  0.00000E+00  4.50001E+01
  5.95000E+01  0.00000E+00  0.00000E+00  0.00000E+00  4.50001E+01
# Full reference:
#M.Harada,  Y.Watanabe,  Y.Tanaka,  Y.Matsuoka,  K.Shin, S.Meigo,  H.Nakashima,  H.Takada,  T.Sasa,
# O.Iwamoto, T.Fukahori,  S.Chiba,  S.Tanaka
#Jour. Jour. of Nuclear Science and Technology Suppl. Vol.2, p.393, 2002
#Light charged-particle production in proton-induced reactions on 12C, 27Al, 58Ni, 90Zr, 197Au, and 209Bi at 42 and 68 MeV
#
