# Target Z    :  13
# Target A    :  27
# Target state:  
# Projectile  : p
# Reaction    : (p,xa)
# E-inc       :   68.000 MeV
# Quantity    : Double-differential cross section
# Frame       : L
# MF          :    6
# MT          :  207
# X4 ID       : E2400196 
# X4 code     : 13-AL-27(P,X)2-HE-4,,DA/DE
# Author      : Harada                   
# Year        : 2002
# Data points :     64
# E-out(MeV) xs(mb/MeV.sr) dxs(mb/MeV.sr) dE(MeV)      Evaluation  C/E(F)      Chi-2     Delta(mb)
  7.00000E+00  1.84650E-06  4.27200E-08  0.00000E+00  3.00000E+01
  8.00000E+00  1.64090E-06  4.02700E-08  0.00000E+00  3.00000E+01
  9.00000E+00  1.37400E-06  3.68500E-08  0.00000E+00  3.00000E+01
  1.00000E+01  1.15750E-06  3.38200E-08  0.00000E+00  3.00000E+01
  1.10000E+01  9.12300E-07  3.00300E-08  0.00000E+00  3.00000E+01
  1.20000E+01  8.19400E-07  2.84600E-08  0.00000E+00  3.00000E+01
  1.30000E+01  6.71100E-07  2.57500E-08  0.00000E+00  3.00000E+01
  1.40000E+01  5.75300E-07  2.38400E-08  0.00000E+00  3.00000E+01
  1.50000E+01  4.57600E-07  2.12700E-08  0.00000E+00  3.00000E+01
  1.60000E+01  3.93400E-07  1.97200E-08  0.00000E+00  3.00000E+01
  1.70000E+01  3.59800E-07  1.88500E-08  0.00000E+00  3.00000E+01
  1.80000E+01  2.69800E-07  1.63300E-08  0.00000E+00  3.00000E+01
  1.90000E+01  2.75700E-07  1.65100E-08  0.00000E+00  3.00000E+01
  2.00000E+01  1.84800E-07  1.35100E-08  0.00000E+00  3.00000E+01
  2.10000E+01  2.02600E-07  1.41500E-08  0.00000E+00  3.00000E+01
  2.20000E+01  1.85800E-07  1.35500E-08  0.00000E+00  3.00000E+01
  2.30000E+01  1.67000E-07  1.28500E-08  0.00000E+00  3.00000E+01
  2.40000E+01  1.74900E-07  1.31500E-08  0.00000E+00  3.00000E+01
  2.50000E+01  1.43300E-07  1.19000E-08  0.00000E+00  3.00000E+01
  2.60000E+01  1.56100E-07  1.24200E-08  0.00000E+00  3.00000E+01
  2.70000E+01  1.16600E-07  1.07300E-08  0.00000E+00  3.00000E+01
  2.80000E+01  1.21500E-07  1.09600E-08  0.00000E+00  3.00000E+01
  2.90000E+01  1.16600E-07  1.07300E-08  0.00000E+00  3.00000E+01
  3.00000E+01  1.12600E-07  1.05500E-08  0.00000E+00  3.00000E+01
  3.10000E+01  1.13800E-07  1.03000E-08  0.00000E+00  3.00000E+01
  3.20000E+01  1.05400E-07  9.92100E-09  0.00000E+00  3.00000E+01
  3.30000E+01  9.05300E-08  9.19200E-09  0.00000E+00  3.00000E+01
  3.40000E+01  8.21300E-08  8.75500E-09  0.00000E+00  3.00000E+01
  3.50000E+01  8.12000E-08  8.70500E-09  0.00000E+00  3.00000E+01
  3.60000E+01  8.77300E-08  9.04900E-09  0.00000E+00  3.00000E+01
  3.70000E+01  7.21600E-08  9.47500E-09  0.00000E+00  3.00000E+01
  3.80000E+01  7.21600E-08  9.47500E-09  0.00000E+00  3.00000E+01
  3.90000E+01  8.46000E-08  1.02600E-08  0.00000E+00  3.00000E+01
  4.00000E+01  7.09200E-08  9.39300E-09  0.00000E+00  3.00000E+01
  4.10000E+01  6.84300E-08  9.22700E-09  0.00000E+00  3.00000E+01
  4.20000E+01  7.21600E-08  9.47500E-09  0.00000E+00  3.00000E+01
  4.30000E+01  5.97200E-08  8.62000E-09  0.00000E+00  3.00000E+01
  4.40000E+01  5.72300E-08  8.43800E-09  0.00000E+00  3.00000E+01
  4.50000E+01  6.59400E-08  9.05800E-09  0.00000E+00  3.00000E+01
  4.60000E+01  6.34500E-08  8.88500E-09  0.00000E+00  3.00000E+01
  4.70000E+01  5.72300E-08  8.43800E-09  0.00000E+00  3.00000E+01
  4.80000E+01  4.72800E-08  7.67000E-09  0.00000E+00  3.00000E+01
  4.90000E+01  6.84300E-08  9.22700E-09  0.00000E+00  3.00000E+01
  5.00000E+01  6.09600E-08  8.70900E-09  0.00000E+00  3.00000E+01
  5.10000E+01  6.09600E-08  8.70900E-09  0.00000E+00  3.00000E+01
  5.20000E+01  5.47400E-08  8.25300E-09  0.00000E+00  3.00000E+01
  5.30000E+01  4.23000E-08  7.25500E-09  0.00000E+00  3.00000E+01
  5.40000E+01  2.98600E-08  6.09500E-09  0.00000E+00  3.00000E+01
  5.50000E+01  3.23500E-08  6.34400E-09  0.00000E+00  3.00000E+01
  5.60000E+01  2.98600E-08  6.09500E-09  0.00000E+00  3.00000E+01
  5.70000E+01  2.61200E-08  5.70100E-09  0.00000E+00  3.00000E+01
  5.80000E+01  1.74100E-08  4.65500E-09  0.00000E+00  3.00000E+01
  5.90000E+01  1.86600E-08  4.81800E-09  0.00000E+00  3.00000E+01
  6.00000E+01  1.24400E-09  1.24400E-09  0.00000E+00  3.00000E+01
  6.10000E+01  0.00000E+00  0.00000E+00  0.00000E+00  3.00000E+01
  6.20000E+01  0.00000E+00  0.00000E+00  0.00000E+00  3.00000E+01
  6.30000E+01  0.00000E+00  0.00000E+00  0.00000E+00  3.00000E+01
  6.40000E+01  0.00000E+00  0.00000E+00  0.00000E+00  3.00000E+01
  6.50000E+01  0.00000E+00  0.00000E+00  0.00000E+00  3.00000E+01
  6.60000E+01  0.00000E+00  0.00000E+00  0.00000E+00  3.00000E+01
  6.70000E+01  0.00000E+00  0.00000E+00  0.00000E+00  3.00000E+01
  6.80000E+01  0.00000E+00  0.00000E+00  0.00000E+00  3.00000E+01
  6.90000E+01  0.00000E+00  0.00000E+00  0.00000E+00  3.00000E+01
  7.00000E+01  0.00000E+00  0.00000E+00  0.00000E+00  3.00000E+01
# Full reference:
#M.Harada,  Y.Watanabe,  Y.Tanaka,  Y.Matsuoka,  K.Shin, S.Meigo,  H.Nakashima,  H.Takada,  T.Sasa,
# O.Iwamoto, T.Fukahori,  S.Chiba,  S.Tanaka
#Jour. Jour. of Nuclear Science and Technology Suppl. Vol.2, p.393, 2002
#Light charged-particle production in proton-induced reactions on 12C, 27Al, 58Ni, 90Zr, 197Au, and 209Bi at 42 and 68 MeV
#
