# Target Z    :  13
# Target A    :  27
# Target state:  
# Projectile  : p
# Reaction    : (p,xa)
# E-inc       :   42.000 MeV
# Quantity    : Double-differential cross section
# Frame       : L
# MF          :    6
# MT          :  207
# X4 ID       : E2400185 
# X4 code     : 13-AL-27(P,X)2-HE-4,,DA/DE
# Author      : Harada                   
# Year        : 2002
# Data points :    106
# E-out(MeV) xs(mb/MeV.sr) dxs(mb/MeV.sr) dE(MeV)      Evaluation  C/E(F)      Chi-2     Delta(mb)
  7.00000E+00  2.30150E-06  5.50300E-08  0.00000E+00  3.00000E+01
  7.50000E+00  2.25680E-06  5.44900E-08  0.00000E+00  3.00000E+01
  8.00000E+00  2.05410E-06  5.19900E-08  0.00000E+00  3.00000E+01
  8.50000E+00  1.91070E-06  5.01400E-08  0.00000E+00  3.00000E+01
  9.00000E+00  1.81730E-06  4.89000E-08  0.00000E+00  3.00000E+01
  9.50000E+00  1.57910E-06  4.55800E-08  0.00000E+00  3.00000E+01
  1.00000E+01  1.44750E-06  4.36400E-08  0.00000E+00  3.00000E+01
  1.05000E+01  1.30540E-06  4.14400E-08  0.00000E+00  3.00000E+01
  1.10000E+01  1.21060E-06  3.99100E-08  0.00000E+00  3.00000E+01
  1.15000E+01  1.07380E-06  3.75900E-08  0.00000E+00  3.00000E+01
  1.20000E+01  9.42100E-07  3.52100E-08  0.00000E+00  3.00000E+01
  1.25000E+01  7.96100E-07  3.23600E-08  0.00000E+00  3.00000E+01
  1.30000E+01  7.72400E-07  3.18800E-08  0.00000E+00  3.00000E+01
  1.35000E+01  6.65800E-07  2.96000E-08  0.00000E+00  3.00000E+01
  1.40000E+01  6.11800E-07  2.83700E-08  0.00000E+00  3.00000E+01
  1.45000E+01  5.53900E-07  2.70000E-08  0.00000E+00  3.00000E+01
  1.50000E+01  4.71000E-07  2.48900E-08  0.00000E+00  3.00000E+01
  1.55000E+01  4.98700E-07  2.56100E-08  0.00000E+00  3.00000E+01
  1.60000E+01  4.27600E-07  2.37200E-08  0.00000E+00  3.00000E+01
  1.65000E+01  3.48700E-07  2.14200E-08  0.00000E+00  3.00000E+01
  1.70000E+01  3.44700E-07  2.13000E-08  0.00000E+00  3.00000E+01
  1.75000E+01  3.44700E-07  2.13000E-08  0.00000E+00  3.00000E+01
  1.80000E+01  3.19700E-07  2.05100E-08  0.00000E+00  3.00000E+01
  1.85000E+01  2.93400E-07  1.96500E-08  0.00000E+00  3.00000E+01
  1.90000E+01  2.56600E-07  1.83700E-08  0.00000E+00  3.00000E+01
  1.95000E+01  2.42100E-07  1.78500E-08  0.00000E+00  3.00000E+01
  2.00000E+01  2.35500E-07  1.76000E-08  0.00000E+00  3.00000E+01
  2.05000E+01  2.14400E-07  1.68000E-08  0.00000E+00  3.00000E+01
  2.10000E+01  2.05200E-07  1.64300E-08  0.00000E+00  3.00000E+01
  2.15000E+01  1.96000E-07  1.60600E-08  0.00000E+00  3.00000E+01
  2.20000E+01  1.89400E-07  1.57900E-08  0.00000E+00  3.00000E+01
  2.25000E+01  1.84200E-07  1.55700E-08  0.00000E+00  3.00000E+01
  2.30000E+01  1.77600E-07  1.52800E-08  0.00000E+00  3.00000E+01
  2.35000E+01  1.86800E-07  1.56800E-08  0.00000E+00  3.00000E+01
  2.40000E+01  1.50000E-07  1.40500E-08  0.00000E+00  3.00000E+01
  2.45000E+01  1.71000E-07  1.50000E-08  0.00000E+00  3.00000E+01
  2.50000E+01  1.85500E-07  1.56200E-08  0.00000E+00  3.00000E+01
  2.55000E+01  1.40800E-07  1.36100E-08  0.00000E+00  3.00000E+01
  2.60000E+01  1.42100E-07  1.36700E-08  0.00000E+00  3.00000E+01
  2.65000E+01  1.69700E-07  1.49400E-08  0.00000E+00  3.00000E+01
  2.70000E+01  1.40800E-07  1.36100E-08  0.00000E+00  3.00000E+01
  2.75000E+01  1.36800E-07  1.34200E-08  0.00000E+00  3.00000E+01
  2.80000E+01  1.57900E-07  1.44100E-08  0.00000E+00  3.00000E+01
  2.85000E+01  1.39400E-07  1.35400E-08  0.00000E+00  3.00000E+01
  2.90000E+01  1.22300E-07  1.26900E-08  0.00000E+00  3.00000E+01
  2.95000E+01  1.10500E-07  1.20600E-08  0.00000E+00  3.00000E+01
  3.00000E+01  1.43400E-07  1.37300E-08  0.00000E+00  3.00000E+01
  3.05000E+01  1.09200E-07  1.19800E-08  0.00000E+00  3.00000E+01
  3.10000E+01  1.57900E-07  1.44100E-08  0.00000E+00  3.00000E+01
  3.15000E+01  1.00000E-07  1.14700E-08  0.00000E+00  3.00000E+01
  3.20000E+01  6.57900E-08  9.30400E-09  0.00000E+00  3.00000E+01
  3.25000E+01  1.35500E-07  1.33500E-08  0.00000E+00  3.00000E+01
  3.30000E+01  3.94700E-08  7.20700E-09  0.00000E+00  3.00000E+01
  3.35000E+01  8.29000E-08  1.04400E-08  0.00000E+00  3.00000E+01
  3.40000E+01  6.57900E-08  9.30400E-09  0.00000E+00  3.00000E+01
  3.45000E+01  5.26300E-09  2.63100E-09  0.00000E+00  3.00000E+01
  3.50000E+01  1.31500E-09  1.31500E-09  0.00000E+00  3.00000E+01
  3.55000E+01  2.63100E-09  1.86100E-09  0.00000E+00  3.00000E+01
  3.60000E+01  1.31500E-09  1.31500E-09  0.00000E+00  3.00000E+01
  3.65000E+01  0.00000E+00  0.00000E+00  0.00000E+00  3.00000E+01
  3.70000E+01  0.00000E+00  0.00000E+00  0.00000E+00  3.00000E+01
  3.75000E+01  0.00000E+00  0.00000E+00  0.00000E+00  3.00000E+01
  3.80000E+01  0.00000E+00  0.00000E+00  0.00000E+00  3.00000E+01
  3.85000E+01  1.31500E-09  1.31500E-09  0.00000E+00  3.00000E+01
  3.90000E+01  0.00000E+00  0.00000E+00  0.00000E+00  3.00000E+01
  3.95000E+01  0.00000E+00  0.00000E+00  0.00000E+00  3.00000E+01
  4.00000E+01  0.00000E+00  0.00000E+00  0.00000E+00  3.00000E+01
  4.05000E+01  0.00000E+00  0.00000E+00  0.00000E+00  3.00000E+01
  4.10000E+01  0.00000E+00  0.00000E+00  0.00000E+00  3.00000E+01
  4.15000E+01  0.00000E+00  0.00000E+00  0.00000E+00  3.00000E+01
  4.20000E+01  0.00000E+00  0.00000E+00  0.00000E+00  3.00000E+01
  4.25000E+01  0.00000E+00  0.00000E+00  0.00000E+00  3.00000E+01
  4.30000E+01  0.00000E+00  0.00000E+00  0.00000E+00  3.00000E+01
  4.35000E+01  0.00000E+00  0.00000E+00  0.00000E+00  3.00000E+01
  4.40000E+01  0.00000E+00  0.00000E+00  0.00000E+00  3.00000E+01
  4.45000E+01  0.00000E+00  0.00000E+00  0.00000E+00  3.00000E+01
  4.50000E+01  0.00000E+00  0.00000E+00  0.00000E+00  3.00000E+01
  4.55000E+01  0.00000E+00  0.00000E+00  0.00000E+00  3.00000E+01
  4.60000E+01  0.00000E+00  0.00000E+00  0.00000E+00  3.00000E+01
  4.65000E+01  0.00000E+00  0.00000E+00  0.00000E+00  3.00000E+01
  4.70000E+01  0.00000E+00  0.00000E+00  0.00000E+00  3.00000E+01
  4.75000E+01  0.00000E+00  0.00000E+00  0.00000E+00  3.00000E+01
  4.80000E+01  1.31500E-09  1.31500E-09  0.00000E+00  3.00000E+01
  4.85000E+01  0.00000E+00  0.00000E+00  0.00000E+00  3.00000E+01
  4.90000E+01  0.00000E+00  0.00000E+00  0.00000E+00  3.00000E+01
  4.95000E+01  0.00000E+00  0.00000E+00  0.00000E+00  3.00000E+01
  5.00000E+01  0.00000E+00  0.00000E+00  0.00000E+00  3.00000E+01
  5.05000E+01  0.00000E+00  0.00000E+00  0.00000E+00  3.00000E+01
  5.10000E+01  0.00000E+00  0.00000E+00  0.00000E+00  3.00000E+01
  5.15000E+01  0.00000E+00  0.00000E+00  0.00000E+00  3.00000E+01
  5.20000E+01  0.00000E+00  0.00000E+00  0.00000E+00  3.00000E+01
  5.25000E+01  0.00000E+00  0.00000E+00  0.00000E+00  3.00000E+01
  5.30000E+01  0.00000E+00  0.00000E+00  0.00000E+00  3.00000E+01
  5.35000E+01  0.00000E+00  0.00000E+00  0.00000E+00  3.00000E+01
  5.40000E+01  0.00000E+00  0.00000E+00  0.00000E+00  3.00000E+01
  5.45000E+01  0.00000E+00  0.00000E+00  0.00000E+00  3.00000E+01
  5.50000E+01  0.00000E+00  0.00000E+00  0.00000E+00  3.00000E+01
  5.55000E+01  0.00000E+00  0.00000E+00  0.00000E+00  3.00000E+01
  5.60000E+01  0.00000E+00  0.00000E+00  0.00000E+00  3.00000E+01
  5.65000E+01  0.00000E+00  0.00000E+00  0.00000E+00  3.00000E+01
  5.70000E+01  0.00000E+00  0.00000E+00  0.00000E+00  3.00000E+01
  5.75000E+01  1.31500E-09  1.31500E-09  0.00000E+00  3.00000E+01
  5.80000E+01  0.00000E+00  0.00000E+00  0.00000E+00  3.00000E+01
  5.85000E+01  0.00000E+00  0.00000E+00  0.00000E+00  3.00000E+01
  5.90000E+01  0.00000E+00  0.00000E+00  0.00000E+00  3.00000E+01
  5.95000E+01  0.00000E+00  0.00000E+00  0.00000E+00  3.00000E+01
# Full reference:
#M.Harada,  Y.Watanabe,  Y.Tanaka,  Y.Matsuoka,  K.Shin, S.Meigo,  H.Nakashima,  H.Takada,  T.Sasa,
# O.Iwamoto, T.Fukahori,  S.Chiba,  S.Tanaka
#Jour. Jour. of Nuclear Science and Technology Suppl. Vol.2, p.393, 2002
#Light charged-particle production in proton-induced reactions on 12C, 27Al, 58Ni, 90Zr, 197Au, and 209Bi at 42 and 68 MeV
#
