# Target Z    :  13
# Target A    :  27
# Target state:  
# Projectile  : p
# Reaction    : (p,xa)
# E-inc       :   42.000 MeV
# Quantity    : Double-differential cross section
# Frame       : L
# MF          :    6
# MT          :  207
# X4 ID       : E2400187 
# X4 code     : 13-AL-27(P,X)2-HE-4,,DA/DE
# Author      : Harada                   
# Year        : 2002
# Data points :    106
# E-out(MeV) xs(mb/MeV.sr) dxs(mb/MeV.sr) dE(MeV)      Evaluation  C/E(F)      Chi-2     Delta(mb)
  7.00000E+00  2.02040E-06  5.25500E-08  0.00000E+00  4.00000E+01
  7.50000E+00  1.92470E-06  5.12900E-08  0.00000E+00  4.00000E+01
  8.00000E+00  1.84550E-06  5.02200E-08  0.00000E+00  4.00000E+01
  8.50000E+00  1.70600E-06  4.82900E-08  0.00000E+00  4.00000E+01
  9.00000E+00  1.44080E-06  4.43800E-08  0.00000E+00  4.00000E+01
  9.50000E+00  1.33280E-06  4.26800E-08  0.00000E+00  4.00000E+01
  1.00000E+01  1.29040E-06  4.20000E-08  0.00000E+00  4.00000E+01
  1.05000E+01  1.09770E-06  3.87300E-08  0.00000E+00  4.00000E+01
  1.10000E+01  1.00610E-06  3.70800E-08  0.00000E+00  4.00000E+01
  1.15000E+01  8.85800E-07  3.47900E-08  0.00000E+00  4.00000E+01
  1.20000E+01  8.31100E-07  3.37000E-08  0.00000E+00  4.00000E+01
  1.25000E+01  7.19000E-07  3.13500E-08  0.00000E+00  4.00000E+01
  1.30000E+01  6.34200E-07  2.94400E-08  0.00000E+00  4.00000E+01
  1.35000E+01  5.18000E-07  2.66100E-08  0.00000E+00  4.00000E+01
  1.40000E+01  4.55200E-07  2.49400E-08  0.00000E+00  4.00000E+01
  1.45000E+01  4.08700E-07  2.36300E-08  0.00000E+00  4.00000E+01
  1.50000E+01  4.10100E-07  2.36700E-08  0.00000E+00  4.00000E+01
  1.55000E+01  4.25100E-07  2.41000E-08  0.00000E+00  4.00000E+01
  1.60000E+01  3.59500E-07  2.21600E-08  0.00000E+00  4.00000E+01
  1.65000E+01  3.25300E-07  2.10800E-08  0.00000E+00  4.00000E+01
  1.70000E+01  2.73400E-07  1.93300E-08  0.00000E+00  4.00000E+01
  1.75000E+01  2.41900E-07  1.81800E-08  0.00000E+00  4.00000E+01
  1.80000E+01  2.54200E-07  1.86400E-08  0.00000E+00  4.00000E+01
  1.85000E+01  2.03600E-07  1.66800E-08  0.00000E+00  4.00000E+01
  1.90000E+01  2.00900E-07  1.65700E-08  0.00000E+00  4.00000E+01
  1.95000E+01  1.98200E-07  1.64600E-08  0.00000E+00  4.00000E+01
  2.00000E+01  2.13200E-07  1.70700E-08  0.00000E+00  4.00000E+01
  2.05000E+01  1.84500E-07  1.58800E-08  0.00000E+00  4.00000E+01
  2.10000E+01  1.94100E-07  1.62900E-08  0.00000E+00  4.00000E+01
  2.15000E+01  1.96800E-07  1.64000E-08  0.00000E+00  4.00000E+01
  2.20000E+01  1.54400E-07  1.45300E-08  0.00000E+00  4.00000E+01
  2.25000E+01  1.58500E-07  1.47200E-08  0.00000E+00  4.00000E+01
  2.30000E+01  1.72200E-07  1.53400E-08  0.00000E+00  4.00000E+01
  2.35000E+01  1.23000E-07  1.29600E-08  0.00000E+00  4.00000E+01
  2.40000E+01  1.20300E-07  1.28200E-08  0.00000E+00  4.00000E+01
  2.45000E+01  1.43500E-07  1.40000E-08  0.00000E+00  4.00000E+01
  2.50000E+01  1.25700E-07  1.31100E-08  0.00000E+00  4.00000E+01
  2.55000E+01  9.84200E-08  1.15900E-08  0.00000E+00  4.00000E+01
  2.60000E+01  1.27100E-07  1.31800E-08  0.00000E+00  4.00000E+01
  2.65000E+01  1.07900E-07  1.21500E-08  0.00000E+00  4.00000E+01
  2.70000E+01  1.13400E-07  1.24500E-08  0.00000E+00  4.00000E+01
  2.75000E+01  1.18900E-07  1.27500E-08  0.00000E+00  4.00000E+01
  2.80000E+01  8.74800E-08  1.09300E-08  0.00000E+00  4.00000E+01
  2.85000E+01  5.46800E-08  8.64500E-09  0.00000E+00  4.00000E+01
  2.90000E+01  6.01400E-08  9.06700E-09  0.00000E+00  4.00000E+01
  2.95000E+01  9.70500E-08  1.15100E-08  0.00000E+00  4.00000E+01
  3.00000E+01  6.69800E-08  9.56900E-09  0.00000E+00  4.00000E+01
  3.05000E+01  1.05200E-07  1.19900E-08  0.00000E+00  4.00000E+01
  3.10000E+01  6.15100E-08  9.17000E-09  0.00000E+00  4.00000E+01
  3.15000E+01  4.64700E-08  7.97000E-09  0.00000E+00  4.00000E+01
  3.20000E+01  8.61200E-08  1.08500E-08  0.00000E+00  4.00000E+01
  3.25000E+01  3.41700E-08  6.83500E-09  0.00000E+00  4.00000E+01
  3.30000E+01  4.51100E-08  7.85200E-09  0.00000E+00  4.00000E+01
  3.35000E+01  3.14400E-08  6.55500E-09  0.00000E+00  4.00000E+01
  3.40000E+01  6.83500E-09  3.05600E-09  0.00000E+00  4.00000E+01
  3.45000E+01  1.36700E-09  1.36700E-09  0.00000E+00  4.00000E+01
  3.50000E+01  0.00000E+00  0.00000E+00  0.00000E+00  4.00000E+01
  3.55000E+01  0.00000E+00  0.00000E+00  0.00000E+00  4.00000E+01
  3.60000E+01  1.36700E-09  1.36700E-09  0.00000E+00  4.00000E+01
  3.65000E+01  0.00000E+00  0.00000E+00  0.00000E+00  4.00000E+01
  3.70000E+01  0.00000E+00  0.00000E+00  0.00000E+00  4.00000E+01
  3.75000E+01  0.00000E+00  0.00000E+00  0.00000E+00  4.00000E+01
  3.80000E+01  0.00000E+00  0.00000E+00  0.00000E+00  4.00000E+01
  3.85000E+01  0.00000E+00  0.00000E+00  0.00000E+00  4.00000E+01
  3.90000E+01  0.00000E+00  0.00000E+00  0.00000E+00  4.00000E+01
  3.95000E+01  1.36700E-09  1.36700E-09  0.00000E+00  4.00000E+01
  4.00000E+01  1.36700E-09  1.36700E-09  0.00000E+00  4.00000E+01
  4.05000E+01  0.00000E+00  0.00000E+00  0.00000E+00  4.00000E+01
  4.10000E+01  0.00000E+00  0.00000E+00  0.00000E+00  4.00000E+01
  4.15000E+01  0.00000E+00  0.00000E+00  0.00000E+00  4.00000E+01
  4.20000E+01  0.00000E+00  0.00000E+00  0.00000E+00  4.00000E+01
  4.25000E+01  0.00000E+00  0.00000E+00  0.00000E+00  4.00000E+01
  4.30000E+01  0.00000E+00  0.00000E+00  0.00000E+00  4.00000E+01
  4.35000E+01  0.00000E+00  0.00000E+00  0.00000E+00  4.00000E+01
  4.40000E+01  0.00000E+00  0.00000E+00  0.00000E+00  4.00000E+01
  4.45000E+01  0.00000E+00  0.00000E+00  0.00000E+00  4.00000E+01
  4.50000E+01  0.00000E+00  0.00000E+00  0.00000E+00  4.00000E+01
  4.55000E+01  0.00000E+00  0.00000E+00  0.00000E+00  4.00000E+01
  4.60000E+01  0.00000E+00  0.00000E+00  0.00000E+00  4.00000E+01
  4.65000E+01  0.00000E+00  0.00000E+00  0.00000E+00  4.00000E+01
  4.70000E+01  0.00000E+00  0.00000E+00  0.00000E+00  4.00000E+01
  4.75000E+01  0.00000E+00  0.00000E+00  0.00000E+00  4.00000E+01
  4.80000E+01  0.00000E+00  0.00000E+00  0.00000E+00  4.00000E+01
  4.85000E+01  0.00000E+00  0.00000E+00  0.00000E+00  4.00000E+01
  4.90000E+01  0.00000E+00  0.00000E+00  0.00000E+00  4.00000E+01
  4.95000E+01  1.36700E-09  1.36700E-09  0.00000E+00  4.00000E+01
  5.00000E+01  0.00000E+00  0.00000E+00  0.00000E+00  4.00000E+01
  5.05000E+01  0.00000E+00  0.00000E+00  0.00000E+00  4.00000E+01
  5.10000E+01  0.00000E+00  0.00000E+00  0.00000E+00  4.00000E+01
  5.15000E+01  0.00000E+00  0.00000E+00  0.00000E+00  4.00000E+01
  5.20000E+01  0.00000E+00  0.00000E+00  0.00000E+00  4.00000E+01
  5.25000E+01  0.00000E+00  0.00000E+00  0.00000E+00  4.00000E+01
  5.30000E+01  0.00000E+00  0.00000E+00  0.00000E+00  4.00000E+01
  5.35000E+01  0.00000E+00  0.00000E+00  0.00000E+00  4.00000E+01
  5.40000E+01  0.00000E+00  0.00000E+00  0.00000E+00  4.00000E+01
  5.45000E+01  0.00000E+00  0.00000E+00  0.00000E+00  4.00000E+01
  5.50000E+01  0.00000E+00  0.00000E+00  0.00000E+00  4.00000E+01
  5.55000E+01  0.00000E+00  0.00000E+00  0.00000E+00  4.00000E+01
  5.60000E+01  0.00000E+00  0.00000E+00  0.00000E+00  4.00000E+01
  5.65000E+01  0.00000E+00  0.00000E+00  0.00000E+00  4.00000E+01
  5.70000E+01  0.00000E+00  0.00000E+00  0.00000E+00  4.00000E+01
  5.75000E+01  0.00000E+00  0.00000E+00  0.00000E+00  4.00000E+01
  5.80000E+01  0.00000E+00  0.00000E+00  0.00000E+00  4.00000E+01
  5.85000E+01  0.00000E+00  0.00000E+00  0.00000E+00  4.00000E+01
  5.90000E+01  0.00000E+00  0.00000E+00  0.00000E+00  4.00000E+01
  5.95000E+01  0.00000E+00  0.00000E+00  0.00000E+00  4.00000E+01
# Full reference:
#M.Harada,  Y.Watanabe,  Y.Tanaka,  Y.Matsuoka,  K.Shin, S.Meigo,  H.Nakashima,  H.Takada,  T.Sasa,
# O.Iwamoto, T.Fukahori,  S.Chiba,  S.Tanaka
#Jour. Jour. of Nuclear Science and Technology Suppl. Vol.2, p.393, 2002
#Light charged-particle production in proton-induced reactions on 12C, 27Al, 58Ni, 90Zr, 197Au, and 209Bi at 42 and 68 MeV
#
