# Target Z    :  13
# Target A    :  27
# Target state:  
# Projectile  : p
# Reaction    : (p,xa)
# E-inc       :   68.000 MeV
# Quantity    : Double-differential cross section
# Frame       : L
# MF          :    6
# MT          :  207
# X4 ID       : E2400198 
# X4 code     : 13-AL-27(P,X)2-HE-4,,DA/DE
# Author      : Harada                   
# Year        : 2002
# Data points :     64
# E-out(MeV) xs(mb/MeV.sr) dxs(mb/MeV.sr) dE(MeV)      Evaluation  C/E(F)      Chi-2     Delta(mb)
  7.00000E+00  1.66910E-06  3.75100E-08  0.00000E+00  4.50001E+01
  8.00000E+00  1.51400E-06  3.57200E-08  0.00000E+00  4.50001E+01
  9.00000E+00  1.22990E-06  3.22000E-08  0.00000E+00  4.50001E+01
  1.00000E+01  9.76100E-07  2.86800E-08  0.00000E+00  4.50001E+01
  1.10000E+01  7.97400E-07  2.59200E-08  0.00000E+00  4.50001E+01
  1.20000E+01  6.80300E-07  2.39400E-08  0.00000E+00  4.50001E+01
  1.30000E+01  5.19200E-07  2.09200E-08  0.00000E+00  4.50001E+01
  1.40000E+01  4.09700E-07  1.85800E-08  0.00000E+00  4.50001E+01
  1.50000E+01  3.47300E-07  1.71100E-08  0.00000E+00  4.50001E+01
  1.60000E+01  3.01700E-07  1.59500E-08  0.00000E+00  4.50001E+01
  1.70000E+01  2.45300E-07  1.43800E-08  0.00000E+00  4.50001E+01
  1.80000E+01  2.06500E-07  1.31900E-08  0.00000E+00  4.50001E+01
  1.90000E+01  1.68600E-07  1.19200E-08  0.00000E+00  4.50001E+01
  2.00000E+01  1.70200E-07  1.19800E-08  0.00000E+00  4.50001E+01
  2.10000E+01  1.48300E-07  1.11800E-08  0.00000E+00  4.50001E+01
  2.20000E+01  1.37400E-07  1.07600E-08  0.00000E+00  4.50001E+01
  2.30000E+01  1.15400E-07  9.86700E-09  0.00000E+00  4.50001E+01
  2.40000E+01  1.08700E-07  9.57400E-09  0.00000E+00  4.50001E+01
  2.50000E+01  8.51400E-08  8.47200E-09  0.00000E+00  4.50001E+01
  2.60000E+01  8.93500E-08  8.67900E-09  0.00000E+00  4.50001E+01
  2.70000E+01  7.16500E-08  7.77200E-09  0.00000E+00  4.50001E+01
  2.80000E+01  9.52500E-08  8.96100E-09  0.00000E+00  4.50001E+01
  2.90000E+01  8.59800E-08  8.51300E-09  0.00000E+00  4.50001E+01
  3.00000E+01  6.99600E-08  7.68000E-09  0.00000E+00  4.50001E+01
  3.10000E+01  8.17500E-08  6.30700E-09  0.00000E+00  4.50001E+01
  3.20000E+01  7.39700E-08  5.99900E-09  0.00000E+00  4.50001E+01
  3.30000E+01  6.22900E-08  5.50500E-09  0.00000E+00  4.50001E+01
  3.40000E+01  6.42300E-08  5.59100E-09  0.00000E+00  4.50001E+01
  3.50000E+01  4.91500E-08  4.89000E-09  0.00000E+00  4.50001E+01
  3.60000E+01  6.22900E-08  5.50500E-09  0.00000E+00  4.50001E+01
  3.70000E+01  3.93700E-08  6.22500E-09  0.00000E+00  4.50001E+01
  3.80000E+01  3.93700E-08  6.22500E-09  0.00000E+00  4.50001E+01
  3.90000E+01  4.92100E-08  6.96000E-09  0.00000E+00  4.50001E+01
  4.00000E+01  4.03500E-08  6.30300E-09  0.00000E+00  4.50001E+01
  4.10000E+01  3.74000E-08  6.06800E-09  0.00000E+00  4.50001E+01
  4.20000E+01  3.74000E-08  6.06800E-09  0.00000E+00  4.50001E+01
  4.30000E+01  2.95300E-08  5.39100E-09  0.00000E+00  4.50001E+01
  4.40000E+01  3.24800E-08  5.65400E-09  0.00000E+00  4.50001E+01
  4.50000E+01  2.85400E-08  5.30100E-09  0.00000E+00  4.50001E+01
  4.60000E+01  1.96800E-08  4.40200E-09  0.00000E+00  4.50001E+01
  4.70000E+01  2.36200E-08  4.82200E-09  0.00000E+00  4.50001E+01
  4.80000E+01  3.15000E-08  5.56800E-09  0.00000E+00  4.50001E+01
  4.90000E+01  1.57500E-08  3.93700E-09  0.00000E+00  4.50001E+01
  5.00000E+01  2.36200E-08  4.82200E-09  0.00000E+00  4.50001E+01
  5.10000E+01  2.36200E-08  4.82200E-09  0.00000E+00  4.50001E+01
  5.20000E+01  1.18100E-08  3.41000E-09  0.00000E+00  4.50001E+01
  5.30000E+01  7.87500E-09  2.78400E-09  0.00000E+00  4.50001E+01
  5.40000E+01  1.18100E-08  3.41000E-09  0.00000E+00  4.50001E+01
  5.50000E+01  5.90600E-09  2.41100E-09  0.00000E+00  4.50001E+01
  5.60000E+01  6.89000E-09  2.60400E-09  0.00000E+00  4.50001E+01
  5.70000E+01  1.96800E-09  1.39200E-09  0.00000E+00  4.50001E+01
  5.80000E+01  9.84300E-10  9.84300E-10  0.00000E+00  4.50001E+01
  5.90000E+01  0.00000E+00  0.00000E+00  0.00000E+00  4.50001E+01
  6.00000E+01  0.00000E+00  0.00000E+00  0.00000E+00  4.50001E+01
  6.10000E+01  0.00000E+00  0.00000E+00  0.00000E+00  4.50001E+01
  6.20000E+01  0.00000E+00  0.00000E+00  0.00000E+00  4.50001E+01
  6.30000E+01  0.00000E+00  0.00000E+00  0.00000E+00  4.50001E+01
  6.40000E+01  0.00000E+00  0.00000E+00  0.00000E+00  4.50001E+01
  6.50000E+01  0.00000E+00  0.00000E+00  0.00000E+00  4.50001E+01
  6.60000E+01  0.00000E+00  0.00000E+00  0.00000E+00  4.50001E+01
  6.70000E+01  0.00000E+00  0.00000E+00  0.00000E+00  4.50001E+01
  6.80000E+01  0.00000E+00  0.00000E+00  0.00000E+00  4.50001E+01
  6.90000E+01  0.00000E+00  0.00000E+00  0.00000E+00  4.50001E+01
  7.00000E+01  0.00000E+00  0.00000E+00  0.00000E+00  4.50001E+01
# Full reference:
#M.Harada,  Y.Watanabe,  Y.Tanaka,  Y.Matsuoka,  K.Shin, S.Meigo,  H.Nakashima,  H.Takada,  T.Sasa,
# O.Iwamoto, T.Fukahori,  S.Chiba,  S.Tanaka
#Jour. Jour. of Nuclear Science and Technology Suppl. Vol.2, p.393, 2002
#Light charged-particle production in proton-induced reactions on 12C, 27Al, 58Ni, 90Zr, 197Au, and 209Bi at 42 and 68 MeV
#
