# Target Z    :  13
# Target A    :  27
# Target state:  
# Projectile  : p
# Reaction    : (p,xa)
# E-inc       :   42.000 MeV
# Quantity    : Double-differential cross section
# Frame       : L
# MF          :    6
# MT          :  207
# X4 ID       : E2400186 
# X4 code     : 13-AL-27(P,X)2-HE-4,,DA/DE
# Author      : Harada                   
# Year        : 2002
# Data points :    106
# E-out(MeV) xs(mb/MeV.sr) dxs(mb/MeV.sr) dE(MeV)      Evaluation  C/E(F)      Chi-2     Delta(mb)
  7.00000E+00  2.27500E-06  1.02600E-07  0.00000E+00  3.50000E+01
  7.50000E+00  2.09430E-06  9.85000E-08  0.00000E+00  3.50000E+01
  8.00000E+00  1.93220E-06  9.46100E-08  0.00000E+00  3.50000E+01
  8.50000E+00  2.02020E-06  9.67500E-08  0.00000E+00  3.50000E+01
  9.00000E+00  1.76070E-06  9.03200E-08  0.00000E+00  3.50000E+01
  9.50000E+00  1.59390E-06  8.59300E-08  0.00000E+00  3.50000E+01
  1.00000E+01  1.30660E-06  7.78000E-08  0.00000E+00  3.50000E+01
  1.05000E+01  1.18150E-06  7.39900E-08  0.00000E+00  3.50000E+01
  1.10000E+01  1.14910E-06  7.29600E-08  0.00000E+00  3.50000E+01
  1.15000E+01  9.45200E-07  6.61700E-08  0.00000E+00  3.50000E+01
  1.20000E+01  8.57100E-07  6.30200E-08  0.00000E+00  3.50000E+01
  1.25000E+01  7.45900E-07  5.87900E-08  0.00000E+00  3.50000E+01
  1.30000E+01  6.34700E-07  5.42300E-08  0.00000E+00  3.50000E+01
  1.35000E+01  6.16200E-07  5.34300E-08  0.00000E+00  3.50000E+01
  1.40000E+01  5.93000E-07  5.24200E-08  0.00000E+00  3.50000E+01
  1.45000E+01  4.54000E-07  4.58600E-08  0.00000E+00  3.50000E+01
  1.50000E+01  4.58700E-07  4.61000E-08  0.00000E+00  3.50000E+01
  1.55000E+01  4.07700E-07  4.34600E-08  0.00000E+00  3.50000E+01
  1.60000E+01  4.17000E-07  4.39500E-08  0.00000E+00  3.50000E+01
  1.65000E+01  3.28900E-07  3.90400E-08  0.00000E+00  3.50000E+01
  1.70000E+01  2.96500E-07  3.70600E-08  0.00000E+00  3.50000E+01
  1.75000E+01  2.50200E-07  3.40400E-08  0.00000E+00  3.50000E+01
  1.80000E+01  3.38200E-07  3.95800E-08  0.00000E+00  3.50000E+01
  1.85000E+01  2.03800E-07  3.07300E-08  0.00000E+00  3.50000E+01
  1.90000E+01  2.59400E-07  3.46700E-08  0.00000E+00  3.50000E+01
  1.95000E+01  2.17700E-07  3.17600E-08  0.00000E+00  3.50000E+01
  2.00000E+01  2.27000E-07  3.24300E-08  0.00000E+00  3.50000E+01
  2.05000E+01  1.76000E-07  2.85600E-08  0.00000E+00  3.50000E+01
  2.10000E+01  2.22400E-07  3.21000E-08  0.00000E+00  3.50000E+01
  2.15000E+01  1.94600E-07  3.00200E-08  0.00000E+00  3.50000E+01
  2.20000E+01  2.13100E-07  3.14200E-08  0.00000E+00  3.50000E+01
  2.25000E+01  1.43600E-07  2.57900E-08  0.00000E+00  3.50000E+01
  2.30000E+01  1.62100E-07  2.74100E-08  0.00000E+00  3.50000E+01
  2.35000E+01  1.94600E-07  3.00200E-08  0.00000E+00  3.50000E+01
  2.40000E+01  1.52900E-07  2.66100E-08  0.00000E+00  3.50000E+01
  2.45000E+01  1.15800E-07  2.31600E-08  0.00000E+00  3.50000E+01
  2.50000E+01  1.11200E-07  2.26900E-08  0.00000E+00  3.50000E+01
  2.55000E+01  1.52900E-07  2.66100E-08  0.00000E+00  3.50000E+01
  2.60000E+01  1.34300E-07  2.49500E-08  0.00000E+00  3.50000E+01
  2.65000E+01  1.43600E-07  2.57900E-08  0.00000E+00  3.50000E+01
  2.70000E+01  9.26600E-08  2.07200E-08  0.00000E+00  3.50000E+01
  2.75000E+01  8.34000E-08  1.96500E-08  0.00000E+00  3.50000E+01
  2.80000E+01  1.29700E-07  2.45100E-08  0.00000E+00  3.50000E+01
  2.85000E+01  1.20400E-07  2.36200E-08  0.00000E+00  3.50000E+01
  2.90000E+01  8.80300E-08  2.01900E-08  0.00000E+00  3.50000E+01
  2.95000E+01  1.11200E-07  2.26900E-08  0.00000E+00  3.50000E+01
  3.00000E+01  9.26600E-08  2.07200E-08  0.00000E+00  3.50000E+01
  3.05000E+01  6.02300E-08  1.67000E-08  0.00000E+00  3.50000E+01
  3.10000E+01  2.13100E-07  3.14200E-08  0.00000E+00  3.50000E+01
  3.15000E+01  3.70600E-08  1.31000E-08  0.00000E+00  3.50000E+01
  3.20000E+01  6.95000E-08  1.79400E-08  0.00000E+00  3.50000E+01
  3.25000E+01  1.85300E-08  9.26600E-09  0.00000E+00  3.50000E+01
  3.30000E+01  9.26600E-08  2.07200E-08  0.00000E+00  3.50000E+01
  3.35000E+01  4.63300E-08  1.46500E-08  0.00000E+00  3.50000E+01
  3.40000E+01  3.70600E-08  1.31000E-08  0.00000E+00  3.50000E+01
  3.45000E+01  4.63300E-09  4.63300E-09  0.00000E+00  3.50000E+01
  3.50000E+01  4.63300E-09  4.63300E-09  0.00000E+00  3.50000E+01
  3.55000E+01  0.00000E+00  0.00000E+00  0.00000E+00  3.50000E+01
  3.60000E+01  0.00000E+00  0.00000E+00  0.00000E+00  3.50000E+01
  3.65000E+01  0.00000E+00  0.00000E+00  0.00000E+00  3.50000E+01
  3.70000E+01  0.00000E+00  0.00000E+00  0.00000E+00  3.50000E+01
  3.75000E+01  0.00000E+00  0.00000E+00  0.00000E+00  3.50000E+01
  3.80000E+01  0.00000E+00  0.00000E+00  0.00000E+00  3.50000E+01
  3.85000E+01  0.00000E+00  0.00000E+00  0.00000E+00  3.50000E+01
  3.90000E+01  0.00000E+00  0.00000E+00  0.00000E+00  3.50000E+01
  3.95000E+01  0.00000E+00  0.00000E+00  0.00000E+00  3.50000E+01
  4.00000E+01  0.00000E+00  0.00000E+00  0.00000E+00  3.50000E+01
  4.05000E+01  0.00000E+00  0.00000E+00  0.00000E+00  3.50000E+01
  4.10000E+01  0.00000E+00  0.00000E+00  0.00000E+00  3.50000E+01
  4.15000E+01  0.00000E+00  0.00000E+00  0.00000E+00  3.50000E+01
  4.20000E+01  0.00000E+00  0.00000E+00  0.00000E+00  3.50000E+01
  4.25000E+01  0.00000E+00  0.00000E+00  0.00000E+00  3.50000E+01
  4.30000E+01  0.00000E+00  0.00000E+00  0.00000E+00  3.50000E+01
  4.35000E+01  0.00000E+00  0.00000E+00  0.00000E+00  3.50000E+01
  4.40000E+01  0.00000E+00  0.00000E+00  0.00000E+00  3.50000E+01
  4.45000E+01  0.00000E+00  0.00000E+00  0.00000E+00  3.50000E+01
  4.50000E+01  0.00000E+00  0.00000E+00  0.00000E+00  3.50000E+01
  4.55000E+01  0.00000E+00  0.00000E+00  0.00000E+00  3.50000E+01
  4.60000E+01  0.00000E+00  0.00000E+00  0.00000E+00  3.50000E+01
  4.65000E+01  0.00000E+00  0.00000E+00  0.00000E+00  3.50000E+01
  4.70000E+01  0.00000E+00  0.00000E+00  0.00000E+00  3.50000E+01
  4.75000E+01  0.00000E+00  0.00000E+00  0.00000E+00  3.50000E+01
  4.80000E+01  0.00000E+00  0.00000E+00  0.00000E+00  3.50000E+01
  4.85000E+01  0.00000E+00  0.00000E+00  0.00000E+00  3.50000E+01
  4.90000E+01  0.00000E+00  0.00000E+00  0.00000E+00  3.50000E+01
  4.95000E+01  0.00000E+00  0.00000E+00  0.00000E+00  3.50000E+01
  5.00000E+01  0.00000E+00  0.00000E+00  0.00000E+00  3.50000E+01
  5.05000E+01  0.00000E+00  0.00000E+00  0.00000E+00  3.50000E+01
  5.10000E+01  0.00000E+00  0.00000E+00  0.00000E+00  3.50000E+01
  5.15000E+01  0.00000E+00  0.00000E+00  0.00000E+00  3.50000E+01
  5.20000E+01  0.00000E+00  0.00000E+00  0.00000E+00  3.50000E+01
  5.25000E+01  0.00000E+00  0.00000E+00  0.00000E+00  3.50000E+01
  5.30000E+01  0.00000E+00  0.00000E+00  0.00000E+00  3.50000E+01
  5.35000E+01  0.00000E+00  0.00000E+00  0.00000E+00  3.50000E+01
  5.40000E+01  0.00000E+00  0.00000E+00  0.00000E+00  3.50000E+01
  5.45000E+01  0.00000E+00  0.00000E+00  0.00000E+00  3.50000E+01
  5.50000E+01  0.00000E+00  0.00000E+00  0.00000E+00  3.50000E+01
  5.55000E+01  0.00000E+00  0.00000E+00  0.00000E+00  3.50000E+01
  5.60000E+01  0.00000E+00  0.00000E+00  0.00000E+00  3.50000E+01
  5.65000E+01  0.00000E+00  0.00000E+00  0.00000E+00  3.50000E+01
  5.70000E+01  0.00000E+00  0.00000E+00  0.00000E+00  3.50000E+01
  5.75000E+01  0.00000E+00  0.00000E+00  0.00000E+00  3.50000E+01
  5.80000E+01  0.00000E+00  0.00000E+00  0.00000E+00  3.50000E+01
  5.85000E+01  0.00000E+00  0.00000E+00  0.00000E+00  3.50000E+01
  5.90000E+01  0.00000E+00  0.00000E+00  0.00000E+00  3.50000E+01
  5.95000E+01  0.00000E+00  0.00000E+00  0.00000E+00  3.50000E+01
# Full reference:
#M.Harada,  Y.Watanabe,  Y.Tanaka,  Y.Matsuoka,  K.Shin, S.Meigo,  H.Nakashima,  H.Takada,  T.Sasa,
# O.Iwamoto, T.Fukahori,  S.Chiba,  S.Tanaka
#Jour. Jour. of Nuclear Science and Technology Suppl. Vol.2, p.393, 2002
#Light charged-particle production in proton-induced reactions on 12C, 27Al, 58Ni, 90Zr, 197Au, and 209Bi at 42 and 68 MeV
#
