# Target Z    :  13
# Target A    :  27
# Target state:  
# Projectile  : p
# Reaction    : (p,xa)
# E-inc       :   68.000 MeV
# Quantity    : Double-differential cross section
# Frame       : L
# MF          :    6
# MT          :  207
# X4 ID       : E2400197 
# X4 code     : 13-AL-27(P,X)2-HE-4,,DA/DE
# Author      : Harada                   
# Year        : 2002
# Data points :     64
# E-out(MeV) xs(mb/MeV.sr) dxs(mb/MeV.sr) dE(MeV)      Evaluation  C/E(F)      Chi-2     Delta(mb)
  7.00000E+00  1.60800E-06  6.83700E-08  0.00000E+00  3.50000E+01
  8.00000E+00  1.52660E-06  6.66200E-08  0.00000E+00  3.50000E+01
  9.00000E+00  1.34630E-06  6.25600E-08  0.00000E+00  3.50000E+01
  1.00000E+01  1.00900E-06  5.41600E-08  0.00000E+00  3.50000E+01
  1.10000E+01  8.43200E-07  4.95100E-08  0.00000E+00  3.50000E+01
  1.20000E+01  6.94900E-07  4.49500E-08  0.00000E+00  3.50000E+01
  1.30000E+01  7.06500E-07  4.53200E-08  0.00000E+00  3.50000E+01
  1.40000E+01  4.79700E-07  3.73500E-08  0.00000E+00  3.50000E+01
  1.50000E+01  3.98300E-07  3.40300E-08  0.00000E+00  3.50000E+01
  1.60000E+01  3.46000E-07  3.17200E-08  0.00000E+00  3.50000E+01
  1.70000E+01  2.26800E-07  2.56800E-08  0.00000E+00  3.50000E+01
  1.80000E+01  2.52900E-07  2.71200E-08  0.00000E+00  3.50000E+01
  1.90000E+01  2.38400E-07  2.63300E-08  0.00000E+00  3.50000E+01
  2.00000E+01  2.00600E-07  2.41500E-08  0.00000E+00  3.50000E+01
  2.10000E+01  2.47100E-07  2.68000E-08  0.00000E+00  3.50000E+01
  2.20000E+01  1.94800E-07  2.38000E-08  0.00000E+00  3.50000E+01
  2.30000E+01  1.59900E-07  2.15600E-08  0.00000E+00  3.50000E+01
  2.40000E+01  1.22100E-07  1.88400E-08  0.00000E+00  3.50000E+01
  2.50000E+01  1.10500E-07  1.79200E-08  0.00000E+00  3.50000E+01
  2.60000E+01  1.42400E-07  2.03500E-08  0.00000E+00  3.50000E+01
  2.70000E+01  1.01700E-07  1.72000E-08  0.00000E+00  3.50000E+01
  2.80000E+01  1.59900E-07  2.15600E-08  0.00000E+00  3.50000E+01
  2.90000E+01  1.45300E-07  2.05600E-08  0.00000E+00  3.50000E+01
  3.00000E+01  9.30400E-08  1.64400E-08  0.00000E+00  3.50000E+01
  3.10000E+01  9.88400E-08  7.99000E-09  0.00000E+00  3.50000E+01
  3.20000E+01  6.91200E-08  6.68200E-09  0.00000E+00  3.50000E+01
  3.30000E+01  8.46200E-08  7.39400E-09  0.00000E+00  3.50000E+01
  3.40000E+01  7.62300E-08  7.01700E-09  0.00000E+00  3.50000E+01
  3.50000E+01  7.30000E-08  6.86700E-09  0.00000E+00  3.50000E+01
  3.60000E+01  7.62300E-08  7.01700E-09  0.00000E+00  3.50000E+01
  3.70000E+01  8.44100E-08  1.39400E-08  0.00000E+00  3.50000E+01
  3.80000E+01  6.23900E-08  1.19800E-08  0.00000E+00  3.50000E+01
  3.90000E+01  8.07400E-08  1.36300E-08  0.00000E+00  3.50000E+01
  4.00000E+01  5.87200E-08  1.16300E-08  0.00000E+00  3.50000E+01
  4.10000E+01  7.34000E-08  1.30000E-08  0.00000E+00  3.50000E+01
  4.20000E+01  5.50500E-08  1.12600E-08  0.00000E+00  3.50000E+01
  4.30000E+01  4.40400E-08  1.00700E-08  0.00000E+00  3.50000E+01
  4.40000E+01  5.13800E-08  1.08800E-08  0.00000E+00  3.50000E+01
  4.50000E+01  4.77100E-08  1.04800E-08  0.00000E+00  3.50000E+01
  4.60000E+01  4.40400E-08  1.00700E-08  0.00000E+00  3.50000E+01
  4.70000E+01  5.13800E-08  1.08800E-08  0.00000E+00  3.50000E+01
  4.80000E+01  4.40400E-08  1.00700E-08  0.00000E+00  3.50000E+01
  4.90000E+01  4.03700E-08  9.64400E-09  0.00000E+00  3.50000E+01
  5.00000E+01  2.93600E-08  8.22400E-09  0.00000E+00  3.50000E+01
  5.10000E+01  4.77100E-08  1.04800E-08  0.00000E+00  3.50000E+01
  5.20000E+01  4.77100E-08  1.04800E-08  0.00000E+00  3.50000E+01
  5.30000E+01  5.50500E-08  1.12600E-08  0.00000E+00  3.50000E+01
  5.40000E+01  1.83500E-08  6.50200E-09  0.00000E+00  3.50000E+01
  5.50000E+01  1.46800E-08  5.81500E-09  0.00000E+00  3.50000E+01
  5.60000E+01  7.34000E-09  4.11200E-09  0.00000E+00  3.50000E+01
  5.70000E+01  1.83500E-08  6.50200E-09  0.00000E+00  3.50000E+01
  5.80000E+01  0.00000E+00  0.00000E+00  0.00000E+00  3.50000E+01
  5.90000E+01  0.00000E+00  0.00000E+00  0.00000E+00  3.50000E+01
  6.00000E+01  0.00000E+00  0.00000E+00  0.00000E+00  3.50000E+01
  6.10000E+01  0.00000E+00  0.00000E+00  0.00000E+00  3.50000E+01
  6.20000E+01  0.00000E+00  0.00000E+00  0.00000E+00  3.50000E+01
  6.30000E+01  0.00000E+00  0.00000E+00  0.00000E+00  3.50000E+01
  6.40000E+01  0.00000E+00  0.00000E+00  0.00000E+00  3.50000E+01
  6.50000E+01  0.00000E+00  0.00000E+00  0.00000E+00  3.50000E+01
  6.60000E+01  0.00000E+00  0.00000E+00  0.00000E+00  3.50000E+01
  6.70000E+01  0.00000E+00  0.00000E+00  0.00000E+00  3.50000E+01
  6.80000E+01  0.00000E+00  0.00000E+00  0.00000E+00  3.50000E+01
  6.90000E+01  0.00000E+00  0.00000E+00  0.00000E+00  3.50000E+01
  7.00000E+01  0.00000E+00  0.00000E+00  0.00000E+00  3.50000E+01
# Full reference:
#M.Harada,  Y.Watanabe,  Y.Tanaka,  Y.Matsuoka,  K.Shin, S.Meigo,  H.Nakashima,  H.Takada,  T.Sasa,
# O.Iwamoto, T.Fukahori,  S.Chiba,  S.Tanaka
#Jour. Jour. of Nuclear Science and Technology Suppl. Vol.2, p.393, 2002
#Light charged-particle production in proton-induced reactions on 12C, 27Al, 58Ni, 90Zr, 197Au, and 209Bi at 42 and 68 MeV
#
