$SPEC_ID:
No sample description was entered.
$SPEC_REM:
DET# 1
DETDESC# EPS-140909 Easy-MCA-8k SN 16175454
AP# Maestro Version 7.01
$DATE_MEA:
02/25/2022 18:25:27
$MEAS_TIM:
298 300
$DATA:
0 8191
       0
       0
       0
       0
       0
       0
       0
       0
       0
       0
       0
       0
       0
       0
       0
       0
       0
       0
       0
       0
       0
       0
       0
       0
       0
       0
       0
       0
       0
       0
       0
       0
       0
       0
       0
       0
       0
       0
       0
       1
       3
       6
     357
     831
     412
     277
     206
     177
     128
     161
     128
     142
     107
     109
      88
      85
      82
     106
     109
      98
     106
     102
      92
     101
      92
     111
     102
      96
     116
     122
     111
     112
     152
     229
     330
     446
     488
     456
     311
     190
     114
      85
      81
      98
      92
      84
      99
      87
      84
      99
      96
      91
      87
     110
     107
     105
     119
     106
     109
     127
      98
     153
     145
     123
     159
     142
     169
     176
     149
     174
     195
     225
     248
     266
     307
     322
     336
     363
     383
     387
     369
     347
     341
     333
     322
     327
     278
     292
     323
     258
     319
     387
     477
     658
    1045
    1468
    1938
    2370
    2681
    2794
    2572
    2237
    1978
    1736
    1318
     892
     552
     288
     213
     161
     173
     169
     181
     261
     326
     486
     653
     694
     658
     649
     617
     788
     739
     623
     531
     376
     301
     226
     229
     202
     181
     143
     138
     144
     158
     155
     142
     130
     152
     151
     170
     149
     139
     150
     152
     151
     153
     137
     161
     165
     151
     171
     162
     156
     109
     157
     137
     137
     146
     146
     137
     165
     147
     133
     158
     138
     138
     160
     136
     152
     163
     140
     158
     163
     128
     159
     149
     161
     166
     135
     130
     135
     115
     130
     160
     156
     142
     146
     159
     195
     218
     298
     331
     314
     293
     195
     174
     141
     125
     108
     146
     139
     131
     146
     118
     177
     125
     130
     144
     106
     135
     118
     152
     129
     122
     127
     141
     157
     176
     168
     156
     125
     134
     145
     131
     125
     114
     125
     125
     118
     147
     128
     126
     108
     129
     141
     117
     109
     132
     130
     125
     120
     120
     112
     122
     124
     115
     135
     131
     108
     106
     127
     127
     116
     102
     130
     119
     118
     106
     127
     133
     117
     123
     106
      96
     134
     141
     107
     107
     116
     120
     145
     117
     120
     107
     123
     124
     132
     107
      98
      85
     127
     102
     124
     128
     105
     105
     110
     107
     111
      91
     108
      95
     103
     114
     111
     111
      98
      96
      97
     101
     101
      93
     114
      86
      94
      93
     118
     116
     144
     160
     158
     129
     126
     108
     120
     103
     109
      92
     100
      96
      99
      90
      85
     108
     124
      93
     104
     114
     116
     113
     102
     100
      98
     108
      88
      88
     122
      68
     106
     106
      97
     102
      79
      90
     112
      96
      84
      75
      99
     115
      80
     103
      86
      91
     108
      97
      86
     102
     103
     100
      96
      76
      84
      87
      99
      93
      74
      94
      80
      96
     102
     100
      97
      92
      84
      85
      84
     100
     108
     114
     101
      94
      88
      79
     105
      84
     106
     104
     106
     117
     102
     105
     103
      99
     118
      95
     105
      89
      99
     107
     108
      87
     104
      98
      83
      97
     108
      83
     102
      94
      90
     108
     118
     101
      86
      78
      94
     110
     109
      88
     110
      90
     104
      96
      83
     100
     105
      85
     100
      90
      69
      95
      92
      82
      86
      84
      89
     108
      77
      87
      84
      67
      67
      84
      93
      87
      80
      81
      86
      80
      88
      76
      81
      85
      87
      69
      92
      72
      79
      80
      73
      97
      82
      88
      84
      99
      83
      73
      70
      84
      97
      79
      86
      85
      73
      87
      87
      90
      73
      81
      74
      78
      96
      92
      69
      86
      77
      66
      72
      68
      71
      78
      77
      78
      77
      92
      76
      75
      69
      64
      56
      72
      74
      70
      82
      66
      71
      83
      69
      65
      79
      84
      73
      82
      61
      78
      80
      77
      74
      63
      72
      66
      75
      76
      68
      73
      64
      77
      69
      62
      75
      88
      72
      72
      74
      69
      67
      63
      56
      53
      60
      66
      72
      64
      67
      64
      65
      87
      80
      79
      71
      90
      86
      81
      85
      77
     114
      63
      73
      81
      81
      78
      65
      59
      57
      60
      87
      82
      72
      75
      57
      68
      84
      62
      60
      60
      61
      71
      64
      57
      49
      51
      67
      68
      67
      46
      65
      57
      70
      71
      69
      56
      63
      48
      60
      65
      63
      67
      54
      60
      77
      61
      62
      62
      62
      71
      65
      58
      63
      73
      63
      77
      58
      61
      64
      67
      74
      66
      58
      60
      54
      59
      42
      48
      66
      58
      55
      63
      59
      59
      68
      71
      71
      68
      71
      67
      66
      79
      73
      56
      54
      59
      75
      63
      63
      55
      63
      67
      57
      73
      62
      67
      51
      65
      61
      56
      67
      59
      68
      47
      48
      60
      63
      68
      64
      67
      65
      53
      69
      50
      67
      80
      50
      70
      71
      64
      79
      64
      59
      65
      56
      80
      75
      62
      71
      67
      56
      60
      49
      67
      56
      58
      69
      76
      72
      88
      68
      82
      77
      68
      66
      62
      62
      55
      69
      70
      81
      72
      71
      72
      53
      73
      57
      61
      70
      58
      69
      71
      56
      77
      64
      74
      59
      57
      76
      80
      70
      88
      65
      54
      66
      72
      83
      84
      67
      73
      61
      65
      62
      69
      58
      60
      75
      75
      55
      60
      62
      56
      73
      62
      73
      58
      73
      70
      61
      79
      75
      58
      79
      63
      82
      81
      69
      74
      54
      62
      62
      73
      70
      68
      67
      74
      78
      71
      67
      78
      85
      73
      81
      70
      71
      84
      77
      80
      80
      61
      72
      68
      85
      54
      70
      56
      68
      82
      64
      78
      61
      78
      63
      85
      68
      68
      62
      68
      62
      47
      53
      50
      69
      56
      56
      48
      65
      48
      48
      42
      60
      55
      45
      55
      45
      43
      48
      49
      41
      38
      41
      55
      59
      36
      36
      34
      50
      57
      56
      63
      65
      62
      51
      53
      36
      53
      30
      42
      37
      52
      33
      42
      35
      41
      35
      35
      46
      36
      35
      33
      31
      36
      32
      37
      33
      33
      32
      31
      44
      36
      36
      32
      33
      45
      25
      38
      34
      31
      26
      40
      40
      44
      23
      31
      37
      31
      34
      31
      31
      35
      26
      35
      30
      21
      29
      25
      34
      27
      37
      40
      31
      30
      36
      33
      42
      30
      24
      32
      31
      46
      36
      33
      33
      38
      33
      30
      20
      32
      30
      29
      28
      24
      36
      26
      39
      27
      32
      27
      25
      37
      26
      26
      32
      31
      15
      20
      25
      20
      23
      18
      33
      21
      27
      30
      32
      22
      29
      30
      29
      22
      25
      31
      29
      25
      20
      20
      22
      26
      15
      33
      19
      25
      31
      22
      25
      34
      25
      31
      21
      17
      26
      27
      33
      27
      15
      23
      17
      12
      26
      19
      25
      17
      30
      26
      30
      22
      10
      20
      21
      18
      25
      10
      15
      23
      14
      26
      20
      19
      14
      18
      19
      19
      26
      28
      12
      21
      17
      24
      20
      18
      19
      23
      15
      13
      12
      26
      16
      20
      16
      20
      21
      15
      18
      19
      20
      26
      14
      22
      23
      17
      17
      19
      22
      23
      14
      20
      17
      21
      21
      17
      15
      13
      23
      12
      17
      17
      17
      23
      17
      19
      15
      15
      21
      16
      18
      20
      16
      20
      22
      20
      15
      17
      17
      22
      17
      20
      15
      15
      15
      22
      23
      22
      13
      28
      14
      20
      20
      24
      19
      18
      18
      15
      17
      13
      16
      18
      17
      14
      30
      11
      24
      25
      22
      11
      19
      12
      19
      11
      15
      16
      17
      14
      14
      15
      30
      20
      14
      15
      15
      19
      13
      15
      18
      24
      10
      23
      19
      20
      14
      23
      16
      17
      19
      23
      17
      19
      15
      16
      17
      15
      20
      16
      19
      16
      20
      13
      17
      17
      17
      18
      18
      19
      21
      15
      20
      18
      11
      20
      18
      13
      14
      20
      12
      22
      25
      16
      21
      19
      20
      18
      12
      18
      11
      10
      14
      16
      12
       9
      16
      29
      18
      16
      16
      16
      11
      20
      22
      22
      15
      13
      25
      21
      27
      14
      12
      12
      11
      14
      25
      17
      17
      21
      15
      17
      13
      13
      18
      14
      21
      16
      13
      12
      17
      21
      12
      15
      16
      21
      22
      19
      17
      16
      21
      16
      21
      15
      17
      22
      19
      20
      15
      13
      20
      24
      27
      27
      33
      64
      74
     147
     228
     376
     614
     860
    1085
    1489
    1572
    1633
    1489
    1168
     934
     630
     408
     255
     157
      78
      47
      41
      34
      17
       9
      20
      17
      11
      17
      13
      14
      19
      16
      17
      16
       7
      11
      10
       9
      12
      15
      10
      13
      10
       8
      20
       9
      14
      11
      11
      15
       6
      12
      13
      15
      14
       7
      16
       7
      11
      10
      16
      11
      15
      12
      11
      13
      13
      18
       8
       9
      19
      14
      15
       8
      13
      20
       9
      16
      10
      11
      23
      14
       7
      12
      15
      11
      16
       8
      12
      19
      15
       8
      10
       6
       8
       8
      16
       8
      16
      10
      18
      13
       8
      17
       9
      17
      16
      14
      14
      12
       6
      15
      10
      11
      12
      12
      14
      16
      11
       9
       9
      11
      11
       8
      13
      10
      11
      13
      13
      12
      12
      16
       6
      13
      14
      11
      17
      13
      17
      10
      11
       8
      10
      15
      13
      17
      13
      18
       8
      17
      11
      11
      13
       8
      21
       9
      11
      13
      10
      10
      11
      19
      14
       8
       8
      20
      13
      13
      10
      11
       8
      15
      13
      13
       7
       7
      13
      15
      12
      10
      13
      14
      13
       8
       9
      11
      17
      17
      21
      24
      25
      12
      20
      13
      14
      17
      14
      12
       9
       9
      14
      11
       7
      13
       6
       7
      11
      16
       7
      15
      17
      12
       9
      16
      12
      10
      14
      10
      12
      11
       8
      11
      15
      11
      11
       7
      12
      11
       8
      10
       9
      10
      10
      16
      15
       9
      12
      12
      12
       8
      13
      12
       7
       8
      11
       4
       3
      10
      13
      13
       8
      21
      12
      17
      26
      23
      19
      17
       6
      14
      11
      12
      12
       9
      14
       5
       9
       9
      10
       6
       9
      12
      10
      10
       9
       8
      13
      11
       9
       5
      11
      11
       6
       4
      11
      10
       9
       7
      13
       7
      12
      11
      12
      13
      11
       7
       8
       7
       5
      12
       9
      13
      11
       5
      10
      12
       5
      12
      17
       8
       7
       9
      11
      14
      14
      14
      11
      10
      11
       7
      12
       5
      15
      10
      13
      11
      12
      12
      12
      10
      19
      10
       7
      10
      13
      11
      12
       5
       9
      18
       9
      13
      13
      14
      11
       5
      11
      11
      13
      11
       6
       8
       9
       6
      11
       6
      17
      13
      11
       8
      12
      13
      11
      13
      12
       9
      12
       8
       8
      10
       2
      11
      17
      10
       7
       7
      14
       8
      14
      12
       3
       5
      10
      12
      19
      15
      11
       5
      16
      11
      11
       8
      13
      12
      12
      17
       9
       8
      14
       9
      11
       5
      10
       9
      12
       5
       6
       5
      15
      10
       6
       5
       8
       7
      10
      11
       7
      12
      15
      11
      13
       3
       8
      12
       4
       7
       9
       5
       8
       8
      10
       9
       4
      10
      14
       9
      12
       8
       8
       7
       8
      17
       9
       7
       9
       8
       7
       9
       2
      13
       7
      11
       7
       9
       5
      13
       5
      14
       3
       6
       7
       9
       7
       7
       9
       5
      13
       6
       6
       9
       8
       8
       7
       6
       8
       1
       3
       6
      10
      12
       8
      11
       4
       8
      11
      17
      27
      31
      20
      21
      18
       7
       6
       2
      14
       8
       6
       4
       6
      11
      12
       5
       2
      12
       7
       4
      10
       8
       9
       6
       7
       4
       4
       8
       6
       8
       6
       5
       6
       7
       6
       5
       9
       7
      11
       9
       5
       9
      11
       3
      13
       8
      10
       8
       3
       7
       8
       6
      10
       7
       3
       6
       8
       7
      11
      10
       5
      15
       9
      11
      13
       4
       6
       4
       7
      11
       9
       7
       8
      14
       7
       8
       7
       7
       7
       6
      10
       8
       7
       4
      10
       3
      10
       8
       5
      12
       4
       6
       4
       7
       7
       5
       7
      10
       7
       9
       6
       6
       5
       5
       6
       5
       8
       9
       9
       7
       6
       4
      10
       8
       8
       6
       6
       7
       8
       5
       4
       5
       8
       7
      10
       3
       8
       3
       8
       5
      12
      15
       6
       1
       5
       4
       2
       7
       8
       5
       5
      10
       7
       6
       4
       6
       6
       3
       3
       7
       3
       9
      11
      12
       4
      11
      21
      12
      20
      21
      21
      14
      13
       9
       5
      11
       6
       9
       6
       3
       5
       4
       9
      10
       6
       9
      10
       7
       9
       6
       7
       6
       5
       6
       5
       5
       9
       4
      13
      15
      11
       6
      11
       5
      11
       5
       5
       3
       3
       5
       5
       4
       5
       7
       7
       7
       6
       3
       3
       8
       2
       4
       7
       6
       6
       3
       6
       6
       7
       6
       2
       5
       5
       7
       3
       4
       6
       4
       9
       5
       2
       4
      11
      11
       3
       6
       5
       5
       7
       5
       3
       2
       7
       6
       5
       8
      10
       3
       8
       3
       6
       5
       4
       3
       7
       8
       8
       7
       2
       4
       7
       7
       2
       6
       2
       4
       4
       6
       8
       3
       5
       4
       2
       9
       5
       8
       6
       3
       7
       8
       5
       2
       3
       4
       7
       7
       2
       5
       4
       4
       6
      10
      10
       3
       8
       5
       8
       5
       1
       4
       6
       4
       6
       6
       5
       9
       7
       6
       2
       4
       9
       4
       9
       2
       3
       6
       4
       7
       6
       6
       3
       6
       7
       3
       8
       8
       5
       8
       6
       2
       4
       3
       5
       2
       5
       7
       4
       4
       4
       3
       7
       7
       7
       3
       6
       7
       3
       4
       6
       3
       5
       6
       6
       8
       5
       6
       5
       2
       4
       4
       3
       7
       3
       7
      11
      18
      19
      13
      18
      25
      16
       8
       5
      11
       6
       5
       7
       3
       7
       7
       5
       2
       5
       3
       5
       5
       6
       3
       5
      11
       2
       7
       7
       6
       6
      10
       6
       5
       3
       4
       9
      11
       8
       2
       5
       7
       4
       3
       5
       9
       9
       2
      10
       3
       4
       2
      12
      16
      49
      67
      78
     114
      74
      71
      46
      28
      17
      10
       5
       4
      10
       6
       3
       3
       7
       1
       6
       4
       6
       5
       3
       8
       4
       3
       5
       6
       2
       4
       2
       9
      12
       5
       3
       9
       6
       5
       2
       2
       9
       1
       2
       5
       0
       5
       3
       7
       5
       2
       4
       3
       0
       4
       7
       5
       3
       7
       5
       5
       3
       7
       1
       5
       7
       7
       7
       1
       4
       2
       8
       0
       2
       4
       6
       2
       4
       5
       4
       9
       4
       3
       2
       5
       6
       7
       3
       4
       4
       8
       5
       2
       4
       8
       9
       4
       6
       5
       5
       7
       4
      12
      14
      13
       6
      12
       7
       8
       9
       4
       2
       2
       2
       3
       4
      12
       6
      11
       4
       3
       3
       4
       1
       7
       5
       5
       2
       7
       2
       3
       5
       6
       2
       3
       3
       1
       1
       5
       5
       7
       3
       1
       1
       5
       3
       0
       3
       4
       2
      10
       3
       5
       4
       4
       6
       5
       5
       6
       4
       4
       3
       4
       7
       3
       4
       4
       4
       5
       6
       5
       4
       3
       1
       3
       8
       4
       2
       7
       1
       4
       2
       4
       9
       0
       2
       4
       1
       5
       5
       4
       2
       0
       3
       1
       4
       5
       8
       3
       5
       8
       5
       1
       3
       6
       8
       6
       2
       3
       2
       4
       6
       4
       8
       4
       2
       4
       4
       3
       4
       5
       6
       4
       4
       3
       4
       3
       2
       4
       1
       3
       7
       3
       4
       2
       6
       4
       3
       7
       8
       4
       1
       3
       6
       5
       3
       5
       7
      11
       9
       4
       5
       5
       1
       4
       7
       4
       3
       6
       2
       3
       4
       0
       7
       2
       3
       1
       2
       4
       2
       2
       5
       3
       4
       1
       4
       2
       2
       7
       1
       4
       6
       3
       3
       3
       3
       2
       5
       2
       3
       3
       4
       4
       3
       7
       4
       3
       0
       3
       2
       1
       1
       6
       4
       1
       4
       3
       3
       2
       2
       6
       6
       2
       4
       6
       3
       3
       1
       3
       5
       2
       1
       3
       5
       1
       5
       8
       4
       4
       4
       6
       4
       6
       3
       3
       4
       2
       1
       4
       3
       3
       2
       5
       2
       5
       6
       4
       5
       6
       4
       2
       2
       2
       2
       1
       2
       3
       4
       1
       5
       2
       7
      10
       6
       2
       5
       6
       5
       4
       2
       5
       2
       5
       2
       5
       2
       2
       2
       4
       4
       3
       4
       2
       2
       3
       6
       2
       1
       4
       1
       2
       4
       3
       5
       4
       2
       3
       2
       2
       8
       2
       2
       1
       6
       0
       2
       2
       4
       5
       8
       5
       1
       0
       4
       1
       0
       0
       3
       2
       1
       2
       0
       4
       3
       4
       6
       7
       2
       2
       2
       4
       2
       0
       3
       1
       4
       2
       2
       2
       4
       4
       4
       3
       3
       4
       3
       0
       2
       4
       2
       5
       4
       8
       5
       4
       3
       1
       4
       0
       1
       3
       2
       6
       2
       7
       2
       4
       3
       2
       4
       4
       3
       2
       3
       4
       7
       0
       0
       5
       3
       7
       4
       4
       2
       2
       4
       2
       1
       3
       1
       2
       4
       3
       5
       4
       3
       2
       3
       2
       0
       4
       4
       0
       4
       1
       5
       3
       2
       4
       5
      14
       2
       3
       6
       2
       2
      10
       2
       4
       3
       2
       0
       4
       1
       2
       4
       1
       4
       2
       2
       3
       9
       3
       3
       0
       4
       1
       4
       4
       3
       1
       1
       5
       3
       1
       0
       1
       3
       1
       2
       1
       5
       7
       5
       3
       2
       2
       2
       1
       2
       2
       3
       1
       3
       3
       2
       5
       4
       3
       3
       2
       5
       1
       7
       1
       1
       1
       2
       2
       4
       3
       1
       1
       1
       2
       3
       2
       2
       2
       4
       2
       4
       4
       3
       2
       3
       2
       0
       3
       4
       3
       1
       0
       5
       3
       5
       5
       3
       2
       2
       2
       3
       7
       3
       4
       2
       2
       2
       0
       2
       1
       4
       8
       3
       8
       6
       4
       7
       9
       1
       0
       1
       2
       3
       3
       5
       2
       4
       1
       3
       5
       2
       1
       3
       2
       4
       4
       4
       2
       2
       2
       1
       3
       2
       1
       2
       2
       2
       3
       1
       3
       4
       3
       5
       2
       1
       2
       1
       3
       3
       3
       0
       2
       4
       3
       3
       6
       1
       0
       2
       3
       2
       4
       7
       2
       3
       3
       5
       4
       4
       0
       3
       2
       3
       3
       2
       4
       2
       3
       3
       2
       3
       6
       0
       1
       2
       1
       3
       2
       4
       1
       5
       3
       1
       3
       4
       3
       1
       2
       3
       2
       0
       2
       5
       5
       3
       3
       1
       2
       6
       1
       6
       2
       4
       6
       4
       5
       0
       1
       2
       2
       3
       4
       1
       4
       2
       3
       3
       4
       2
       1
       3
       5
       2
       5
       6
       6
       4
       3
       5
       5
       2
       5
       4
       2
       0
       1
       3
       2
       1
       3
       3
       2
       3
       6
       3
       0
       8
       3
       1
       8
       2
       2
       0
       3
       4
       3
       1
       3
       3
       3
       3
       1
       2
       0
       1
       2
       4
       1
       3
       2
       1
       2
       2
       1
       1
       2
       1
       3
       0
       3
       2
       2
       2
       5
       1
       2
       2
       2
       6
       3
       3
       6
       1
       2
       6
       0
       0
       4
       1
       2
       2
       1
       1
       3
       3
       0
       3
       2
       2
       2
       4
       4
       2
       2
       2
       3
       3
       2
       2
       3
       1
       1
       1
       5
       1
       2
       1
       4
       1
       3
       2
       1
       2
       2
       4
       4
       1
       2
       0
       2
       5
       2
       5
       2
       5
       4
       2
       4
       3
       3
       7
       1
       3
       2
       4
       0
       1
       2
       4
       1
       0
       4
       3
       2
       2
       3
       3
       1
       4
       1
       1
       0
       2
       3
       3
       1
       4
       1
       2
       1
       0
       2
       1
       3
       2
       3
       3
       6
       5
       3
       3
       2
       2
       2
       0
       3
       5
       2
       1
       2
       5
       3
       4
       2
       2
       1
       1
       1
       6
       3
       3
       2
       0
       1
       3
       4
       3
       3
       2
       3
       1
       1
       1
       3
       0
       4
       2
       8
       3
       0
       2
       2
       0
       2
       2
       1
       0
       2
       3
       0
       2
       2
       2
       1
       2
       3
       1
       2
       2
       3
       1
       0
       1
       3
       4
       2
       3
       4
       2
       3
       1
       1
       1
       4
       4
       3
       2
       4
       2
       3
       2
       2
       2
       0
       1
       2
       1
       4
       1
       1
       1
       2
       3
       3
       1
       3
       0
       3
       2
       3
       2
       0
       2
       1
       1
       4
       1
       3
       2
       0
       3
       3
       1
       1
       0
       2
       3
       1
       2
       1
       2
       2
       2
       1
       1
       3
       1
       2
       3
       2
       3
       3
       3
       3
       1
       5
       2
       3
       2
       0
       2
       3
       0
       2
       1
       3
       2
       0
       0
       3
       1
       1
       1
       3
       2
       2
       1
       1
       3
       1
       2
       1
       1
       3
       1
       1
       2
       3
       1
       2
       2
       3
       2
       0
       2
       2
       3
       5
       0
       1
       3
       1
       0
       3
       1
       1
       2
       2
       1
       3
       0
       0
       2
       2
       1
       4
       2
       1
       1
       3
       1
       4
       2
       0
       1
       0
       2
       0
       0
       3
       1
       4
       0
       3
       0
       0
       0
       0
       0
       0
       2
       1
       1
       2
       0
       2
       5
       0
       0
       7
       1
       3
       1
       6
       5
       3
       1
       3
       3
       1
       2
       2
       1
       1
       2
       0
       0
       2
       1
       0
       1
       2
       1
       1
       3
       2
       0
       4
       1
       1
       2
       2
       2
       0
       0
       2
       2
       1
       1
       0
       1
       2
       2
       2
       0
       1
       5
       0
       0
       2
       1
       0
       1
       2
       1
       1
       0
       2
       0
       1
       1
       0
       1
       1
       1
       0
       3
       1
       2
       0
       1
       0
       0
       1
       2
       2
       0
       1
       3
       4
       3
       3
       1
       0
       2
       1
       3
       0
       0
       1
       0
       2
       2
       1
       1
       0
       0
       0
       3
       2
       2
       1
       1
       2
       0
       2
       0
       1
       0
       1
       0
       0
       1
       1
       4
       2
       2
       0
       0
       2
       1
       3
       0
       2
       1
       1
       1
       1
       0
       2
       0
       1
       4
       2
       2
       0
       2
       0
       0
       1
       1
       2
       1
       1
       0
       1
       3
       1
       0
       2
       1
       1
       2
       2
       1
       0
       4
       0
       0
       1
       0
       0
       3
       2
       1
       0
       2
       1
       0
       1
       0
       0
       1
       4
       2
       0
       1
       1
       0
       0
       2
       1
       0
       1
       1
       0
       0
       1
       0
       2
       1
       3
       0
       3
       3
       0
       1
       0
       2
       3
       2
       1
       0
       2
       0
       2
       0
       3
       1
       1
       1
       3
       2
       1
       1
       2
       0
       0
       2
       1
       2
       0
       1
       0
       4
       1
       2
       0
       2
       0
       2
       0
       2
       0
       0
       1
       2
       1
       1
       0
       0
       3
       1
       0
       0
       0
       0
       0
       0
       0
       0
       3
       3
       2
       2
       2
       3
       0
       1
       1
       0
       2
       0
       1
       2
       0
       1
       1
       2
       2
       0
       0
       0
       2
       2
       1
       3
       0
       0
       1
       0
       0
       2
       1
       0
       0
       2
       1
       2
       0
       0
       1
       0
       1
       1
       1
       0
       1
       1
       1
       1
       1
       2
       2
       1
       0
       0
       0
       1
       0
       1
       0
       1
       1
       1
       0
       4
       3
       8
      20
      21
      36
      35
      33
      36
      15
      20
       5
       7
       4
       1
       3
       2
       0
       0
       0
       0
       4
       1
       0
       1
       0
       1
       2
       0
       0
       1
       0
       0
       2
       1
       2
       0
       0
       1
       4
       2
       2
       1
       1
       0
       0
       1
       1
       2
       0
       1
       2
       1
       0
       0
       2
       1
       0
       1
       0
       1
       1
       2
       0
       2
       1
       1
       1
       0
       0
       0
       4
       1
       2
       0
       0
       0
       4
       0
       0
       0
       0
       0
       1
       1
       1
       2
       0
       1
       0
       2
       0
       1
       0
       3
       0
       2
       0
       1
       1
       2
       0
       0
       1
       1
       0
       0
       3
       1
       1
       1
       1
       1
       1
       0
       0
       1
       0
       2
       0
       2
       2
       1
       2
       2
       1
       8
       1
       2
       2
       2
       1
       2
       1
       1
       2
       0
       0
       2
       1
       4
       1
       1
       3
       2
       0
       1
       0
       1
       0
       1
       0
       0
       1
       2
       3
       0
       3
       3
       4
       2
       3
       6
       2
       2
       2
       0
       0
       0
       0
       1
       0
       0
       1
       0
       0
       2
       1
       0
       1
       1
       0
       0
       2
       0
       2
       0
       1
       0
       0
       1
       1
       1
       0
       0
       2
       2
       2
       1
       0
       0
       1
       0
       0
       1
       1
       1
       1
       0
       0
       0
       3
       1
       0
       0
       1
       0
       0
       0
       1
       0
       0
       2
       0
       1
       2
       0
       0
       2
       0
       0
       2
       1
       0
       0
       0
       1
       2
       0
       3
       0
       0
       1
       1
       0
       0
       1
       2
       1
       1
       0
       1
       0
       1
       0
       1
       1
       1
       2
       0
       0
       1
       0
       1
       0
       0
       0
       1
       1
       0
       1
       0
       0
       0
       0
       0
       0
       1
       0
       2
       1
       1
       0
       0
       0
       0
       0
       0
       0
       1
       0
       0
       2
       2
       0
       0
       1
       0
       3
       0
       0
       1
       0
       0
       0
       1
       1
       0
       1
       2
       0
       1
       1
       0
       2
       2
       0
       0
       1
       1
       2
       1
       1
       2
       1
       3
       2
       0
       0
       0
       0
       0
       1
       1
       1
       4
       0
       1
       3
       0
       2
       1
       0
       0
       2
       2
       0
       0
       0
       0
       0
       1
       1
       1
       1
       1
       0
       0
       1
       0
       0
       1
       0
       1
       1
       1
       0
       1
       1
       1
       1
       1
       1
       1
       2
       0
       1
       0
       0
       6
       0
       0
       0
       0
       0
       0
       1
       3
       0
       0
       0
       0
       0
       0
       0
       0
       1
       1
       0
       1
       2
       0
       0
       0
       0
       0
       0
       0
       1
       0
       0
       1
       1
       0
       0
       0
       0
       1
       0
       0
       0
       1
       0
       0
       1
       1
       0
       2
       2
       1
       1
       2
       1
       1
       1
       1
       3
       2
       0
       0
       0
       0
       1
       1
       0
       1
       0
       1
       1
       1
       1
       1
       2
       0
       0
       3
       0
       0
       0
       0
       0
       3
       0
       0
       0
       0
       2
       1
       2
       0
       0
       0
       1
       2
       1
       0
       0
       0
       0
       0
       0
       0
       0
       0
       1
       0
       3
       1
       0
       1
       1
       2
       1
       1
       0
       1
       1
       2
       0
       2
       1
       2
       0
       1
       2
       3
       0
       2
       1
       0
       0
       0
       1
       0
       0
       1
       0
       0
       1
       0
       0
       0
       1
       0
       0
       1
       0
       0
       1
       1
       1
       0
       0
       0
       0
       1
       0
       1
       1
       0
       1
       0
       0
       1
       1
       0
       0
       1
       1
       1
       1
       0
       0
       3
       0
       1
       0
       0
       0
       0
       2
       0
       1
       0
       0
       2
       1
       0
       0
       0
       1
       1
       2
       0
       1
       0
       1
       0
       0
       0
       2
       0
       0
       1
       0
       0
       1
       0
       0
       1
       1
       1
       3
       0
       0
       4
       1
       0
       2
       1
       0
       0
       0
       0
       0
       0
       1
       0
       0
       0
       0
       2
       1
       0
       2
       1
       2
       1
       0
       0
       0
       0
       0
       0
       0
       1
       1
       0
       1
       0
       3
       1
       0
       2
       0
       0
       0
       1
       0
       1
       1
       0
       1
       0
       0
       1
       1
       1
       0
       2
       0
       1
       1
       2
       1
       0
       0
       0
       0
       0
       1
       0
       0
       1
       2
       0
       1
       0
       0
       0
       0
       0
       0
       1
       1
       0
       0
       1
       0
       1
       0
       3
       0
       0
       0
       0
       1
       0
       0
       1
       0
       0
       0
       0
       0
       2
       0
       2
       1
       0
       1
       1
       0
       0
       0
       0
       0
       0
       0
       1
       1
       0
       1
       2
       0
       0
       1
       1
       0
       1
       0
       0
       0
       1
       0
       0
       0
       0
       1
       0
       1
       1
       0
       1
       0
       1
       0
       0
       1
       0
       0
       0
       1
       0
       0
       0
       1
       0
       1
       0
       0
       0
       1
       0
       0
       1
       1
       0
       0
       1
       4
       2
       0
       2
       4
       1
       0
       0
       1
       1
       0
       0
       0
       0
       0
       0
       1
       0
       0
       0
       1
       0
       0
       0
       0
       2
       1
       2
       1
       0
       1
       0
       2
       1
       0
       0
       1
       0
       0
       0
       1
       0
       0
       0
       0
       1
       0
       1
       1
       3
       0
       1
       0
       1
       0
       0
       0
       0
       1
       0
       0
       0
       0
       0
       0
       0
       0
       0
       0
       0
       1
       1
       0
       0
       0
       0
       1
       1
       1
       0
       0
       0
       1
       1
       2
       0
       1
       1
       0
       1
       0
       0
       0
       0
       1
       0
       0
       1
       0
       1
       0
       0
       1
       0
       1
       0
       0
       2
       0
       2
       0
       0
       0
       0
       1
       0
       0
       0
       1
       0
       0
       0
       0
       0
       1
       1
       0
       1
       1
       1
       0
       0
       1
       0
       0
       0
       1
       0
       0
       0
       0
       0
       2
       3
       0
       0
       0
       0
       0
       2
       1
       0
       1
       1
       1
       0
       2
       1
       0
       0
       0
       1
       0
       0
       0
       0
       0
       1
       1
       1
       1
       2
       0
       0
       0
       1
       0
       0
       0
       0
       0
       0
       0
       0
       0
       0
       1
       0
       2
       0
       0
       1
       0
       0
       1
       0
       1
       2
       1
       1
       0
       0
       0
       0
       0
       0
       1
       0
       1
       1
       0
       0
       0
       1
       0
       0
       0
       0
       1
       1
       1
       1
       1
       3
       1
       1
       0
       0
       0
       0
       0
       0
       0
       0
       0
       0
       0
       0
       0
       1
       0
       1
       0
       1
       0
       0
       0
       0
       0
       1
       0
       0
       0
       1
       1
       0
       1
       1
       1
       1
       2
       4
       0
       4
       2
       1
       1
       0
       2
       1
       0
       0
       1
       0
       0
       1
       2
       0
       0
       0
       0
       0
       0
       1
       0
       0
       0
       0
       1
       0
       0
       0
       0
       0
       1
       0
       1
       0
       1
       0
       1
       0
       1
       1
       1
       0
       0
       0
       0
       1
       1
       0
       0
       1
       0
       2
       0
       0
       0
       0
       0
       0
       1
       0
       0
       1
       0
       0
       0
       0
       0
       1
       0
       0
       2
       0
       0
       1
       1
       0
       0
       0
       1
       0
       0
       0
       0
       0
       1
       0
       0
       1
       1
       0
       0
       0
       1
       0
       1
       1
       0
       1
       0
       1
       1
       1
       0
       0
       0
       0
       0
       0
       1
       2
       0
       1
       0
       0
       0
       0
       0
       0
       0
       0
       0
       0
       1
       0
       0
       1
       0
       1
       1
       0
       0
       0
       0
       0
       0
       0
       1
       1
       1
       0
       0
       2
       0
       0
       0
       0
       0
       0
       0
       0
       0
       0
       0
       0
       0
       1
       0
       1
       1
       0
       0
       0
       0
       0
       1
       1
       0
       0
       1
       1
       1
       0
       0
       1
       1
       0
       0
       0
       0
       2
       0
       0
       0
       0
       0
       0
       1
       1
       0
       0
       0
       0
       0
       0
       1
       1
       0
       0
       0
       0
       0
       0
       0
       0
       0
       0
       0
       0
       1
       0
       0
       0
       0
       1
       0
       0
       0
       1
       2
       1
       0
       0
       0
       1
       1
       0
       0
       0
       0
       1
       0
       0
       0
       1
       0
       0
       0
       0
       0
       1
       1
       1
       0
       0
       0
       0
       0
       0
       0
       0
       1
       1
       1
       0
       0
       0
       0
       1
       1
       1
       0
       0
       0
       0
       0
       0
       1
       0
       0
       0
       0
       1
       0
       0
       0
       2
       0
       2
       0
       2
       0
       0
       0
       0
       0
       0
       0
       0
       0
       2
       0
       0
       0
       0
       0
       0
       0
       1
       0
       1
       1
       0
       0
       0
       0
       0
       0
       0
       1
       0
       0
       0
       1
       2
       0
       1
       0
       2
       0
       0
       0
       0
       0
       2
       2
       0
       0
       0
       0
       0
       2
       0
       0
       0
       0
       1
       2
       0
       0
       0
       0
       0
       0
       0
       1
       0
       1
       0
       0
       1
       0
       1
       1
       0
       0
       1
       1
       0
       0
       0
       0
       0
       0
       0
       0
       1
       0
       0
       2
       1
       0
       0
       0
       0
       0
       0
       0
       0
       0
       3
       0
       1
       1
       0
       0
       1
       0
       0
       1
       0
       0
       0
       2
       0
       0
       0
       1
       0
       0
       0
       0
       1
       0
       1
       1
       1
       0
       0
       0
       0
       0
       1
       1
       1
       0
       0
       0
       1
       0
       0
       1
       1
       0
       1
       0
       0
       0
       0
       1
       0
       0
       0
       1
       1
       0
       0
       0
       0
       2
       0
       1
       2
       0
       0
       0
       0
       0
       0
       0
       0
       0
       1
       1
       1
       0
       0
       0
       0
       0
       1
       0
       0
       0
       0
       0
       0
       0
       0
       1
       0
       1
       0
       0
       0
       0
       0
       1
       0
       0
       0
       0
       0
       1
       0
       1
       1
       0
       0
       0
       1
       0
       1
       0
       0
       0
       0
       0
       0
       0
       1
       0
       0
       2
       0
       0
       0
       0
       1
       0
       0
       0
       0
       0
       1
       0
       0
       1
       0
       0
       1
       1
       0
       0
       1
       0
       1
       0
       0
       0
       0
       0
       0
       0
       2
       0
       1
       0
       0
       0
       0
       0
       0
       0
       0
       0
       1
       0
       0
       0
       0
       0
       0
       0
       0
       1
       0
       1
       1
       0
       0
       0
       1
       0
       0
       0
       1
       0
       0
       0
       0
       0
       0
       0
       1
       0
       1
       0
       0
       0
       1
       0
       0
       2
       1
       1
       2
       1
       0
       1
       1
       2
       1
       1
       0
       0
       0
       0
       0
       1
       0
       0
       0
       1
       0
       1
       0
       0
       0
       1
       0
       0
       0
       0
       0
       1
       1
       0
       0
       0
       0
       1
       0
       0
       0
       1
       0
       0
       0
       0
       0
       0
       0
       1
       0
       0
       1
       0
       0
       0
       0
       0
       0
       1
       1
       0
       2
       0
       1
       0
       1
       0
       0
       0
       0
       2
       0
       0
       0
       0
       0
       0
       0
       1
       0
       0
       0
       0
       0
       0
       1
       0
       0
       1
       0
       0
       0
       0
       0
       0
       0
       0
       1
       0
       0
       0
       0
       0
       0
       0
       0
       0
       0
       0
       0
       0
       1
       0
       0
       0
       0
       2
       0
       0
       0
       0
       1
       0
       0
       1
       0
       1
       0
       1
       0
       1
       1
       0
       1
       0
       0
       0
       2
       0
       1
       0
       0
       0
       0
       0
       0
       0
       0
       1
       0
       0
       0
       0
       0
       0
       0
       0
       0
       1
       1
       0
       0
       0
       0
       0
       1
       0
       0
       3
       0
       0
       1
       0
       0
       0
       0
       0
       1
       0
       0
       1
       1
       0
       0
       0
       0
       0
       0
       0
       0
       0
       0
       0
       0
       1
       0
       0
       0
       0
       0
       0
       0
       0
       0
       0
       1
       0
       0
       1
       0
       0
       0
       0
       1
       0
       0
       0
       0
       1
       0
       1
       0
       0
       0
       1
       1
       1
       1
       0
       0
       0
       0
       1
       0
       1
       0
       0
       0
       1
       1
       0
       0
       0
       1
       1
       0
       1
       1
       0
       1
       1
       0
       0
       0
       1
       0
       1
       0
       0
       0
       0
       0
       0
       0
       0
       0
       1
       0
       0
       2
       0
       0
       0
       0
       0
       0
       0
       1
       0
       0
       0
       1
       0
       0
       1
       0
       0
       0
       0
       0
       0
       0
       1
       1
       1
       0
       0
       1
       1
       0
       0
       1
       0
       0
       1
       0
       1
       0
       0
       0
       1
       1
       1
       1
       0
       0
       0
       0
       0
       1
       0
       0
       0
       0
       0
       0
       0
       1
       0
       0
       0
       0
       0
       0
       0
       0
       0
       0
       0
       0
       0
       1
       0
       1
       0
       0
       0
       0
       0
       0
       0
       0
       0
       0
       0
       0
       0
       0
       0
       0
       0
       0
       0
       1
       1
       0
       0
       1
       0
       0
       0
       0
       1
       0
       0
       0
       1
       0
       0
       0
       0
       2
       0
       0
       0
       0
       0
       0
       0
       1
       1
       0
       0
       0
       0
       0
       0
       1
       0
       0
       0
       0
       1
       0
       0
       1
       0
       0
       0
       0
       0
       0
       0
       0
       0
       1
       0
       1
       1
       0
       1
       0
       1
       0
       1
       0
       0
       0
       0
       0
       0
       0
       0
       0
       0
       0
       0
       0
       1
       0
       0
       0
       0
       0
       0
       1
       0
       0
       0
       2
       0
       0
       1
       1
       0
       0
       0
       0
       0
       0
       0
       0
       0
       0
       0
       2
       0
       0
       0
       1
       2
       0
       0
       0
       0
       1
       0
       0
       0
       2
       0
       0
       0
       0
       1
       0
       0
       0
       0
       0
       0
       0
       0
       0
       1
       0
       1
       0
       1
       1
       1
       0
       2
       0
       0
       0
       0
       0
       0
       0
       0
       1
       1
       0
       0
       0
       0
       0
       2
       0
       0
       0
       0
       0
       0
       1
       1
       0
       0
       1
       1
       0
       0
       0
       1
       0
       0
       0
       0
       0
       0
       0
       0
       0
       0
       0
       0
       0
       0
       0
       0
       0
       0
       0
       0
       0
       0
       0
       0
       1
       1
       1
       0
       0
       2
       0
       0
       0
       0
       0
       0
       1
       0
       0
       0
       1
       1
       0
       0
       0
       0
       0
       1
       0
       0
       0
       0
       0
       0
       0
       0
       2
       0
       0
       1
       0
       0
       0
       0
       0
       0
       0
       0
       0
       0
       0
       0
       0
       0
       0
       0
       0
       1
       0
       0
       0
       0
       0
       1
       0
       2
       1
       0
       0
       0
       0
       1
       0
       0
       1
       1
       0
       1
       1
       0
       1
       1
       0
       0
       0
       0
       0
       0
       0
       0
       0
       1
       0
       0
       0
       0
       2
       0
       1
       0
       0
       0
       0
       0
       0
       0
       2
       0
       2
       1
       0
       0
       1
       2
       0
       0
       1
       0
       0
       0
       0
       0
       0
       0
       1
       0
       0
       0
       0
       0
       0
       0
       0
       0
       0
       0
       0
       1
       0
       0
       1
       0
       0
       0
       0
       0
       0
       1
       0
       1
       0
       0
       1
       0
       0
       0
       0
       0
       0
       0
       0
       0
       0
       0
       1
       1
       0
       0
       0
       0
       0
       0
       0
       0
       1
       0
       0
       0
       1
       0
       0
       0
       0
       0
       0
       0
       0
       1
       0
       0
       0
       0
       0
       0
       0
       0
       0
       0
       0
       0
       0
       0
       0
       0
       1
       0
       1
       0
       0
       0
       0
       1
       0
       0
       0
       0
       0
       0
       0
       0
       1
       1
       1
       0
       0
       0
       0
       0
       0
       0
       0
       1
       0
       0
       0
       0
       0
       0
       0
       0
       1
       0
       0
       0
       0
       0
       0
       0
       0
       0
       1
       1
       0
       0
       0
       0
       0
       1
       0
       0
       0
       0
       0
       0
       0
       0
       1
       0
       1
       0
       0
       0
       0
       1
       1
       0
       0
       0
       1
       1
       0
       0
       0
       0
       0
       0
       0
       0
       0
       0
       0
       0
       0
       0
       0
       0
       0
       0
       2
       0
       0
       0
       0
       0
       0
       1
       0
       0
       0
       0
       0
       0
       0
       0
       0
       0
       0
       0
       0
       0
       0
       0
       0
       0
       0
       0
       0
       1
       0
       0
       1
       0
       0
       0
       0
       1
       0
       0
       0
       0
       0
       0
       0
       0
       0
       0
       0
       1
       0
       0
       0
       0
       0
       0
       1
       0
       0
       0
       1
       0
       0
       0
       0
       0
       0
       0
       0
       0
       0
       0
       0
       1
       0
       0
       0
       1
       0
       0
       0
       1
       1
       0
       0
       0
       0
       0
       0
       0
       0
       0
       0
       0
       0
       0
       0
       0
       1
       0
       0
       0
       1
       0
       0
       0
       1
       0
       0
       0
       0
       1
       0
       0
       0
       0
       0
       0
       0
       0
       0
       0
       0
       0
       0
       0
       1
       0
       0
       0
       0
       1
       0
       0
       0
       1
       0
       0
       0
       1
       0
       1
       0
       0
       0
       0
       0
       0
       0
       0
       0
       0
       0
       0
       0
       0
       0
       0
       0
       0
       0
       0
       0
       0
       0
       0
       0
       1
       1
       0
       0
       0
       0
       0
       0
       0
       0
       0
       0
       0
       0
       0
       0
       1
       0
       0
       0
       0
       0
       0
       1
       0
       0
       0
       0
       0
       0
       1
       0
       0
       0
       0
       0
       0
       0
       0
       0
       0
       1
       0
       1
       0
       0
       0
       0
       1
       0
       0
       0
       0
       0
       0
       0
       0
       0
       0
       0
       0
       0
       0
       0
       0
       0
       0
       0
       0
       0
       0
       0
       0
       0
       0
       0
       0
       0
       0
       0
       0
       0
       0
       0
       0
       0
       0
       0
       0
       0
       0
       0
       2
       0
       0
       0
       0
       0
       0
       0
       0
       0
       0
       0
       0
       0
       0
       0
       0
       0
       0
       0
       0
       0
       0
       0
       0
       0
       0
       0
       0
       0
       0
       0
       0
       0
       0
       0
       0
       0
       0
       0
       0
       0
       0
       0
       0
       0
       0
       0
       0
       0
       0
       0
       0
       0
       0
       0
       0
       0
       0
       0
       0
       0
       1
       0
       0
       0
       0
       0
       0
       0
       0
       0
       0
       0
       0
       0
       0
       0
       0
       0
       0
       1
       0
       0
       0
       0
       0
       0
       0
       0
       0
       0
       0
       0
       0
       0
       0
       0
       0
       0
       0
       0
       0
       0
       0
       0
       0
       0
       0
       0
       0
       0
       0
       0
       0
       0
       0
       0
       0
       0
       0
       0
       0
       0
       1
       0
       0
       0
       0
       0
       0
       0
       0
       0
       0
       0
       0
       0
       0
       0
       0
       0
       0
       0
       0
       0
       0
       0
       0
       0
       0
       0
       0
       0
       1
       0
       2
       4
      10
       2
       4
       4
       3
       3
       0
       3
       2
       0
       0
       0
       0
       0
       1
       0
       0
       0
       0
       0
       0
       0
       0
       0
       0
       0
       0
       0
       0
       0
       0
       0
       0
       0
       0
       0
       0
       0
       0
       0
       0
       0
       0
       0
       0
       0
       0
       0
       0
       0
       0
       0
       0
       0
       0
       0
       0
       0
       0
       0
       0
       0
       0
       0
       0
       0
       1
       0
       0
       0
       0
       0
       0
       0
       0
       0
       0
       0
       0
       0
       0
       0
       0
       0
       0
       0
       0
       0
       0
       0
       0
       0
       0
       0
       0
       0
       0
       0
       0
       0
       0
       1
       0
       0
       1
       0
       0
       0
       2
       0
       0
       0
       0
       0
       0
       0
       0
       0
       0
       0
       0
       1
       1
       0
       0
       1
       0
       0
       0
       1
       0
       0
       1
       0
       0
       0
       0
       0
       0
       0
       0
       0
       0
       0
       0
       0
       0
       0
       0
       0
       0
       0
       0
       0
       0
       0
       0
       1
       1
       0
       0
       0
       0
       0
       0
       0
       0
       0
       0
       0
       0
       0
       0
       0
       0
       0
       0
       0
       0
       0
       0
       0
       0
       0
       0
       0
       0
       0
       0
       0
       0
       0
       0
       0
       0
       0
       0
       0
       0
       0
       0
       0
       0
       0
       0
       0
       0
       0
       0
       0
       0
       0
       0
       0
       0
       0
       0
       0
       0
       0
       0
       0
       0
       0
       0
       0
       0
       0
       0
       0
       0
       0
       0
       0
       0
       0
       0
       0
       0
       0
       0
       0
       0
       0
       0
       0
       0
       0
       0
       0
       0
       0
       0
       0
       0
       0
       0
       0
       0
       0
       0
       0
       0
       0
       0
       0
       0
       0
       0
       0
       0
       0
       0
       0
       0
       0
       0
       0
       0
       0
       0
       0
       0
       0
       0
       0
       0
       0
       0
       0
       0
       0
       0
       0
       0
       0
       0
       0
       0
       0
       0
       0
       0
       0
       0
       1
       0
       0
       0
       0
       0
       0
       2
       1
       0
       0
       0
       1
       0
       0
       0
       0
       0
       0
       0
       0
       0
       0
       0
       0
       0
       0
       0
       0
       0
       0
       0
       0
       0
       0
       0
       1
       0
       0
       0
       0
       0
       1
       1
       0
       0
       0
       0
       0
       0
       0
       0
       0
       0
       0
       0
       0
       0
       0
       0
       0
       0
       0
       0
       0
       0
       0
       0
       0
       0
       0
       0
       1
       0
       0
       0
       0
       0
       0
       0
       0
       0
       0
       0
       0
       0
       0
       0
       0
       0
       0
       0
       0
       0
       0
       0
       0
       0
       0
       0
       0
       0
       0
       0
       0
       0
       0
       0
       0
       0
       0
       0
       0
       0
       0
       0
       0
       0
       0
       0
       0
       0
       0
       0
       0
       0
       0
       0
       0
       0
       0
       0
       0
       0
       0
       0
       0
       0
       0
       1
       0
       0
       0
       0
       0
       0
       0
       0
       0
       0
       0
       0
       0
       0
       0
       0
       0
       0
       0
       0
       0
       0
       0
       0
       0
       0
       0
       0
       0
       0
       0
       0
       0
       0
       0
       0
       0
       0
       0
       0
       0
       0
       0
       0
       0
       0
       0
       0
       0
       0
       0
       0
       0
       0
       0
       0
       0
       0
       0
       0
       0
       0
       0
       0
       0
       0
       0
       0
       0
       0
       0
       0
       0
       0
       0
       0
       0
       0
       0
       0
       0
       0
       0
       0
       0
       0
       0
       0
       0
       0
       0
       0
       0
       0
       0
       0
       0
       0
       0
       0
       0
       0
       0
       0
       0
       0
       0
       0
       0
       0
       0
       0
       0
       0
       0
       0
       0
       0
       0
       0
       0
       0
       0
       0
       0
       0
       0
       0
       0
       0
       0
       0
       0
       0
       0
       0
       0
       0
       0
       0
       0
       0
       0
       0
       0
       0
       0
       0
       0
       0
       0
       0
       0
       0
       0
       0
       0
       0
       0
       0
       0
       0
       0
       0
       0
       0
       0
       0
       0
       0
       0
       0
       0
       0
       0
       0
       0
       0
       0
       0
       0
       0
       0
       1
       0
       0
       1
       0
       0
       0
       0
       0
       0
       0
       0
       0
       0
       0
       0
       0
       0
       0
       0
       0
       0
       0
       0
       0
       0
       0
       1
       0
       0
       0
       0
       0
       0
       0
       0
       0
       0
       0
       0
       0
       0
       0
       0
       0
       0
       0
       0
       0
       0
       0
       0
       0
       0
       0
       0
       0
       0
       0
       0
       0
       0
       0
       0
       0
       0
       1
       0
       0
       0
       0
       0
       0
       0
       0
       0
       0
       0
       0
       0
       0
       0
       0
       0
       0
       0
       0
       1
       0
       0
       0
       0
       0
       0
       0
       0
       0
       0
       0
       0
       0
       0
       0
       0
       0
       0
       0
       0
       0
       0
       0
       0
       0
       0
       0
       0
       0
       0
       0
       0
       0
       0
       0
       0
       0
       0
       0
       0
       0
       0
       0
       0
       0
       0
       0
       0
       0
       0
       0
       0
       0
       0
       0
       0
       0
       0
       0
       0
       0
       0
       0
       0
       0
       0
       0
       0
       0
       0
       0
       0
       0
       0
       0
       1
       0
       0
       0
       0
       0
       0
       0
       0
       0
       0
       0
       0
       0
       0
       0
       0
       0
       0
       1
       0
       0
       0
       0
       0
       0
       0
       0
       0
       0
       0
       0
       0
       0
       0
       0
       0
       0
       0
       0
       0
       0
       0
       0
       0
       0
       0
       0
       0
       0
       0
       0
       0
       0
       0
       0
       0
       0
       0
       0
       0
       0
       0
       0
       0
       0
       0
       0
       0
       0
       0
       0
       0
       0
       0
       0
       0
       0
       0
       0
       0
       0
       0
       0
       0
       0
       0
       0
       0
       0
       0
       0
       0
       0
       0
       0
       0
       0
       0
       0
       0
       0
       0
       0
       0
       0
       0
       0
       0
       0
       0
       0
       0
       0
       0
       0
       0
       0
       0
       0
       0
       0
       0
       0
       0
       0
       0
       0
       0
       0
       0
       0
       0
       0
       0
       0
       0
       0
       0
       0
       0
       0
       0
       0
       0
       0
       0
       0
       0
       0
       0
       0
       0
       0
       0
       0
       0
       0
       0
       0
       0
       0
       0
       0
       0
       0
       0
       0
       0
       0
       0
       0
       0
       0
       0
       0
       0
       0
       0
       0
       0
       0
       0
       0
       0
       0
       0
       0
       0
       0
       0
       0
       0
       0
       0
       0
       0
       0
       0
       0
       0
       0
       0
       0
       0
       0
       0
       1
       0
       0
       0
       0
       0
       0
       0
       0
       0
       0
       0
       0
       0
       0
       0
       0
       0
       0
       0
       0
       0
       0
       0
       0
       0
       0
       0
       0
       0
       0
       0
       0
       0
       0
       0
       0
       0
       0
       0
       0
       0
       0
       0
       0
       0
       0
       0
       0
       0
       0
       0
       0
       0
       0
       0
       0
       0
       0
       0
       0
       0
       0
       0
       0
       0
       0
       0
       0
       0
       0
       0
       0
       0
       0
       0
       0
       0
       0
       0
       0
       0
       0
       0
       0
       0
       0
       0
       0
       0
       0
       0
       0
       0
       0
       0
       0
       0
       0
       0
       0
       0
       0
       0
       0
       0
       0
       0
       0
       0
       0
       0
       0
       0
       0
       0
       0
       0
       0
       0
       0
       0
       0
       0
       0
       0
       0
       0
       0
       0
       0
       0
       0
       0
       0
       0
       0
       0
       0
       0
       0
       0
       0
       0
       0
       0
       0
       0
       0
       0
       0
       0
       0
       0
       0
       0
       0
       0
       0
       0
       0
       0
       0
       0
       0
       0
       0
       0
       0
       0
       0
       0
       0
       0
       0
       1
       0
       0
       0
       0
       0
       0
       0
       0
       0
       0
       0
       0
       0
       0
       0
       0
       0
       0
       0
       0
       0
       0
       0
       0
       0
       0
       0
       0
       0
       0
       1
       0
       0
       0
       0
       0
       0
       0
       0
       0
       0
       0
       0
       0
       0
       0
       0
       0
       0
       0
       0
       0
       0
       0
       0
       0
       0
       0
       0
       0
       0
       0
       0
       0
       0
       0
       0
       0
       0
       0
       0
       0
       0
       0
       0
       0
       0
       0
       0
       0
       0
       0
       0
       0
       0
       0
       0
       0
       1
       0
       0
       0
       0
       0
       0
       0
       0
       0
       0
       0
       0
       0
       0
       0
       0
       0
       0
       0
       1
       1
       0
       0
       0
       0
       0
       0
       0
       0
       0
       0
       0
       0
       0
       0
       0
       0
       1
       0
       0
       1
       0
       0
       0
       0
       0
       0
       0
       0
       0
       0
       0
       0
       0
       0
       0
       0
       0
       0
       0
       0
       0
       0
       0
       0
       0
       0
       0
       0
       0
       0
       0
       0
       0
       0
       0
       0
       0
       0
       0
       0
       0
       0
       0
       0
       0
       0
       0
       0
       0
       0
       0
       0
       0
       0
       0
       0
       0
       0
       0
       0
       0
       0
       0
       0
       0
       0
       0
       0
       0
       0
       0
       0
       0
       0
       0
       0
       0
       0
       0
       0
       0
       0
       0
       1
       0
       0
       0
       0
       0
       0
       0
       0
       0
       0
       0
       0
       0
       0
       0
       0
       0
       0
       0
       0
       0
       0
       0
       0
       0
       0
       0
       0
       0
       0
       0
       0
       0
       0
       0
       0
       0
       0
       0
       0
       0
       0
       0
       0
       0
       0
       0
       0
       0
       0
       0
       0
       0
       0
       0
       0
       0
       0
       0
       0
       0
       0
       0
       0
       0
       0
       0
       0
       0
       0
       0
       0
       0
       0
       0
       0
       0
       0
       0
       0
       0
       0
       0
       0
       0
       0
       0
       0
       0
       0
       0
       0
       0
       0
       0
       0
       0
       0
       0
       0
       0
       0
       0
       0
       0
       0
       0
       0
       0
       0
       0
       0
       0
       0
       0
       0
       0
       0
       0
       0
       0
       0
       0
       0
       0
       0
       0
       0
       0
       0
       0
       0
       0
       0
       0
       0
       0
       0
       0
       0
       0
       0
       0
       0
       0
       0
       0
       0
       1
       0
       0
       0
       0
       0
       0
       0
       0
       0
       0
       0
       0
       0
       0
       0
       0
       0
       0
       0
       0
       0
       0
       0
       0
       0
       0
       0
       0
       0
       0
       0
       0
       0
       0
       0
       0
       0
       0
       0
       0
       0
       0
       0
       0
       0
       0
       0
       0
       0
       0
       0
       0
       0
       0
       0
       0
       0
       0
       0
       0
       0
       0
       0
       0
       0
       0
       0
       0
       0
       0
       0
       0
       0
       0
       0
       0
       0
       0
       0
       0
       0
       0
       0
       0
       0
       0
       0
       0
       0
       0
       0
       0
       0
       0
       0
       0
       0
       0
       0
       0
       0
       0
       0
       0
       0
       0
       0
       0
       0
       0
       0
       0
       0
       0
       0
       0
       0
       0
       0
       0
       0
       0
       0
       0
       0
       0
       0
       0
       0
       0
       0
       0
       0
       0
       0
       0
       0
       0
       0
       0
       0
       0
       0
$ROI:
0
$PRESETS:
Real Time
300
0
$ENER_FIT:
8.931054 0.240803
$MCA_CAL:
3
8.931054E+000 2.408025E-001 6.157388E-008 keV
$SHAPE_CAL:
3
9.658150E+000 -1.618950E-003 2.758845E-007
