# Target Z    :  74
# Target A    :   0
# Target state:  
# Projectile  : p
# Reaction    : (p,xn)
# E-inc       :  113.000 MeV
# Quantity    : Double-differential cross section
# Frame       : L
# MF          :    6
# MT          :  201
# X4 ID       : C0171007 
# X4 code     : 74-W-0(P,X)0-NN-1,,DA/DE
# Author      : Meier                    
# Year        : 1989
# Data points :    295
# E-out(MeV) xs(mb/MeV.sr) dxs(mb/MeV.sr) dE(MeV)      Evaluation  C/E(F)      Chi-2     Delta(mb)
  6.75000E-01  3.16800E-04  4.78300E-06  5.00000E-01  7.49994E+00
  7.25000E-01  3.40100E-04  4.97500E-06  5.00000E-01  7.49994E+00
  7.75000E-01  3.54100E-04  5.10500E-06  5.00000E-01  7.49994E+00
  8.25000E-01  3.74700E-04  4.17300E-06  5.00000E-01  7.49994E+00
  8.75000E-01  3.79100E-04  5.30900E-06  5.00000E-01  7.49994E+00
  9.25000E-01  4.37100E-04  5.04200E-06  5.00000E-01  7.49994E+00
  9.75000E-01  3.91400E-04  5.37900E-06  5.00000E-01  7.49994E+00
  1.07500E+00  3.28600E-04  4.16000E-06  1.00000E-01  7.49994E+00
  1.15000E+00  3.27600E-04  4.04800E-06  1.00000E-01  7.49994E+00
  1.25000E+00  3.24400E-04  3.99700E-06  1.00000E-01  7.49994E+00
  1.35000E+00  2.76400E-04  3.52800E-06  1.00000E-01  7.49994E+00
  1.45000E+00  2.68900E-04  3.40600E-06  1.00000E-01  7.49994E+00
  1.55000E+00  2.66400E-04  3.38000E-06  1.00000E-01  7.49994E+00
  1.65000E+00  2.54800E-04  3.25600E-06  1.00000E-01  7.49994E+00
  1.75000E+00  2.30700E-04  3.22900E-06  1.00000E-01  7.49994E+00
  1.85000E+00  2.31800E-04  2.40500E-06  1.00000E-01  7.49994E+00
  1.95000E+00  2.32000E-04  3.04700E-06  1.00000E-01  7.49994E+00
  2.10000E+00  2.03000E-04  1.88000E-06  2.00000E-01  7.49994E+00
  2.30000E+00  2.24200E-04  2.66300E-06  2.00000E-01  7.49994E+00
  2.50000E+00  2.28100E-04  2.75800E-06  2.00000E-01  7.49994E+00
  2.70000E+00  1.89100E-04  2.32900E-06  2.00000E-01  7.49994E+00
  2.90000E+00  1.79100E-04  1.64500E-06  2.00000E-01  7.49994E+00
  3.10000E+00  1.52500E-04  1.99500E-06  2.00000E-01  7.49994E+00
  3.30000E+00  1.24300E-04  1.64200E-06  2.00000E-01  7.49994E+00
  3.50000E+00  1.05100E-04  1.35100E-06  2.00000E-01  7.49994E+00
  3.70000E+00  9.59700E-05  1.38500E-06  2.00000E-01  7.49994E+00
  3.90000E+00  8.06700E-05  1.20400E-06  2.00000E-01  7.49994E+00
  4.10000E+00  7.88800E-05  1.20900E-06  2.00000E-01  7.49994E+00
  4.30000E+00  7.29100E-05  1.18800E-06  2.00000E-01  7.49994E+00
  4.50000E+00  6.61900E-05  1.06800E-06  2.00000E-01  7.49994E+00
  4.70000E+00  6.50600E-05  1.00600E-06  2.00000E-01  7.49994E+00
  4.90000E+00  6.01600E-05  1.00400E-06  2.00000E-01  7.49994E+00
  5.25000E+00  4.66400E-05  6.44300E-07  5.00000E-01  7.49994E+00
  5.75000E+00  4.17700E-05  6.12600E-07  5.00000E-01  7.49994E+00
  6.25000E+00  2.61900E-05  3.19400E-07  5.00000E-01  7.49994E+00
  6.75000E+00  2.58900E-05  4.28500E-07  5.00000E-01  7.49994E+00
  7.25000E+00  2.10300E-05  3.80400E-07  5.00000E-01  7.49994E+00
  7.75000E+00  1.86200E-05  3.94400E-07  5.00000E-01  7.49994E+00
  8.25000E+00  1.54800E-05  2.93700E-07  5.00000E-01  7.49994E+00
  8.75000E+00  1.33700E-05  2.63000E-07  5.00000E-01  7.49994E+00
  9.25000E+00  1.30400E-05  2.55400E-07  5.00000E-01  7.49994E+00
  9.75000E+00  1.19600E-05  2.52800E-07  5.00000E-01  7.49994E+00
  1.07500E+01  1.02200E-05  1.63900E-07  1.00000E+00  7.49994E+00
  1.15000E+01  8.99600E-06  1.56800E-07  1.00000E+00  7.49994E+00
  1.25000E+01  8.11700E-06  1.50500E-07  1.00000E+00  7.49994E+00
  1.35000E+01  7.56900E-06  1.47800E-07  1.00000E+00  7.49994E+00
  1.45000E+01  7.51300E-06  1.48900E-07  1.00000E+00  7.49994E+00
  1.55000E+01  7.09700E-06  1.47300E-07  1.00000E+00  7.49994E+00
  1.65000E+01  7.10000E-06  1.48200E-07  1.00000E+00  7.49994E+00
  1.75000E+01  6.81400E-06  1.48500E-07  1.00000E+00  7.49994E+00
  1.85000E+01  6.90300E-06  1.51700E-07  1.00000E+00  7.49994E+00
  1.95000E+01  6.84500E-06  1.53100E-07  1.00000E+00  7.49994E+00
  2.10000E+01  6.09300E-06  1.01200E-07  2.00000E+00  7.49994E+00
  2.30000E+01  5.90000E-06  1.02400E-07  2.00000E+00  7.49994E+00
  2.50000E+01  5.77000E-06  1.02200E-07  2.00000E+00  7.49994E+00
  2.70000E+01  5.57900E-06  1.03000E-07  2.00000E+00  7.49994E+00
  2.90000E+01  5.55100E-06  1.06000E-07  2.00000E+00  7.49994E+00
  3.10000E+01  5.85800E-06  1.10800E-07  2.00000E+00  7.49994E+00
  3.30000E+01  5.64800E-06  1.11800E-07  2.00000E+00  7.49994E+00
  3.50000E+01  5.93200E-06  1.59300E-07  2.00000E+00  7.49994E+00
  3.70000E+01  6.00600E-06  1.61200E-07  2.00000E+00  7.49994E+00
  3.90000E+01  5.84000E-06  1.60200E-07  2.00000E+00  7.49994E+00
  4.10000E+01  6.18900E-06  1.65000E-07  2.00000E+00  7.49994E+00
  4.30000E+01  6.09000E-06  1.65000E-07  2.00000E+00  7.49994E+00
  4.50000E+01  6.23500E-06  1.68400E-07  2.00000E+00  7.49994E+00
  4.70000E+01  6.21700E-06  1.68700E-07  2.00000E+00  7.49994E+00
  4.90000E+01  5.95300E-06  1.66700E-07  2.00000E+00  7.49994E+00
  5.25000E+01  6.00300E-06  1.06800E-07  5.00000E+00  7.49994E+00
  5.75000E+01  5.93500E-06  1.06800E-07  5.00000E+00  7.49994E+00
  6.25000E+01  6.17800E-06  1.10000E-07  5.00000E+00  7.49994E+00
  6.75000E+01  6.35700E-06  1.13000E-07  5.00000E+00  7.49994E+00
  7.25000E+01  6.89100E-06  1.19500E-07  5.00000E+00  7.49994E+00
  7.75000E+01  7.64200E-06  1.28900E-07  5.00000E+00  7.49994E+00
  8.25000E+01  7.82700E-06  1.34600E-07  5.00000E+00  7.49994E+00
  8.75000E+01  6.54800E-06  1.27400E-07  5.00000E+00  7.49994E+00
  9.25000E+01  5.15500E-06  1.07300E-07  5.00000E+00  7.49994E+00
  9.75000E+01  2.32100E-06  8.17600E-08  5.00000E+00  7.49994E+00
  1.07500E+02  7.81000E-07  3.01200E-08  1.00000E+01  7.49994E+00
  1.15000E+02  9.89200E-09  3.89000E-09  1.00000E+01  7.49994E+00
  6.25000E-01  3.16800E-04  4.16000E-06  5.00000E-01  3.00000E+01
  6.75000E-01  3.05900E-04  4.00000E-06  5.00000E-01  3.00000E+01
  7.25000E-01  3.31100E-04  3.86800E-06  5.00000E-01  3.00000E+01
  7.75000E-01  3.33000E-04  4.23900E-06  5.00000E-01  3.00000E+01
  8.25000E-01  3.49400E-04  4.02200E-06  5.00000E-01  3.00000E+01
  8.75000E-01  3.56800E-04  3.47700E-06  5.00000E-01  3.00000E+01
  9.25000E-01  3.87200E-04  4.00800E-06  5.00000E-01  3.00000E+01
  9.75000E-01  3.48200E-04  4.43000E-06  5.00000E-01  3.00000E+01
  1.07500E+00  3.27600E-04  2.41000E-06  1.00000E-01  3.00000E+01
  1.15000E+00  3.14700E-04  3.59800E-06  1.00000E-01  3.00000E+01
  1.25000E+00  3.21200E-04  2.95800E-06  1.00000E-01  3.00000E+01
  1.35000E+00  2.78200E-04  3.23300E-06  1.00000E-01  3.00000E+01
  1.45000E+00  2.74000E-04  3.17500E-06  1.00000E-01  3.00000E+01
  1.55000E+00  2.66500E-04  2.25100E-06  1.00000E-01  3.00000E+01
  1.65000E+00  2.63400E-04  3.86500E-06  1.00000E-01  3.00000E+01
  1.75000E+00  2.34000E-04  2.77100E-06  1.00000E-01  3.00000E+01
  1.85000E+00  2.42100E-04  2.27600E-06  1.00000E-01  3.00000E+01
  1.95000E+00  2.39000E-04  3.65800E-06  1.00000E-01  3.00000E+01
  2.10000E+00  2.10700E-04  1.44400E-06  2.00000E-01  3.00000E+01
  2.30000E+00  2.10400E-04  2.35200E-06  2.00000E-01  3.00000E+01
  2.50000E+00  2.03800E-04  2.30500E-06  2.00000E-01  3.00000E+01
  2.70000E+00  1.81000E-04  1.70500E-06  2.00000E-01  3.00000E+01
  2.90000E+00  1.61100E-04  1.88300E-06  2.00000E-01  3.00000E+01
  3.10000E+00  1.47500E-04  1.46400E-06  2.00000E-01  3.00000E+01
  3.30000E+00  1.20400E-04  1.46600E-06  2.00000E-01  3.00000E+01
  3.50000E+00  1.03600E-04  1.29300E-06  2.00000E-01  3.00000E+01
  3.70000E+00  9.61200E-05  1.22200E-06  2.00000E-01  3.00000E+01
  3.90000E+00  8.43900E-05  1.09500E-06  2.00000E-01  3.00000E+01
  4.10000E+00  7.88000E-05  1.04900E-06  2.00000E-01  3.00000E+01
  4.30000E+00  7.38700E-05  1.00700E-06  2.00000E-01  3.00000E+01
  4.50000E+00  6.66400E-05  9.25100E-07  2.00000E-01  3.00000E+01
  4.70000E+00  6.37200E-05  8.97100E-07  2.00000E-01  3.00000E+01
  4.90000E+00  5.79600E-05  8.36800E-07  2.00000E-01  3.00000E+01
  5.25000E+00  4.70300E-05  5.83400E-07  5.00000E-01  3.00000E+01
  5.75000E+00  3.93900E-05  4.79600E-07  5.00000E-01  3.00000E+01
  6.25000E+00  3.11800E-05  2.97000E-07  5.00000E-01  3.00000E+01
  6.75000E+00  2.56000E-05  2.66100E-07  5.00000E-01  3.00000E+01
  7.25000E+00  2.17300E-05  2.48400E-07  5.00000E-01  3.00000E+01
  7.75000E+00  1.89400E-05  2.31700E-07  5.00000E-01  3.00000E+01
  8.25000E+00  1.61500E-05  2.14200E-07  5.00000E-01  3.00000E+01
  8.75000E+00  1.40000E-05  1.99600E-07  5.00000E-01  3.00000E+01
  9.25000E+00  1.32100E-05  1.92800E-07  5.00000E-01  3.00000E+01
  9.75000E+00  1.16900E-05  1.85900E-07  5.00000E-01  3.00000E+01
  1.07500E+01  1.02000E-05  1.22200E-07  1.00000E+00  3.00000E+01
  1.15000E+01  9.05100E-06  1.16800E-07  1.00000E+00  3.00000E+01
  1.25000E+01  8.17400E-06  1.11400E-07  1.00000E+00  3.00000E+01
  1.35000E+01  7.47900E-06  1.08400E-07  1.00000E+00  3.00000E+01
  1.45000E+01  7.06200E-06  1.06700E-07  1.00000E+00  3.00000E+01
  1.55000E+01  6.99800E-06  1.07400E-07  1.00000E+00  3.00000E+01
  1.65000E+01  6.62400E-06  1.05500E-07  1.00000E+00  3.00000E+01
  1.75000E+01  6.29600E-06  1.04200E-07  1.00000E+00  3.00000E+01
  1.85000E+01  6.42400E-06  1.06500E-07  1.00000E+00  3.00000E+01
  1.95000E+01  5.95700E-06  1.03800E-07  1.00000E+00  3.00000E+01
  2.10000E+01  5.57000E-06  7.13700E-08  2.00000E+00  3.00000E+01
  2.30000E+01  5.37600E-06  7.10900E-08  2.00000E+00  3.00000E+01
  2.50000E+01  5.11200E-06  7.10300E-08  2.00000E+00  3.00000E+01
  2.70000E+01  4.95400E-06  7.09900E-08  2.00000E+00  3.00000E+01
  2.90000E+01  4.88200E-06  7.22100E-08  2.00000E+00  3.00000E+01
  3.10000E+01  4.77100E-06  7.26700E-08  2.00000E+00  3.00000E+01
  3.30000E+01  4.55100E-06  7.24400E-08  2.00000E+00  3.00000E+01
  3.50000E+01  4.51100E-06  1.00900E-07  2.00000E+00  3.00000E+01
  3.70000E+01  4.59500E-06  1.01900E-07  2.00000E+00  3.00000E+01
  3.90000E+01  4.51400E-06  1.01000E-07  2.00000E+00  3.00000E+01
  4.10000E+01  4.32800E-06  9.92000E-08  2.00000E+00  3.00000E+01
  4.30000E+01  4.16100E-06  9.77300E-08  2.00000E+00  3.00000E+01
  4.50000E+01  4.10500E-06  9.76500E-08  2.00000E+00  3.00000E+01
  4.70000E+01  4.04800E-06  9.76100E-08  2.00000E+00  3.00000E+01
  4.90000E+01  3.98200E-06  9.76600E-08  2.00000E+00  3.00000E+01
  5.25000E+01  3.95100E-06  6.28400E-08  5.00000E+00  3.00000E+01
  5.75000E+01  3.85500E-06  6.30600E-08  5.00000E+00  3.00000E+01
  6.25000E+01  3.72800E-06  6.37000E-08  5.00000E+00  3.00000E+01
  6.75000E+01  3.46900E-06  6.27200E-08  5.00000E+00  3.00000E+01
  7.25000E+01  3.15300E-06  6.09300E-08  5.00000E+00  3.00000E+01
  7.75000E+01  2.65100E-06  5.66900E-08  5.00000E+00  3.00000E+01
  8.25000E+01  2.31200E-06  5.37200E-08  5.00000E+00  3.00000E+01
  8.75000E+01  1.78000E-06  4.80200E-08  5.00000E+00  3.00000E+01
  9.25000E+01  1.25400E-06  4.01200E-08  5.00000E+00  3.00000E+01
  9.75000E+01  8.34500E-07  3.21900E-08  5.00000E+00  3.00000E+01
  5.75000E-01  2.96400E-04  5.64200E-06  5.00000E-01  6.00001E+01
  6.25000E-01  3.33800E-04  6.27300E-06  5.00000E-01  6.00001E+01
  6.75000E-01  2.97700E-04  4.97000E-06  5.00000E-01  6.00001E+01
  7.25000E-01  3.31900E-04  5.89100E-06  5.00000E-01  6.00001E+01
  7.75000E-01  3.57400E-04  6.05400E-06  5.00000E-01  6.00001E+01
  8.25000E-01  3.69300E-04  6.06600E-06  5.00000E-01  6.00001E+01
  8.75000E-01  3.71700E-04  6.05200E-06  5.00000E-01  6.00001E+01
  9.25000E-01  4.44500E-04  7.13100E-06  5.00000E-01  6.00001E+01
  9.75000E-01  3.79500E-04  5.36700E-06  5.00000E-01  6.00001E+01
  1.07500E+00  3.24200E-04  3.40100E-06  1.00000E-01  6.00001E+01
  1.15000E+00  3.25800E-04  3.09300E-06  1.00000E-01  6.00001E+01
  1.25000E+00  3.16500E-04  4.30200E-06  1.00000E-01  6.00001E+01
  1.35000E+00  2.63900E-04  2.75600E-06  1.00000E-01  6.00001E+01
  1.45000E+00  2.67500E-04  3.73100E-06  1.00000E-01  6.00001E+01
  1.55000E+00  2.49500E-04  3.54000E-06  1.00000E-01  6.00001E+01
  1.65000E+00  2.40800E-04  3.43600E-06  1.00000E-01  6.00001E+01
  1.75000E+00  2.21300E-04  2.36800E-06  1.00000E-01  6.00001E+01
  1.85000E+00  2.23900E-04  3.26100E-06  1.00000E-01  6.00001E+01
  1.95000E+00  2.32000E-04  2.47700E-06  1.00000E-01  6.00001E+01
  2.10000E+00  1.95500E-04  2.45700E-06  2.00000E-01  6.00001E+01
  2.30000E+00  2.19600E-04  1.82400E-06  2.00000E-01  6.00001E+01
  2.50000E+00  2.30400E-04  3.01000E-06  2.00000E-01  6.00001E+01
  2.70000E+00  1.86000E-04  1.72300E-06  2.00000E-01  6.00001E+01
  2.90000E+00  1.82100E-04  1.86700E-06  2.00000E-01  6.00001E+01
  3.10000E+00  1.50200E-04  2.18300E-06  2.00000E-01  6.00001E+01
  3.30000E+00  1.19500E-04  1.41600E-06  2.00000E-01  6.00001E+01
  3.50000E+00  1.00100E-04  1.27200E-06  2.00000E-01  6.00001E+01
  3.70000E+00  9.15100E-05  1.51800E-06  2.00000E-01  6.00001E+01
  3.90000E+00  7.51000E-05  1.09600E-06  2.00000E-01  6.00001E+01
  4.10000E+00  7.27400E-05  1.31300E-06  2.00000E-01  6.00001E+01
  4.30000E+00  7.10600E-05  1.12400E-06  2.00000E-01  6.00001E+01
  4.50000E+00  6.15400E-05  1.17400E-06  2.00000E-01  6.00001E+01
  4.70000E+00  6.15100E-05  1.16900E-06  2.00000E-01  6.00001E+01
  4.90000E+00  5.71600E-05  1.11800E-06  2.00000E-01  6.00001E+01
  5.25000E+00  4.24900E-05  6.75800E-07  5.00000E-01  6.00001E+01
  5.75000E+00  3.69500E-05  6.45100E-07  5.00000E-01  6.00001E+01
  6.25000E+00  2.72700E-05  5.97400E-07  5.00000E-01  6.00001E+01
  6.75000E+00  2.24300E-05  4.56600E-07  5.00000E-01  6.00001E+01
  7.25000E+00  1.75800E-05  4.23500E-07  5.00000E-01  6.00001E+01
  7.75000E+00  1.60500E-05  4.74900E-07  5.00000E-01  6.00001E+01
  8.25000E+00  1.30900E-05  3.41500E-07  5.00000E-01  6.00001E+01
  8.75000E+00  1.13900E-05  3.10200E-07  5.00000E-01  6.00001E+01
  9.25000E+00  1.05400E-05  2.92800E-07  5.00000E-01  6.00001E+01
  9.75000E+00  9.64900E-06  2.91700E-07  5.00000E-01  6.00001E+01
  1.07500E+01  7.89700E-06  1.83800E-07  1.00000E+00  6.00001E+01
  1.15000E+01  6.92200E-06  1.77500E-07  1.00000E+00  6.00001E+01
  1.25000E+01  5.79800E-06  1.64900E-07  1.00000E+00  6.00001E+01
  1.35000E+01  5.03300E-06  1.56300E-07  1.00000E+00  6.00001E+01
  1.45000E+01  4.87500E-06  1.54600E-07  1.00000E+00  6.00001E+01
  1.55000E+01  4.64600E-06  1.53600E-07  1.00000E+00  6.00001E+01
  1.65000E+01  4.59300E-06  1.49900E-07  1.00000E+00  6.00001E+01
  1.75000E+01  4.51700E-06  1.51200E-07  1.00000E+00  6.00001E+01
  1.85000E+01  3.99600E-06  1.46900E-07  1.00000E+00  6.00001E+01
  1.95000E+01  3.98000E-06  1.49700E-07  1.00000E+00  6.00001E+01
  2.10000E+01  3.46300E-06  9.63700E-08  2.00000E+00  6.00001E+01
  2.30000E+01  3.16400E-06  9.30600E-08  2.00000E+00  6.00001E+01
  2.50000E+01  3.07500E-06  9.27100E-08  2.00000E+00  6.00001E+01
  2.70000E+01  2.69200E-06  8.87900E-08  2.00000E+00  6.00001E+01
  2.90000E+01  2.54100E-06  8.78200E-08  2.00000E+00  6.00001E+01
  3.10000E+01  2.37500E-06  8.74000E-08  2.00000E+00  6.00001E+01
  3.30000E+01  2.28000E-06  8.69000E-08  2.00000E+00  6.00001E+01
  3.50000E+01  1.84700E-06  9.75000E-08  2.00000E+00  6.00001E+01
  3.70000E+01  1.94900E-06  1.00900E-07  2.00000E+00  6.00001E+01
  3.90000E+01  1.74300E-06  9.45800E-08  2.00000E+00  6.00001E+01
  4.10000E+01  1.76400E-06  9.53600E-08  2.00000E+00  6.00001E+01
  4.30000E+01  1.53900E-06  8.92600E-08  2.00000E+00  6.00001E+01
  4.50000E+01  1.51600E-06  8.90800E-08  2.00000E+00  6.00001E+01
  4.70000E+01  1.36800E-06  8.46300E-08  2.00000E+00  6.00001E+01
  4.90000E+01  1.30300E-06  8.38700E-08  2.00000E+00  6.00001E+01
  5.25000E+01  1.19600E-06  5.08300E-08  5.00000E+00  6.00001E+01
  5.75000E+01  7.67600E-07  4.13500E-08  5.00000E+00  6.00001E+01
  6.25000E+01  7.67900E-07  4.13900E-08  5.00000E+00  6.00001E+01
  6.75000E+01  6.44500E-07  3.77700E-08  5.00000E+00  6.00001E+01
  7.25000E+01  5.00300E-07  3.39000E-08  5.00000E+00  6.00001E+01
  7.75000E+01  3.54100E-07  2.92000E-08  5.00000E+00  6.00001E+01
  8.25000E+01  2.72100E-07  2.56400E-08  5.00000E+00  6.00001E+01
  8.75000E+01  1.73400E-07  2.06400E-08  5.00000E+00  6.00001E+01
  6.75000E-01  2.75600E-04  3.77200E-06  5.00000E-01  1.50000E+02
  7.25000E-01  2.92100E-04  3.91300E-06  5.00000E-01  1.50000E+02
  7.75000E-01  3.02600E-04  4.00900E-06  5.00000E-01  1.50000E+02
  8.25000E-01  3.04400E-04  4.00900E-06  5.00000E-01  1.50000E+02
  8.75000E-01  3.16500E-04  5.39100E-06  5.00000E-01  1.50000E+02
  9.25000E-01  3.44100E-04  4.62400E-06  5.00000E-01  1.50000E+02
  9.75000E-01  3.18100E-04  5.51800E-06  5.00000E-01  1.50000E+02
  1.07500E+00  2.87100E-04  3.10400E-06  1.00000E-01  1.50000E+02
  1.15000E+00  2.82000E-04  3.03500E-06  1.00000E-01  1.50000E+02
  1.25000E+00  2.79100E-04  3.50800E-06  1.00000E-01  1.50000E+02
  1.35000E+00  2.47300E-04  2.95900E-06  1.00000E-01  1.50000E+02
  1.45000E+00  2.38700E-04  4.08800E-06  1.00000E-01  1.50000E+02
  1.55000E+00  2.30700E-04  2.77700E-06  1.00000E-01  1.50000E+02
  1.65000E+00  2.19700E-04  1.58500E-06  1.00000E-01  1.50000E+02
  1.75000E+00  2.06200E-04  3.66800E-06  1.00000E-01  1.50000E+02
  1.85000E+00  2.05000E-04  2.52000E-06  1.00000E-01  1.50000E+02
  1.95000E+00  2.00700E-04  2.79800E-06  1.00000E-01  1.50000E+02
  2.10000E+00  1.74900E-04  1.98700E-06  2.00000E-01  1.50000E+02
  2.30000E+00  1.75900E-04  2.02300E-06  2.00000E-01  1.50000E+02
  2.50000E+00  1.71600E-04  2.00600E-06  2.00000E-01  1.50000E+02
  2.70000E+00  1.47000E-04  1.74600E-06  2.00000E-01  1.50000E+02
  2.90000E+00  1.35800E-04  5.22500E-06  2.00000E-01  1.50000E+02
  3.10000E+00  1.18100E-04  1.39900E-06  2.00000E-01  1.50000E+02
  3.30000E+00  9.92600E-05  1.33300E-06  2.00000E-01  1.50000E+02
  3.50000E+00  8.45500E-05  1.34700E-06  2.00000E-01  1.50000E+02
  3.70000E+00  7.76300E-05  1.11100E-06  2.00000E-01  1.50000E+02
  3.90000E+00  6.80900E-05  1.46100E-06  2.00000E-01  1.50000E+02
  4.10000E+00  6.20200E-05  1.36300E-06  2.00000E-01  1.50000E+02
  4.30000E+00  5.74800E-05  1.28600E-06  2.00000E-01  1.50000E+02
  4.50000E+00  5.21900E-05  7.92900E-07  2.00000E-01  1.50000E+02
  4.70000E+00  4.84200E-05  1.77600E-06  2.00000E-01  1.50000E+02
  4.90000E+00  4.57500E-05  1.07100E-06  2.00000E-01  1.50000E+02
  5.25000E+00  3.58900E-05  4.79200E-07  5.00000E-01  1.50000E+02
  5.75000E+00  2.98900E-05  4.25700E-07  5.00000E-01  1.50000E+02
  6.25000E+00  2.20900E-05  3.38200E-07  5.00000E-01  1.50000E+02
  6.75000E+00  1.78600E-05  2.93300E-07  5.00000E-01  1.50000E+02
  7.25000E+00  1.40800E-05  2.53600E-07  5.00000E-01  1.50000E+02
  7.75000E+00  1.18600E-05  2.27000E-07  5.00000E-01  1.50000E+02
  8.25000E+00  1.02900E-05  2.08900E-07  5.00000E-01  1.50000E+02
  8.75000E+00  8.13700E-06  1.83000E-07  5.00000E-01  1.50000E+02
  9.25000E+00  6.81000E-06  3.11600E-07  5.00000E-01  1.50000E+02
  9.75000E+00  6.25000E-06  2.01000E-07  5.00000E-01  1.50000E+02
  1.07500E+01  4.83200E-06  1.12400E-07  1.00000E+00  1.50000E+02
  1.15000E+01  3.83000E-06  8.57000E-08  1.00000E+00  1.50000E+02
  1.25000E+01  3.02700E-06  7.53100E-08  1.00000E+00  1.50000E+02
  1.35000E+01  2.53800E-06  7.02500E-08  1.00000E+00  1.50000E+02
  1.45000E+01  2.17000E-06  6.62000E-08  1.00000E+00  1.50000E+02
  1.55000E+01  1.93000E-06  6.26600E-08  1.00000E+00  1.50000E+02
  1.65000E+01  1.64000E-06  5.90200E-08  1.00000E+00  1.50000E+02
  1.75000E+01  1.48000E-06  5.70700E-08  1.00000E+00  1.50000E+02
  1.85000E+01  1.34500E-06  5.47000E-08  1.00000E+00  1.50000E+02
  1.95000E+01  1.25500E-06  5.30900E-08  1.00000E+00  1.50000E+02
  2.10000E+01  9.35000E-07  3.34900E-08  2.00000E+00  1.50000E+02
  2.30000E+01  7.96300E-07  3.16600E-08  2.00000E+00  1.50000E+02
  2.50000E+01  6.54900E-07  2.92700E-08  2.00000E+00  1.50000E+02
  2.70000E+01  5.40600E-07  2.74300E-08  2.00000E+00  1.50000E+02
  2.90000E+01  4.84700E-07  2.61600E-08  2.00000E+00  1.50000E+02
  3.10000E+01  3.61200E-07  2.36300E-08  2.00000E+00  1.50000E+02
  3.30000E+01  3.53100E-07  2.35200E-08  2.00000E+00  1.50000E+02
  3.50000E+01  1.32800E-07  1.85200E-08  2.00000E+00  1.50000E+02
  3.70000E+01  9.69000E-08  1.58200E-08  2.00000E+00  1.50000E+02
# Full reference:
#M.M.Meier,  D.A.Clark,  C.A.Goulding,  J.B.Mcclelland, G.L.Morgan, C.E.Moss,  W.B.Amian
#
#Jour. Nuclear Science and Engineering Vol.102, p.310, 1989
#Differential neutron production cross sections and neutron yields from stopping-length targets for 113-MeV protons
#
