# Target Z    :  74
# Target A    :   0
# Target state:  
# Projectile  : p
# Reaction    : (p,xn)
# E-inc       : 1000.000 MeV
# Quantity    : Double-differential cross section
# Frame       : L
# MF          :    6
# MT          :  201
# X4 ID       : O1170006 
# X4 code     : 74-W-0(P,X)0-NN-1,,DA/DE
# Author      : Trebukhovsky             
# Year        : 2003
# Data points :    231
# E-out(MeV) xs(mb/MeV.sr) dxs(mb/MeV.sr) dE(MeV)      Evaluation  C/E(F)      Chi-2     Delta(mb)
  2.46000E+00  2.67000E-04  5.90000E-05  0.00000E+00  1.50000E+01
  2.79000E+00  2.26000E-04  4.50000E-05  0.00000E+00  1.50000E+01
  3.21000E+00  1.80000E-04  2.50000E-05  0.00000E+00  1.50000E+01
  3.71000E+00  1.48000E-04  1.60000E-05  0.00000E+00  1.50000E+01
  4.47000E+00  1.13000E-04  1.20000E-05  0.00000E+00  1.50000E+01
  5.48000E+00  8.50000E-05  9.40000E-06  0.00000E+00  1.50000E+01
  6.43000E+00  6.74000E-05  7.40000E-06  0.00000E+00  1.50000E+01
  7.38000E+00  5.34000E-05  5.90000E-06  0.00000E+00  1.50000E+01
  8.57000E+00  4.52000E-05  5.00000E-06  0.00000E+00  1.50000E+01
  9.65000E+00  3.44000E-05  3.80000E-06  0.00000E+00  1.50000E+01
  1.05000E+01  2.70000E-05  3.00000E-06  0.00000E+00  1.50000E+01
  1.12000E+01  2.35000E-05  2.60000E-06  0.00000E+00  1.50000E+01
  1.23000E+01  2.01000E-05  2.20000E-06  0.00000E+00  1.50000E+01
  1.35000E+01  1.72000E-05  1.90000E-06  0.00000E+00  1.50000E+01
  1.49000E+01  1.50000E-05  1.70000E-06  0.00000E+00  1.50000E+01
  1.65000E+01  1.31000E-05  1.40000E-06  0.00000E+00  1.50000E+01
  1.85000E+01  1.10000E-05  1.20000E-06  0.00000E+00  1.50000E+01
  2.08000E+01  1.04000E-05  1.20000E-06  0.00000E+00  1.50000E+01
  2.21000E+01  8.92000E-06  9.80000E-07  0.00000E+00  1.50000E+01
  2.52000E+01  7.56000E-06  8.30000E-07  0.00000E+00  1.50000E+01
  2.89000E+01  6.74000E-06  7.40000E-07  0.00000E+00  1.50000E+01
  3.11000E+01  6.53000E-06  7.20000E-07  0.00000E+00  1.50000E+01
  3.36000E+01  6.28000E-06  6.90000E-07  0.00000E+00  1.50000E+01
  3.64000E+01  5.73000E-06  6.30000E-07  0.00000E+00  1.50000E+01
  3.95000E+01  5.14000E-06  5.60000E-07  0.00000E+00  1.50000E+01
  4.31000E+01  4.82000E-06  5.30000E-07  0.00000E+00  1.50000E+01
  4.72000E+01  4.39000E-06  4.80000E-07  0.00000E+00  1.50000E+01
  5.20000E+01  4.12000E-06  4.50000E-07  0.00000E+00  1.50000E+01
  5.75000E+01  3.68000E-06  4.00000E-07  0.00000E+00  1.50000E+01
  6.40000E+01  3.43000E-06  3.80000E-07  0.00000E+00  1.50000E+01
  7.17000E+01  3.09000E-06  3.40000E-07  0.00000E+00  1.50000E+01
  8.10000E+01  2.57000E-06  4.10000E-07  0.00000E+00  1.50000E+01
  9.20000E+01  2.23000E-06  3.60000E-07  0.00000E+00  1.50000E+01
  1.06000E+02  1.81000E-06  2.90000E-07  0.00000E+00  1.50000E+01
  1.24000E+02  1.50000E-06  2.40000E-07  0.00000E+00  1.50000E+01
  1.47000E+02  1.19000E-06  1.90000E-07  0.00000E+00  1.50000E+01
  1.77000E+02  9.20000E-07  1.50000E-07  0.00000E+00  1.50000E+01
  2.19000E+02  7.90000E-07  1.30000E-07  0.00000E+00  1.50000E+01
  2.80000E+02  6.10000E-07  1.10000E-07  0.00000E+00  1.50000E+01
  2.46000E+00  2.53000E-04  5.80000E-05  0.00000E+00  3.00000E+01
  2.79000E+00  2.31000E-04  4.50000E-05  0.00000E+00  3.00000E+01
  3.21000E+00  1.84000E-04  2.50000E-05  0.00000E+00  3.00000E+01
  3.71000E+00  1.51000E-04  1.70000E-05  0.00000E+00  3.00000E+01
  4.47000E+00  1.15000E-04  1.30000E-05  0.00000E+00  3.00000E+01
  5.48000E+00  8.67000E-05  9.50000E-06  0.00000E+00  3.00000E+01
  6.43000E+00  6.87000E-05  7.60000E-06  0.00000E+00  3.00000E+01
  7.38000E+00  5.46000E-05  6.00000E-06  0.00000E+00  3.00000E+01
  8.57000E+00  4.62000E-05  5.10000E-06  0.00000E+00  3.00000E+01
  9.65000E+00  3.51000E-05  3.90000E-06  0.00000E+00  3.00000E+01
  1.05000E+01  2.76000E-05  3.00000E-06  0.00000E+00  3.00000E+01
  1.12000E+01  2.34000E-05  2.60000E-06  0.00000E+00  3.00000E+01
  1.23000E+01  2.05000E-05  2.30000E-06  0.00000E+00  3.00000E+01
  1.35000E+01  1.75000E-05  1.90000E-06  0.00000E+00  3.00000E+01
  1.49000E+01  1.55000E-05  1.70000E-06  0.00000E+00  3.00000E+01
  1.65000E+01  1.24000E-05  1.40000E-06  0.00000E+00  3.00000E+01
  1.85000E+01  1.04000E-05  1.20000E-06  0.00000E+00  3.00000E+01
  2.08000E+01  9.52000E-06  1.05000E-06  0.00000E+00  3.00000E+01
  2.21000E+01  8.67000E-06  9.50000E-07  0.00000E+00  3.00000E+01
  2.52000E+01  7.59000E-06  8.30000E-07  0.00000E+00  3.00000E+01
  2.89000E+01  6.53000E-06  7.20000E-07  0.00000E+00  3.00000E+01
  3.11000E+01  6.30000E-06  6.90000E-07  0.00000E+00  3.00000E+01
  3.36000E+01  6.05000E-06  6.70000E-07  0.00000E+00  3.00000E+01
  3.64000E+01  5.65000E-06  6.20000E-07  0.00000E+00  3.00000E+01
  3.95000E+01  5.23000E-06  5.80000E-07  0.00000E+00  3.00000E+01
  4.31000E+01  4.90000E-06  5.40000E-07  0.00000E+00  3.00000E+01
  4.72000E+01  4.42000E-06  4.90000E-07  0.00000E+00  3.00000E+01
  5.20000E+01  3.95000E-06  4.30000E-07  0.00000E+00  3.00000E+01
  5.75000E+01  3.69000E-06  4.10000E-07  0.00000E+00  3.00000E+01
  6.40000E+01  3.50000E-06  3.80000E-07  0.00000E+00  3.00000E+01
  7.17000E+01  2.95000E-06  3.20000E-07  0.00000E+00  3.00000E+01
  8.10000E+01  2.59000E-06  4.10000E-07  0.00000E+00  3.00000E+01
  9.20000E+01  2.16000E-06  3.50000E-07  0.00000E+00  3.00000E+01
  1.06000E+02  1.87000E-06  3.00000E-07  0.00000E+00  3.00000E+01
  1.24000E+02  1.65000E-06  2.60000E-07  0.00000E+00  3.00000E+01
  1.47000E+02  1.30000E-06  2.10000E-07  0.00000E+00  3.00000E+01
  1.77000E+02  9.10000E-07  1.40000E-07  0.00000E+00  3.00000E+01
  2.19000E+02  7.30000E-07  1.20000E-07  0.00000E+00  3.00000E+01
  2.80000E+02  5.30000E-07  8.00000E-08  0.00000E+00  3.00000E+01
  2.46000E+00  2.48000E-04  5.70000E-05  0.00000E+00  6.00001E+01
  2.79000E+00  2.26000E-04  4.50000E-05  0.00000E+00  6.00001E+01
  3.21000E+00  1.80000E-04  2.50000E-05  0.00000E+00  6.00001E+01
  3.71000E+00  1.48000E-04  1.60000E-05  0.00000E+00  6.00001E+01
  4.47000E+00  1.13000E-04  1.20000E-05  0.00000E+00  6.00001E+01
  5.48000E+00  8.50000E-05  9.40000E-06  0.00000E+00  6.00001E+01
  6.43000E+00  6.73000E-05  7.40000E-06  0.00000E+00  6.00001E+01
  7.38000E+00  5.35000E-05  5.90000E-06  0.00000E+00  6.00001E+01
  8.57000E+00  4.52000E-05  5.00000E-06  0.00000E+00  6.00001E+01
  9.65000E+00  3.53000E-05  3.90000E-06  0.00000E+00  6.00001E+01
  1.05000E+01  2.70000E-05  3.00000E-06  0.00000E+00  6.00001E+01
  1.12000E+01  2.34000E-05  2.60000E-06  0.00000E+00  6.00001E+01
  1.23000E+01  2.01000E-05  2.20000E-06  0.00000E+00  6.00001E+01
  1.35000E+01  1.72000E-05  1.90000E-06  0.00000E+00  6.00001E+01
  1.49000E+01  1.42000E-05  1.60000E-06  0.00000E+00  6.00001E+01
  1.65000E+01  1.18000E-05  1.30000E-06  0.00000E+00  6.00001E+01
  1.85000E+01  9.38000E-06  1.03000E-06  0.00000E+00  6.00001E+01
  2.08000E+01  8.62000E-06  9.50000E-07  0.00000E+00  6.00001E+01
  2.21000E+01  8.02000E-06  8.80000E-07  0.00000E+00  6.00001E+01
  2.52000E+01  6.50000E-06  7.20000E-07  0.00000E+00  6.00001E+01
  2.89000E+01  5.75000E-06  6.30000E-07  0.00000E+00  6.00001E+01
  3.11000E+01  5.30000E-06  5.80000E-07  0.00000E+00  6.00001E+01
  3.36000E+01  4.99000E-06  5.50000E-07  0.00000E+00  6.00001E+01
  3.64000E+01  4.59000E-06  5.10000E-07  0.00000E+00  6.00001E+01
  3.95000E+01  4.19000E-06  4.60000E-07  0.00000E+00  6.00001E+01
  4.31000E+01  3.84000E-06  4.20000E-07  0.00000E+00  6.00001E+01
  4.72000E+01  3.59000E-06  3.90000E-07  0.00000E+00  6.00001E+01
  5.20000E+01  3.31000E-06  3.60000E-07  0.00000E+00  6.00001E+01
  5.75000E+01  2.88000E-06  3.20000E-07  0.00000E+00  6.00001E+01
  6.40000E+01  2.63000E-06  2.90000E-07  0.00000E+00  6.00001E+01
  7.17000E+01  2.26000E-06  2.50000E-07  0.00000E+00  6.00001E+01
  8.10000E+01  1.89000E-06  3.00000E-07  0.00000E+00  6.00001E+01
  9.20000E+01  1.43000E-06  2.30000E-07  0.00000E+00  6.00001E+01
  1.06000E+02  1.28000E-06  2.10000E-07  0.00000E+00  6.00001E+01
  1.24000E+02  9.70000E-07  1.60000E-07  0.00000E+00  6.00001E+01
  1.47000E+02  8.00000E-07  1.30000E-07  0.00000E+00  6.00001E+01
  1.77000E+02  6.40000E-07  1.10000E-07  0.00000E+00  6.00001E+01
  2.19000E+02  4.20000E-07  8.00000E-08  0.00000E+00  6.00001E+01
  2.80000E+02  2.10000E-07  5.00000E-08  0.00000E+00  6.00001E+01
  2.46000E+00  2.31000E-04  5.50000E-05  0.00000E+00  9.00000E+01
  2.79000E+00  2.15000E-04  4.40000E-05  0.00000E+00  9.00000E+01
  3.21000E+00  1.71000E-04  2.40000E-05  0.00000E+00  9.00000E+01
  3.71000E+00  1.40000E-04  1.50000E-05  0.00000E+00  9.00000E+01
  4.47000E+00  1.07000E-04  1.20000E-05  0.00000E+00  9.00000E+01
  5.48000E+00  8.34000E-05  9.20000E-06  0.00000E+00  9.00000E+01
  6.43000E+00  6.49000E-05  7.10000E-06  0.00000E+00  9.00000E+01
  7.38000E+00  5.17000E-05  5.70000E-06  0.00000E+00  9.00000E+01
  8.57000E+00  4.24000E-05  4.70000E-06  0.00000E+00  9.00000E+01
  9.65000E+00  3.40000E-05  3.70000E-06  0.00000E+00  9.00000E+01
  1.05000E+01  2.63000E-05  2.90000E-06  0.00000E+00  9.00000E+01
  1.12000E+01  2.33000E-05  2.60000E-06  0.00000E+00  9.00000E+01
  1.23000E+01  2.09000E-05  2.30000E-06  0.00000E+00  9.00000E+01
  1.35000E+01  1.63000E-05  1.80000E-06  0.00000E+00  9.00000E+01
  1.49000E+01  1.35000E-05  1.50000E-06  0.00000E+00  9.00000E+01
  1.65000E+01  1.04000E-05  1.10000E-06  0.00000E+00  9.00000E+01
  1.85000E+01  8.32000E-06  9.20000E-07  0.00000E+00  9.00000E+01
  2.08000E+01  7.39000E-06  8.10000E-07  0.00000E+00  9.00000E+01
  2.21000E+01  6.45000E-06  7.10000E-07  0.00000E+00  9.00000E+01
  2.52000E+01  5.25000E-06  5.80000E-07  0.00000E+00  9.00000E+01
  2.89000E+01  4.54000E-06  5.00000E-07  0.00000E+00  9.00000E+01
  3.11000E+01  4.15000E-06  4.60000E-07  0.00000E+00  9.00000E+01
  3.36000E+01  3.82000E-06  4.20000E-07  0.00000E+00  9.00000E+01
  3.64000E+01  3.37000E-06  3.70000E-07  0.00000E+00  9.00000E+01
  3.95000E+01  2.89000E-06  3.20000E-07  0.00000E+00  9.00000E+01
  4.31000E+01  2.55000E-06  2.80000E-07  0.00000E+00  9.00000E+01
  4.72000E+01  2.40000E-06  2.60000E-07  0.00000E+00  9.00000E+01
  5.20000E+01  2.13000E-06  2.30000E-07  0.00000E+00  9.00000E+01
  5.75000E+01  1.81000E-06  2.00000E-07  0.00000E+00  9.00000E+01
  6.40000E+01  1.58000E-06  1.70000E-07  0.00000E+00  9.00000E+01
  7.17000E+01  1.22000E-06  1.30000E-07  0.00000E+00  9.00000E+01
  8.10000E+01  9.30000E-07  1.50000E-07  0.00000E+00  9.00000E+01
  9.20000E+01  8.30000E-07  1.30000E-07  0.00000E+00  9.00000E+01
  1.06000E+02  5.80000E-07  9.00000E-08  0.00000E+00  9.00000E+01
  1.24000E+02  4.20000E-07  7.00000E-08  0.00000E+00  9.00000E+01
  1.47000E+02  2.40000E-07  4.00000E-08  0.00000E+00  9.00000E+01
  1.77000E+02  1.50000E-07  2.00000E-08  0.00000E+00  9.00000E+01
  2.19000E+02  5.30000E-08  1.10000E-08  0.00000E+00  9.00000E+01
  2.80000E+02  2.10000E-08  4.00000E-09  0.00000E+00  9.00000E+01
  2.46000E+00  2.36000E-04  5.60000E-05  0.00000E+00  1.20000E+02
  2.79000E+00  2.20000E-04  4.40000E-05  0.00000E+00  1.20000E+02
  3.21000E+00  1.87000E-04  2.60000E-05  0.00000E+00  1.20000E+02
  3.71000E+00  1.57000E-04  1.70000E-05  0.00000E+00  1.20000E+02
  4.47000E+00  1.06000E-04  1.20000E-05  0.00000E+00  1.20000E+02
  5.48000E+00  8.31000E-05  9.10000E-06  0.00000E+00  1.20000E+02
  6.43000E+00  6.30000E-05  6.90000E-06  0.00000E+00  1.20000E+02
  7.38000E+00  4.91000E-05  5.40000E-06  0.00000E+00  1.20000E+02
  8.57000E+00  4.14000E-05  4.60000E-06  0.00000E+00  1.20000E+02
  9.65000E+00  3.14000E-05  3.50000E-06  0.00000E+00  1.20000E+02
  1.05000E+01  2.44000E-05  2.70000E-06  0.00000E+00  1.20000E+02
  1.12000E+01  2.13000E-05  2.40000E-06  0.00000E+00  1.20000E+02
  1.23000E+01  1.83000E-05  2.00000E-06  0.00000E+00  1.20000E+02
  1.35000E+01  1.38000E-05  1.50000E-06  0.00000E+00  1.20000E+02
  1.49000E+01  1.07000E-05  1.20000E-06  0.00000E+00  1.20000E+02
  1.65000E+01  8.49000E-06  9.30000E-07  0.00000E+00  1.20000E+02
  1.85000E+01  6.99000E-06  7.70000E-07  0.00000E+00  1.20000E+02
  2.08000E+01  6.19000E-06  6.80000E-07  0.00000E+00  1.20000E+02
  2.21000E+01  5.34000E-06  5.90000E-07  0.00000E+00  1.20000E+02
  2.52000E+01  4.20000E-06  4.60000E-07  0.00000E+00  1.20000E+02
  2.89000E+01  3.57000E-06  3.90000E-07  0.00000E+00  1.20000E+02
  3.11000E+01  3.17000E-06  3.50000E-07  0.00000E+00  1.20000E+02
  3.36000E+01  2.76000E-06  3.00000E-07  0.00000E+00  1.20000E+02
  3.64000E+01  2.39000E-06  2.60000E-07  0.00000E+00  1.20000E+02
  3.95000E+01  2.01000E-06  2.20000E-07  0.00000E+00  1.20000E+02
  4.31000E+01  1.86000E-06  2.00000E-07  0.00000E+00  1.20000E+02
  4.72000E+01  1.47000E-06  1.60000E-07  0.00000E+00  1.20000E+02
  5.20000E+01  1.27000E-06  1.40000E-07  0.00000E+00  1.20000E+02
  5.75000E+01  1.05000E-06  1.20000E-07  0.00000E+00  1.20000E+02
  6.40000E+01  8.70000E-07  1.00000E-07  0.00000E+00  1.20000E+02
  7.17000E+01  6.90000E-07  8.00000E-08  0.00000E+00  1.20000E+02
  8.10000E+01  5.80000E-07  9.00000E-08  0.00000E+00  1.20000E+02
  9.20000E+01  4.30000E-07  8.00000E-08  0.00000E+00  1.20000E+02
  1.06000E+02  3.10000E-07  4.00000E-08  0.00000E+00  1.20000E+02
  1.24000E+02  1.40000E-07  2.00000E-08  0.00000E+00  1.20000E+02
  1.47000E+02  8.30000E-08  1.30000E-08  0.00000E+00  1.20000E+02
  1.77000E+02  5.10000E-08  1.10000E-08  0.00000E+00  1.20000E+02
  2.19000E+02  1.20000E-08  3.00000E-09  0.00000E+00  1.20000E+02
  2.46000E+00  2.35000E-04  5.60000E-05  0.00000E+00  1.50000E+02
  2.79000E+00  2.22000E-04  4.40000E-05  0.00000E+00  1.50000E+02
  3.21000E+00  1.80000E-04  2.50000E-05  0.00000E+00  1.50000E+02
  3.71000E+00  1.33000E-04  1.50000E-05  0.00000E+00  1.50000E+02
  4.47000E+00  1.04000E-04  1.10000E-05  0.00000E+00  1.50000E+02
  5.48000E+00  8.12000E-05  8.90000E-06  0.00000E+00  1.50000E+02
  6.43000E+00  6.08000E-05  6.70000E-06  0.00000E+00  1.50000E+02
  7.38000E+00  4.84000E-05  5.30000E-06  0.00000E+00  1.50000E+02
  8.57000E+00  3.65000E-05  4.00000E-06  0.00000E+00  1.50000E+02
  9.65000E+00  2.65000E-05  2.90000E-06  0.00000E+00  1.50000E+02
  1.05000E+01  2.08000E-05  2.30000E-06  0.00000E+00  1.50000E+02
  1.12000E+01  1.77000E-05  2.00000E-06  0.00000E+00  1.50000E+02
  1.23000E+01  1.47000E-05  1.60000E-06  0.00000E+00  1.50000E+02
  1.35000E+01  1.12000E-05  1.20000E-06  0.00000E+00  1.50000E+02
  1.49000E+01  9.05000E-06  1.00000E-06  0.00000E+00  1.50000E+02
  1.65000E+01  7.48000E-06  8.20000E-07  0.00000E+00  1.50000E+02
  1.85000E+01  6.02000E-06  6.60000E-07  0.00000E+00  1.50000E+02
  2.08000E+01  5.12000E-06  5.60000E-07  0.00000E+00  1.50000E+02
  2.21000E+01  4.23000E-06  4.70000E-07  0.00000E+00  1.50000E+02
  2.52000E+01  3.48000E-06  3.80000E-07  0.00000E+00  1.50000E+02
  2.89000E+01  2.70000E-06  3.00000E-07  0.00000E+00  1.50000E+02
  3.11000E+01  2.50000E-06  2.70000E-07  0.00000E+00  1.50000E+02
  3.36000E+01  2.29000E-06  2.50000E-07  0.00000E+00  1.50000E+02
  3.64000E+01  1.96000E-06  2.20000E-07  0.00000E+00  1.50000E+02
  3.95000E+01  1.58000E-06  1.70000E-07  0.00000E+00  1.50000E+02
  4.31000E+01  1.35000E-06  1.50000E-07  0.00000E+00  1.50000E+02
  4.72000E+01  1.12000E-06  1.20000E-07  0.00000E+00  1.50000E+02
  5.20000E+01  8.70000E-07  1.00000E-07  0.00000E+00  1.50000E+02
  5.75000E+01  7.00000E-07  8.00000E-08  0.00000E+00  1.50000E+02
  6.40000E+01  5.50000E-07  6.00000E-08  0.00000E+00  1.50000E+02
  7.17000E+01  4.80000E-07  6.00000E-08  0.00000E+00  1.50000E+02
  8.10000E+01  3.50000E-07  4.00000E-08  0.00000E+00  1.50000E+02
  9.20000E+01  2.80000E-07  4.00000E-08  0.00000E+00  1.50000E+02
  1.06000E+02  2.10000E-07  4.00000E-08  0.00000E+00  1.50000E+02
  1.24000E+02  1.10000E-07  2.00000E-08  0.00000E+00  1.50000E+02
  1.47000E+02  6.20000E-08  1.20000E-08  0.00000E+00  1.50000E+02
  1.77000E+02  1.90000E-08  4.00000E-09  0.00000E+00  1.50000E+02
# Full reference:
#Yu.V.Trebukhovsky,  Yu.E.Titarenko,  V.F.Batyaev, E.I.Karpikhin,  R.D.Mulambetov,  S.V.Mulambetova, G.N.Smirnov,  K.A.Lipatov,  A.B.Koldobsky,
# V.M.Zhivun, Yu.V.Nekrasov,  V.S.Barashenkov,  H.Kumawat,  S.G.Mashnik, R.E.Prael
#Prog. Inst. Teoret. i Experiment. Fiziki, Moscow Repts No.3, p.03, 2003
#Double-differential cross sections of neutrons from 0.8, 1.0 and 1.6-GeV proton- irradiated Pb, W, Zr, Cu, Al and Na-targets.
#
