# Target Z    :  74
# Target A    :   0
# Target state:  
# Projectile  : p
# Reaction    : (p,xn)
# E-inc       : 1200.000 MeV
# Quantity    : Double-differential cross section
# Frame       : L
# MF          :    6
# MT          :  201
# X4 ID       : O0977003 
# X4 code     : 74-W-0(P,X)0-NN-1,,DA/DE
# Author      : Leray                    
# Year        : 2002
# Data points :    504
# E-out(MeV) xs(mb/MeV.sr) dxs(mb/MeV.sr) dE(MeV)      Evaluation  C/E(F)      Chi-2     Delta(mb)
  4.29804E+00  1.58410E-04  1.60820E-05  0.00000E+00  0.00000E+00
  4.93854E+00  1.30800E-04  1.28660E-05  0.00000E+00  0.00000E+00
  5.67449E+00  1.08050E-04  1.06580E-05  0.00000E+00  0.00000E+00
  6.52011E+00  9.71020E-05  9.75810E-06  0.00000E+00  0.00000E+00
  7.49174E+00  8.22960E-05  8.41340E-06  0.00000E+00  0.00000E+00
  8.60817E+00  5.51980E-05  5.78080E-06  0.00000E+00  0.00000E+00
  9.89097E+00  4.79890E-05  5.21650E-06  0.00000E+00  0.00000E+00
  1.13650E+01  3.34550E-05  3.84930E-06  0.00000E+00  0.00000E+00
  1.30590E+01  1.70270E-05  1.96820E-06  0.00000E+00  0.00000E+00
  1.50050E+01  2.36490E-05  2.98240E-06  0.00000E+00  0.00000E+00
  1.72410E+01  1.78540E-05  2.40180E-06  0.00000E+00  0.00000E+00
  1.98100E+01  1.48510E-05  1.97800E-06  0.00000E+00  0.00000E+00
  2.27620E+01  1.25420E-05  1.64470E-06  0.00000E+00  0.00000E+00
  2.61540E+01  8.37110E-06  1.08540E-06  0.00000E+00  0.00000E+00
  3.00510E+01  6.97220E-06  8.84900E-07  0.00000E+00  0.00000E+00
  3.45300E+01  7.18300E-06  9.45400E-07  0.00000E+00  0.00000E+00
  3.96750E+01  7.03320E-06  9.88200E-07  0.00000E+00  0.00000E+00
  4.55880E+01  6.43350E-06  9.22100E-07  0.00000E+00  0.00000E+00
  5.23810E+01  4.50890E-06  5.85600E-07  0.00000E+00  0.00000E+00
  6.01870E+01  4.50960E-06  6.15200E-07  0.00000E+00  0.00000E+00
  6.91560E+01  3.84300E-06  5.16100E-07  0.00000E+00  0.00000E+00
  7.94620E+01  3.90580E-06  5.75500E-07  0.00000E+00  0.00000E+00
  9.13030E+01  2.71970E-06  3.68500E-07  0.00000E+00  0.00000E+00
  1.04910E+02  2.79460E-06  4.08600E-07  0.00000E+00  0.00000E+00
  1.20540E+02  2.29360E-06  3.22300E-07  0.00000E+00  0.00000E+00
  1.38510E+02  2.13980E-06  3.08400E-07  0.00000E+00  0.00000E+00
  1.59150E+02  1.16840E-06  1.59200E-07  0.00000E+00  0.00000E+00
  1.82860E+02  1.20710E-06  1.79400E-07  0.00000E+00  0.00000E+00
  2.10110E+02  1.32580E-06  2.06300E-07  0.00000E+00  0.00000E+00
  2.35850E+02  1.04900E-06  1.69500E-07  0.00000E+00  0.00000E+00
  2.52870E+02  9.91800E-07  1.00100E-07  0.00000E+00  0.00000E+00
  2.64850E+02  1.12490E-06  7.30900E-08  0.00000E+00  0.00000E+00
  2.77400E+02  1.05340E-06  5.99300E-08  0.00000E+00  0.00000E+00
  2.89140E+02  9.54100E-07  5.40500E-08  0.00000E+00  0.00000E+00
  3.00980E+02  8.53900E-07  4.61600E-08  0.00000E+00  0.00000E+00
  3.14130E+02  8.25800E-07  4.62600E-08  0.00000E+00  0.00000E+00
  3.27450E+02  8.52600E-07  4.61500E-08  0.00000E+00  0.00000E+00
  3.40960E+02  9.23200E-07  4.57000E-08  0.00000E+00  0.00000E+00
  3.54630E+02  1.02670E-06  4.53800E-08  0.00000E+00  0.00000E+00
  3.68460E+02  7.23900E-07  4.46200E-08  0.00000E+00  0.00000E+00
  3.82450E+02  8.27900E-07  4.53000E-08  0.00000E+00  0.00000E+00
  3.96600E+02  7.87100E-07  4.51600E-08  0.00000E+00  0.00000E+00
  4.10890E+02  8.77000E-07  4.53600E-08  0.00000E+00  0.00000E+00
  4.25330E+02  7.76500E-07  4.46800E-08  0.00000E+00  0.00000E+00
  4.39900E+02  7.85700E-07  4.45700E-08  0.00000E+00  0.00000E+00
  4.54610E+02  6.17600E-07  4.50700E-08  0.00000E+00  0.00000E+00
  4.69450E+02  7.07200E-07  4.43700E-08  0.00000E+00  0.00000E+00
  4.84420E+02  6.72500E-07  4.47000E-08  0.00000E+00  0.00000E+00
  4.99510E+02  7.31000E-07  4.44800E-08  0.00000E+00  0.00000E+00
  5.14710E+02  7.38200E-07  4.40600E-08  0.00000E+00  0.00000E+00
  5.30030E+02  5.94800E-07  4.37700E-08  0.00000E+00  0.00000E+00
  5.45470E+02  7.16200E-07  4.39200E-08  0.00000E+00  0.00000E+00
  5.61010E+02  6.08900E-07  4.32800E-08  0.00000E+00  0.00000E+00
  5.76650E+02  6.15800E-07  4.34800E-08  0.00000E+00  0.00000E+00
  5.92400E+02  6.93200E-07  4.30200E-08  0.00000E+00  0.00000E+00
  6.08250E+02  7.37300E-07  4.30200E-08  0.00000E+00  0.00000E+00
  6.24190E+02  5.88600E-07  4.29300E-08  0.00000E+00  0.00000E+00
  6.40220E+02  5.56600E-07  4.27600E-08  0.00000E+00  0.00000E+00
  6.56340E+02  7.41900E-07  4.33900E-08  0.00000E+00  0.00000E+00
  6.72550E+02  7.57500E-07  4.36000E-08  0.00000E+00  0.00000E+00
  6.88840E+02  7.12100E-07  4.32600E-08  0.00000E+00  0.00000E+00
  7.05220E+02  6.84900E-07  4.33400E-08  0.00000E+00  0.00000E+00
  7.21670E+02  8.43800E-07  4.47900E-08  0.00000E+00  0.00000E+00
  7.38210E+02  1.15660E-06  4.59500E-08  0.00000E+00  0.00000E+00
  7.54810E+02  1.13310E-06  4.65000E-08  0.00000E+00  0.00000E+00
  7.71490E+02  1.24720E-06  4.75800E-08  0.00000E+00  0.00000E+00
  7.88240E+02  1.40050E-06  4.87600E-08  0.00000E+00  0.00000E+00
  8.05060E+02  1.46600E-06  4.99600E-08  0.00000E+00  0.00000E+00
  8.21940E+02  1.58890E-06  5.01300E-08  0.00000E+00  0.00000E+00
  8.38890E+02  1.65930E-06  5.03500E-08  0.00000E+00  0.00000E+00
  8.55900E+02  1.74550E-06  4.98800E-08  0.00000E+00  0.00000E+00
  8.72980E+02  1.76420E-06  4.89400E-08  0.00000E+00  0.00000E+00
  8.90110E+02  1.74070E-06  4.86900E-08  0.00000E+00  0.00000E+00
  9.07300E+02  1.56330E-06  4.66400E-08  0.00000E+00  0.00000E+00
  9.24550E+02  1.34010E-06  4.47900E-08  0.00000E+00  0.00000E+00
  9.41850E+02  1.19860E-06  4.25300E-08  0.00000E+00  0.00000E+00
  9.59200E+02  1.06550E-06  3.90500E-08  0.00000E+00  0.00000E+00
  9.76600E+02  7.50700E-07  3.56900E-08  0.00000E+00  0.00000E+00
  9.94060E+02  5.52000E-07  3.16600E-08  0.00000E+00  0.00000E+00
  1.01160E+03  4.71000E-07  2.95700E-08  0.00000E+00  0.00000E+00
  1.02910E+03  3.06600E-07  2.71400E-08  0.00000E+00  0.00000E+00
  1.04670E+03  2.94000E-07  2.67600E-08  0.00000E+00  0.00000E+00
  1.06440E+03  4.36700E-07  2.80000E-08  0.00000E+00  0.00000E+00
  1.08200E+03  6.82600E-07  3.02300E-08  0.00000E+00  0.00000E+00
  1.09980E+03  1.10350E-06  3.39300E-08  0.00000E+00  0.00000E+00
  1.11750E+03  1.52810E-06  3.66600E-08  0.00000E+00  0.00000E+00
  1.13540E+03  1.85190E-06  3.87600E-08  0.00000E+00  0.00000E+00
  1.15320E+03  1.52870E-06  3.79400E-08  0.00000E+00  0.00000E+00
  1.17110E+03  9.04000E-07  3.42700E-08  0.00000E+00  0.00000E+00
  1.18900E+03  3.27000E-07  2.89300E-08  0.00000E+00  0.00000E+00
  1.20700E+03  1.57000E-09  2.19700E-08  0.00000E+00  0.00000E+00
  4.10889E+00  1.79810E-04  9.41470E-06  0.00000E+00  9.99991E+00
  4.81844E+00  1.51660E-04  7.89060E-06  0.00000E+00  9.99991E+00
  5.65052E+00  1.19120E-04  6.22480E-06  0.00000E+00  9.99991E+00
  6.62628E+00  9.95120E-05  5.21970E-06  0.00000E+00  9.99991E+00
  7.77055E+00  7.03620E-05  3.75760E-06  0.00000E+00  9.99991E+00
  9.11242E+00  5.57840E-05  3.01430E-06  0.00000E+00  9.99991E+00
  1.06860E+01  4.03320E-05  2.24020E-06  0.00000E+00  9.99991E+00
  1.25310E+01  2.86370E-05  1.64290E-06  0.00000E+00  9.99991E+00
  1.46950E+01  2.18620E-05  1.28350E-06  0.00000E+00  9.99991E+00
  1.72330E+01  1.75150E-05  1.03220E-06  0.00000E+00  9.99991E+00
  2.02090E+01  1.26010E-05  7.54700E-07  0.00000E+00  9.99991E+00
  2.36990E+01  1.04370E-05  6.23500E-07  0.00000E+00  9.99991E+00
  2.77910E+01  8.70850E-06  5.23300E-07  0.00000E+00  9.99991E+00
  3.25900E+01  7.38760E-06  4.47900E-07  0.00000E+00  9.99991E+00
  3.82180E+01  6.50860E-06  3.94500E-07  0.00000E+00  9.99991E+00
  4.48180E+01  5.63250E-06  3.42500E-07  0.00000E+00  9.99991E+00
  5.25570E+01  5.03150E-06  3.04300E-07  0.00000E+00  9.99991E+00
  6.16330E+01  4.50500E-06  2.71200E-07  0.00000E+00  9.99991E+00
  7.22770E+01  3.93520E-06  2.36500E-07  0.00000E+00  9.99991E+00
  8.47580E+01  3.42940E-06  2.06400E-07  0.00000E+00  9.99991E+00
  9.93940E+01  2.94400E-06  1.77700E-07  0.00000E+00  9.99991E+00
  1.16560E+02  2.31090E-06  1.42100E-07  0.00000E+00  9.99991E+00
  1.36690E+02  1.95620E-06  1.20700E-07  0.00000E+00  9.99991E+00
  1.60290E+02  1.68690E-06  1.03200E-07  0.00000E+00  9.99991E+00
  1.79530E+02  1.41690E-06  1.41300E-07  0.00000E+00  9.99991E+00
  1.91750E+02  1.31140E-06  1.26300E-07  0.00000E+00  9.99991E+00
  2.03550E+02  1.27930E-06  1.15500E-07  0.00000E+00  9.99991E+00
  2.16080E+02  1.22500E-06  1.06000E-07  0.00000E+00  9.99991E+00
  2.29390E+02  1.11440E-06  9.64000E-08  0.00000E+00  9.99991E+00
  2.43510E+02  1.06680E-06  8.91700E-08  0.00000E+00  9.99991E+00
  2.58500E+02  1.04520E-06  8.58700E-08  0.00000E+00  9.99991E+00
  2.73890E+02  9.74300E-07  8.36400E-08  0.00000E+00  9.99991E+00
  2.88010E+02  9.77300E-07  8.82800E-08  0.00000E+00  9.99991E+00
  3.00980E+02  9.27700E-07  8.74700E-08  0.00000E+00  9.99991E+00
  3.14130E+02  8.53400E-07  8.53300E-08  0.00000E+00  9.99991E+00
  3.27450E+02  8.73000E-07  8.47500E-08  0.00000E+00  9.99991E+00
  3.40960E+02  9.01500E-07  8.53400E-08  0.00000E+00  9.99991E+00
  3.54630E+02  8.47300E-07  8.43800E-08  0.00000E+00  9.99991E+00
  3.68460E+02  7.96900E-07  8.21500E-08  0.00000E+00  9.99991E+00
  3.82450E+02  7.68700E-07  8.22100E-08  0.00000E+00  9.99991E+00
  3.96600E+02  7.55900E-07  8.20900E-08  0.00000E+00  9.99991E+00
  4.10890E+02  7.29400E-07  8.21700E-08  0.00000E+00  9.99991E+00
  4.25330E+02  7.24800E-07  8.15100E-08  0.00000E+00  9.99991E+00
  4.39900E+02  7.01800E-07  7.91800E-08  0.00000E+00  9.99991E+00
  4.54610E+02  7.38100E-07  8.20700E-08  0.00000E+00  9.99991E+00
  4.69450E+02  7.47900E-07  7.94200E-08  0.00000E+00  9.99991E+00
  4.84420E+02  7.29900E-07  7.87500E-08  0.00000E+00  9.99991E+00
  4.99510E+02  6.05300E-07  7.71200E-08  0.00000E+00  9.99991E+00
  5.14710E+02  5.84900E-07  7.61900E-08  0.00000E+00  9.99991E+00
  5.30030E+02  5.76300E-07  7.49000E-08  0.00000E+00  9.99991E+00
  5.45470E+02  5.92100E-07  7.53700E-08  0.00000E+00  9.99991E+00
  5.61010E+02  5.97700E-07  7.35900E-08  0.00000E+00  9.99991E+00
  5.76650E+02  6.10100E-07  7.38900E-08  0.00000E+00  9.99991E+00
  5.92400E+02  5.51400E-07  7.28400E-08  0.00000E+00  9.99991E+00
  6.08250E+02  4.91800E-07  7.10900E-08  0.00000E+00  9.99991E+00
  6.24190E+02  4.69500E-07  7.08700E-08  0.00000E+00  9.99991E+00
  6.40220E+02  5.90500E-07  7.18600E-08  0.00000E+00  9.99991E+00
  6.56340E+02  6.19000E-07  7.29800E-08  0.00000E+00  9.99991E+00
  6.72550E+02  6.38100E-07  7.26600E-08  0.00000E+00  9.99991E+00
  6.88840E+02  6.51300E-07  7.27100E-08  0.00000E+00  9.99991E+00
  7.05220E+02  5.99300E-07  7.23900E-08  0.00000E+00  9.99991E+00
  7.21670E+02  6.02800E-07  7.27500E-08  0.00000E+00  9.99991E+00
  7.38210E+02  6.88800E-07  7.37800E-08  0.00000E+00  9.99991E+00
  7.54810E+02  7.84400E-07  7.42800E-08  0.00000E+00  9.99991E+00
  7.71490E+02  7.48200E-07  7.32900E-08  0.00000E+00  9.99991E+00
  7.88240E+02  6.96900E-07  7.22500E-08  0.00000E+00  9.99991E+00
  8.05060E+02  7.00200E-07  7.37600E-08  0.00000E+00  9.99991E+00
  8.21940E+02  7.12500E-07  7.09300E-08  0.00000E+00  9.99991E+00
  8.38890E+02  6.69700E-07  6.84300E-08  0.00000E+00  9.99991E+00
  8.55900E+02  6.11100E-07  6.55300E-08  0.00000E+00  9.99991E+00
  8.72980E+02  5.79900E-07  6.41500E-08  0.00000E+00  9.99991E+00
  8.90110E+02  5.94700E-07  6.23700E-08  0.00000E+00  9.99991E+00
  9.07300E+02  5.05000E-07  5.68400E-08  0.00000E+00  9.99991E+00
  9.24550E+02  4.13300E-07  5.29900E-08  0.00000E+00  9.99991E+00
  9.41850E+02  3.57200E-07  5.02600E-08  0.00000E+00  9.99991E+00
  9.59200E+02  2.83000E-07  4.79100E-08  0.00000E+00  9.99991E+00
  9.76600E+02  2.37000E-07  4.40200E-08  0.00000E+00  9.99991E+00
  9.94060E+02  2.29800E-07  4.24200E-08  0.00000E+00  9.99991E+00
  1.01160E+03  2.34600E-07  4.25300E-08  0.00000E+00  9.99991E+00
  1.02910E+03  3.04100E-07  4.46200E-08  0.00000E+00  9.99991E+00
  1.04670E+03  3.87400E-07  4.59300E-08  0.00000E+00  9.99991E+00
  1.06440E+03  5.29000E-07  4.99100E-08  0.00000E+00  9.99991E+00
  1.08200E+03  6.04200E-07  5.25100E-08  0.00000E+00  9.99991E+00
  1.09980E+03  6.27000E-07  5.19100E-08  0.00000E+00  9.99991E+00
  1.11750E+03  5.76300E-07  5.01100E-08  0.00000E+00  9.99991E+00
  1.13540E+03  4.67900E-07  4.70000E-08  0.00000E+00  9.99991E+00
  1.15320E+03  2.78000E-07  3.91600E-08  0.00000E+00  9.99991E+00
  1.17110E+03  1.14900E-07  3.15300E-08  0.00000E+00  9.99991E+00
  1.18900E+03  2.18300E-08  2.39200E-08  0.00000E+00  9.99991E+00
  4.10889E+00  1.67100E-04  8.75880E-06  0.00000E+00  2.50000E+01
  4.81844E+00  1.45420E-04  7.56200E-06  0.00000E+00  2.50000E+01
  5.65052E+00  1.10760E-04  5.79380E-06  0.00000E+00  2.50000E+01
  6.62628E+00  9.32370E-05  4.89500E-06  0.00000E+00  2.50000E+01
  7.77055E+00  6.70550E-05  3.57900E-06  0.00000E+00  2.50000E+01
  9.11242E+00  5.22410E-05  2.82450E-06  0.00000E+00  2.50000E+01
  1.06860E+01  4.04000E-05  2.22170E-06  0.00000E+00  2.50000E+01
  1.25310E+01  2.78530E-05  1.58870E-06  0.00000E+00  2.50000E+01
  1.46950E+01  2.00770E-05  1.18670E-06  0.00000E+00  2.50000E+01
  1.72330E+01  1.54070E-05  9.20800E-07  0.00000E+00  2.50000E+01
  2.02090E+01  1.16460E-05  7.01900E-07  0.00000E+00  2.50000E+01
  2.36990E+01  9.26030E-06  5.60000E-07  0.00000E+00  2.50000E+01
  2.77910E+01  7.67970E-06  4.70600E-07  0.00000E+00  2.50000E+01
  3.25900E+01  7.25240E-06  4.35000E-07  0.00000E+00  2.50000E+01
  3.82180E+01  6.12400E-06  3.70900E-07  0.00000E+00  2.50000E+01
  4.48180E+01  5.42440E-06  3.28100E-07  0.00000E+00  2.50000E+01
  5.25570E+01  4.91390E-06  2.93600E-07  0.00000E+00  2.50000E+01
  6.16330E+01  4.20430E-06  2.52600E-07  0.00000E+00  2.50000E+01
  7.22770E+01  3.62260E-06  2.19100E-07  0.00000E+00  2.50000E+01
  8.47580E+01  3.11600E-06  1.89000E-07  0.00000E+00  2.50000E+01
  9.93940E+01  2.72890E-06  1.64800E-07  0.00000E+00  2.50000E+01
  1.16560E+02  2.34800E-06  1.41800E-07  0.00000E+00  2.50000E+01
  1.36690E+02  1.84000E-06  1.13200E-07  0.00000E+00  2.50000E+01
  1.60290E+02  1.53670E-06  9.51200E-08  0.00000E+00  2.50000E+01
  1.79530E+02  1.32340E-06  1.31500E-07  0.00000E+00  2.50000E+01
  1.91750E+02  1.22140E-06  1.14800E-07  0.00000E+00  2.50000E+01
  2.03550E+02  1.08020E-06  9.89900E-08  0.00000E+00  2.50000E+01
  2.16080E+02  9.52500E-07  8.59800E-08  0.00000E+00  2.50000E+01
  2.29390E+02  9.32600E-07  7.85700E-08  0.00000E+00  2.50000E+01
  2.43510E+02  8.79200E-07  7.18300E-08  0.00000E+00  2.50000E+01
  2.58500E+02  7.87200E-07  6.62200E-08  0.00000E+00  2.50000E+01
  2.73890E+02  7.41000E-07  6.26800E-08  0.00000E+00  2.50000E+01
  2.88010E+02  6.72100E-07  6.48400E-08  0.00000E+00  2.50000E+01
  3.00980E+02  6.59000E-07  6.37900E-08  0.00000E+00  2.50000E+01
  3.14130E+02  6.90300E-07  6.19500E-08  0.00000E+00  2.50000E+01
  3.27450E+02  6.41000E-07  6.12300E-08  0.00000E+00  2.50000E+01
  3.40960E+02  5.33700E-07  5.82700E-08  0.00000E+00  2.50000E+01
  3.54630E+02  5.59500E-07  5.73200E-08  0.00000E+00  2.50000E+01
  3.68460E+02  5.06300E-07  5.52800E-08  0.00000E+00  2.50000E+01
  3.82450E+02  5.12100E-07  5.59900E-08  0.00000E+00  2.50000E+01
  3.96600E+02  5.05300E-07  5.42500E-08  0.00000E+00  2.50000E+01
  4.10890E+02  4.61000E-07  5.35200E-08  0.00000E+00  2.50000E+01
  4.25330E+02  4.75500E-07  5.19000E-08  0.00000E+00  2.50000E+01
  4.39900E+02  4.62500E-07  5.10000E-08  0.00000E+00  2.50000E+01
  4.54610E+02  3.76300E-07  4.94200E-08  0.00000E+00  2.50000E+01
  4.69450E+02  3.55900E-07  4.71400E-08  0.00000E+00  2.50000E+01
  4.84420E+02  3.88800E-07  4.74300E-08  0.00000E+00  2.50000E+01
  4.99510E+02  3.32600E-07  4.48000E-08  0.00000E+00  2.50000E+01
  5.14710E+02  3.25700E-07  4.43500E-08  0.00000E+00  2.50000E+01
  5.30030E+02  2.79700E-07  4.19900E-08  0.00000E+00  2.50000E+01
  5.45470E+02  2.65600E-07  4.15500E-08  0.00000E+00  2.50000E+01
  5.61010E+02  2.51900E-07  3.97900E-08  0.00000E+00  2.50000E+01
  5.76650E+02  2.29100E-07  3.82400E-08  0.00000E+00  2.50000E+01
  5.92400E+02  2.43100E-07  3.83800E-08  0.00000E+00  2.50000E+01
  6.08250E+02  2.25000E-07  3.62200E-08  0.00000E+00  2.50000E+01
  6.24190E+02  2.01200E-07  3.65700E-08  0.00000E+00  2.50000E+01
  6.40220E+02  1.71700E-07  3.35100E-08  0.00000E+00  2.50000E+01
  6.56340E+02  2.14500E-07  3.49800E-08  0.00000E+00  2.50000E+01
  6.72550E+02  2.12300E-07  3.38500E-08  0.00000E+00  2.50000E+01
  6.88840E+02  1.68200E-07  3.20700E-08  0.00000E+00  2.50000E+01
  7.05220E+02  1.45400E-07  2.97900E-08  0.00000E+00  2.50000E+01
  7.21670E+02  1.56700E-07  3.03600E-08  0.00000E+00  2.50000E+01
  7.38210E+02  1.34200E-07  2.83300E-08  0.00000E+00  2.50000E+01
  7.54810E+02  1.21600E-07  2.68000E-08  0.00000E+00  2.50000E+01
  7.71490E+02  1.34200E-07  2.78200E-08  0.00000E+00  2.50000E+01
  7.88240E+02  1.43500E-07  2.71600E-08  0.00000E+00  2.50000E+01
  8.05060E+02  1.37700E-07  2.60800E-08  0.00000E+00  2.50000E+01
  8.21940E+02  1.34800E-07  2.56400E-08  0.00000E+00  2.50000E+01
  8.38890E+02  1.31100E-07  2.64100E-08  0.00000E+00  2.50000E+01
  8.55900E+02  1.10300E-07  2.35300E-08  0.00000E+00  2.50000E+01
  8.72980E+02  1.18300E-07  2.41200E-08  0.00000E+00  2.50000E+01
  8.90110E+02  1.11300E-07  2.28400E-08  0.00000E+00  2.50000E+01
  9.07300E+02  1.03900E-07  2.21000E-08  0.00000E+00  2.50000E+01
  9.24550E+02  1.06000E-07  2.16900E-08  0.00000E+00  2.50000E+01
  9.41850E+02  8.55400E-08  1.99000E-08  0.00000E+00  2.50000E+01
  9.59200E+02  7.35000E-08  1.95400E-08  0.00000E+00  2.50000E+01
  9.76600E+02  5.88200E-08  1.72700E-08  0.00000E+00  2.50000E+01
  9.94060E+02  4.21600E-08  1.46300E-08  0.00000E+00  2.50000E+01
  1.01160E+03  3.30300E-08  1.37600E-08  0.00000E+00  2.50000E+01
  1.02910E+03  2.29600E-08  1.19600E-08  0.00000E+00  2.50000E+01
  1.04670E+03  1.51000E-08  9.66000E-09  0.00000E+00  2.50000E+01
  1.06440E+03  1.01400E-08  8.85000E-09  0.00000E+00  2.50000E+01
  1.08200E+03  5.10000E-09  6.82000E-09  0.00000E+00  2.50000E+01
  1.98090E+00  3.08730E-04  1.89660E-05  0.00000E+00  4.00000E+01
  2.16962E+00  2.99170E-04  8.46440E-06  0.00000E+00  4.00000E+01
  2.37632E+00  2.89770E-04  7.78430E-06  0.00000E+00  4.00000E+01
  2.60272E+00  2.65330E-04  7.04370E-06  0.00000E+00  4.00000E+01
  2.85068E+00  2.56150E-04  6.54410E-06  0.00000E+00  4.00000E+01
  3.12227E+00  2.28860E-04  5.93880E-06  0.00000E+00  4.00000E+01
  3.41973E+00  2.12140E-04  5.45580E-06  0.00000E+00  4.00000E+01
  3.74553E+00  1.93440E-04  5.02480E-06  0.00000E+00  4.00000E+01
  4.10237E+00  1.81870E-04  4.66530E-06  0.00000E+00  4.00000E+01
  4.49321E+00  1.59600E-04  4.21640E-06  0.00000E+00  4.00000E+01
  4.92128E+00  1.40030E-04  3.83570E-06  0.00000E+00  4.00000E+01
  5.39014E+00  1.20040E-04  3.45980E-06  0.00000E+00  4.00000E+01
  5.90367E+00  1.08260E-04  3.18030E-06  0.00000E+00  4.00000E+01
  6.46611E+00  9.14450E-05  2.89190E-06  0.00000E+00  4.00000E+01
  7.08215E+00  7.75380E-05  2.62310E-06  0.00000E+00  4.00000E+01
  7.75687E+00  6.69970E-05  2.41650E-06  0.00000E+00  4.00000E+01
  8.49588E+00  5.50940E-05  2.17700E-06  0.00000E+00  4.00000E+01
  9.30529E+00  4.52210E-05  1.98500E-06  0.00000E+00  4.00000E+01
  1.01920E+01  3.44470E-05  1.77390E-06  0.00000E+00  4.00000E+01
  1.11630E+01  2.84730E-05  1.59850E-06  0.00000E+00  4.00000E+01
  1.22260E+01  2.34760E-05  1.44620E-06  0.00000E+00  4.00000E+01
  4.10889E+00  1.50450E-04  7.90600E-06  0.00000E+00  5.50001E+01
  4.81844E+00  1.30940E-04  6.82320E-06  0.00000E+00  5.50001E+01
  5.65052E+00  1.01150E-04  5.30070E-06  0.00000E+00  5.50001E+01
  6.62628E+00  8.41140E-05  4.42520E-06  0.00000E+00  5.50001E+01
  7.77055E+00  6.28020E-05  3.35000E-06  0.00000E+00  5.50001E+01
  9.11242E+00  4.68520E-05  2.54430E-06  0.00000E+00  5.50001E+01
  1.06860E+01  3.49190E-05  1.93980E-06  0.00000E+00  5.50001E+01
  1.25310E+01  2.46160E-05  1.41730E-06  0.00000E+00  5.50001E+01
  1.46950E+01  1.88600E-05  1.10780E-06  0.00000E+00  5.50001E+01
  1.72330E+01  1.45540E-05  8.64700E-07  0.00000E+00  5.50001E+01
  2.02090E+01  1.08550E-05  6.49700E-07  0.00000E+00  5.50001E+01
  2.36990E+01  8.58140E-06  5.18000E-07  0.00000E+00  5.50001E+01
  2.77910E+01  7.07290E-06  4.32800E-07  0.00000E+00  5.50001E+01
  3.25900E+01  5.76640E-06  3.60200E-07  0.00000E+00  5.50001E+01
  3.82180E+01  5.31070E-06  3.27700E-07  0.00000E+00  5.50001E+01
  4.48180E+01  4.63260E-06  2.85700E-07  0.00000E+00  5.50001E+01
  5.25570E+01  4.07520E-06  2.50800E-07  0.00000E+00  5.50001E+01
  6.16330E+01  3.44570E-06  2.13900E-07  0.00000E+00  5.50001E+01
  7.22770E+01  2.82370E-06  1.78800E-07  0.00000E+00  5.50001E+01
  8.47580E+01  2.39990E-06  1.53500E-07  0.00000E+00  5.50001E+01
  9.93940E+01  1.86300E-06  1.22900E-07  0.00000E+00  5.50001E+01
  1.16560E+02  1.45140E-06  9.80700E-08  0.00000E+00  5.50001E+01
  1.36690E+02  1.11040E-06  7.82900E-08  0.00000E+00  5.50001E+01
  1.60290E+02  9.00300E-07  6.40200E-08  0.00000E+00  5.50001E+01
  1.79530E+02  6.76700E-07  7.96600E-08  0.00000E+00  5.50001E+01
  1.91750E+02  5.83800E-07  6.32500E-08  0.00000E+00  5.50001E+01
  2.03550E+02  4.92800E-07  5.00900E-08  0.00000E+00  5.50001E+01
  2.16080E+02  4.68100E-07  4.17000E-08  0.00000E+00  5.50001E+01
  2.29390E+02  3.82700E-07  3.44600E-08  0.00000E+00  5.50001E+01
  2.43510E+02  3.61800E-07  3.03200E-08  0.00000E+00  5.50001E+01
  2.58500E+02  3.18600E-07  2.68300E-08  0.00000E+00  5.50001E+01
  2.73890E+02  2.65200E-07  2.40600E-08  0.00000E+00  5.50001E+01
  2.88010E+02  2.60800E-07  2.42600E-08  0.00000E+00  5.50001E+01
  3.00980E+02  2.39700E-07  2.32100E-08  0.00000E+00  5.50001E+01
  3.14130E+02  1.91600E-07  2.12900E-08  0.00000E+00  5.50001E+01
  3.27450E+02  1.61300E-07  2.01000E-08  0.00000E+00  5.50001E+01
  3.40960E+02  1.62600E-07  1.91300E-08  0.00000E+00  5.50001E+01
  3.54630E+02  1.51000E-07  1.84500E-08  0.00000E+00  5.50001E+01
  3.68460E+02  1.22900E-07  1.69600E-08  0.00000E+00  5.50001E+01
  3.82450E+02  1.20900E-07  1.66100E-08  0.00000E+00  5.50001E+01
  3.96600E+02  9.79800E-08  1.50300E-08  0.00000E+00  5.50001E+01
  4.10890E+02  9.53700E-08  1.43900E-08  0.00000E+00  5.50001E+01
  4.25330E+02  7.79800E-08  1.30600E-08  0.00000E+00  5.50001E+01
  4.39900E+02  5.80000E-08  1.19500E-08  0.00000E+00  5.50001E+01
  4.54610E+02  4.81000E-08  1.12900E-08  0.00000E+00  5.50001E+01
  4.69450E+02  4.56700E-08  1.03200E-08  0.00000E+00  5.50001E+01
  4.84420E+02  4.89200E-08  1.01600E-08  0.00000E+00  5.50001E+01
  4.99510E+02  4.28400E-08  9.44000E-09  0.00000E+00  5.50001E+01
  5.14710E+02  3.08200E-08  8.48000E-09  0.00000E+00  5.50001E+01
  5.30030E+02  2.39800E-08  7.71000E-09  0.00000E+00  5.50001E+01
  5.45470E+02  1.63200E-08  6.65000E-09  0.00000E+00  5.50001E+01
  5.61010E+02  1.72100E-08  6.50000E-09  0.00000E+00  5.50001E+01
  5.76650E+02  1.71600E-08  6.01000E-09  0.00000E+00  5.50001E+01
  5.92400E+02  1.43500E-08  5.78000E-09  0.00000E+00  5.50001E+01
  6.08250E+02  6.59000E-09  4.57000E-09  0.00000E+00  5.50001E+01
  6.24190E+02  9.09000E-09  5.02000E-09  0.00000E+00  5.50001E+01
  6.40220E+02  8.83000E-09  4.37000E-09  0.00000E+00  5.50001E+01
  4.10889E+00  1.11250E-04  5.94520E-06  0.00000E+00  8.50001E+01
  4.81844E+00  9.55330E-05  5.05540E-06  0.00000E+00  8.50001E+01
  5.65052E+00  7.65360E-05  4.06530E-06  0.00000E+00  8.50001E+01
  6.62628E+00  6.24530E-05  3.34250E-06  0.00000E+00  8.50001E+01
  7.77055E+00  4.55000E-05  2.48570E-06  0.00000E+00  8.50001E+01
  9.11242E+00  3.60180E-05  1.99700E-06  0.00000E+00  8.50001E+01
  1.06860E+01  2.56860E-05  1.47600E-06  0.00000E+00  8.50001E+01
  1.25310E+01  1.90710E-05  1.13220E-06  0.00000E+00  8.50001E+01
  1.46950E+01  1.42680E-05  8.73200E-07  0.00000E+00  8.50001E+01
  1.72330E+01  1.06050E-05  6.67500E-07  0.00000E+00  8.50001E+01
  2.02090E+01  7.68990E-06  4.93200E-07  0.00000E+00  8.50001E+01
  2.36990E+01  6.28890E-06  4.02500E-07  0.00000E+00  8.50001E+01
  2.77910E+01  5.00110E-06  3.29600E-07  0.00000E+00  8.50001E+01
  3.25900E+01  4.28640E-06  2.82900E-07  0.00000E+00  8.50001E+01
  3.82180E+01  3.69620E-06  2.45500E-07  0.00000E+00  8.50001E+01
  4.48180E+01  3.08830E-06  2.08000E-07  0.00000E+00  8.50001E+01
  5.25570E+01  2.71580E-06  1.82800E-07  0.00000E+00  8.50001E+01
  6.16330E+01  2.05530E-06  1.45800E-07  0.00000E+00  8.50001E+01
  7.22770E+01  1.66700E-06  1.21800E-07  0.00000E+00  8.50001E+01
  8.47580E+01  1.39450E-06  1.04700E-07  0.00000E+00  8.50001E+01
  9.93940E+01  9.91500E-07  8.08000E-08  0.00000E+00  8.50001E+01
  1.09610E+02  6.89300E-07  8.38600E-08  0.00000E+00  8.50001E+01
  1.16560E+02  4.87800E-07  5.68700E-08  0.00000E+00  8.50001E+01
  1.26220E+02  3.92900E-07  4.10100E-08  0.00000E+00  8.50001E+01
  1.36690E+02  3.30100E-07  3.09800E-08  0.00000E+00  8.50001E+01
  1.48020E+02  2.54500E-07  2.37400E-08  0.00000E+00  8.50001E+01
  1.60290E+02  2.16700E-07  1.93600E-08  0.00000E+00  8.50001E+01
  1.73580E+02  1.64300E-07  1.56400E-08  0.00000E+00  8.50001E+01
  1.87970E+02  1.30500E-07  1.29300E-08  0.00000E+00  8.50001E+01
  2.03550E+02  1.02200E-07  1.07800E-08  0.00000E+00  8.50001E+01
  2.15960E+02  6.93800E-08  8.88000E-09  0.00000E+00  8.50001E+01
  2.26170E+02  6.58300E-08  8.85000E-09  0.00000E+00  8.50001E+01
  2.38120E+02  6.34800E-08  8.28000E-09  0.00000E+00  8.50001E+01
  2.50290E+02  4.78000E-08  7.49000E-09  0.00000E+00  8.50001E+01
  2.62660E+02  3.57100E-08  6.53000E-09  0.00000E+00  8.50001E+01
  2.75240E+02  3.53800E-08  6.16000E-09  0.00000E+00  8.50001E+01
  2.88010E+02  2.52000E-08  5.42000E-09  0.00000E+00  8.50001E+01
  3.00980E+02  1.96700E-08  4.83000E-09  0.00000E+00  8.50001E+01
  3.14130E+02  1.65400E-08  4.43000E-09  0.00000E+00  8.50001E+01
  3.27450E+02  1.56500E-08  4.14000E-09  0.00000E+00  8.50001E+01
  3.40960E+02  1.27500E-08  3.76000E-09  0.00000E+00  8.50001E+01
  3.54630E+02  8.45000E-09  3.19000E-09  0.00000E+00  8.50001E+01
  3.68460E+02  8.09000E-09  3.06000E-09  0.00000E+00  8.50001E+01
  3.82450E+02  7.34000E-09  2.78000E-09  0.00000E+00  8.50001E+01
  3.96600E+02  4.12000E-09  2.29000E-09  0.00000E+00  8.50001E+01
  4.10890E+02  3.19000E-09  1.95000E-09  0.00000E+00  8.50001E+01
  4.25330E+02  3.32000E-09  1.88000E-09  0.00000E+00  8.50001E+01
  4.39900E+02  1.52000E-09  1.46000E-09  0.00000E+00  8.50001E+01
  4.54610E+02  1.66000E-09  1.44000E-09  0.00000E+00  8.50001E+01
  1.98090E+00  2.50510E-04  1.46870E-05  0.00000E+00  1.00000E+02
  2.16962E+00  2.28180E-04  5.30660E-06  0.00000E+00  1.00000E+02
  2.37632E+00  2.14000E-04  4.86350E-06  0.00000E+00  1.00000E+02
  2.60272E+00  2.00530E-04  4.44870E-06  0.00000E+00  1.00000E+02
  2.85068E+00  1.83210E-04  4.07090E-06  0.00000E+00  1.00000E+02
  3.12227E+00  1.76000E-04  3.81430E-06  0.00000E+00  1.00000E+02
  3.41973E+00  1.52110E-04  3.41760E-06  0.00000E+00  1.00000E+02
  3.74553E+00  1.44610E-04  3.19840E-06  0.00000E+00  1.00000E+02
  4.10237E+00  1.29490E-04  2.91580E-06  0.00000E+00  1.00000E+02
  4.49321E+00  1.16980E-04  2.66080E-06  0.00000E+00  1.00000E+02
  4.92128E+00  1.07210E-04  2.45510E-06  0.00000E+00  1.00000E+02
  5.39014E+00  8.92920E-05  2.18280E-06  0.00000E+00  1.00000E+02
  5.90367E+00  7.73120E-05  1.97560E-06  0.00000E+00  1.00000E+02
  6.46611E+00  6.48580E-05  1.77640E-06  0.00000E+00  1.00000E+02
  7.08215E+00  5.61540E-05  1.61150E-06  0.00000E+00  1.00000E+02
  7.75687E+00  4.73780E-05  1.45770E-06  0.00000E+00  1.00000E+02
  8.49588E+00  4.09560E-05  1.33010E-06  0.00000E+00  1.00000E+02
  9.30529E+00  3.49050E-05  1.20530E-06  0.00000E+00  1.00000E+02
  1.01920E+01  2.78170E-05  1.08760E-06  0.00000E+00  1.00000E+02
  1.11630E+01  2.39400E-05  9.91000E-07  0.00000E+00  1.00000E+02
  1.22260E+01  1.98270E-05  8.79400E-07  0.00000E+00  1.00000E+02
  1.98090E+00  3.47720E-04  2.01840E-05  0.00000E+00  1.15000E+02
  2.16962E+00  3.17440E-04  6.92910E-06  0.00000E+00  1.15000E+02
  2.37632E+00  2.94830E-04  6.31200E-06  0.00000E+00  1.15000E+02
  2.60272E+00  2.66270E-04  5.70130E-06  0.00000E+00  1.15000E+02
  2.85068E+00  2.45270E-04  5.22060E-06  0.00000E+00  1.15000E+02
  3.12227E+00  2.27810E-04  4.82010E-06  0.00000E+00  1.15000E+02
  3.41973E+00  1.98080E-04  4.32460E-06  0.00000E+00  1.15000E+02
  3.74553E+00  1.82290E-04  3.97470E-06  0.00000E+00  1.15000E+02
  4.10237E+00  1.62980E-04  3.62760E-06  0.00000E+00  1.15000E+02
  4.49321E+00  1.48720E-04  3.33820E-06  0.00000E+00  1.15000E+02
  4.92128E+00  1.29550E-04  3.00560E-06  0.00000E+00  1.15000E+02
  5.39014E+00  1.12970E-04  2.72270E-06  0.00000E+00  1.15000E+02
  5.90367E+00  9.62690E-05  2.43610E-06  0.00000E+00  1.15000E+02
  6.46611E+00  8.31020E-05  2.22190E-06  0.00000E+00  1.15000E+02
  7.08215E+00  7.19850E-05  2.03310E-06  0.00000E+00  1.15000E+02
  7.75687E+00  5.79040E-05  1.79830E-06  0.00000E+00  1.15000E+02
  8.49588E+00  4.82410E-05  1.63280E-06  0.00000E+00  1.15000E+02
  9.30529E+00  4.02110E-05  1.47880E-06  0.00000E+00  1.15000E+02
  1.01920E+01  3.28480E-05  1.32510E-06  0.00000E+00  1.15000E+02
  1.11630E+01  2.83400E-05  1.21430E-06  0.00000E+00  1.15000E+02
  1.22260E+01  2.19480E-05  1.06600E-06  0.00000E+00  1.15000E+02
  4.10889E+00  1.45810E-04  7.52960E-06  0.00000E+00  1.30000E+02
  4.81844E+00  1.18200E-04  6.08970E-06  0.00000E+00  1.30000E+02
  5.65052E+00  9.27760E-05  4.79380E-06  0.00000E+00  1.30000E+02
  6.62628E+00  7.45540E-05  3.87100E-06  0.00000E+00  1.30000E+02
  7.77055E+00  5.52020E-05  2.89560E-06  0.00000E+00  1.30000E+02
  9.11242E+00  4.08010E-05  2.16960E-06  0.00000E+00  1.30000E+02
  1.06860E+01  2.99610E-05  1.62210E-06  0.00000E+00  1.30000E+02
  1.25310E+01  2.05530E-05  1.14640E-06  0.00000E+00  1.30000E+02
  1.46950E+01  1.50080E-05  8.57600E-07  0.00000E+00  1.30000E+02
  1.72330E+01  1.15260E-05  6.65700E-07  0.00000E+00  1.30000E+02
  2.02090E+01  7.88580E-06  4.66400E-07  0.00000E+00  1.30000E+02
  2.36990E+01  5.52490E-06  3.39500E-07  0.00000E+00  1.30000E+02
  2.77910E+01  4.12440E-06  2.63700E-07  0.00000E+00  1.30000E+02
  3.25900E+01  3.31150E-06  2.17500E-07  0.00000E+00  1.30000E+02
  3.82180E+01  2.79770E-06  1.86500E-07  0.00000E+00  1.30000E+02
  4.48180E+01  2.06270E-06  1.46100E-07  0.00000E+00  1.30000E+02
  5.25570E+01  1.54640E-06  1.17100E-07  0.00000E+00  1.30000E+02
  6.16330E+01  1.12730E-06  9.28400E-08  0.00000E+00  1.30000E+02
  7.22770E+01  8.47300E-07  7.62000E-08  0.00000E+00  1.30000E+02
  8.47580E+01  5.85600E-07  6.00300E-08  0.00000E+00  1.30000E+02
  9.93940E+01  3.96600E-07  4.80600E-08  0.00000E+00  1.30000E+02
  1.16560E+02  2.32300E-07  3.68700E-08  0.00000E+00  1.30000E+02
  1.36690E+02  1.06500E-07  2.88000E-08  0.00000E+00  1.30000E+02
  1.60290E+02  3.57000E-08  2.23600E-08  0.00000E+00  1.30000E+02
  1.87970E+02  9.42000E-09  8.48000E-09  0.00000E+00  1.30000E+02
  2.20430E+02  8.99000E-09  8.09000E-09  0.00000E+00  1.30000E+02
  1.98090E+00  3.59290E-04  2.09080E-05  0.00000E+00  1.45000E+02
  2.16962E+00  3.32760E-04  7.26430E-06  0.00000E+00  1.45000E+02
  2.37632E+00  3.14110E-04  6.67280E-06  0.00000E+00  1.45000E+02
  2.60272E+00  2.91590E-04  6.10830E-06  0.00000E+00  1.45000E+02
  2.85068E+00  2.66110E-04  5.54600E-06  0.00000E+00  1.45000E+02
  3.12227E+00  2.42800E-04  5.11030E-06  0.00000E+00  1.45000E+02
  3.41973E+00  2.05460E-04  4.52380E-06  0.00000E+00  1.45000E+02
  3.74553E+00  1.90270E-04  4.17390E-06  0.00000E+00  1.45000E+02
  4.10237E+00  1.72490E-04  3.82230E-06  0.00000E+00  1.45000E+02
  4.49321E+00  1.53440E-04  3.48170E-06  0.00000E+00  1.45000E+02
  4.92128E+00  1.42240E-04  3.22980E-06  0.00000E+00  1.45000E+02
  5.39014E+00  1.16090E-04  2.85400E-06  0.00000E+00  1.45000E+02
  5.90367E+00  9.69340E-05  2.51810E-06  0.00000E+00  1.45000E+02
  6.46611E+00  8.52470E-05  2.31720E-06  0.00000E+00  1.45000E+02
  7.08215E+00  7.43620E-05  2.12320E-06  0.00000E+00  1.45000E+02
  7.75687E+00  5.90890E-05  1.87220E-06  0.00000E+00  1.45000E+02
  8.49588E+00  4.83930E-05  1.70130E-06  0.00000E+00  1.45000E+02
  9.30529E+00  3.74620E-05  1.50050E-06  0.00000E+00  1.45000E+02
  1.01920E+01  3.36390E-05  1.38680E-06  0.00000E+00  1.45000E+02
  1.11630E+01  2.85070E-05  1.26550E-06  0.00000E+00  1.45000E+02
  1.22260E+01  2.28300E-05  1.12560E-06  0.00000E+00  1.45000E+02
  4.10889E+00  1.46210E-04  7.55150E-06  0.00000E+00  1.60000E+02
  4.81844E+00  1.23790E-04  6.36780E-06  0.00000E+00  1.60000E+02
  5.65052E+00  9.37960E-05  4.84700E-06  0.00000E+00  1.60000E+02
  6.62628E+00  7.64220E-05  3.96460E-06  0.00000E+00  1.60000E+02
  7.77055E+00  5.38010E-05  2.82710E-06  0.00000E+00  1.60000E+02
  9.11242E+00  4.12460E-05  2.19250E-06  0.00000E+00  1.60000E+02
  1.06860E+01  2.86210E-05  1.55810E-06  0.00000E+00  1.60000E+02
  1.25310E+01  2.00160E-05  1.12170E-06  0.00000E+00  1.60000E+02
  1.46950E+01  1.41060E-05  8.16100E-07  0.00000E+00  1.60000E+02
  1.72330E+01  1.02540E-05  6.06600E-07  0.00000E+00  1.60000E+02
  2.02090E+01  6.60160E-06  4.08900E-07  0.00000E+00  1.60000E+02
  2.36990E+01  4.64620E-06  3.00200E-07  0.00000E+00  1.60000E+02
  2.77910E+01  3.88620E-06  2.53700E-07  0.00000E+00  1.60000E+02
  3.25900E+01  2.78090E-06  1.95400E-07  0.00000E+00  1.60000E+02
  3.82180E+01  2.26080E-06  1.63500E-07  0.00000E+00  1.60000E+02
  4.48180E+01  1.56200E-06  1.25600E-07  0.00000E+00  1.60000E+02
  5.25570E+01  1.10960E-06  9.95800E-08  0.00000E+00  1.60000E+02
  6.16330E+01  9.93800E-07  8.74400E-08  0.00000E+00  1.60000E+02
  7.22770E+01  6.68300E-07  6.94500E-08  0.00000E+00  1.60000E+02
  8.47580E+01  4.20200E-07  5.42400E-08  0.00000E+00  1.60000E+02
  9.93940E+01  3.02400E-07  4.49200E-08  0.00000E+00  1.60000E+02
  1.16560E+02  1.50200E-07  3.51300E-08  0.00000E+00  1.60000E+02
  1.36690E+02  7.36600E-08  2.78500E-08  0.00000E+00  1.60000E+02
  1.60290E+02  5.36100E-08  2.30200E-08  0.00000E+00  1.60000E+02
  1.87970E+02  5.05000E-09  4.55000E-09  0.00000E+00  1.60000E+02
# Full reference:
#S.Leray,  F.Borne,  S.Crespin,  J.Frehaut,  X.Ledoux, E.Martinez,  Y.Patin,  E.Petibon,  P.Pras,
# A.Boudard, R.Legrain,  Y.Terrien,  F.Brochard,  D.Drake, J.C.Duchazeaubeneix,  J.M.Durand,  S.I.Meigo,  G.Milleret,
#D.M.Whittal,  W.Wlazlo,  D.Durand,  C.Le Brun, F.R.Lecolley,  J.F.Lecolley,  F.Lefebvres,  M.Louvel, C.Varignon,
# F.Hanappe,  S.Menard,  L.Stuttge,  J.Thun
#Jour. Physical Review, Part C, Nuclear Physics Vol.65, p.044621, 2002
#Spallation neutron production by 0.8, 1.2, and 1.6 GeV protons on various targets.
