# Target Z    :  74
# Target A    :   0
# Target state:  
# Projectile  : p
# Reaction    : (p,xn)
# E-inc       :  800.000 MeV
# Quantity    : Double-differential cross section
# Frame       : L
# MF          :    6
# MT          :  201
# X4 ID       : O1170007 
# X4 code     : 74-W-0(P,X)0-NN-1,,DA/DE
# Author      : Trebukhovsky             
# Year        : 2003
# Data points :    110
# E-out(MeV) xs(mb/MeV.sr) dxs(mb/MeV.sr) dE(MeV)      Evaluation  C/E(F)      Chi-2     Delta(mb)
  3.10000E+00  1.82000E-04  1.90000E-05  0.00000E+00  3.00000E+01
  3.68000E+00  1.57000E-04  1.60000E-05  0.00000E+00  3.00000E+01
  4.38000E+00  1.23000E-04  1.30000E-05  0.00000E+00  3.00000E+01
  5.22000E+00  1.06000E-04  1.10000E-05  0.00000E+00  3.00000E+01
  6.22000E+00  7.17000E-05  7.40000E-06  0.00000E+00  3.00000E+01
  7.43000E+00  4.65000E-05  4.80000E-06  0.00000E+00  3.00000E+01
  8.90000E+00  3.69000E-05  3.70000E-06  0.00000E+00  3.00000E+01
  1.07000E+01  2.78000E-05  3.10000E-06  0.00000E+00  3.00000E+01
  1.29000E+01  1.80000E-05  1.90000E-06  0.00000E+00  3.00000E+01
  1.56000E+01  1.26000E-05  1.30000E-06  0.00000E+00  3.00000E+01
  1.90000E+01  9.23000E-06  7.60000E-07  0.00000E+00  3.00000E+01
  2.33000E+01  6.29000E-06  6.60000E-07  0.00000E+00  3.00000E+01
  2.89000E+01  5.47000E-06  5.70000E-07  0.00000E+00  3.00000E+01
  3.61000E+01  4.70000E-06  4.90000E-07  0.00000E+00  3.00000E+01
  4.56000E+01  4.14000E-06  4.30000E-07  0.00000E+00  3.00000E+01
  5.84000E+01  3.15000E-06  3.30000E-07  0.00000E+00  3.00000E+01
  7.60000E+01  2.57000E-06  2.70000E-07  0.00000E+00  3.00000E+01
  1.01000E+02  1.93000E-06  3.00000E-07  0.00000E+00  3.00000E+01
  1.34000E+02  1.35000E-06  2.10000E-07  0.00000E+00  3.00000E+01
  1.79000E+02  9.13000E-07  1.42000E-07  0.00000E+00  3.00000E+01
  2.41000E+02  5.75000E-07  9.40000E-08  0.00000E+00  3.00000E+01
  3.33000E+02  3.40000E-07  5.40000E-08  0.00000E+00  3.00000E+01
  3.10000E+00  1.74000E-04  1.80000E-05  0.00000E+00  6.00001E+01
  3.68000E+00  1.54000E-04  1.60000E-05  0.00000E+00  6.00001E+01
  4.38000E+00  1.10000E-04  1.10000E-05  0.00000E+00  6.00001E+01
  5.22000E+00  1.08000E-04  1.10000E-05  0.00000E+00  6.00001E+01
  6.22000E+00  7.04000E-05  7.20000E-06  0.00000E+00  6.00001E+01
  7.43000E+00  4.54000E-05  4.60000E-06  0.00000E+00  6.00001E+01
  8.90000E+00  3.43000E-05  3.80000E-06  0.00000E+00  6.00001E+01
  1.07000E+01  2.59000E-05  2.70000E-06  0.00000E+00  6.00001E+01
  1.29000E+01  1.71000E-05  1.80000E-06  0.00000E+00  6.00001E+01
  1.56000E+01  1.16000E-05  1.20000E-06  0.00000E+00  6.00001E+01
  1.90000E+01  8.88000E-06  9.20000E-07  0.00000E+00  6.00001E+01
  2.33000E+01  5.87000E-06  6.10000E-07  0.00000E+00  6.00001E+01
  2.89000E+01  4.47000E-06  4.70000E-07  0.00000E+00  6.00001E+01
  3.61000E+01  3.60000E-06  3.80000E-07  0.00000E+00  6.00001E+01
  4.56000E+01  3.10000E-06  3.30000E-07  0.00000E+00  6.00001E+01
  5.84000E+01  2.39000E-06  2.50000E-07  0.00000E+00  6.00001E+01
  7.60000E+01  1.80000E-06  2.00000E-07  0.00000E+00  6.00001E+01
  1.01000E+02  1.17000E-06  1.80000E-07  0.00000E+00  6.00001E+01
  1.34000E+02  7.71000E-07  1.20000E-07  0.00000E+00  6.00001E+01
  1.79000E+02  4.76000E-07  7.80000E-08  0.00000E+00  6.00001E+01
  2.41000E+02  2.06000E-07  3.80000E-08  0.00000E+00  6.00001E+01
  3.33000E+02  7.10000E-08  1.40000E-08  0.00000E+00  6.00001E+01
  3.10000E+00  1.66000E-04  1.70000E-05  0.00000E+00  9.00000E+01
  3.68000E+00  1.44000E-04  1.50000E-05  0.00000E+00  9.00000E+01
  4.38000E+00  1.18000E-04  1.20000E-05  0.00000E+00  9.00000E+01
  5.22000E+00  9.40000E-05  1.10000E-05  0.00000E+00  9.00000E+01
  6.22000E+00  6.69000E-05  6.80000E-06  0.00000E+00  9.00000E+01
  7.43000E+00  5.09000E-05  5.10000E-06  0.00000E+00  9.00000E+01
  8.90000E+00  4.28000E-05  4.30000E-06  0.00000E+00  9.00000E+01
  1.07000E+01  2.43000E-05  2.50000E-06  0.00000E+00  9.00000E+01
  1.29000E+01  1.66000E-05  1.70000E-06  0.00000E+00  9.00000E+01
  1.56000E+01  1.02000E-05  1.10000E-06  0.00000E+00  9.00000E+01
  1.90000E+01  7.85000E-06  8.00000E-07  0.00000E+00  9.00000E+01
  2.33000E+01  5.14000E-06  5.30000E-07  0.00000E+00  9.00000E+01
  2.89000E+01  3.29000E-06  3.50000E-07  0.00000E+00  9.00000E+01
  3.61000E+01  2.67000E-06  2.80000E-07  0.00000E+00  9.00000E+01
  4.56000E+01  2.05000E-06  2.10000E-07  0.00000E+00  9.00000E+01
  5.84000E+01  1.40000E-06  1.50000E-07  0.00000E+00  9.00000E+01
  7.60000E+01  8.82000E-07  1.01000E-07  0.00000E+00  9.00000E+01
  1.01000E+02  5.28000E-07  8.30000E-08  0.00000E+00  9.00000E+01
  1.34000E+02  2.64000E-07  4.50000E-08  0.00000E+00  9.00000E+01
  1.79000E+02  1.05000E-07  1.80000E-08  0.00000E+00  9.00000E+01
  2.41000E+02  3.60000E-08  7.00000E-09  0.00000E+00  9.00000E+01
  3.33000E+02  1.00000E-08  2.00000E-09  0.00000E+00  9.00000E+01
  3.10000E+00  1.52000E-04  1.60000E-05  0.00000E+00  1.20000E+02
  3.68000E+00  1.40000E-04  1.50000E-05  0.00000E+00  1.20000E+02
  4.38000E+00  1.04000E-04  1.10000E-05  0.00000E+00  1.20000E+02
  5.22000E+00  9.00000E-05  1.00000E-05  0.00000E+00  1.20000E+02
  6.22000E+00  7.24000E-05  7.30000E-06  0.00000E+00  1.20000E+02
  7.43000E+00  5.04000E-05  5.10000E-06  0.00000E+00  1.20000E+02
  8.90000E+00  3.89000E-05  3.90000E-06  0.00000E+00  1.20000E+02
  1.07000E+01  1.84000E-05  1.90000E-06  0.00000E+00  1.20000E+02
  1.29000E+01  1.14000E-05  1.20000E-06  0.00000E+00  1.20000E+02
  1.56000E+01  8.36000E-06  8.60000E-07  0.00000E+00  1.20000E+02
  1.90000E+01  5.59000E-06  5.80000E-07  0.00000E+00  1.20000E+02
  2.33000E+01  3.85000E-06  3.90000E-07  0.00000E+00  1.20000E+02
  2.89000E+01  2.31000E-06  2.40000E-07  0.00000E+00  1.20000E+02
  3.61000E+01  1.64000E-06  1.80000E-07  0.00000E+00  1.20000E+02
  4.56000E+01  1.13000E-06  1.20000E-07  0.00000E+00  1.20000E+02
  5.84000E+01  7.65000E-07  8.30000E-08  0.00000E+00  1.20000E+02
  7.60000E+01  3.92000E-07  4.80000E-08  0.00000E+00  1.20000E+02
  1.01000E+02  1.79000E-07  3.30000E-08  0.00000E+00  1.20000E+02
  1.34000E+02  6.20000E-08  1.40000E-08  0.00000E+00  1.20000E+02
  1.79000E+02  2.70000E-08  6.00000E-09  0.00000E+00  1.20000E+02
  2.41000E+02  1.30000E-08  3.00000E-09  0.00000E+00  1.20000E+02
  3.33000E+02  6.00000E-09  3.00000E-09  0.00000E+00  1.20000E+02
  3.10000E+00  1.36000E-04  1.40000E-05  0.00000E+00  1.50000E+02
  3.68000E+00  1.27000E-04  1.30000E-05  0.00000E+00  1.50000E+02
  4.38000E+00  1.06000E-04  1.10000E-05  0.00000E+00  1.50000E+02
  5.22000E+00  8.60000E-05  8.80000E-06  0.00000E+00  1.50000E+02
  6.22000E+00  6.35000E-05  6.50000E-06  0.00000E+00  1.50000E+02
  7.43000E+00  3.84000E-05  3.90000E-06  0.00000E+00  1.50000E+02
  8.90000E+00  2.83000E-05  2.90000E-06  0.00000E+00  1.50000E+02
  1.07000E+01  1.62000E-05  1.70000E-06  0.00000E+00  1.50000E+02
  1.29000E+01  9.45000E-06  9.70000E-07  0.00000E+00  1.50000E+02
  1.56000E+01  7.50000E-06  7.80000E-07  0.00000E+00  1.50000E+02
  1.90000E+01  4.24000E-06  4.40000E-07  0.00000E+00  1.50000E+02
  2.33000E+01  2.42000E-06  2.50000E-07  0.00000E+00  1.50000E+02
  2.89000E+01  1.66000E-06  1.80000E-07  0.00000E+00  1.50000E+02
  3.61000E+01  1.14000E-06  1.20000E-07  0.00000E+00  1.50000E+02
  4.56000E+01  7.59000E-07  8.60000E-08  0.00000E+00  1.50000E+02
  5.84000E+01  5.46000E-07  6.40000E-08  0.00000E+00  1.50000E+02
  7.60000E+01  2.32000E-07  3.60000E-08  0.00000E+00  1.50000E+02
  1.01000E+02  1.28000E-07  2.20000E-08  0.00000E+00  1.50000E+02
  1.34000E+02  7.30000E-08  1.50000E-08  0.00000E+00  1.50000E+02
  1.79000E+02  2.50000E-08  6.00000E-09  0.00000E+00  1.50000E+02
  2.41000E+02  1.50000E-08  6.00000E-09  0.00000E+00  1.50000E+02
  3.33000E+02  1.00000E-08  3.00000E-09  0.00000E+00  1.50000E+02
# Full reference:
#Yu.V.Trebukhovsky,  Yu.E.Titarenko,  V.F.Batyaev, E.I.Karpikhin,  R.D.Mulambetov,  S.V.Mulambetova, G.N.Smirnov,  K.A.Lipatov,  A.B.Koldobsky,
# V.M.Zhivun, Yu.V.Nekrasov,  V.S.Barashenkov,  H.Kumawat,  S.G.Mashnik, R.E.Prael
#Prog. Inst. Teoret. i Experiment. Fiziki, Moscow Repts No.3, p.03, 2003
#Double-differential cross sections of neutrons from 0.8, 1.0 and 1.6-GeV proton- irradiated Pb, W, Zr, Cu, Al and Na-targets.
#
