# Target Z    :  74
# Target A    :   0
# Target state:  
# Projectile  : p
# Reaction    : (p,xn)
# E-inc       :  800.000 MeV
# Quantity    : Double-differential cross section
# Frame       : L
# MF          :    6
# MT          :  201
# X4 ID       : C0170010 
# X4 code     : 74-W-0(P,X)0-NN-1,,DA/DE
# Author      : Amian                    
# Year        : 1992
# Data points :    407
# E-out(MeV) xs(mb/MeV.sr) dxs(mb/MeV.sr) dE(MeV)      Evaluation  C/E(F)      Chi-2     Delta(mb)
  5.25000E-01  2.77800E-04  2.38100E-06  5.00000E-01  3.00000E+01
  5.75000E-01  2.93200E-04  2.13500E-06  5.00000E-01  3.00000E+01
  6.25000E-01  3.05000E-04  2.11700E-06  5.00000E-01  3.00000E+01
  6.75000E-01  3.03000E-04  1.95900E-06  5.00000E-01  3.00000E+01
  7.25000E-01  3.19200E-04  1.92500E-06  5.00000E-01  3.00000E+01
  7.75000E-01  3.34600E-04  1.93600E-06  5.00000E-01  3.00000E+01
  8.25000E-01  3.39200E-04  1.90800E-06  5.00000E-01  3.00000E+01
  8.75000E-01  3.48900E-04  1.90600E-06  5.00000E-01  3.00000E+01
  9.25000E-01  3.80600E-04  2.06100E-06  5.00000E-01  3.00000E+01
  9.75000E-01  3.58500E-04  1.99600E-06  5.00000E-01  3.00000E+01
  1.07500E+00  3.26700E-04  1.30700E-06  1.00000E-01  3.00000E+01
  1.15000E+00  3.27500E-04  1.25100E-06  1.00000E-01  3.00000E+01
  1.25000E+00  3.30200E-04  1.23400E-06  1.00000E-01  3.00000E+01
  1.35000E+00  3.02100E-04  1.19200E-06  1.00000E-01  3.00000E+01
  1.45000E+00  3.00400E-04  1.16600E-06  1.00000E-01  3.00000E+01
  1.55000E+00  2.98000E-04  1.16700E-06  1.00000E-01  3.00000E+01
  1.65000E+00  2.90300E-04  1.15100E-06  1.00000E-01  3.00000E+01
  1.75000E+00  2.77400E-04  1.12400E-06  1.00000E-01  3.00000E+01
  1.85000E+00  2.77400E-04  1.13800E-06  1.00000E-01  3.00000E+01
  1.95000E+00  2.83500E-04  1.16500E-06  1.00000E-01  3.00000E+01
  2.10000E+00  2.59500E-04  7.73800E-07  2.00000E-01  3.00000E+01
  2.30000E+00  2.73800E-04  8.47300E-07  2.00000E-01  3.00000E+01
  2.50000E+00  2.83500E-04  9.07700E-07  2.00000E-01  3.00000E+01
  2.70000E+00  2.51200E-04  8.42200E-07  2.00000E-01  3.00000E+01
  2.90000E+00  2.42300E-04  8.61600E-07  2.00000E-01  3.00000E+01
  3.10000E+00  2.22400E-04  8.25800E-07  2.00000E-01  3.00000E+01
  3.30000E+00  1.93400E-04  7.66300E-07  2.00000E-01  3.00000E+01
  3.50000E+00  1.76000E-04  7.28000E-07  2.00000E-01  3.00000E+01
  3.70000E+00  1.69000E-04  7.22400E-07  2.00000E-01  3.00000E+01
  3.90000E+00  1.54900E-04  6.79900E-07  2.00000E-01  3.00000E+01
  4.10000E+00  1.48900E-04  6.80800E-07  2.00000E-01  3.00000E+01
  4.30000E+00  1.44200E-04  6.82300E-07  2.00000E-01  3.00000E+01
  4.50000E+00  1.36200E-04  6.47900E-07  2.00000E-01  3.00000E+01
  4.70000E+00  1.33400E-04  6.43600E-07  2.00000E-01  3.00000E+01
  4.90000E+00  1.27700E-04  6.27300E-07  2.00000E-01  3.00000E+01
  5.25000E+00  1.08100E-04  3.60700E-07  5.00000E-01  3.00000E+01
  5.75000E+00  1.00900E-04  3.57900E-07  5.00000E-01  3.00000E+01
  6.25000E+00  8.11000E-05  3.06700E-07  5.00000E-01  3.00000E+01
  6.75000E+00  7.01000E-05  2.82300E-07  5.00000E-01  3.00000E+01
  7.25000E+00  6.01100E-05  2.61500E-07  5.00000E-01  3.00000E+01
  7.75000E+00  5.48500E-05  2.46400E-07  5.00000E-01  3.00000E+01
  8.25000E+00  4.75400E-05  2.26300E-07  5.00000E-01  3.00000E+01
  8.75000E+00  4.07400E-05  2.07800E-07  5.00000E-01  3.00000E+01
  9.25000E+00  3.84200E-05  1.98600E-07  5.00000E-01  3.00000E+01
  9.75000E+00  3.42300E-05  1.90700E-07  5.00000E-01  3.00000E+01
  1.07500E+01  2.81600E-05  1.21700E-07  1.00000E+00  3.00000E+01
  1.15000E+01  2.36700E-05  1.12300E-07  1.00000E+00  3.00000E+01
  1.25000E+01  1.97200E-05  1.02900E-07  1.00000E+00  3.00000E+01
  1.35000E+01  1.67600E-05  9.65500E-08  1.00000E+00  3.00000E+01
  1.45000E+01  1.46200E-05  9.14300E-08  1.00000E+00  3.00000E+01
  1.55000E+01  1.29100E-05  8.75500E-08  1.00000E+00  3.00000E+01
  1.65000E+01  1.19100E-05  8.49700E-08  1.00000E+00  3.00000E+01
  1.75000E+01  1.06900E-05  8.24900E-08  1.00000E+00  3.00000E+01
  1.85000E+01  9.94400E-06  8.05400E-08  1.00000E+00  3.00000E+01
  1.95000E+01  9.01100E-06  7.81200E-08  1.00000E+00  3.00000E+01
  2.10000E+01  7.86600E-06  8.39400E-08  2.00000E+00  3.00000E+01
  2.30000E+01  6.75900E-06  7.65200E-08  2.00000E+00  3.00000E+01
  2.50000E+01  6.05600E-06  7.00400E-08  2.00000E+00  3.00000E+01
  2.70000E+01  5.50300E-06  6.47100E-08  2.00000E+00  3.00000E+01
  2.90000E+01  5.38200E-06  6.32700E-08  2.00000E+00  3.00000E+01
  3.10000E+01  5.17500E-06  6.07300E-08  2.00000E+00  3.00000E+01
  3.30000E+01  4.87000E-06  5.86600E-08  2.00000E+00  3.00000E+01
  3.50000E+01  4.69700E-06  5.66700E-08  2.00000E+00  3.00000E+01
  3.70000E+01  4.47000E-06  5.47500E-08  2.00000E+00  3.00000E+01
  3.90000E+01  4.20700E-06  5.28900E-08  2.00000E+00  3.00000E+01
  4.10000E+01  4.05300E-06  5.16100E-08  2.00000E+00  3.00000E+01
  4.30000E+01  3.92800E-06  5.03700E-08  2.00000E+00  3.00000E+01
  4.50000E+01  3.88800E-06  5.06400E-08  2.00000E+00  3.00000E+01
  4.70000E+01  3.76100E-06  5.00300E-08  2.00000E+00  3.00000E+01
  4.90000E+01  3.63800E-06  4.98300E-08  2.00000E+00  3.00000E+01
  5.25000E+01  3.50600E-06  3.13500E-08  5.00000E+00  3.00000E+01
  5.75000E+01  3.31300E-06  3.10900E-08  5.00000E+00  3.00000E+01
  6.25000E+01  3.12800E-06  3.11300E-08  5.00000E+00  3.00000E+01
  6.75000E+01  2.89700E-06  3.04500E-08  5.00000E+00  3.00000E+01
  7.25000E+01  2.78900E-06  3.06900E-08  5.00000E+00  3.00000E+01
  7.75000E+01  2.62100E-06  3.04600E-08  5.00000E+00  3.00000E+01
  8.25000E+01  2.49200E-06  3.01800E-08  5.00000E+00  3.00000E+01
  8.75000E+01  2.26600E-06  2.90400E-08  5.00000E+00  3.00000E+01
  9.25000E+01  2.17900E-06  2.85500E-08  5.00000E+00  3.00000E+01
  9.75000E+01  2.04100E-06  2.75800E-08  5.00000E+00  3.00000E+01
  1.07500E+02  1.89400E-06  1.88100E-08  1.00000E+01  3.00000E+01
  1.15000E+02  1.69200E-06  1.78400E-08  1.00000E+01  3.00000E+01
  1.25000E+02  1.52800E-06  1.69500E-08  1.00000E+01  3.00000E+01
  1.35000E+02  1.41100E-06  1.64300E-08  1.00000E+01  3.00000E+01
  1.45000E+02  1.31600E-06  1.58000E-08  1.00000E+01  3.00000E+01
  1.55000E+02  1.24100E-06  1.55600E-08  1.00000E+01  3.00000E+01
  1.65000E+02  1.12600E-06  1.47300E-08  1.00000E+01  3.00000E+01
  1.75000E+02  1.09200E-06  1.45900E-08  1.00000E+01  3.00000E+01
  1.85000E+02  1.03500E-06  1.43300E-08  1.00000E+01  3.00000E+01
  1.95000E+02  9.55600E-07  1.40400E-08  1.00000E+01  3.00000E+01
  2.10000E+02  8.68000E-07  9.47900E-09  2.00000E+01  3.00000E+01
  2.30000E+02  7.77300E-07  9.24300E-09  2.00000E+01  3.00000E+01
  2.50000E+02  6.94300E-07  8.60500E-09  2.00000E+01  3.00000E+01
  2.70000E+02  6.22400E-07  8.15500E-09  2.00000E+01  3.00000E+01
  2.90000E+02  5.61600E-07  7.75500E-09  2.00000E+01  3.00000E+01
  3.10000E+02  4.86100E-07  7.16800E-09  2.00000E+01  3.00000E+01
  3.30000E+02  4.27100E-07  6.71000E-09  2.00000E+01  3.00000E+01
  3.50000E+02  3.74100E-07  6.15000E-09  2.00000E+01  3.00000E+01
  3.70000E+02  3.32800E-07  5.72700E-09  2.00000E+01  3.00000E+01
  3.90000E+02  2.97500E-07  5.31000E-09  2.00000E+01  3.00000E+01
  4.10000E+02  2.76800E-07  5.22400E-09  2.00000E+01  3.00000E+01
  4.30000E+02  2.58700E-07  5.09700E-09  2.00000E+01  3.00000E+01
  4.50000E+02  2.51100E-07  4.96400E-09  2.00000E+01  3.00000E+01
  4.70000E+02  2.42800E-07  4.92100E-09  2.00000E+01  3.00000E+01
  4.90000E+02  2.36100E-07  4.86900E-09  2.00000E+01  3.00000E+01
  5.25000E+02  2.24400E-07  3.05800E-09  2.00000E+01  3.00000E+01
  5.75000E+02  1.96100E-07  2.82300E-09  2.00000E+01  3.00000E+01
  6.25000E+02  1.35600E-07  2.29400E-09  2.00000E+01  3.00000E+01
  6.75000E+02  7.67400E-08  1.71300E-09  2.00000E+01  3.00000E+01
  7.25000E+02  2.93200E-08  1.06100E-09  2.00000E+01  3.00000E+01
  7.75000E+02  7.78600E-09  5.38100E-10  2.00000E+01  3.00000E+01
  5.25000E-01  2.09200E-04  2.98800E-06  5.00000E-01  6.00001E+01
  5.75000E-01  2.25900E-04  2.67300E-06  5.00000E-01  6.00001E+01
  6.25000E-01  2.35200E-04  2.57400E-06  5.00000E-01  6.00001E+01
  6.75000E-01  2.22700E-04  2.33400E-06  5.00000E-01  6.00001E+01
  7.25000E-01  2.41300E-04  2.30500E-06  5.00000E-01  6.00001E+01
  7.75000E-01  2.60500E-04  2.32500E-06  5.00000E-01  6.00001E+01
  8.25000E-01  2.67100E-04  2.28800E-06  5.00000E-01  6.00001E+01
  8.75000E-01  2.76300E-04  2.26800E-06  5.00000E-01  6.00001E+01
  9.25000E-01  3.31500E-04  2.67000E-06  5.00000E-01  6.00001E+01
  9.75000E-01  2.81300E-04  2.47800E-06  5.00000E-01  6.00001E+01
  1.07500E+00  2.48500E-04  1.59000E-06  1.00000E-01  6.00001E+01
  1.15000E+00  2.54800E-04  1.45800E-06  1.00000E-01  6.00001E+01
  1.25000E+00  2.60500E-04  1.43600E-06  1.00000E-01  6.00001E+01
  1.35000E+00  2.17800E-04  1.34600E-06  1.00000E-01  6.00001E+01
  1.45000E+00  2.27300E-04  1.30500E-06  1.00000E-01  6.00001E+01
  1.55000E+00  2.27800E-04  1.30700E-06  1.00000E-01  6.00001E+01
  1.65000E+00  2.21200E-04  1.28000E-06  1.00000E-01  6.00001E+01
  1.75000E+00  2.07900E-04  1.22300E-06  1.00000E-01  6.00001E+01
  1.85000E+00  2.18600E-04  1.27800E-06  1.00000E-01  6.00001E+01
  1.95000E+00  2.29400E-04  1.32500E-06  1.00000E-01  6.00001E+01
  2.10000E+00  2.02300E-04  8.35200E-07  2.00000E-01  6.00001E+01
  2.30000E+00  2.44100E-04  1.02100E-06  2.00000E-01  6.00001E+01
  2.50000E+00  2.66400E-04  1.15500E-06  2.00000E-01  6.00001E+01
  2.70000E+00  2.24400E-04  1.01900E-06  2.00000E-01  6.00001E+01
  2.90000E+00  2.22000E-04  1.08400E-06  2.00000E-01  6.00001E+01
  3.10000E+00  2.00200E-04  1.01700E-06  2.00000E-01  6.00001E+01
  3.30000E+00  1.58000E-04  8.84900E-07  2.00000E-01  6.00001E+01
  3.50000E+00  1.36900E-04  8.09300E-07  2.00000E-01  6.00001E+01
  3.70000E+00  1.32200E-04  8.08100E-07  2.00000E-01  6.00001E+01
  3.90000E+00  1.16900E-04  7.28000E-07  2.00000E-01  6.00001E+01
  4.10000E+00  1.18600E-04  7.63400E-07  2.00000E-01  6.00001E+01
  4.30000E+00  1.16300E-04  7.80700E-07  2.00000E-01  6.00001E+01
  4.50000E+00  1.09000E-04  7.24900E-07  2.00000E-01  6.00001E+01
  4.70000E+00  1.15200E-04  7.44100E-07  2.00000E-01  6.00001E+01
  4.90000E+00  1.09700E-04  7.21200E-07  2.00000E-01  6.00001E+01
  5.25000E+00  8.72000E-05  3.98900E-07  5.00000E-01  6.00001E+01
  5.75000E+00  8.51600E-05  4.16500E-07  5.00000E-01  6.00001E+01
  6.25000E+00  6.49600E-05  3.39000E-07  5.00000E-01  6.00001E+01
  6.75000E+00  5.73800E-05  3.18000E-07  5.00000E-01  6.00001E+01
  7.25000E+00  4.82600E-05  2.97800E-07  5.00000E-01  6.00001E+01
  7.75000E+00  4.35100E-05  2.79800E-07  5.00000E-01  6.00001E+01
  8.25000E+00  3.91700E-05  2.63500E-07  5.00000E-01  6.00001E+01
  8.75000E+00  3.36200E-05  2.44100E-07  5.00000E-01  6.00001E+01
  9.25000E+00  3.14700E-05  2.31300E-07  5.00000E-01  6.00001E+01
  9.75000E+00  2.83800E-05  2.30000E-07  5.00000E-01  6.00001E+01
  1.07500E+01  2.30800E-05  1.43800E-07  1.00000E+00  6.00001E+01
  1.15000E+01  1.93200E-05  1.34200E-07  1.00000E+00  6.00001E+01
  1.25000E+01  1.57300E-05  1.22100E-07  1.00000E+00  6.00001E+01
  1.35000E+01  1.36000E-05  1.15700E-07  1.00000E+00  6.00001E+01
  1.45000E+01  1.19100E-05  1.10600E-07  1.00000E+00  6.00001E+01
  1.55000E+01  1.04500E-05  1.05000E-07  1.00000E+00  6.00001E+01
  1.65000E+01  9.62200E-06  1.02600E-07  1.00000E+00  6.00001E+01
  1.75000E+01  8.65900E-06  9.96700E-08  1.00000E+00  6.00001E+01
  1.85000E+01  7.97200E-06  9.65400E-08  1.00000E+00  6.00001E+01
  1.95000E+01  7.54300E-06  9.55800E-08  1.00000E+00  6.00001E+01
  2.10000E+01  6.17700E-06  9.29000E-08  2.00000E+00  6.00001E+01
  2.30000E+01  5.58100E-06  8.60700E-08  2.00000E+00  6.00001E+01
  2.50000E+01  4.80800E-06  7.80300E-08  2.00000E+00  6.00001E+01
  2.70000E+01  4.53300E-06  7.43100E-08  2.00000E+00  6.00001E+01
  2.90000E+01  4.44200E-06  7.29400E-08  2.00000E+00  6.00001E+01
  3.10000E+01  4.25500E-06  7.04500E-08  2.00000E+00  6.00001E+01
  3.30000E+01  4.00200E-06  6.77400E-08  2.00000E+00  6.00001E+01
  3.50000E+01  3.74400E-06  6.52000E-08  2.00000E+00  6.00001E+01
  3.70000E+01  3.72400E-06  6.50300E-08  2.00000E+00  6.00001E+01
  3.90000E+01  3.60700E-06  6.36500E-08  2.00000E+00  6.00001E+01
  4.10000E+01  3.39800E-06  6.12400E-08  2.00000E+00  6.00001E+01
  4.30000E+01  3.32700E-06  6.09500E-08  2.00000E+00  6.00001E+01
  4.50000E+01  3.14000E-06  5.94100E-08  2.00000E+00  6.00001E+01
  4.70000E+01  3.04200E-06  5.87800E-08  2.00000E+00  6.00001E+01
  4.90000E+01  2.86900E-06  5.68400E-08  2.00000E+00  6.00001E+01
  5.25000E+01  2.77200E-06  3.56200E-08  5.00000E+00  6.00001E+01
  5.75000E+01  2.49100E-06  3.41900E-08  5.00000E+00  6.00001E+01
  6.25000E+01  2.28200E-06  3.34400E-08  5.00000E+00  6.00001E+01
  6.75000E+01  2.09800E-06  3.19900E-08  5.00000E+00  6.00001E+01
  7.25000E+01  1.96800E-06  3.15600E-08  5.00000E+00  6.00001E+01
  7.75000E+01  1.77000E-06  3.05800E-08  5.00000E+00  6.00001E+01
  8.25000E+01  1.74800E-06  3.03200E-08  5.00000E+00  6.00001E+01
  8.75000E+01  1.61400E-06  2.91900E-08  5.00000E+00  6.00001E+01
  9.25000E+01  1.47300E-06  2.79100E-08  5.00000E+00  6.00001E+01
  9.75000E+01  1.34000E-06  2.68200E-08  5.00000E+00  6.00001E+01
  1.07500E+02  1.23200E-06  1.83700E-08  1.00000E+01  6.00001E+01
  1.15000E+02  1.10800E-06  1.74600E-08  1.00000E+01  6.00001E+01
  1.25000E+02  9.74300E-07  1.63100E-08  1.00000E+01  6.00001E+01
  1.35000E+02  8.79200E-07  1.57600E-08  1.00000E+01  6.00001E+01
  1.45000E+02  8.17200E-07  1.53500E-08  1.00000E+01  6.00001E+01
  1.55000E+02  7.15600E-07  1.46200E-08  1.00000E+01  6.00001E+01
  1.65000E+02  6.38200E-07  1.38400E-08  1.00000E+01  6.00001E+01
  1.75000E+02  5.87600E-07  1.33800E-08  1.00000E+01  6.00001E+01
  1.85000E+02  5.32500E-07  1.27200E-08  1.00000E+01  6.00001E+01
  1.95000E+02  4.84200E-07  1.22600E-08  1.00000E+01  6.00001E+01
  2.10000E+02  4.22100E-07  8.25000E-09  2.00000E+01  6.00001E+01
  2.30000E+02  3.23900E-07  7.39400E-09  2.00000E+01  6.00001E+01
  2.50000E+02  2.54900E-07  6.53500E-09  2.00000E+01  6.00001E+01
  2.70000E+02  2.14200E-07  5.98200E-09  2.00000E+01  6.00001E+01
  2.90000E+02  1.55400E-07  5.08300E-09  2.00000E+01  6.00001E+01
  3.10000E+02  1.21500E-07  4.26200E-09  2.00000E+01  6.00001E+01
  3.30000E+02  9.03500E-08  3.59300E-09  2.00000E+01  6.00001E+01
  3.50000E+02  6.10800E-08  2.84200E-09  2.00000E+01  6.00001E+01
  3.70000E+02  4.51000E-08  2.39600E-09  2.00000E+01  6.00001E+01
  3.90000E+02  3.37700E-08  2.11000E-09  2.00000E+01  6.00001E+01
  4.10000E+02  2.61300E-08  1.86300E-09  2.00000E+01  6.00001E+01
  4.30000E+02  2.32200E-08  1.69200E-09  2.00000E+01  6.00001E+01
  4.50000E+02  1.47100E-08  1.35400E-09  2.00000E+01  6.00001E+01
  4.70000E+02  1.09100E-08  1.18500E-09  2.00000E+01  6.00001E+01
  4.90000E+02  7.34100E-09  9.91700E-10  2.00000E+01  6.00001E+01
  5.25000E+02  3.88400E-09  4.95100E-10  2.00000E+01  6.00001E+01
  5.75000E+02  1.57500E-09  3.52200E-10  2.00000E+01  6.00001E+01
  6.25000E+02  7.85800E-10  2.83800E-10  2.00000E+01  6.00001E+01
  6.75000E+02  3.83600E-10  2.44500E-10  2.00000E+01  6.00001E+01
  5.25000E-01  1.82200E-04  1.52700E-06  5.00000E-01  1.20000E+02
  5.75000E-01  2.10100E-04  1.36500E-06  5.00000E-01  1.20000E+02
  6.25000E-01  2.26200E-04  1.37000E-06  5.00000E-01  1.20000E+02
  6.75000E-01  2.34300E-04  1.26700E-06  5.00000E-01  1.20000E+02
  7.25000E-01  2.49900E-04  1.23800E-06  5.00000E-01  1.20000E+02
  7.75000E-01  2.66400E-04  1.24700E-06  5.00000E-01  1.20000E+02
  8.25000E-01  2.74300E-04  1.23500E-06  5.00000E-01  1.20000E+02
  8.75000E-01  2.82100E-04  1.23200E-06  5.00000E-01  1.20000E+02
  9.25000E-01  3.07300E-04  1.31400E-06  5.00000E-01  1.20000E+02
  9.75000E-01  2.91000E-04  1.27400E-06  5.00000E-01  1.20000E+02
  1.07500E+00  2.71300E-04  8.45300E-07  1.00000E-01  1.20000E+02
  1.15000E+00  2.71400E-04  8.17700E-07  1.00000E-01  1.20000E+02
  1.25000E+00  2.73100E-04  7.98400E-07  1.00000E-01  1.20000E+02
  1.35000E+00  2.53400E-04  7.70400E-07  1.00000E-01  1.20000E+02
  1.45000E+00  2.53100E-04  7.55700E-07  1.00000E-01  1.20000E+02
  1.55000E+00  2.49500E-04  7.49600E-07  1.00000E-01  1.20000E+02
  1.65000E+00  2.43100E-04  7.37500E-07  1.00000E-01  1.20000E+02
  1.75000E+00  2.31600E-04  7.17100E-07  1.00000E-01  1.20000E+02
  1.85000E+00  2.35100E-04  7.27100E-07  1.00000E-01  1.20000E+02
  1.95000E+00  2.34300E-04  7.30200E-07  1.00000E-01  1.20000E+02
  2.10000E+00  2.14100E-04  4.84900E-07  2.00000E-01  1.20000E+02
  2.30000E+00  2.23400E-04  5.19000E-07  2.00000E-01  1.20000E+02
  2.50000E+00  2.23300E-04  5.37400E-07  2.00000E-01  1.20000E+02
  2.70000E+00  2.00500E-04  5.01700E-07  2.00000E-01  1.20000E+02
  2.90000E+00  1.91400E-04  5.05100E-07  2.00000E-01  1.20000E+02
  3.10000E+00  1.77400E-04  4.86100E-07  2.00000E-01  1.20000E+02
  3.30000E+00  1.55600E-04  4.51400E-07  2.00000E-01  1.20000E+02
  3.50000E+00  1.41800E-04  4.29600E-07  2.00000E-01  1.20000E+02
  3.70000E+00  1.34900E-04  4.21300E-07  2.00000E-01  1.20000E+02
  3.90000E+00  1.23700E-04  3.98600E-07  2.00000E-01  1.20000E+02
  4.10000E+00  1.19200E-04  3.98000E-07  2.00000E-01  1.20000E+02
  4.30000E+00  1.14300E-04  3.95000E-07  2.00000E-01  1.20000E+02
  4.50000E+00  1.06900E-04  3.75300E-07  2.00000E-01  1.20000E+02
  4.70000E+00  1.04500E-04  3.72600E-07  2.00000E-01  1.20000E+02
  4.90000E+00  9.86400E-05  3.61000E-07  2.00000E-01  1.20000E+02
  5.25000E+00  8.44300E-05  2.11100E-07  5.00000E-01  1.20000E+02
  5.75000E+00  7.66500E-05  2.05400E-07  5.00000E-01  1.20000E+02
  6.25000E+00  6.18500E-05  1.78700E-07  5.00000E-01  1.20000E+02
  6.75000E+00  5.30300E-05  1.64600E-07  5.00000E-01  1.20000E+02
  7.25000E+00  4.49000E-05  1.51600E-07  5.00000E-01  1.20000E+02
  7.75000E+00  4.03600E-05  1.42300E-07  5.00000E-01  1.20000E+02
  8.25000E+00  3.48300E-05  1.31300E-07  5.00000E-01  1.20000E+02
  8.75000E+00  2.96100E-05  1.19900E-07  5.00000E-01  1.20000E+02
  9.25000E+00  2.75500E-05  1.14200E-07  5.00000E-01  1.20000E+02
  9.75000E+00  2.39800E-05  1.08400E-07  5.00000E-01  1.20000E+02
  1.07500E+01  1.97000E-05  6.92500E-08  1.00000E+00  1.20000E+02
  1.15000E+01  1.60800E-05  6.29300E-08  1.00000E+00  1.20000E+02
  1.25000E+01  1.32200E-05  5.75700E-08  1.00000E+00  1.20000E+02
  1.35000E+01  1.08600E-05  5.31100E-08  1.00000E+00  1.20000E+02
  1.45000E+01  9.35300E-06  5.00000E-08  1.00000E+00  1.20000E+02
  1.55000E+01  8.19000E-06  4.74500E-08  1.00000E+00  1.20000E+02
  1.65000E+01  7.31700E-06  4.56400E-08  1.00000E+00  1.20000E+02
  1.75000E+01  6.40500E-06  4.33000E-08  1.00000E+00  1.20000E+02
  1.85000E+01  5.73500E-06  4.15900E-08  1.00000E+00  1.20000E+02
  1.95000E+01  5.20100E-06  4.04100E-08  1.00000E+00  1.20000E+02
  2.10000E+01  4.40800E-06  4.14600E-08  2.00000E+00  1.20000E+02
  2.30000E+01  3.76900E-06  3.78000E-08  2.00000E+00  1.20000E+02
  2.50000E+01  3.26500E-06  3.43900E-08  2.00000E+00  1.20000E+02
  2.70000E+01  2.86200E-06  3.15700E-08  2.00000E+00  1.20000E+02
  2.90000E+01  2.68600E-06  3.02800E-08  2.00000E+00  1.20000E+02
  3.10000E+01  2.40000E-06  2.83100E-08  2.00000E+00  1.20000E+02
  3.30000E+01  2.16600E-06  2.64800E-08  2.00000E+00  1.20000E+02
  3.50000E+01  1.98900E-06  2.53800E-08  2.00000E+00  1.20000E+02
  3.70000E+01  1.80900E-06  2.39000E-08  2.00000E+00  1.20000E+02
  3.90000E+01  1.70000E-06  2.28400E-08  2.00000E+00  1.20000E+02
  4.10000E+01  1.53500E-06  2.18000E-08  2.00000E+00  1.20000E+02
  4.30000E+01  1.46900E-06  2.13800E-08  2.00000E+00  1.20000E+02
  4.50000E+01  1.35300E-06  2.05800E-08  2.00000E+00  1.20000E+02
  4.70000E+01  1.27600E-06  2.03200E-08  2.00000E+00  1.20000E+02
  4.90000E+01  1.18400E-06  1.94800E-08  2.00000E+00  1.20000E+02
  5.25000E+01  1.09000E-06  1.20100E-08  5.00000E+00  1.20000E+02
  5.75000E+01  9.40400E-07  1.14500E-08  5.00000E+00  1.20000E+02
  6.25000E+01  8.33700E-07  1.10300E-08  5.00000E+00  1.20000E+02
  6.75000E+01  7.07300E-07  1.04000E-08  5.00000E+00  1.20000E+02
  7.25000E+01  6.14500E-07  9.91400E-09  5.00000E+00  1.20000E+02
  7.75000E+01  5.32800E-07  9.34400E-09  5.00000E+00  1.20000E+02
  8.25000E+01  4.65800E-07  8.96000E-09  5.00000E+00  1.20000E+02
  8.75000E+01  4.04700E-07  8.45600E-09  5.00000E+00  1.20000E+02
  9.25000E+01  3.52200E-07  7.97300E-09  5.00000E+00  1.20000E+02
  9.75000E+01  3.15100E-07  7.52700E-09  5.00000E+00  1.20000E+02
  1.07500E+02  2.54600E-07  4.77300E-09  1.00000E+01  1.20000E+02
  1.15000E+02  1.78300E-07  4.04800E-09  1.00000E+01  1.20000E+02
  1.25000E+02  1.32600E-07  3.49800E-09  1.00000E+01  1.20000E+02
  1.35000E+02  9.62600E-08  2.97500E-09  1.00000E+01  1.20000E+02
  1.45000E+02  7.28100E-08  2.63300E-09  1.00000E+01  1.20000E+02
  1.55000E+02  5.48800E-08  2.36300E-09  1.00000E+01  1.20000E+02
  1.65000E+02  4.40000E-08  2.06800E-09  1.00000E+01  1.20000E+02
  1.75000E+02  3.16800E-08  1.81500E-09  1.00000E+01  1.20000E+02
  1.85000E+02  2.35800E-08  1.60500E-09  1.00000E+01  1.20000E+02
  1.95000E+02  1.81200E-08  1.41100E-09  1.00000E+01  1.20000E+02
  2.10000E+02  1.16800E-08  8.40800E-10  2.00000E+01  1.20000E+02
  2.30000E+02  6.09900E-09  7.08200E-10  2.00000E+01  1.20000E+02
  2.50000E+02  3.23900E-09  5.25300E-10  2.00000E+01  1.20000E+02
  2.70000E+02  1.36300E-09  4.13500E-10  2.00000E+01  1.20000E+02
  2.90000E+02  1.08400E-09  3.34600E-10  2.00000E+01  1.20000E+02
  5.25000E-01  2.19500E-04  1.56100E-06  5.00000E-01  1.50000E+02
  5.75000E-01  2.39400E-04  1.44100E-06  5.00000E-01  1.50000E+02
  6.25000E-01  2.54200E-04  1.47700E-06  5.00000E-01  1.50000E+02
  6.75000E-01  2.50300E-04  1.35400E-06  5.00000E-01  1.50000E+02
  7.25000E-01  2.65200E-04  1.33200E-06  5.00000E-01  1.50000E+02
  7.75000E-01  2.80900E-04  1.34700E-06  5.00000E-01  1.50000E+02
  8.25000E-01  2.86400E-04  1.33900E-06  5.00000E-01  1.50000E+02
  8.75000E-01  2.93300E-04  1.34300E-06  5.00000E-01  1.50000E+02
  9.25000E-01  3.18500E-04  1.45300E-06  5.00000E-01  1.50000E+02
  9.75000E-01  2.96400E-04  1.40400E-06  5.00000E-01  1.50000E+02
  1.07500E+00  2.75500E-04  9.28600E-07  1.00000E-01  1.50000E+02
  1.15000E+00  2.73000E-04  8.89300E-07  1.00000E-01  1.50000E+02
  1.25000E+00  2.74700E-04  8.71600E-07  1.00000E-01  1.50000E+02
  1.35000E+00  2.49800E-04  8.36400E-07  1.00000E-01  1.50000E+02
  1.45000E+00  2.51400E-04  8.18300E-07  1.00000E-01  1.50000E+02
  1.55000E+00  2.45200E-04  8.08400E-07  1.00000E-01  1.50000E+02
  1.65000E+00  2.40000E-04  7.94700E-07  1.00000E-01  1.50000E+02
  1.75000E+00  2.25500E-04  7.67000E-07  1.00000E-01  1.50000E+02
  1.85000E+00  2.28500E-04  7.77900E-07  1.00000E-01  1.50000E+02
  1.95000E+00  2.31400E-04  7.87300E-07  1.00000E-01  1.50000E+02
  2.10000E+00  2.09200E-04  5.15800E-07  2.00000E-01  1.50000E+02
  2.30000E+00  2.23000E-04  5.62900E-07  2.00000E-01  1.50000E+02
  2.50000E+00  2.26700E-04  5.90900E-07  2.00000E-01  1.50000E+02
  2.70000E+00  2.01500E-04  5.43700E-07  2.00000E-01  1.50000E+02
  2.90000E+00  1.93800E-04  5.52900E-07  2.00000E-01  1.50000E+02
  3.10000E+00  1.76300E-04  5.25200E-07  2.00000E-01  1.50000E+02
  3.30000E+00  1.53400E-04  4.83600E-07  2.00000E-01  1.50000E+02
  3.50000E+00  1.37300E-04  4.53600E-07  2.00000E-01  1.50000E+02
  3.70000E+00  1.30600E-04  4.46400E-07  2.00000E-01  1.50000E+02
  3.90000E+00  1.19100E-04  4.18500E-07  2.00000E-01  1.50000E+02
  4.10000E+00  1.16300E-04  4.22700E-07  2.00000E-01  1.50000E+02
  4.30000E+00  1.10200E-04  4.19800E-07  2.00000E-01  1.50000E+02
  4.50000E+00  1.04100E-04  3.99200E-07  2.00000E-01  1.50000E+02
  4.70000E+00  1.02500E-04  3.98100E-07  2.00000E-01  1.50000E+02
  4.90000E+00  9.71400E-05  3.87100E-07  2.00000E-01  1.50000E+02
  5.25000E+00  8.12700E-05  2.23700E-07  5.00000E-01  1.50000E+02
  5.75000E+00  7.47200E-05  2.22500E-07  5.00000E-01  1.50000E+02
  6.25000E+00  5.96400E-05  1.92300E-07  5.00000E-01  1.50000E+02
  6.75000E+00  5.10300E-05  1.78200E-07  5.00000E-01  1.50000E+02
  7.25000E+00  4.31000E-05  1.65500E-07  5.00000E-01  1.50000E+02
  7.75000E+00  3.88400E-05  1.56400E-07  5.00000E-01  1.50000E+02
  8.25000E+00  3.35600E-05  1.45100E-07  5.00000E-01  1.50000E+02
  8.75000E+00  2.87100E-05  1.33600E-07  5.00000E-01  1.50000E+02
  9.25000E+00  2.62100E-05  1.26600E-07  5.00000E-01  1.50000E+02
  9.75000E+00  2.31600E-05  1.21500E-07  5.00000E-01  1.50000E+02
  1.07500E+01  1.86900E-05  7.69300E-08  1.00000E+00  1.50000E+02
  1.15000E+01  1.53300E-05  7.03600E-08  1.00000E+00  1.50000E+02
  1.25000E+01  1.24500E-05  6.41100E-08  1.00000E+00  1.50000E+02
  1.35000E+01  1.01400E-05  5.87100E-08  1.00000E+00  1.50000E+02
  1.45000E+01  8.57600E-06  5.47800E-08  1.00000E+00  1.50000E+02
  1.55000E+01  7.55100E-06  5.18800E-08  1.00000E+00  1.50000E+02
  1.65000E+01  6.58700E-06  4.91500E-08  1.00000E+00  1.50000E+02
  1.75000E+01  5.74300E-06  4.65400E-08  1.00000E+00  1.50000E+02
  1.85000E+01  5.11300E-06  4.44600E-08  1.00000E+00  1.50000E+02
  1.95000E+01  4.55200E-06  4.24700E-08  1.00000E+00  1.50000E+02
  2.10000E+01  3.67300E-06  4.68400E-08  2.00000E+00  1.50000E+02
  2.30000E+01  3.06300E-06  4.27400E-08  2.00000E+00  1.50000E+02
  2.50000E+01  2.63600E-06  3.86700E-08  2.00000E+00  1.50000E+02
  2.70000E+01  2.26500E-06  3.55100E-08  2.00000E+00  1.50000E+02
  2.90000E+01  2.08800E-06  3.36000E-08  2.00000E+00  1.50000E+02
  3.10000E+01  1.80200E-06  3.11600E-08  2.00000E+00  1.50000E+02
  3.30000E+01  1.65400E-06  2.96600E-08  2.00000E+00  1.50000E+02
  3.50000E+01  1.47500E-06  2.77900E-08  2.00000E+00  1.50000E+02
  3.70000E+01  1.38200E-06  2.68600E-08  2.00000E+00  1.50000E+02
  3.90000E+01  1.29600E-06  2.60100E-08  2.00000E+00  1.50000E+02
  4.10000E+01  1.14500E-06  2.44000E-08  2.00000E+00  1.50000E+02
  4.30000E+01  1.06300E-06  2.35500E-08  2.00000E+00  1.50000E+02
  4.50000E+01  9.87000E-07  2.30900E-08  2.00000E+00  1.50000E+02
  4.70000E+01  9.57900E-07  2.26500E-08  2.00000E+00  1.50000E+02
  4.90000E+01  8.73300E-07  2.18300E-08  2.00000E+00  1.50000E+02
  5.25000E+01  7.99300E-07  1.33500E-08  5.00000E+00  1.50000E+02
  5.75000E+01  6.46800E-07  1.22700E-08  5.00000E+00  1.50000E+02
  6.25000E+01  5.62600E-07  1.17700E-08  5.00000E+00  1.50000E+02
  6.75000E+01  5.01900E-07  1.13700E-08  5.00000E+00  1.50000E+02
  7.25000E+01  4.20700E-07  1.06800E-08  5.00000E+00  1.50000E+02
  7.75000E+01  3.82500E-07  1.03000E-08  5.00000E+00  1.50000E+02
  8.25000E+01  3.23500E-07  9.66700E-09  5.00000E+00  1.50000E+02
  8.75000E+01  2.77000E-07  8.96900E-09  5.00000E+00  1.50000E+02
  9.25000E+01  2.43000E-07  8.53000E-09  5.00000E+00  1.50000E+02
  9.75000E+01  2.02300E-07  7.88700E-09  5.00000E+00  1.50000E+02
  1.07500E+02  1.72200E-07  5.12000E-09  1.00000E+01  1.50000E+02
  1.15000E+02  1.19700E-07  4.30500E-09  1.00000E+01  1.50000E+02
  1.25000E+02  8.10000E-08  3.68600E-09  1.00000E+01  1.50000E+02
  1.35000E+02  6.07100E-08  3.18800E-09  1.00000E+01  1.50000E+02
  1.45000E+02  4.28400E-08  2.71900E-09  1.00000E+01  1.50000E+02
  1.55000E+02  3.12200E-08  2.36900E-09  1.00000E+01  1.50000E+02
  1.65000E+02  1.70800E-08  1.83800E-09  1.00000E+01  1.50000E+02
  1.75000E+02  1.55200E-08  1.84400E-09  1.00000E+01  1.50000E+02
  1.85000E+02  1.06400E-08  1.61900E-09  1.00000E+01  1.50000E+02
  1.95000E+02  6.04300E-09  1.25400E-09  1.00000E+01  1.50000E+02
  2.10000E+02  4.17000E-09  7.52200E-10  2.00000E+01  1.50000E+02
  2.30000E+02  1.79200E-09  5.91600E-10  2.00000E+01  1.50000E+02
# Full reference:
#W.B.Amian, R.C.Byrd, C.A.Goulding, M.M.Meier, G.L.Morgan, C.E.Moss, D.A.Clark
#
#Jour. Nuclear Science and Engineering Vol.112, p.78, 1992
#Differential Neutron Production Cross Sections for 800-MeV Protons
