# Target Z    :  74
# Target A    :   0
# Target state:  
# Projectile  : p
# Reaction    : (p,xn)
# E-inc       : 1600.000 MeV
# Quantity    : Double-differential cross section
# Frame       : L
# MF          :    6
# MT          :  201
# X4 ID       : O1170005 
# X4 code     : 74-W-0(P,X)0-NN-1,,DA/DE
# Author      : Trebukhovsky             
# Year        : 2003
# Data points :    231
# E-out(MeV) xs(mb/MeV.sr) dxs(mb/MeV.sr) dE(MeV)      Evaluation  C/E(F)      Chi-2     Delta(mb)
  2.46000E+00  3.20000E-04  7.70000E-05  0.00000E+00  1.50000E+01
  2.79000E+00  3.06000E-04  6.40000E-05  0.00000E+00  1.50000E+01
  3.21000E+00  2.55000E-04  3.30000E-05  0.00000E+00  1.50000E+01
  3.71000E+00  2.12000E-04  2.30000E-05  0.00000E+00  1.50000E+01
  4.47000E+00  1.87000E-04  2.10000E-05  0.00000E+00  1.50000E+01
  5.48000E+00  1.41000E-04  1.50000E-05  0.00000E+00  1.50000E+01
  6.43000E+00  1.12000E-04  1.20000E-05  0.00000E+00  1.50000E+01
  7.38000E+00  8.85000E-05  9.70000E-06  0.00000E+00  1.50000E+01
  8.57000E+00  7.49000E-05  8.20000E-06  0.00000E+00  1.50000E+01
  9.65000E+00  5.69000E-05  6.30000E-06  0.00000E+00  1.50000E+01
  1.05000E+01  4.47000E-05  4.90000E-06  0.00000E+00  1.50000E+01
  1.12000E+01  3.99000E-05  4.40000E-06  0.00000E+00  1.50000E+01
  1.23000E+01  3.33000E-05  3.70000E-06  0.00000E+00  1.50000E+01
  1.35000E+01  2.85000E-05  3.10000E-06  0.00000E+00  1.50000E+01
  1.49000E+01  2.37000E-05  2.60000E-06  0.00000E+00  1.50000E+01
  1.65000E+01  1.87000E-05  2.10000E-06  0.00000E+00  1.50000E+01
  1.85000E+01  1.68000E-05  1.90000E-06  0.00000E+00  1.50000E+01
  2.08000E+01  1.45000E-05  1.60000E-06  0.00000E+00  1.50000E+01
  2.21000E+01  1.40000E-05  1.50000E-06  0.00000E+00  1.50000E+01
  2.52000E+01  1.25000E-05  1.40000E-06  0.00000E+00  1.50000E+01
  2.89000E+01  1.08000E-05  1.20000E-06  0.00000E+00  1.50000E+01
  3.11000E+01  1.04000E-05  1.10000E-06  0.00000E+00  1.50000E+01
  3.36000E+01  1.01000E-05  1.10000E-06  0.00000E+00  1.50000E+01
  3.64000E+01  9.21000E-06  9.30000E-07  0.00000E+00  1.50000E+01
  3.95000E+01  8.50000E-06  8.80000E-07  0.00000E+00  1.50000E+01
  4.31000E+01  7.98000E-06  8.80000E-07  0.00000E+00  1.50000E+01
  4.72000E+01  7.26000E-06  8.00000E-07  0.00000E+00  1.50000E+01
  5.20000E+01  6.82000E-06  7.50000E-07  0.00000E+00  1.50000E+01
  5.75000E+01  6.10000E-06  6.70000E-07  0.00000E+00  1.50000E+01
  6.40000E+01  5.68000E-06  6.30000E-07  0.00000E+00  1.50000E+01
  7.17000E+01  5.11000E-06  5.60000E-07  0.00000E+00  1.50000E+01
  8.10000E+01  4.26000E-06  6.80000E-07  0.00000E+00  1.50000E+01
  9.20000E+01  3.69000E-06  5.90000E-07  0.00000E+00  1.50000E+01
  1.06000E+02  3.00000E-06  4.80000E-07  0.00000E+00  1.50000E+01
  1.24000E+02  2.48000E-06  4.00000E-07  0.00000E+00  1.50000E+01
  1.47000E+02  1.96000E-06  3.10000E-07  0.00000E+00  1.50000E+01
  1.77000E+02  1.60000E-06  2.60000E-07  0.00000E+00  1.50000E+01
  2.19000E+02  1.31000E-06  2.10000E-07  0.00000E+00  1.50000E+01
  2.80000E+02  1.02000E-06  1.60000E-07  0.00000E+00  1.50000E+01
  2.46000E+00  3.10000E-04  7.60000E-05  0.00000E+00  3.00000E+01
  2.79000E+00  2.76000E-04  5.50000E-05  0.00000E+00  3.00000E+01
  3.21000E+00  2.45000E-04  3.20000E-05  0.00000E+00  3.00000E+01
  3.71000E+00  2.09000E-04  2.30000E-05  0.00000E+00  3.00000E+01
  4.47000E+00  1.85000E-04  2.00000E-05  0.00000E+00  3.00000E+01
  5.48000E+00  1.39000E-04  1.50000E-05  0.00000E+00  3.00000E+01
  6.43000E+00  1.10000E-04  1.20000E-05  0.00000E+00  3.00000E+01
  7.38000E+00  8.77000E-05  9.60000E-06  0.00000E+00  3.00000E+01
  8.57000E+00  7.41000E-05  8.20000E-06  0.00000E+00  3.00000E+01
  9.65000E+00  5.62000E-05  6.20000E-06  0.00000E+00  3.00000E+01
  1.05000E+01  4.43000E-05  4.90000E-06  0.00000E+00  3.00000E+01
  1.12000E+01  3.88000E-05  4.30000E-06  0.00000E+00  3.00000E+01
  1.23000E+01  3.29000E-05  3.60000E-06  0.00000E+00  3.00000E+01
  1.35000E+01  2.81000E-05  3.10000E-06  0.00000E+00  3.00000E+01
  1.49000E+01  2.33000E-05  2.60000E-06  0.00000E+00  3.00000E+01
  1.65000E+01  1.84000E-05  2.00000E-06  0.00000E+00  3.00000E+01
  1.85000E+01  1.67000E-05  1.80000E-06  0.00000E+00  3.00000E+01
  2.08000E+01  1.40000E-05  1.50000E-06  0.00000E+00  3.00000E+01
  2.21000E+01  1.39000E-05  1.50000E-06  0.00000E+00  3.00000E+01
  2.52000E+01  1.22000E-05  1.30000E-06  0.00000E+00  3.00000E+01
  2.89000E+01  1.05000E-05  1.20000E-06  0.00000E+00  3.00000E+01
  3.11000E+01  1.01000E-05  1.10000E-06  0.00000E+00  3.00000E+01
  3.36000E+01  9.70000E-06  9.90000E-07  0.00000E+00  3.00000E+01
  3.64000E+01  9.02000E-06  9.50000E-07  0.00000E+00  3.00000E+01
  3.95000E+01  8.39000E-06  9.20000E-07  0.00000E+00  3.00000E+01
  4.31000E+01  7.82000E-06  8.60000E-07  0.00000E+00  3.00000E+01
  4.72000E+01  7.10000E-06  7.80000E-07  0.00000E+00  3.00000E+01
  5.20000E+01  6.34000E-06  7.00000E-07  0.00000E+00  3.00000E+01
  5.75000E+01  5.93000E-06  6.50000E-07  0.00000E+00  3.00000E+01
  6.40000E+01  5.41000E-06  6.00000E-07  0.00000E+00  3.00000E+01
  7.17000E+01  4.90000E-06  5.40000E-07  0.00000E+00  3.00000E+01
  8.10000E+01  4.05000E-06  6.50000E-07  0.00000E+00  3.00000E+01
  9.20000E+01  3.46000E-06  5.50000E-07  0.00000E+00  3.00000E+01
  1.06000E+02  2.87000E-06  4.60000E-07  0.00000E+00  3.00000E+01
  1.24000E+02  2.35000E-06  3.80000E-07  0.00000E+00  3.00000E+01
  1.47000E+02  1.84000E-06  2.90000E-07  0.00000E+00  3.00000E+01
  1.77000E+02  1.38000E-06  2.20000E-07  0.00000E+00  3.00000E+01
  2.19000E+02  1.06000E-06  1.70000E-07  0.00000E+00  3.00000E+01
  2.80000E+02  5.20000E-07  8.00000E-08  0.00000E+00  3.00000E+01
  2.46000E+00  2.88000E-04  7.50000E-05  0.00000E+00  6.00001E+01
  2.79000E+00  2.61000E-04  5.30000E-05  0.00000E+00  6.00001E+01
  3.21000E+00  2.30000E-04  3.60000E-05  0.00000E+00  6.00001E+01
  3.71000E+00  1.88000E-04  2.60000E-05  0.00000E+00  6.00001E+01
  4.47000E+00  1.60000E-04  2.00000E-05  0.00000E+00  6.00001E+01
  5.48000E+00  1.28000E-04  1.50000E-05  0.00000E+00  6.00001E+01
  6.43000E+00  1.09000E-04  1.20000E-05  0.00000E+00  6.00001E+01
  7.38000E+00  8.47000E-05  9.30000E-06  0.00000E+00  6.00001E+01
  8.57000E+00  6.44000E-05  7.10000E-06  0.00000E+00  6.00001E+01
  9.65000E+00  5.19000E-05  5.70000E-06  0.00000E+00  6.00001E+01
  1.05000E+01  4.14000E-05  4.60000E-06  0.00000E+00  6.00001E+01
  1.12000E+01  3.70000E-05  4.10000E-06  0.00000E+00  6.00001E+01
  1.23000E+01  3.28000E-05  3.60000E-06  0.00000E+00  6.00001E+01
  1.35000E+01  2.73000E-05  3.00000E-06  0.00000E+00  6.00001E+01
  1.49000E+01  2.30000E-05  2.50000E-06  0.00000E+00  6.00001E+01
  1.65000E+01  1.83000E-05  2.00000E-06  0.00000E+00  6.00001E+01
  1.85000E+01  1.52000E-05  1.70000E-06  0.00000E+00  6.00001E+01
  2.08000E+01  1.31000E-05  1.40000E-06  0.00000E+00  6.00001E+01
  2.21000E+01  1.18000E-05  1.30000E-06  0.00000E+00  6.00001E+01
  2.52000E+01  1.00000E-05  1.10000E-06  0.00000E+00  6.00001E+01
  2.89000E+01  8.52000E-06  9.40000E-07  0.00000E+00  6.00001E+01
  3.11000E+01  7.85000E-06  8.60000E-07  0.00000E+00  6.00001E+01
  3.36000E+01  7.19000E-06  7.90000E-07  0.00000E+00  6.00001E+01
  3.64000E+01  6.74000E-06  7.40000E-07  0.00000E+00  6.00001E+01
  3.95000E+01  6.34000E-06  7.00000E-07  0.00000E+00  6.00001E+01
  4.31000E+01  5.71000E-06  6.30000E-07  0.00000E+00  6.00001E+01
  4.72000E+01  5.46000E-06  6.00000E-07  0.00000E+00  6.00001E+01
  5.20000E+01  4.94000E-06  5.40000E-07  0.00000E+00  6.00001E+01
  5.75000E+01  4.48000E-06  4.90000E-07  0.00000E+00  6.00001E+01
  6.40000E+01  3.76000E-06  4.10000E-07  0.00000E+00  6.00001E+01
  7.17000E+01  3.24000E-06  3.60000E-07  0.00000E+00  6.00001E+01
  8.10000E+01  2.93000E-06  4.70000E-07  0.00000E+00  6.00001E+01
  9.20000E+01  2.32000E-06  3.70000E-07  0.00000E+00  6.00001E+01
  1.06000E+02  1.91000E-06  3.00000E-07  0.00000E+00  6.00001E+01
  1.24000E+02  1.39000E-06  2.20000E-07  0.00000E+00  6.00001E+01
  1.47000E+02  9.90000E-07  1.60000E-07  0.00000E+00  6.00001E+01
  1.77000E+02  7.20000E-07  1.20000E-07  0.00000E+00  6.00001E+01
  2.19000E+02  5.20000E-07  8.00000E-08  0.00000E+00  6.00001E+01
  2.80000E+02  2.70000E-07  4.00000E-08  0.00000E+00  6.00001E+01
  2.46000E+00  2.59000E-04  7.20000E-05  0.00000E+00  9.00000E+01
  2.79000E+00  2.37000E-04  5.20000E-05  0.00000E+00  9.00000E+01
  3.21000E+00  1.98000E-04  3.50000E-05  0.00000E+00  9.00000E+01
  3.71000E+00  1.59000E-04  2.40000E-05  0.00000E+00  9.00000E+01
  4.47000E+00  1.32000E-04  1.90000E-05  0.00000E+00  9.00000E+01
  5.48000E+00  1.20000E-04  1.50000E-05  0.00000E+00  9.00000E+01
  6.43000E+00  9.64000E-05  9.90000E-06  0.00000E+00  9.00000E+01
  7.38000E+00  8.11000E-05  8.90000E-06  0.00000E+00  9.00000E+01
  8.57000E+00  6.35000E-05  7.00000E-06  0.00000E+00  9.00000E+01
  9.65000E+00  4.97000E-05  5.50000E-06  0.00000E+00  9.00000E+01
  1.05000E+01  3.79000E-05  4.20000E-06  0.00000E+00  9.00000E+01
  1.12000E+01  3.40000E-05  3.70000E-06  0.00000E+00  9.00000E+01
  1.23000E+01  3.05000E-05  3.40000E-06  0.00000E+00  9.00000E+01
  1.35000E+01  2.43000E-05  2.70000E-06  0.00000E+00  9.00000E+01
  1.49000E+01  1.93000E-05  2.10000E-06  0.00000E+00  9.00000E+01
  1.65000E+01  1.56000E-05  1.70000E-06  0.00000E+00  9.00000E+01
  1.85000E+01  1.27000E-05  1.40000E-06  0.00000E+00  9.00000E+01
  2.08000E+01  1.13000E-05  1.30000E-06  0.00000E+00  9.00000E+01
  2.21000E+01  1.00000E-05  1.10000E-06  0.00000E+00  9.00000E+01
  2.52000E+01  8.60000E-06  9.20000E-07  0.00000E+00  9.00000E+01
  2.89000E+01  6.97000E-06  7.20000E-07  0.00000E+00  9.00000E+01
  3.11000E+01  6.38000E-06  6.70000E-07  0.00000E+00  9.00000E+01
  3.36000E+01  5.31000E-06  5.40000E-07  0.00000E+00  9.00000E+01
  3.64000E+01  4.36000E-06  4.50000E-07  0.00000E+00  9.00000E+01
  3.95000E+01  3.93000E-06  4.10000E-07  0.00000E+00  9.00000E+01
  4.31000E+01  3.09000E-06  3.20000E-07  0.00000E+00  9.00000E+01
  4.72000E+01  2.85000E-06  2.90000E-07  0.00000E+00  9.00000E+01
  5.20000E+01  2.34000E-06  2.40000E-07  0.00000E+00  9.00000E+01
  5.75000E+01  2.03000E-06  2.20000E-07  0.00000E+00  9.00000E+01
  6.40000E+01  1.54000E-06  1.80000E-07  0.00000E+00  9.00000E+01
  7.17000E+01  1.24000E-06  1.50000E-07  0.00000E+00  9.00000E+01
  8.10000E+01  1.06000E-06  1.60000E-07  0.00000E+00  9.00000E+01
  9.20000E+01  8.20000E-07  1.30000E-07  0.00000E+00  9.00000E+01
  1.06000E+02  6.20000E-07  9.00000E-08  0.00000E+00  9.00000E+01
  1.24000E+02  4.80000E-07  8.00000E-08  0.00000E+00  9.00000E+01
  1.47000E+02  3.70000E-07  6.00000E-08  0.00000E+00  9.00000E+01
  1.77000E+02  2.30000E-07  4.00000E-08  0.00000E+00  9.00000E+01
  2.19000E+02  1.30000E-07  2.00000E-08  0.00000E+00  9.00000E+01
  2.80000E+02  5.10000E-08  1.10000E-08  0.00000E+00  9.00000E+01
  2.46000E+00  2.10000E-04  6.20000E-05  0.00000E+00  1.20000E+02
  2.79000E+00  2.01000E-04  4.50000E-05  0.00000E+00  1.20000E+02
  3.21000E+00  1.85000E-04  3.20000E-05  0.00000E+00  1.20000E+02
  3.71000E+00  1.49000E-04  2.30000E-05  0.00000E+00  1.20000E+02
  4.47000E+00  1.32000E-04  1.80000E-05  0.00000E+00  1.20000E+02
  5.48000E+00  1.15000E-04  1.40000E-05  0.00000E+00  1.20000E+02
  6.43000E+00  9.55000E-05  9.80000E-06  0.00000E+00  1.20000E+02
  7.38000E+00  7.53000E-05  8.30000E-06  0.00000E+00  1.20000E+02
  8.57000E+00  6.12000E-05  6.70000E-06  0.00000E+00  1.20000E+02
  9.65000E+00  4.70000E-05  5.20000E-06  0.00000E+00  1.20000E+02
  1.05000E+01  3.69000E-05  4.10000E-06  0.00000E+00  1.20000E+02
  1.12000E+01  3.28000E-05  3.60000E-06  0.00000E+00  1.20000E+02
  1.23000E+01  2.99000E-05  3.30000E-06  0.00000E+00  1.20000E+02
  1.35000E+01  2.35000E-05  2.60000E-06  0.00000E+00  1.20000E+02
  1.49000E+01  1.92000E-05  2.10000E-06  0.00000E+00  1.20000E+02
  1.65000E+01  1.44000E-05  1.60000E-06  0.00000E+00  1.20000E+02
  1.85000E+01  1.14000E-05  1.30000E-06  0.00000E+00  1.20000E+02
  2.08000E+01  1.02000E-05  1.10000E-06  0.00000E+00  1.20000E+02
  2.21000E+01  9.06000E-06  9.30000E-07  0.00000E+00  1.20000E+02
  2.52000E+01  7.03000E-06  7.90000E-07  0.00000E+00  1.20000E+02
  2.89000E+01  5.10000E-06  5.70000E-07  0.00000E+00  1.20000E+02
  3.11000E+01  4.53000E-06  4.80000E-07  0.00000E+00  1.20000E+02
  3.36000E+01  3.96000E-06  4.30000E-07  0.00000E+00  1.20000E+02
  3.64000E+01  3.43000E-06  3.80000E-07  0.00000E+00  1.20000E+02
  3.95000E+01  3.01000E-06  3.30000E-07  0.00000E+00  1.20000E+02
  4.31000E+01  2.21000E-06  2.40000E-07  0.00000E+00  1.20000E+02
  4.72000E+01  1.91000E-06  2.10000E-07  0.00000E+00  1.20000E+02
  5.20000E+01  1.58000E-06  1.70000E-07  0.00000E+00  1.20000E+02
  5.75000E+01  1.31000E-06  1.40000E-07  0.00000E+00  1.20000E+02
  6.40000E+01  1.06000E-06  1.20000E-07  0.00000E+00  1.20000E+02
  7.17000E+01  9.10000E-07  1.00000E-07  0.00000E+00  1.20000E+02
  8.10000E+01  6.10000E-07  9.00000E-08  0.00000E+00  1.20000E+02
  9.20000E+01  5.10000E-07  8.00000E-08  0.00000E+00  1.20000E+02
  1.06000E+02  4.10000E-07  7.00000E-08  0.00000E+00  1.20000E+02
  1.24000E+02  2.30000E-07  4.00000E-08  0.00000E+00  1.20000E+02
  1.47000E+02  1.10000E-07  2.00000E-08  0.00000E+00  1.20000E+02
  1.77000E+02  5.20000E-08  8.00000E-09  0.00000E+00  1.20000E+02
  2.19000E+02  2.20000E-08  4.00000E-09  0.00000E+00  1.20000E+02
  2.46000E+00  2.17000E-04  6.30000E-05  0.00000E+00  1.50000E+02
  2.79000E+00  1.96000E-04  4.20000E-05  0.00000E+00  1.50000E+02
  3.21000E+00  1.76000E-04  3.10000E-05  0.00000E+00  1.50000E+02
  3.71000E+00  1.52000E-04  2.10000E-05  0.00000E+00  1.50000E+02
  4.47000E+00  1.24000E-04  1.60000E-05  0.00000E+00  1.50000E+02
  5.48000E+00  1.04000E-04  1.20000E-05  0.00000E+00  1.50000E+02
  6.43000E+00  8.12000E-05  9.00000E-06  0.00000E+00  1.50000E+02
  7.38000E+00  6.57000E-05  7.20000E-06  0.00000E+00  1.50000E+02
  8.57000E+00  5.59000E-05  6.10000E-06  0.00000E+00  1.50000E+02
  9.65000E+00  4.44000E-05  4.90000E-06  0.00000E+00  1.50000E+02
  1.05000E+01  3.39000E-05  3.70000E-06  0.00000E+00  1.50000E+02
  1.12000E+01  3.08000E-05  3.40000E-06  0.00000E+00  1.50000E+02
  1.23000E+01  2.81000E-05  3.10000E-06  0.00000E+00  1.50000E+02
  1.35000E+01  2.28000E-05  2.40000E-06  0.00000E+00  1.50000E+02
  1.49000E+01  1.77000E-05  1.90000E-06  0.00000E+00  1.50000E+02
  1.65000E+01  1.32000E-05  1.40000E-06  0.00000E+00  1.50000E+02
  1.85000E+01  1.00000E-05  1.10000E-06  0.00000E+00  1.50000E+02
  2.08000E+01  8.25000E-06  9.20000E-07  0.00000E+00  1.50000E+02
  2.21000E+01  7.06000E-06  7.70000E-07  0.00000E+00  1.50000E+02
  2.52000E+01  5.07000E-06  5.50000E-07  0.00000E+00  1.50000E+02
  2.89000E+01  4.13000E-06  4.40000E-07  0.00000E+00  1.50000E+02
  3.11000E+01  3.42000E-06  3.60000E-07  0.00000E+00  1.50000E+02
  3.36000E+01  3.01000E-06  3.30000E-07  0.00000E+00  1.50000E+02
  3.64000E+01  2.65000E-06  2.80000E-07  0.00000E+00  1.50000E+02
  3.95000E+01  2.32000E-06  2.50000E-07  0.00000E+00  1.50000E+02
  4.31000E+01  2.06000E-06  2.20000E-07  0.00000E+00  1.50000E+02
  4.72000E+01  1.69000E-06  1.80000E-07  0.00000E+00  1.50000E+02
  5.20000E+01  1.38000E-06  1.50000E-07  0.00000E+00  1.50000E+02
  5.75000E+01  1.21000E-06  1.40000E-07  0.00000E+00  1.50000E+02
  6.40000E+01  9.70000E-07  1.10000E-07  0.00000E+00  1.50000E+02
  7.17000E+01  8.40000E-07  9.00000E-08  0.00000E+00  1.50000E+02
  8.10000E+01  5.50000E-07  8.00000E-08  0.00000E+00  1.50000E+02
  9.20000E+01  3.50000E-07  6.00000E-08  0.00000E+00  1.50000E+02
  1.06000E+02  2.60000E-07  4.00000E-08  0.00000E+00  1.50000E+02
  1.24000E+02  1.20000E-07  2.00000E-08  0.00000E+00  1.50000E+02
  1.47000E+02  8.30000E-08  1.20000E-08  0.00000E+00  1.50000E+02
  1.77000E+02  4.20000E-08  9.00000E-09  0.00000E+00  1.50000E+02
# Full reference:
#Yu.V.Trebukhovsky,  Yu.E.Titarenko,  V.F.Batyaev, E.I.Karpikhin,  R.D.Mulambetov,  S.V.Mulambetova, G.N.Smirnov,  K.A.Lipatov,  A.B.Koldobsky,
# V.M.Zhivun, Yu.V.Nekrasov,  V.S.Barashenkov,  H.Kumawat,  S.G.Mashnik, R.E.Prael
#Prog. Inst. Teoret. i Experiment. Fiziki, Moscow Repts No.3, p.03, 2003
#Double-differential cross sections of neutrons from 0.8, 1.0 and 1.6-GeV proton- irradiated Pb, W, Zr, Cu, Al and Na-targets.
#
