# Target Z    :  29
# Target A    :  63
# Target state:  
# Projectile  : p
# Reaction    : (p,xg)
# E-inc       :   25.000 MeV
# Quantity    : Differential cross section
# Frame       : L
# MF          :    5
# MT          :    4
# X4 ID       : O0105004 
# X4 code     : 29-CU-63(P,N)30-ZN-63,,DE,,,EXP
# Author      : Blann                    
# Year        : 1985
# Data points :     65
# E-out(MeV)  xs(mb/MeV)  dxs(mb/MeV)     dE(MeV)      Evaluation  C/E(F)      Chi-2     Delta(mb)
  3.40000E-02  2.35000E-07  7.05000E-09  0.00000E+00
  9.20000E-02  2.93000E-07  8.79000E-09  0.00000E+00
  2.47000E-01  2.92000E-07  8.76000E-09  0.00000E+00
  4.17000E-01  2.71000E-07  8.13000E-09  0.00000E+00
  5.72000E-01  2.64000E-07  7.92000E-09  0.00000E+00
  6.60000E-01  2.88000E-07  8.64000E-09  0.00000E+00
  8.32000E-01  2.87000E-07  8.61000E-09  0.00000E+00
  1.00400E+00  2.85000E-07  8.55000E-09  0.00000E+00
  1.17600E+00  2.84000E-07  8.52000E-09  0.00000E+00
  1.29700E+00  2.83000E-07  8.49000E-09  0.00000E+00
  1.45200E+00  2.81000E-07  8.43000E-09  0.00000E+00
  1.62400E+00  2.80000E-07  8.40000E-09  0.00000E+00
  1.79900E+00  3.19000E-07  9.57000E-09  0.00000E+00
  1.87000E+00  3.48000E-07  1.04400E-08  0.00000E+00
  1.99500E+00  4.34000E-07  1.30200E-08  0.00000E+00
  2.13800E+00  5.42000E-07  1.62600E-08  0.00000E+00
  2.22700E+00  6.18000E-07  1.85400E-08  0.00000E+00
  2.33500E+00  7.72000E-07  2.31600E-08  0.00000E+00
  2.40600E+00  8.43000E-07  2.52900E-08  0.00000E+00
  2.58200E+00  9.80000E-07  2.94000E-08  0.00000E+00
  2.68600E+00  1.05000E-06  3.15000E-08  0.00000E+00
  2.76000E+00  1.31000E-06  3.93000E-08  0.00000E+00
  2.86800E+00  1.63000E-06  4.89000E-08  0.00000E+00
  2.94000E+00  1.87000E-06  5.61000E-08  0.00000E+00
  3.04300E+00  1.86000E-06  5.58000E-08  0.00000E+00
  3.28600E+00  2.02000E-06  6.06000E-08  0.00000E+00
  3.45900E+00  2.01000E-06  6.03000E-08  0.00000E+00
  3.63100E+00  2.00000E-06  6.00000E-08  0.00000E+00
  3.80300E+00  1.99000E-06  5.97000E-08  0.00000E+00
  3.90600E+00  1.98000E-06  5.94000E-08  0.00000E+00
  4.08100E+00  2.26000E-06  6.78000E-08  0.00000E+00
  4.15200E+00  2.47000E-06  7.41000E-08  0.00000E+00
  4.32700E+00  2.81000E-06  8.43000E-08  0.00000E+00
  4.49900E+00  2.79000E-06  8.37000E-08  0.00000E+00
  4.66900E+00  2.43000E-06  7.29000E-08  0.00000E+00
  4.77400E+00  2.71000E-06  8.13000E-08  0.00000E+00
  4.94400E+00  2.41000E-06  7.23000E-08  0.00000E+00
  5.01800E+00  3.01000E-06  9.03000E-08  0.00000E+00
  5.14300E+00  3.76000E-06  1.12800E-07  0.00000E+00
  5.20000E+00  4.70000E-06  1.41000E-07  0.00000E+00
  5.20300E+00  5.38000E-06  1.61400E-07  0.00000E+00
  5.20800E+00  6.74000E-06  2.02200E-07  0.00000E+00
  5.31600E+00  8.61000E-06  2.58300E-07  0.00000E+00
  5.33800E+00  1.05000E-05  3.15000E-07  0.00000E+00
  5.49500E+00  1.15000E-05  3.45000E-07  0.00000E+00
  5.56400E+00  1.14000E-05  3.42000E-07  0.00000E+00
  5.64800E+00  1.04000E-05  3.12000E-07  0.00000E+00
  5.66000E+00  8.33000E-06  2.49900E-07  0.00000E+00
  5.66900E+00  5.80000E-06  1.74000E-07  0.00000E+00
  5.72000E+00  5.42000E-06  1.62600E-07  0.00000E+00
  5.88300E+00  3.67000E-06  1.10100E-07  0.00000E+00
  5.88800E+00  4.60000E-06  1.38000E-07  0.00000E+00
  6.05600E+00  3.65000E-06  1.09500E-07  0.00000E+00
  6.23300E+00  4.55000E-06  1.36500E-07  0.00000E+00
  6.40500E+00  4.53000E-06  1.35900E-07  0.00000E+00
  6.57700E+00  4.51000E-06  1.35300E-07  0.00000E+00
  6.75200E+00  5.13000E-06  1.53900E-07  0.00000E+00
  6.87300E+00  5.11000E-06  1.53300E-07  0.00000E+00
  7.02800E+00  5.09000E-06  1.52700E-07  0.00000E+00
  7.20000E+00  5.06000E-06  1.51800E-07  0.00000E+00
  7.37200E+00  5.03000E-06  1.50900E-07  0.00000E+00
  7.52700E+00  5.01000E-06  1.50300E-07  0.00000E+00
  7.61500E+00  5.47000E-06  1.64100E-07  0.00000E+00
  7.78700E+00  5.44000E-06  1.63200E-07  0.00000E+00
  7.96400E+00  6.78000E-06  2.03400E-07  0.00000E+00
# Full reference:
#M.Blann, S.M.Grimes, L.F.Hansen, T.T.Komoto, B.A.Pohl, W.Scobel, M.Trabandt, C.Wong
#
#Jour. Physical Review, Part C, Nuclear Physics Vol.32, p.411, 1985
#SINGLE-PARTICLE EFFECTS IN PRECOMPOUND REACTIONS: INFLUENCE OF THE F7/2 SHELL CLOSURE.
