$SPEC_ID:
No sample description was entered.
$SPEC_REM:
DET# 1
DETDESC# STA-LK-521874 Easy-MCA-2k SN 19142530
AP# Maestro Version 7.01
$DATE_MEA:
02/25/2022 19:12:44
$MEAS_TIM:
1321 1321
$DATA:
0 2047
       0
       0
       0
       0
       0
       0
       0
       0
       0
       0
       0
       0
       0
       0
       0
       0
       0
       0
       3
       5
       7
      14
       6
       3
       5
       3
       4
       1
       9
       2
       2
       2
       0
       2
       0
       1
       1
       2
       0
       0
       2
       0
       0
       1
       1
       2
       2
       1
       3
       0
       1
       1
       0
       1
       0
       0
       2
       0
       1
       1
       1
       2
       0
       1
       1
       1
       3
       1
       1
       4
       2
       0
       0
       2
       2
       1
       5
       2
       0
       2
       2
       0
       1
       3
       1
       0
       0
       1
       0
       0
       2
       0
       1
       0
       1
       0
       0
       2
       0
       1
       1
       0
       0
       0
       0
       0
       1
       0
       1
       0
       1
       0
       0
       0
       0
       0
       2
       0
       2
       1
       0
       2
       2
       0
       1
       0
       0
       0
       0
       1
       0
       3
       3
       0
       1
       0
       1
       0
       0
       0
       1
       0
       2
       1
       1
       0
       1
       1
       2
       1
       2
       0
       0
       0
       2
       0
       1
       0
       0
       0
       2
       1
       0
       0
       2
       0
       1
       2
       0
       0
       0
       1
       0
       1
       0
       1
       2
       1
       1
       1
       0
       0
       2
       1
       0
       1
       0
       3
       3
       2
       0
       1
       0
       3
       1
       2
       0
       1
       0
       1
       2
       4
       2
       1
       1
       8
       3
       5
      15
      24
      16
      29
      32
      21
      26
      19
      21
      28
      28
      23
      13
      11
       6
       3
       3
       3
       5
       3
       2
       0
       1
       2
       3
       0
       5
       2
       4
      10
      12
      13
      20
      22
      18
      11
      17
      21
      23
      24
      20
      24
      34
      14
      22
      12
      12
      12
       9
       9
       3
       8
       6
       2
       4
       4
       0
       0
       1
       0
       1
       0
       0
       0
       2
       0
       1
       1
       1
       3
       2
       1
       3
       0
       1
       1
       1
       4
       3
       1
       1
       3
       5
       4
       3
       5
       3
       3
       2
       1
       1
       0
       0
       2
       2
       1
       1
       1
       0
       0
       0
       1
       0
       0
       0
       1
       0
       1
       0
       1
       0
       0
       0
       0
       0
       1
       0
       0
       0
       0
       0
       0
       0
       0
       1
       0
       0
       0
       1
       0
       0
       0
       0
       1
       0
       0
       0
       1
       2
       0
       0
       0
       0
       0
       0
       0
       0
       0
       1
       0
       1
       0
       1
       0
       0
       1
       0
       0
       0
       0
       1
       0
       0
       0
       0
       0
       0
       1
       0
       0
       1
       0
       0
       0
       0
       0
       0
       0
       0
       0
       0
       0
       1
       0
       1
       0
       0
       7
       9
       6
       2
       2
       1
       1
       1
       3
       2
       3
       4
       1
       2
       4
       2
       6
       4
       2
       6
       3
       4
       2
       3
       1
       0
       0
       0
       0
       0
       0
       1
       0
       0
       1
       0
       0
       1
       0
       0
       0
       0
       0
       0
       0
       0
       0
       0
       0
       0
       0
       1
       0
       0
       0
       0
       0
       0
       1
       1
       0
       1
       2
       0
       4
       7
       5
       7
      11
       8
       3
       9
       7
       7
       8
       7
       4
       5
       1
       1
       0
       1
       2
       0
       1
       3
       0
       1
       6
       2
       3
       4
       9
      11
      11
       5
       6
       8
       5
       3
       0
       0
       0
       2
       0
       0
       0
       0
       0
       0
       0
       0
       1
       2
       2
       0
       0
       0
       0
       1
       0
       0
       0
       1
       0
       0
       1
       4
       3
       1
       4
       2
       0
       0
       1
       0
       2
       1
       2
       0
       0
       0
       1
       0
       0
       0
       0
       1
       0
       0
       1
       1
       2
       0
       0
       2
       0
       0
       0
       0
       1
       1
       0
       0
       0
       1
       0
       0
       0
       0
       1
       1
       0
       0
       0
       1
       0
       1
       1
       1
       1
       0
       0
       0
       0
       0
       0
       0
       0
       1
       1
       1
       3
       1
       1
       0
       0
       0
       1
       2
       0
       1
       1
       0
       5
       4
       2
       6
       5
       8
       6
       2
       6
       8
      13
      13
      16
       7
      16
      19
      25
      24
      53
      67
      89
     110
     190
     390
     428
     254
     186
     155
     105
      76
      71
      61
      47
      44
      37
      32
      24
      26
      18
      15
      18
       7
       6
       9
       3
       6
       2
       2
       0
       2
       3
       1
       0
       3
       0
       0
       0
       1
       0
       1
       0
       1
       0
       2
       1
       1
       0
       1
       2
       0
       0
       0
       1
       1
       1
       0
       1
       1
       1
       1
       1
       1
       0
       1
       0
       1
       0
       0
       1
       0
       0
       1
       0
       1
       2
       0
       0
       1
       0
       0
       1
       1
       0
       0
       0
       0
       1
       0
       0
       0
       0
       0
       1
       0
       0
       0
       0
       0
       0
       0
       0
       0
       0
       0
       2
       0
       0
       0
       0
       0
       0
       0
       0
       2
       1
       1
       0
       1
       1
       1
       0
       0
       0
       1
       0
       0
       0
       1
       1
       1
       1
       1
       1
       0
       0
       0
       0
       0
       0
       0
       0
       0
       0
       0
       0
       0
       0
       0
       0
       0
       0
       0
       0
       0
       0
       1
       2
       1
       1
       1
       0
       0
       2
       0
       1
       0
       0
       1
       3
       1
       0
       0
       0
       2
       2
       0
       0
       1
       2
       1
       2
       2
       3
       2
       2
       1
       2
       2
       0
       2
       0
       2
       2
       1
       5
       0
       3
       2
       5
       4
       7
       3
       2
       4
       4
       2
       1
       2
       1
       4
       0
       2
       0
       2
       1
       1
       0
       1
       0
       3
       1
       1
       0
       2
       0
       2
       0
       3
       1
       0
       0
       0
       0
       0
       0
       0
       0
       0
       1
       1
       0
       0
       1
       0
       0
       0
       1
       1
       0
       0
       0
       0
       0
       1
       0
       0
       0
       0
       0
       0
       0
       0
       1
       0
       0
       0
       1
       0
       0
       0
       0
       0
       0
       0
       0
       0
       0
       0
       0
       1
       0
       1
       1
       1
       0
       2
       0
       0
       1
       0
       0
       2
       0
       1
       0
       0
       1
       0
       0
       0
       0
       0
       1
       0
       0
       0
       0
       0
       0
       0
       0
       0
       1
       0
       0
       0
       1
       0
       0
       0
       0
       1
       0
       0
       0
       1
       0
       1
       1
       0
       0
       0
       0
       0
       0
       0
       1
       0
       0
       0
       0
       1
       1
       0
       1
       1
       0
       1
       0
       0
       0
       0
       1
       0
       1
       0
       0
      13
      22
      20
      16
      14
      11
       9
       8
       9
       9
       5
       9
       2
       3
       0
       0
       0
       0
       1
       0
       0
       0
       0
       0
       0
       1
       1
       0
       0
       1
       1
       0
       0
       0
       1
       0
       1
       0
       0
       1
       1
       0
       0
       0
       0
       0
       1
       1
       0
       0
       0
       0
       0
       0
       0
       0
       0
       0
       0
       0
       0
       0
       1
       1
       0
       0
       0
       0
       1
       0
       0
       0
       0
       0
       1
       0
       1
       0
       1
       0
       0
       0
       3
       0
       1
       0
       0
       0
       0
       0
       0
       0
       0
       0
       0
       0
       0
       0
       0
       0
       0
       0
       0
       0
       0
       1
       0
       1
       0
       2
       1
       0
       0
       0
       1
       1
       0
       2
       2
       0
       1
       0
       0
       0
       0
       0
       1
       0
       2
       0
       1
       0
       0
       0
       0
       0
       0
       0
       2
       0
       0
       1
       0
       1
       2
       0
       0
       1
       0
       0
       0
       3
       0
       0
       2
       0
       0
       0
       0
       0
       0
       1
       0
       0
       1
       0
       0
       0
       1
       1
       0
       1
       1
       0
       1
       0
       0
       0
       0
       0
       0
       0
       0
       1
       0
       0
       0
       0
       1
       0
       0
       0
       1
       0
       0
       1
       0
       1
       0
       2
       0
       1
       2
       0
       0
       0
       0
       0
       2
       0
       0
       0
       0
       1
       0
       0
       1
       0
       0
       0
       0
       0
       0
       1
       0
       0
       1
       0
       3
       0
       1
       1
       0
       3
       0
       0
       1
       0
       0
       1
       0
       0
       1
       1
       0
       0
       0
       0
       2
       0
       1
       0
       2
       0
       0
       0
       1
       0
       0
       0
       0
       0
       0
       2
       0
       0
       1
       1
       0
       0
       2
       1
       0
       0
       1
       1
       0
       0
       1
       0
       1
       0
       0
       0
       0
       0
       1
       0
       0
       0
       2
       0
       0
       0
       0
       2
       1
       0
       0
       0
       0
       0
       0
       0
       0
       0
       0
       0
       1
       0
       0
       0
       2
       1
       0
       1
       0
       1
       0
       0
       0
       0
       0
       1
       0
       2
       0
       0
       0
       0
       0
       0
       1
       1
       1
       0
       0
       0
       0
       1
       0
       3
       0
       0
       0
       0
       0
       1
       0
       0
       1
       3
       1
       1
       0
       0
       0
       0
       3
       1
       0
       1
       1
       0
       0
       0
       2
       0
       1
       0
       0
       1
       0
       0
       0
       2
       0
       0
       0
       1
       1
       0
       0
       0
       0
       0
       0
       0
       0
       0
       0
       1
       0
       0
       0
       0
       1
       1
       0
       0
       0
       1
       0
       0
       0
       1
       0
       0
       0
       0
       0
       0
       0
       1
       1
       0
       0
       0
       2
       1
       0
       0
       1
       0
       1
       0
       1
       0
       1
       0
       0
       1
       1
       1
       0
       0
       1
       0
       1
       0
       0
       0
       0
       1
       0
       1
       1
       0
       1
       0
       0
       0
       0
       0
       0
       1
       1
       0
       0
       1
       2
       1
       0
       1
       1
       1
       1
       1
       0
       0
       3
       1
       0
       0
       3
       2
       2
       0
       1
       1
       1
       1
       0
       0
       4
       0
       1
       0
       2
       0
       0
       0
       0
       0
       3
       2
       1
       2
       3
       1
       2
       2
       0
       6
       4
       3
       0
       2
       4
       3
       1
       2
       3
       1
       2
       2
       0
       0
       1
       2
       1
       3
       2
       1
       2
       1
       1
       0
       1
       2
       0
       0
       0
       0
       0
       0
       1
       0
       0
       1
       0
       0
       0
       0
       2
       0
       1
       1
       1
       0
       3
       1
       1
       1
       3
       3
       0
       1
       3
       0
       0
       0
       2
       1
       0
       0
       0
       1
       1
       1
       0
       0
       1
       0
       0
       0
       0
       0
       0
       1
       2
       1
       0
       1
       0
       1
       0
       1
       0
       1
       0
       0
       1
       1
       0
       0
       0
       1
       0
       0
       1
       1
       1
       0
       1
       1
       0
       1
       1
       0
       0
       1
       0
       0
       0
       0
       1
       0
       0
       1
       2
       0
       0
       1
       1
       0
       0
       1
       0
       0
       0
       1
       0
       1
       0
       0
       0
       0
       0
       0
       0
       1
       0
       0
       2
       2
       1
       1
       0
       0
       0
       0
       0
       0
       1
       0
       0
       0
       1
       0
       1
       0
       0
       0
       0
       0
       0
       0
       0
       2
       0
       0
       0
       2
       1
       0
       0
       0
       0
       0
       0
       0
       0
       0
       0
       1
       0
       0
       0
       0
       1
       0
       0
       0
       0
       0
       0
       0
       0
       0
       0
       0
       1
       0
       1
       1
       0
       0
       0
       0
       0
       0
       0
       0
       0
       0
       1
       0
       0
       0
       0
       0
       0
       1
       0
       0
       1
       1
       0
       0
       1
       0
       0
       0
       0
       1
       0
       0
       0
       0
       0
       0
       0
       1
       0
       0
       1
       1
       0
       1
       1
       0
       1
       0
       0
       0
       0
       1
       1
       0
       0
       0
       0
       1
       0
       0
       0
       0
       0
       0
       0
       1
       0
       0
       0
       0
       0
       0
       0
       0
       0
       0
       0
       0
       0
       1
       0
       1
       0
       0
       0
       1
       1
       0
       0
       1
       0
       0
       0
       0
       0
       0
       1
       1
       3
       0
       0
       1
       0
       0
       0
       0
       1
       0
       0
       0
       0
       1
       0
       0
       0
       0
       0
       0
       0
       1
       0
       1
       0
       0
       0
       0
       2
       0
       0
       0
       0
       1
       0
       0
       1
       0
       0
       0
       1
       0
       0
       0
       0
       0
       1
       0
       0
       0
       0
       0
       0
       0
       0
       0
       0
       0
       0
       0
       0
       0
       0
       0
       0
       0
       0
       0
       0
       0
       0
       0
       0
       0
       0
       0
       0
       0
       0
       0
       0
       0
       0
       0
       0
       0
       0
       0
       0
       0
       0
       0
       0
       0
       0
       0
       0
       0
       0
       0
       0
       0
       0
       0
       0
       0
       0
       0
       0
       0
       0
       0
       0
       0
       0
       0
       0
       0
       0
       0
       0
       0
       0
       0
       0
       0
       0
       0
       0
       0
       0
       0
       0
       0
       0
       0
       0
       0
       0
       0
       0
       0
       0
       0
       0
       0
       0
       0
       0
       0
       0
       0
       0
       0
       0
       0
       0
       0
       0
       0
       0
       0
       0
       0
       0
       0
       0
       0
       0
       0
       0
       0
       0
       0
       0
       0
       0
       0
       0
       0
       0
       0
       0
       0
       0
       0
       0
       0
       0
       0
       0
       0
       0
       0
       0
       0
       0
       0
       0
       0
       0
       0
       0
       0
       0
       0
       0
       0
       0
       0
       0
       0
       0
       0
       0
       0
       0
       0
       0
       0
       0
       0
       0
       0
       0
       0
       0
       0
       0
       0
       0
       0
       0
       0
       0
       0
       0
       0
       0
       0
       0
       0
       0
       0
       0
       0
       0
       0
       0
       0
       0
       0
       0
       0
       0
       0
       0
       0
       0
       0
       0
       0
       0
       0
       0
       0
       0
       0
$ROI:
0
$PRESETS:
None
0
0
$ENER_FIT:
0.000000 0.000000
$MCA_CAL:
3
0.000000E+000 0.000000E+000 0.000000E+000 
$SHAPE_CAL:
3
0.000000E+000 0.000000E+000 0.000000E+000
