# Target Z    :  13
# Target A    :  27
# Target state:  
# Projectile  : p
# Reaction    : (p,x)
# Final Z     :  11
# Final A     :  24
# Final state : *
# Quantity    : Cross section
# Frame       : L
# MF          :    3
# MT          :  998
# X4 ID       : O0276012 
# X4 code     : 13-AL-27(P,X)11-NA-24,CUM,SIG
# Author      : Michel                   
# Year        : 1997
# Data points :    112
#    E(MeV)       xs(mb)      dxs(mb)     dE(MeV)      Evaluation  C/E(F)      Chi-2     Delta(mb)
  2.47000E+01  4.60000E-02  2.20000E-02  6.00000E-01
  2.47000E+01  4.80000E-02  1.81000E-02  6.44000E-01
  2.96000E+01  8.10000E-02  2.20000E-02  6.00000E-01
  2.96000E+01  8.50000E-02  1.87000E-02  5.71000E-01
  3.07000E+01  3.35000E-01  2.45000E-02  1.31000E+00  5.21153E-02  0.1556       133.3      0.2829              
  3.14000E+01  3.76000E-01  1.95000E-02  7.52000E-01  1.03103E-01  0.2742       195.9      0.2729              
  3.20000E+01  3.74000E-01  2.74000E-02  7.39000E-01  1.46808E-01  0.3925       68.75      0.2272              
  3.23000E+01  3.66000E-01  2.60000E-02  7.37000E-01  1.68660E-01  0.4608       57.61      0.1973              
  3.28000E+01  3.73000E-01  2.01000E-02  7.22000E-01  2.05080E-01  0.5498       69.79      0.1679              
  3.32000E+01  4.72000E-01  2.42000E-02  7.17000E-01  2.34216E-01  0.4962       96.55      0.2378              
  3.36000E+01  6.37000E-01  3.29000E-02  7.21000E-01  2.63352E-01  0.4134       129.0      0.3736              
  3.36000E+01  6.06000E-01  3.36000E-02  9.36000E-01  2.63352E-01  0.4346       104.0      0.3426              
  3.38000E+01  5.34000E-01  2.77000E-02  7.05000E-01  2.77920E-01  0.5205       85.47      0.2561              
  3.39000E+01  3.38000E-01  3.30000E-02  5.00000E-01  2.85205E-01  0.8438       2.560      5.2795E-02          
  3.39000E+01  3.42000E-01  2.88000E-02  5.05000E-01  2.85205E-01  0.8339       3.889      5.6795E-02          
  3.40000E+01  6.00000E-01  4.30000E-02  1.30000E+00  2.92489E-01  0.4875       51.14      0.3075              
  3.45000E+01  5.25000E-01  2.81000E-02  6.98000E-01  3.28909E-01  0.6265       48.70      0.1961              
  3.54000E+01  6.66000E-01  3.58000E-02  6.83000E-01  4.62740E-01  0.6948       32.24      0.2033              
  3.57000E+01  8.37000E-01  4.82000E-02  6.90000E-01  5.35798E-01  0.6401       39.05      0.3012              
  3.64000E+01  8.66000E-01  4.54000E-02  9.22000E-01  7.06266E-01  0.8155       12.38      0.1597              
  3.77000E+01  1.34000E+00  6.92000E-02  6.62000E-01  1.02285E+00  0.7633       21.00      0.3171              
  3.78000E+01  1.29000E+00  7.03000E-02  8.98000E-01  1.04720E+00  0.8118       11.93      0.2428              
  3.79000E+01  8.89000E-01  6.50000E-02  4.00000E-01  1.07156E+00   1.205       7.888      0.1826              
  3.79000E+01  9.44000E-01  5.88000E-02  4.41000E-01  1.07156E+00   1.135       4.706      0.1276              
  3.79000E+01  1.31000E+00  9.33000E-02  1.27000E+00  1.07156E+00  0.8180       6.531      0.2384              
  3.84000E+01  1.24000E+00  6.40000E-02  8.96000E-01  1.19332E+00  0.9624      0.5320      4.6682E-02          
  3.85000E+01  1.28000E+00  9.05000E-02  1.26000E+00  1.21767E+00  0.9513      0.4743      6.2329E-02          
  3.86000E+01  1.41000E+00  7.40000E-02  9.21000E-01  1.24202E+00  0.8809       5.153      0.1680              
  3.90000E+01  1.57000E+00  9.00000E-02  9.00000E-01  1.33943E+00  0.8531       6.563      0.2306              
  3.90000E+01  1.64000E+00  8.45000E-02  9.27000E-01  1.33943E+00  0.8167       12.65      0.3006              
  3.94000E+01  1.19000E+00  6.07000E-02  8.94000E-01  1.43684E+00   1.207       16.54      0.2468              
  3.97000E+01  1.77000E+00  9.09000E-02  6.45000E-01  1.50990E+00  0.8531       8.187      0.2601              
  4.07000E+01  1.75000E+00  9.16000E-02  8.92000E-01  1.78784E+00   1.022      0.1706      3.7836E-02          
  4.11000E+01  1.76000E+00  9.31000E-02  6.14000E-01  1.90491E+00   1.082       2.423      0.1449              
  4.15000E+01  1.71000E+00  1.20000E-01  4.00000E-01  2.02198E+00   1.182       6.759      0.3120              
  4.15000E+01  1.80000E+00  1.06000E-01  3.67000E-01  2.02198E+00   1.123       4.385      0.2220              
  4.15000E+01  2.26000E+00  1.17000E-01  6.12000E-01  2.02198E+00  0.8947       4.139      0.2380              
  4.32000E+01  2.58000E+00  1.85000E-01  5.84000E-01  2.51954E+00  0.9766      0.1068      6.0464E-02          
  4.33000E+01  2.66000E+00  1.45000E-01  5.86000E-01  2.54880E+00  0.9582      0.5881      0.1112              
  4.34000E+01  2.66000E+00  1.40000E-01  5.82000E-01  2.57807E+00  0.9692      0.3425      8.1928E-02          
  4.34000E+01  2.63000E+00  1.34000E-01  5.82000E-01  2.57807E+00  0.9803      0.1502      5.1928E-02          
  4.36000E+01  3.43000E+00  2.50000E-01  9.00000E-01  2.63661E+00  0.7687       10.07      0.7934              
  4.36000E+01  3.60000E+00  1.84000E-01  8.64000E-01  2.63661E+00  0.7324       27.41      0.9634              
  4.37000E+01  2.86000E+00  1.45000E-01  5.72000E-01  2.66588E+00  0.9321       1.792      0.1941              
  4.40000E+01  2.94000E+00  2.07000E-01  5.67000E-01  2.75368E+00  0.9366      0.8102      0.1863              
  4.40000E+01  2.89000E+00  2.06000E-01  5.68000E-01  2.75368E+00  0.9528      0.4379      0.1363              
  4.41000E+01  2.94000E+00  1.51000E-01  5.66000E-01  2.78295E+00  0.9466       1.082      0.1571              
  4.46000E+01  3.12000E+00  1.60000E-01  8.57000E-01  2.92929E+00  0.9389       1.421      0.1907              
  4.49000E+01  3.04000E+00  2.30000E-01  3.00000E-01  3.01709E+00  0.9925      9.9199E-03  2.2908E-02          
  4.49000E+01  3.14000E+00  1.78000E-01  2.64000E-01  3.01709E+00  0.9609      0.4768      0.1229              
  4.63000E+01  3.98000E+00  2.03000E-01  8.43000E-01  3.55463E+00  0.8931       4.391      0.4254              
  4.79000E+01  5.38000E+00  3.90000E-01  8.00000E-01  4.18018E+00  0.7770       9.465       1.200              
  4.79000E+01  5.73000E+00  2.90000E-01  8.05000E-01  4.18018E+00  0.7295       28.56       1.550              
  4.80000E+01  5.16000E+00  2.63000E-01  8.28000E-01  4.21928E+00  0.8177       12.79      0.9407              
  4.96000E+01  6.23000E+00  3.17000E-01  8.13000E-01  4.84484E+00  0.7777       19.09       1.385              
  5.12000E+01  7.14000E+00  3.63000E-01  7.97000E-01  5.48227E+00  0.7678       20.86       1.658              
  5.18000E+01  7.66000E+00  4.80000E-01  8.00000E-01  5.72279E+00  0.7471       16.29       1.937              
  5.18000E+01  7.98000E+00  4.07000E-01  7.52000E-01  5.72279E+00  0.7171       30.76       2.257              
  5.27000E+01  7.93000E+00  4.03000E-01  7.83000E-01  6.08357E+00  0.7672       20.99       1.846              
  5.31000E+01  7.99000E+00  5.66000E-01  1.16000E+00  6.24392E+00  0.7815       9.517       1.746              
  5.32000E+01  8.09000E+00  4.26000E-01  7.67000E-01  6.28401E+00  0.7768       17.97       1.806              
  5.42000E+01  8.89000E+00  4.50000E-01  7.69000E-01  6.68488E+00  0.7520       24.01       2.205              
  5.47000E+01  9.21000E+00  4.95000E-01  7.52000E-01  6.88531E+00  0.7476       22.06       2.325              
  5.53000E+01  9.71000E+00  6.50000E-01  7.00000E-01  7.09623E+00  0.7308       16.17       2.614              
  5.53000E+01  1.01000E+01  5.12000E-01  6.99000E-01  7.09623E+00  0.7026       34.42       3.004              
  5.53000E+01  9.05000E+00  4.61000E-01  7.52000E-01  7.09623E+00  0.7841       17.96       1.954              
  5.57000E+01  9.70000E+00  4.92000E-01  7.53000E-01  7.21711E+00  0.7440       25.47       2.483              
  5.57000E+01  9.70000E+00  5.00000E-01  7.52000E-01  7.21711E+00  0.7440       24.66       2.483              
  5.62000E+01  9.46000E+00  6.78000E-01  1.15000E+00  7.36822E+00  0.7789       9.519       2.092              
  5.67000E+01  9.77000E+00  6.99000E-01  1.15000E+00  7.51932E+00  0.7696       10.37       2.251              
  5.72000E+01  1.03000E+01  5.23000E-01  7.38000E-01  7.67042E+00  0.7447       25.28       2.630              
  5.81000E+01  1.03000E+01  5.28000E-01  7.21000E-01  7.94241E+00  0.7711       19.94       2.358              
  5.83000E+01  1.06000E+01  5.51000E-01  7.34000E-01  8.00285E+00  0.7550       22.22       2.597              
  5.87000E+01  9.79000E+00  6.60000E-01  6.00000E-01  8.12373E+00  0.8298       6.374       1.666              
  5.87000E+01  1.07000E+01  5.44000E-01  6.49000E-01  8.12373E+00  0.7592       22.43       2.576              
  6.02000E+01  1.10000E+01  5.59000E-01  7.05000E-01  8.54905E+00  0.7772       19.22       2.451              
  6.16000E+01  1.15000E+01  5.84000E-01  6.89000E-01  8.77622E+00  0.7631       21.75       2.724              
  6.19000E+01  1.12000E+01  7.10000E-01  6.00000E-01  8.82490E+00  0.7879       11.19       2.375              
  6.19000E+01  1.16000E+01  5.90000E-01  5.93000E-01  8.82490E+00  0.7608       22.12       2.775              
  6.29000E+01  1.17000E+01  5.91000E-01  6.74000E-01  8.98717E+00  0.7681       21.07       2.713              
  6.43000E+01  1.17000E+01  5.94000E-01  6.58000E-01  9.21434E+00  0.7876       17.51       2.486              
  6.49000E+01  1.08000E+01  6.80000E-01  5.00000E-01  9.31169E+00  0.8622       4.790       1.488              
  6.49000E+01  1.14000E+01  5.78000E-01  5.32000E-01  9.31169E+00  0.8168       13.05       2.088              
  6.56000E+01  1.17000E+01  5.95000E-01  6.40000E-01  9.36594E+00  0.8005       15.39       2.334              
  6.69000E+01  1.19000E+01  6.04000E-01  6.22000E-01  9.44833E+00  0.7940       16.48       2.452              
  6.82000E+01  1.13000E+01  5.91000E-01  5.98000E-01  9.53071E+00  0.8434       8.962       1.769              
  6.82000E+01  1.18000E+01  5.97000E-01  6.03000E-01  9.53071E+00  0.8077       14.45       2.269              
  6.83000E+01  1.09000E+01  7.46000E-01  5.98000E-01  9.53705E+00  0.8750       3.338       1.363              
  6.94000E+01  1.16000E+01  5.93000E-01  5.83000E-01  9.60676E+00  0.8282       11.30       1.993              
  7.08000E+01  1.09000E+01  6.90000E-01  4.00000E-01  9.64935E+00  0.8853       3.285       1.251              
  7.08000E+01  1.14000E+01  5.79000E-01  5.55000E-01  9.64935E+00  0.8464       9.142       1.751              
  7.08000E+01  1.14000E+01  5.87000E-01  5.56000E-01  9.64935E+00  0.8464       8.894       1.751              
  7.08000E+01  1.16000E+01  5.94000E-01  5.56000E-01  9.64935E+00  0.8318       10.78       1.951              
  7.08000E+01  1.17000E+01  5.95000E-01  3.59000E-01  9.64935E+00  0.8247       11.88       2.051              
  7.08000E+01  1.12000E+01  7.97000E-01  1.03000E+00  9.64935E+00  0.8615       3.785       1.551              
  7.08000E+01  1.22000E+01  8.71000E-01  1.03000E+00  9.64935E+00  0.7909       8.576       2.551              
  7.08000E+01  1.15000E+01  8.21000E-01  1.03000E+00  9.64935E+00  0.8391       5.081       1.851              
  7.08000E+01  1.13000E+01  7.94000E-01  1.03000E+00  9.64935E+00  0.8539       4.322       1.651              
  7.09000E+01  1.14000E+01  5.91000E-01  5.55000E-01  9.64993E+00  0.8465       8.769       1.750              
  1.17000E+02  1.13000E+01  8.10000E-01  1.40000E+00  8.36511E+00  0.7403       13.13       2.935              
  1.17000E+02  1.14000E+01  8.04000E-01  1.40000E+00  8.36511E+00  0.7338       14.25       3.035              
  1.28000E+02  1.17000E+01  8.20000E-01  1.30000E+00  7.99946E+00  0.6837       20.37       3.701              
  1.29000E+02  1.16000E+01  8.15000E-01  1.32000E+00  7.96599E+00  0.6867       19.88       3.634              
  1.39000E+02  1.15000E+01  8.00000E-01  1.20000E+00  7.65659E+00  0.6658       23.08       3.843              
  1.39000E+02  1.14000E+01  8.00000E-01  1.24000E+00  7.65659E+00  0.6716       21.90       3.743              
  1.51000E+02  1.12000E+01  7.90000E-01  1.10000E+00  7.34462E+00  0.6558       23.82       3.855              
  1.51000E+02  1.12000E+01  7.89000E-01  1.14000E+00  7.34462E+00  0.6558       23.88       3.855              
  1.62000E+02  1.04000E+01  7.30000E-01  1.00000E+00  7.00196E+00  0.6733       21.67       3.398              
  1.62000E+02  1.05000E+01  7.37000E-01  1.02000E+00  7.00196E+00  0.6669       22.53       3.498              
  2.56000E+02  9.74000E+00  5.50000E-01  1.30000E+00  6.43649E+00  0.6608       36.08       3.304              
  2.98000E+02  1.12000E+01  6.30000E-01  6.00000E-01  6.51826E+00  0.5820       55.22       4.682              
  3.62000E+02  1.13000E+01  9.10000E-01  1.30000E+00  6.41613E+00  0.5678       28.80       4.884              
#
# Average deviation:                                                1.473       21.91       1.461    
#
# Full reference:
#R.Michel,  R.Bodemann,  H.Busemann,  R.Daunke,  M.Gloris, H.-J.Lange,  B.Klug,  A.Krins,  I.Leya,
# M.Luepke, S.Neumann,  H.Reinhardt,  M.Schnatz-Buettgen, U.Herpers,  Th.Schiekel,  F.Sudbrock,  B.Holmqvist, H.Conde,
# P.Malmborg,  M.Suter,  B.Dittrich-Hannen, P.-W.Kubik,  H.-A.Sinal,  D.Filges
#Jour. Nucl. Instrum. Methods in Physics Res., Sect.B Vol.129, p.153, 1997
#Cross sections for the production of residual nuclides by low- and medium-energy protons from the target elements C, N, O, Mg, Al, Si, Ca, Ti, V, Mn, Fe, Co,
#Ni, Cu, Sr, Y, Zr, Nb, Ba and Au.
#
# Quality information:
#
# Quality  O0276012 : T1
# Date     O0276012 : 05-01-2018
# Reaction O0276012 : NP:  112 E-range:   24.7    -   362.     MeV 13-AL-27(P,X)11-NA-24,CUM,SIG       pdf: y
# Paper    O0276012 : R.Michel+ Jour. Nucl. Instrum. Methods in Physics Res., Sect.B Vol.129, p.153, 1997 Cross sections for the production of residual nuclides b
# Action   O0276012 : 
# Comment  O0276012 : Evaluation        N=   108 F=   1.47     chi-2=   21.9     D=   1.46     mb T=   5.06     mb E=   6.27     K1=  1.47     K2=  8.55
# Comment  O0276012 : TALYS             N=   108 F=   1.47     chi-2=   21.9     D=   1.46     mb T=   5.06     mb E=   6.27     K1=  1.47     K2=  8.55
# Comment  O0276012 : cendl3.1          N=     0 F=   0.00     chi-2=   0.00     D=   0.00     mb T=   0.00     mb E=   6.27     K1=  0.00     K2=  0.00
# Comment  O0276012 : eaf.2010          N=     0 F=   0.00     chi-2=   0.00     D=   0.00     mb T=   0.00     mb E=   6.27     K1=  0.00     K2=  0.00
# Comment  O0276012 : endfb8.0          N=     0 F=   0.00     chi-2=   0.00     D=   0.00     mb T=   0.00     mb E=   6.27     K1=  0.00     K2=  0.00
# Comment  O0276012 : irdff1.0          N=     0 F=   0.00     chi-2=   0.00     D=   0.00     mb T=   0.00     mb E=   6.27     K1=  0.00     K2=  0.00
# Comment  O0276012 : jeff3.3           N=     0 F=   0.00     chi-2=   0.00     D=   0.00     mb T=   0.00     mb E=   6.27     K1=  0.00     K2=  0.00
# Comment  O0276012 : jendl4.0          N=     0 F=   0.00     chi-2=   0.00     D=   0.00     mb T=   0.00     mb E=   6.27     K1=  0.00     K2=  0.00
# Comment  O0276012 : tendl.2017        N=     0 F=   0.00     chi-2=   0.00     D=   0.00     mb T=   0.00     mb E=   6.27     K1=  0.00     K2=  0.00
