$SPEC_ID:
No sample description was entered.
$SPEC_REM:
DET# 1
DETDESC# EPS-140909 Easy-MCA-8k SN 16175454
AP# Maestro Version 7.01
$DATE_MEA:
02/26/2022 16:43:27
$MEAS_TIM:
3594 3600
$DATA:
0 8191
       0
       0
       0
       0
       0
       0
       0
       0
       0
       0
       0
       0
       0
       0
       0
       0
       0
       0
       0
       0
       0
       0
       0
       0
       0
       0
       0
       0
       0
       0
       0
       0
       0
       0
       0
       0
       0
       0
       0
       4
       5
      22
     689
    1438
     592
     422
     343
     307
     347
     390
     386
     378
     319
     340
     334
     367
     350
     364
     397
     417
     428
     416
     404
     376
     347
     376
     334
     307
     347
     370
     319
     353
     320
     340
     336
     326
     333
     333
     355
     367
     361
     340
     353
     326
     306
     358
     305
     343
     334
     327
     356
     357
     324
     374
     399
     338
     372
     397
     393
     401
     392
     371
     399
     416
     427
     439
     468
     447
     479
     479
     506
     531
     558
     628
     631
     660
     765
     762
     826
     883
     857
     921
     908
     897
     916
     863
     905
     888
     891
     838
     824
     877
     938
     892
     959
    1030
    1219
    1449
    1869
    2513
    3369
    4074
    4672
    5020
    5140
    4382
    3022
    1808
    1130
     945
     848
     892
     917
     879
     991
     908
     968
    1049
    1183
    1158
    1346
    1636
    1980
    2263
    2184
    1766
    1582
    1364
    1345
    1321
    1218
    1118
    1005
    1024
    1131
    1015
    1055
    1050
    1028
    1087
    1047
    1132
    1103
    1129
    1110
    1167
    1172
    1277
    1279
    1206
    1162
    1174
    1207
    1263
    1204
    1152
    1074
    1097
    1129
    1083
    1145
    1107
    1058
    1095
    1079
    1044
    1063
    1138
    1038
    1091
    1098
    1140
    1126
    1157
    1155
    1124
    1148
    1146
    1194
    1177
    1196
    1091
    1139
    1102
    1110
    1111
    1143
    1047
    1071
    1068
    1152
    1171
    1157
    1187
    1228
    1100
    1086
    1051
    1045
    1037
     996
    1016
     991
    1024
    1013
    1056
    1040
    1019
    1092
    1015
    1016
     998
    1047
    1052
    1013
     975
     940
     981
     952
     979
     978
     995
    1021
     964
     987
     962
     941
    1001
     981
     910
     926
     945
     959
     971
     879
     952
     926
     955
     896
     951
     958
     924
     952
     954
     902
     882
     921
     920
     897
     868
     893
     880
     881
     908
     804
     882
     862
     899
     879
     871
     844
     858
     873
     868
     865
     855
     838
     846
     897
     825
     839
     863
     844
     803
     867
     825
     794
     807
     846
     791
     767
     778
     818
     812
     821
     851
     746
     719
     758
     747
     748
     767
     775
     760
     692
     703
     732
     689
     755
     787
     705
     730
     762
     719
     712
     701
     676
     735
     691
     730
     727
     750
     766
     721
     702
     685
     675
     681
     673
     685
     658
     654
     716
     672
     611
     634
     679
     642
     588
     604
     675
     571
     669
     639
     612
     634
     592
     617
     625
     656
     592
     583
     598
     611
     616
     603
     624
     599
     583
     544
     601
     537
     574
     571
     557
     564
     548
     546
     572
     591
     554
     523
     571
     546
     515
     543
     550
     564
     498
     510
     541
     515
     524
     519
     520
     496
     540
     460
     491
     493
     481
     479
     480
     537
     492
     504
     453
     517
     438
     503
     512
     467
     476
     443
     456
     456
     472
     467
     433
     462
     440
     446
     437
     464
     500
     438
     455
     456
     445
     457
     437
     457
     458
     456
     425
     430
     418
     439
     414
     418
     407
     439
     447
     488
     464
     498
     488
     439
     405
     428
     430
     426
     399
     395
     418
     411
     427
     377
     388
     416
     421
     359
     361
     392
     395
     332
     388
     379
     390
     405
     377
     380
     384
     368
     366
     364
     364
     346
     382
     384
     342
     354
     366
     403
     436
     389
     395
     350
     337
     354
     349
     360
     326
     333
     324
     358
     338
     318
     330
     333
     354
     344
     347
     376
     353
     345
     341
     307
     329
     344
     300
     295
     333
     283
     300
     309
     289
     318
     316
     284
     308
     305
     319
     276
     306
     269
     294
     294
     273
     305
     313
     296
     284
     313
     302
     290
     284
     297
     257
     318
     279
     293
     292
     271
     254
     303
     277
     258
     309
     285
     290
     292
     245
     259
     268
     244
     275
     257
     263
     284
     292
     244
     273
     268
     251
     246
     277
     259
     276
     256
     282
     286
     271
     363
     421
     540
     590
     585
     477
     377
     308
     290
     323
     316
     301
     336
     263
     271
     215
     207
     221
     213
     231
     251
     230
     203
     231
     209
     212
     193
     231
     204
     189
     220
     207
     191
     207
     212
     205
     225
     240
     203
     211
     202
     199
     212
     180
     190
     202
     192
     208
     190
     216
     204
     216
     190
     200
     221
     183
     222
     217
     161
     200
     180
     184
     196
     198
     207
     196
     204
     202
     179
     206
     199
     199
     173
     180
     191
     160
     180
     216
     176
     201
     204
     210
     199
     190
     177
     189
     174
     182
     165
     184
     187
     178
     190
     168
     175
     177
     158
     176
     183
     168
     210
     173
     180
     164
     160
     158
     176
     170
     150
     153
     153
     183
     167
     186
     170
     153
     169
     152
     160
     153
     158
     144
     161
     146
     162
     131
     154
     134
     141
     158
     157
     153
     157
     148
     137
     171
     110
     134
     155
     157
     148
     190
     200
     230
     292
     244
     214
     201
     146
     135
     135
     142
     146
     146
     163
     161
     152
     155
     137
     153
     131
     137
     116
     153
     137
     114
     115
     152
     151
     149
     160
     161
     204
     217
     188
     200
     151
     121
     132
     116
     124
     105
     125
     129
     135
     119
     138
     132
     120
     126
     139
     143
     142
     130
     120
     137
      94
     113
     136
     136
     134
      97
     137
     122
     111
      95
     118
     125
     133
     108
     102
     120
     121
     114
     121
     125
     115
     107
     126
     112
     136
     133
     120
     123
     123
     124
     150
     129
     134
     131
     109
     120
     114
     100
      94
     103
     113
     122
      93
     114
     109
      97
     121
     103
     105
     113
     106
     125
     127
     134
     150
     191
     195
     185
     147
     125
     100
     104
     106
      97
     105
     102
      97
     108
     111
      96
      94
     105
     101
      91
     111
      93
      93
     113
      89
      83
     107
     107
     101
     104
     111
     116
     135
     178
     234
     318
     322
     262
     168
     156
     115
     102
      91
      88
      72
     105
      88
      83
      87
      95
      93
      89
     110
      78
      85
      79
      80
      77
      91
      92
      99
      82
     102
      77
     110
      71
      90
      88
      99
     100
      88
      87
      92
      88
      89
      83
      88
     101
      78
      85
     100
      81
      89
      78
      72
      83
     100
      93
      85
      89
      90
      75
      96
      78
     108
      84
      87
      78
      78
      75
      84
      72
      81
      70
      89
     100
      74
      94
      75
      72
      93
      83
      94
      69
      87
      77
      77
      78
      89
      77
      93
      82
      75
      85
      86
     102
      70
      90
      84
      73
      88
      69
      88
      84
      82
      66
      72
      75
      79
      80
      77
      85
      69
      67
      87
      77
      85
      74
      74
      65
      69
      92
      75
      83
      70
      73
      75
      87
      67
      73
      86
      82
      92
      90
      78
      80
      90
      79
      93
      91
      65
      83
      69
      65
      68
      90
      82
      69
      79
      75
     103
      83
      73
      71
      50
      76
      75
      59
      70
      78
      78
      58
      58
      74
      73
      76
      76
      82
      89
      79
      65
      67
      58
      90
      65
      56
      72
      59
      80
      70
      68
      74
      68
      69
      85
      67
      72
      69
      53
      65
      79
      76
      85
      74
      56
      70
      66
      65
      66
      66
      68
      56
      67
      57
      68
      70
      63
      57
      50
      66
      82
      71
      62
      70
      63
      72
      68
      46
      58
      72
      68
      71
      69
      56
      61
      66
      68
      54
      64
      65
      52
      61
      71
      64
      77
      46
      58
      44
      54
      77
      44
      59
      57
      59
      54
      54
      63
      55
      58
      55
      59
      71
      57
      59
      53
      53
      74
      59
      58
      59
      47
      63
      65
      61
      67
      55
      40
      52
      57
      62
      59
      63
      57
      63
      63
      49
      59
      48
      69
      57
      80
      79
      68
      97
      72
      71
      55
      56
      50
      49
      54
      63
      55
      54
      47
      58
      58
      58
      56
      62
      54
      50
      53
      53
      63
      44
      54
      62
      51
      63
      49
      51
      42
      39
      59
      53
      60
      43
      66
      57
      44
      55
      50
      59
      54
      61
      64
      54
      55
      47
      51
      54
      54
      51
      61
      51
      62
      51
      49
      46
      50
      65
      56
      59
      46
      55
      45
      47
      50
      50
      53
      37
      61
      52
      49
      52
      43
      44
      46
      56
      56
      59
      46
      46
      47
      53
      53
      50
      48
      47
      50
      55
      54
      52
      41
      47
      42
      44
      63
      50
      49
      56
      51
      52
      57
      51
      50
      53
      39
      46
      58
      42
      52
      42
      52
      42
      54
      47
      59
      83
     112
     109
     105
     106
      99
      73
      52
      62
      66
      39
      60
      42
      45
      51
      55
      47
      41
      36
      58
      56
      50
      59
      56
      49
      54
      48
      41
      51
      42
      52
      49
      46
      52
      61
      46
      47
      47
      51
      44
      53
      48
      50
      43
      40
      41
      37
      43
      61
      38
      60
      34
      50
      53
      55
      51
      43
      51
      57
      45
      37
      47
      52
      43
      41
      39
      44
      38
      49
      57
      41
      41
      44
      45
      45
      50
      50
      58
      44
      47
      48
      35
      48
      42
      50
      47
      50
      46
      43
      50
      31
      53
      43
      50
      58
      38
      54
      43
      50
      50
      38
      39
      40
      42
      43
      44
      44
      44
      37
      38
      57
      40
      54
      57
      48
      38
      35
      46
      47
      43
      41
      49
      56
      54
      42
      43
      36
      52
      45
      42
      49
      46
      51
      37
      58
      42
      35
      43
      39
      38
      35
      50
      46
      38
      38
      41
      45
      46
      45
      44
      45
      62
      45
      48
      26
      48
      37
      65
      49
      44
      34
      56
      39
      36
      50
      40
      42
      48
      43
      46
      46
      44
      38
      44
      32
      44
      39
      46
      41
      52
      69
      98
     161
     182
     173
     123
      84
      60
      55
      41
      39
      30
      52
      33
      30
      37
      53
      39
      36
      50
      34
      30
      36
      35
      36
      33
      30
      37
      50
      35
      39
      45
      42
      45
      37
      35
      46
      50
      34
      39
      44
      48
      37
      38
      34
      36
      42
      40
      38
      45
      43
      42
      38
      34
      43
      35
      37
      39
      34
      39
      42
      31
      42
      41
      51
      80
     118
     187
     233
     221
     176
     108
      59
      46
      42
      48
      43
      42
      40
      34
      32
      37
      32
      26
      42
      54
      35
      45
      37
      31
      29
      34
      36
      37
      32
      49
      33
      30
      40
      31
      31
      32
      33
      34
      27
      46
      29
      32
      36
      28
      37
      34
      28
      27
      34
      30
      26
      35
      36
      41
      39
      32
      32
      45
      35
      27
      31
      36
      37
      32
      24
      37
      28
      30
      35
      33
      31
      31
      28
      31
      32
      32
      31
      31
      27
      35
      32
      17
      29
      36
      24
      42
      40
      37
      37
      34
      34
      26
      29
      33
      41
      27
      32
      27
      34
      37
      30
      32
      40
      38
      24
      26
      36
      25
      33
      36
      30
      29
      34
      35
      30
      27
      33
      31
      25
      31
      42
      32
      24
      37
      31
      18
      33
      35
      36
      40
      48
      42
      49
      53
      51
      37
      51
      26
      32
      35
      42
      40
      35
      42
      31
      40
      39
      28
      27
      26
      28
      21
      32
      43
      32
      36
      32
      32
      28
      31
      30
      36
      34
      24
      29
      24
      33
      29
      26
      30
      39
      25
      32
      24
      28
      34
      25
      34
      15
      44
      31
      29
      35
      34
      27
      35
      33
      26
      44
      20
      38
      31
      26
      34
      33
      26
      36
      32
      41
      20
      34
      28
      38
      30
      30
      37
      30
      26
      20
      32
      29
      29
      32
      33
      42
      31
      20
      29
      29
      30
      23
      33
      32
      32
      37
      26
      30
      25
      29
      37
      28
      28
      31
      43
      35
      35
      34
      28
      24
      26
      34
      27
      22
      33
      31
      26
      27
      28
      29
      19
      24
      31
      30
      29
      24
      28
      32
      26
      25
      27
      41
      22
      24
      33
      26
      27
      29
      23
      22
      20
      39
      32
      29
      26
      24
      33
      37
      31
      25
      38
      23
      36
      30
      22
      20
      23
      21
      34
      37
      33
      26
      20
      34
      30
      34
      56
      52
      38
      50
      32
      26
      31
      28
      22
      17
      24
      35
      34
      21
      29
      31
      16
      22
      29
      31
      28
      29
      28
      27
      33
      21
      30
      31
      33
      31
      28
      34
      23
      24
      18
      25
      29
      24
      17
      23
      17
      25
      31
      27
      23
      31
      23
      18
      20
      21
      32
      31
      28
      25
      29
      24
      29
      28
      37
      27
      29
      21
      18
      30
      27
      26
      21
      29
      37
      30
      24
      34
      27
      37
      30
      29
      25
      27
      23
      32
      33
      20
      21
      21
      22
      25
      23
      31
      28
      26
      25
      29
      29
      36
      43
      68
      90
      96
      84
      77
      52
      46
      46
      37
      35
      34
      32
      26
      32
      31
      20
      27
      30
      34
      34
      31
      26
      33
      27
      18
      28
      23
      26
      36
      30
      42
      36
      61
      73
      70
      53
      41
      29
      28
      19
      20
      26
      26
      28
      27
      25
      17
      25
      28
      19
      26
      27
      34
      40
      42
      32
      26
      30
      33
      26
      22
      21
      28
      24
      23
      22
      27
      22
      18
      23
      29
      22
      19
      48
      39
      39
      44
      23
      28
      22
      27
      27
      25
      19
      26
      18
      24
      17
      17
      18
      23
      23
      22
      20
      24
      25
      19
      20
      21
      25
      30
      17
      22
      29
      21
      27
      29
      20
      23
      25
      18
      24
      23
      23
      22
      35
      32
      48
      40
      36
      57
      46
      36
      36
      18
      23
      21
      17
      22
      23
      20
      25
      16
      19
      19
      26
      24
      17
      31
      28
      25
      31
      20
      20
      30
      25
      17
      26
      19
      18
      20
      20
      31
      22
      21
      17
      20
      30
      12
      24
      21
      19
      25
      22
      21
      21
      22
      17
      16
      28
      17
      29
      29
      25
      18
      21
      22
      28
      29
      24
      20
      23
      25
      26
      19
      25
      28
      22
      32
      18
      32
      31
      13
      15
      20
      18
      14
      23
      27
      25
      26
      21
      30
      22
      29
      25
      18
      25
      30
      33
      43
      58
      57
      57
      48
      36
      26
      27
      22
      26
      15
      17
      16
      26
      24
      20
      16
      26
      20
      21
      27
      16
      20
      24
      29
      31
      32
      26
      43
      36
      40
      31
      22
      19
      23
      16
      24
      24
      24
      19
      13
      25
      20
      16
      19
      14
      32
      24
      24
      15
      14
      22
      32
      21
      27
      26
      25
      34
      28
      22
      23
      17
      25
      14
      27
      15
      19
      15
      23
      13
      24
      19
      15
      24
      21
      17
      26
      17
      29
      18
      17
      30
      17
      22
      17
      28
      18
      23
      17
      21
      14
      25
      13
      18
      21
      18
      18
      18
      21
      15
      24
      26
      16
      17
      18
      20
      15
      18
      20
      22
      30
      25
      21
      24
      25
      19
      14
      17
      16
      17
      26
      17
      20
      21
      13
      28
      20
      24
      25
      20
      26
      14
      21
      16
      17
      21
      19
      21
      20
      21
      21
      22
      21
      14
      16
      17
      19
      20
      25
      23
      33
      48
      76
      70
     114
     103
     113
      77
      60
      29
      24
      26
      19
      19
      15
      18
      16
      24
      16
      22
      18
      20
      24
      17
      17
      21
      18
      15
      17
      15
      17
      13
      20
      15
      25
      17
      20
      17
      18
      13
      21
      18
      26
      17
      23
      13
      20
      12
      23
      22
      18
      16
      20
      15
      18
      22
      21
      14
      27
      14
      24
      25
      34
      30
      34
      20
      23
      14
      13
      24
      16
      26
      21
      20
      22
      19
      17
      16
      15
      15
      19
      12
      17
      22
      25
      18
      13
      16
      23
      22
      25
      14
      20
      13
      18
       8
      21
      15
      22
      21
      23
      21
      26
      16
      19
      19
      20
      25
      25
      14
      14
      14
      19
      19
      14
      22
      25
      27
      17
      20
      17
      23
      23
      20
      18
      21
      13
      25
      16
      18
      19
      15
      17
      15
      25
      30
      32
      30
      37
      37
      24
      28
      12
      21
      26
      31
      35
      60
      72
      84
      79
      52
      42
      25
      26
      17
      19
      19
      19
      12
      16
      15
      22
      14
      16
      15
      15
      13
      20
      25
      20
      11
      19
      16
      18
      14
      15
      13
      24
      20
      12
      19
      20
      27
      20
      18
      24
      13
      18
      17
      10
      13
      21
      13
      11
      16
      19
      14
      23
      18
      18
      18
      19
      15
      22
      12
      24
      19
      17
      17
      13
      15
      19
      27
      18
      12
      18
      24
      14
      26
      16
      20
      19
      18
      16
      22
      26
      22
      15
      17
      15
      17
      14
      16
      18
      15
      17
      15
      22
      25
      18
      13
      16
      16
      19
      25
      15
      14
      21
      18
       9
      17
      18
      14
      13
      17
      14
      18
      18
      17
      15
      19
      11
      15
      14
      15
      13
      10
       8
      10
      13
      29
      18
      17
      16
      14
      14
      12
      18
      22
      21
      15
      17
      19
      11
      18
      16
      15
      12
      20
      24
      16
      22
      25
      17
      15
      22
      16
      13
      22
      19
      19
      13
      12
      16
      12
      15
       7
      17
      16
      12
      18
      20
      19
      15
      16
      10
      11
      11
      13
      21
      14
      18
      14
      16
      13
      16
      23
      15
      20
      19
      12
      18
      12
      16
      17
      18
      17
      12
      18
      18
      14
      17
      17
      19
      15
      19
      11
      15
      14
      13
      24
      15
      10
      16
      16
      23
      13
      13
      18
      22
      19
      20
      20
      14
      13
      23
      12
      16
      18
      16
      15
      25
       9
      22
      13
      15
      14
      17
      11
      15
      15
      14
      13
      21
      17
       8
      10
      20
      19
      12
      16
      22
      17
      16
      22
      18
      12
      15
      19
      19
      20
      16
      17
      19
      20
      11
      13
      16
      14
      15
      18
      13
      15
      15
      12
      21
       9
      11
      23
      15
      14
      18
      15
      18
      19
      19
      16
      30
      17
      11
      15
      10
      15
      16
      14
      12
      26
      13
      24
      18
      12
      25
      18
      19
      18
      16
      12
      10
      17
      13
       7
      18
      13
      10
      13
      10
      14
      19
      13
      19
      23
      15
      16
      20
      13
      11
      20
      14
      16
      21
      19
      17
      14
      21
      12
      23
       8
      13
      27
      14
      13
      12
       5
      13
      13
      22
      24
      18
      14
      13
      21
      21
      17
       9
      21
      13
      16
      14
      12
      25
      18
      15
      21
      19
      16
      10
      19
      19
      13
      20
      29
      34
      30
      30
      30
      38
      28
      28
      32
      20
      22
      30
      36
      38
      56
      54
      42
      44
      44
      31
      13
      13
      16
      17
      19
      16
      18
      15
      13
      13
      14
      17
      18
      14
      15
      18
      10
      14
      19
      11
      22
      16
      20
      16
      13
      17
      18
      16
      19
      11
      15
      19
      14
       9
      20
      20
      17
      15
      17
      17
      21
      19
      13
      15
      15
      20
      15
      14
      17
      16
      14
      11
      14
      14
      12
      18
      10
      19
      19
      11
      20
      18
      10
      18
      15
      14
      10
      14
      12
      17
      13
      23
      17
      21
      13
      16
      20
      29
      13
      21
      15
      23
      14
      20
      15
      21
      16
      14
      22
      18
      19
      16
      19
      27
      18
      18
      21
      10
      18
      21
      13
      12
      14
      19
      10
      20
      17
      13
      19
      14
      16
      24
      18
      18
      18
      15
      21
      10
      17
      11
      17
      22
      24
      17
      27
      29
      52
      42
      39
      37
      31
      19
      17
      14
      14
      21
      20
      16
       8
       6
      21
      14
      14
      10
      18
      18
      17
      17
      21
      24
      19
      18
       9
      19
      20
      20
      16
      17
      22
      15
      23
      15
      14
      15
      19
      22
      18
      16
      25
      15
      13
      11
      14
      15
      13
      16
       9
      20
      12
      17
      21
      16
      12
      15
      18
      22
      17
       9
      16
      10
      10
      15
      18
      15
      22
      13
      14
      12
      16
      16
      21
      16
      13
      20
      17
      18
      21
      14
      12
      12
      15
       8
      22
      16
      20
      13
      14
      22
      19
      20
      16
      23
       9
      19
      20
      20
      19
      15
      23
      17
      18
      24
      10
      19
      14
      17
      24
      16
      18
      15
      24
      15
      24
      11
      19
      13
      22
      18
      15
      16
      24
      13
      23
      16
      20
      23
      26
      17
      11
      16
      13
      14
      17
      19
      19
      19
      10
      13
      10
      13
      15
      12
      21
      16
      19
      16
      17
      20
      16
      18
       9
      15
      14
      17
      21
      16
      21
      27
      41
      40
      38
      32
      27
      22
      18
      17
       9
      13
      14
      12
      22
      17
      17
      13
      16
      11
      23
      15
      18
      17
      15
      18
      18
      13
      12
      18
       6
      18
      15
      13
      15
       7
       8
       9
      11
      13
      14
      20
      16
      12
      11
      12
      18
      12
       7
      10
      14
       6
      11
       6
      12
      12
       8
      16
      15
      11
      15
      13
      12
      13
      10
       9
       5
      14
       8
       6
      18
      10
      13
      16
       8
      12
      12
       7
       6
      12
      11
      12
      11
      12
       8
      10
      13
      12
      12
      13
      11
      13
      15
      14
      15
      19
       9
      10
      18
      10
      17
      15
      19
      14
       7
       8
      14
       9
      10
      17
      17
      19
      13
      11
      17
      12
      18
       7
      10
       9
       6
      11
      14
      13
      12
       8
      10
      16
       6
       9
      11
      11
       7
       8
       8
      14
       9
      10
      11
      12
      12
       5
      17
      13
       7
      12
       3
      13
       8
      10
       6
      10
       9
       8
       8
       5
      11
       6
      13
      14
       9
      11
       6
       8
      12
      14
      12
      13
      10
      10
       8
      12
      14
      15
       8
      10
       9
      10
      16
      18
      11
       9
      13
      14
      11
      10
      10
       5
      11
       8
      11
       3
      11
      16
       9
      13
       9
      13
       8
      10
       6
       9
       6
       8
       7
       8
      12
       5
      16
      10
      13
       9
      11
      10
       8
       8
      11
       9
       4
       9
       9
       8
       6
      15
       9
      12
      10
       8
       8
       5
       3
      10
       5
      13
       8
      30
      26
      31
      29
      33
      38
      22
      11
      10
       9
       5
       8
       6
       4
       5
       6
       7
       4
       5
      10
       6
       7
       1
       5
       6
      11
       7
       4
      12
       7
       9
      10
      10
       9
       5
       7
       4
       9
       8
       7
       5
      11
       7
       4
       5
       7
       5
       6
       7
       4
       4
       5
       2
      10
       3
       5
       3
       7
       2
       7
       8
      10
       8
       7
       5
       9
       5
       8
      10
      12
       5
       7
       4
       7
       7
       3
       4
       3
       6
       3
       2
       7
       6
       5
       6
       5
       2
      10
       8
       5
       3
       8
       4
       8
       5
       3
       8
       8
       6
       6
      10
       2
       6
       4
       6
       6
       8
       6
       6
       5
       5
       8
      10
      11
      14
       7
      11
      12
       5
      15
       7
       3
       6
       6
       9
       5
      10
       7
       5
       5
       4
       6
       4
       5
       9
       4
       7
       9
       6
       9
       8
       6
       7
       5
       3
       6
       2
       4
      10
       4
       3
       6
       0
       6
      12
      11
       6
       9
       4
       6
       6
       4
       7
       4
       2
       1
       9
       9
       3
       4
       6
      16
       7
       3
       8
      10
       5
       5
       6
       7
       6
       3
       5
       6
       3
       4
       1
       4
       9
      10
      11
       7
      18
      12
       6
       8
       9
       6
       4
       7
       6
       8
       8
       6
       6
       8
       5
       1
       6
       3
       6
       5
       8
       0
       4
       7
       3
       9
       9
       6
       2
       1
       7
       5
       1
      10
       4
       3
       5
       6
       4
       6
       3
       8
       7
       7
       7
       4
       7
       9
       6
       2
       4
       6
       5
       5
       6
       7
       7
       5
       7
       8
       4
       3
       8
       4
       5
       4
       7
       5
       5
       3
       3
       8
       5
       4
       2
       6
       5
       6
      12
       4
       3
       8
       6
       2
       6
       4
       5
       8
       3
       4
       6
       4
       5
       4
       4
       9
       3
       5
      12
       5
       6
       6
       2
       5
       4
       6
       3
      10
       6
      10
       2
       6
       5
       4
       7
       3
       8
       6
       5
       6
       6
       6
       9
      10
      19
      41
      73
     146
     196
     326
     386
     436
     365
     269
     171
     103
      39
      20
      10
       5
       6
       2
       3
       1
       3
       2
       2
       4
       4
       4
       2
       2
       4
       6
       6
       5
       2
       3
       9
       2
       4
       2
       7
       3
       4
       3
       1
       1
       1
       2
       2
       3
       4
       5
       6
       5
       2
       4
       2
       3
       3
       2
       1
       2
       5
       6
       5
       2
       3
       3
       0
       4
       1
       4
       3
       2
       1
       7
       1
       2
       5
       5
       6
       4
       4
       5
       2
       6
       4
       0
       3
       2
       4
       3
       6
       5
       4
       1
       6
       7
       7
       7
       6
       2
       2
       1
       3
       2
       3
       4
       4
       2
       5
       6
       6
       1
       1
       5
       2
       6
       3
       4
       3
       3
       1
       2
       5
       5
       5
       7
       5
      12
       6
      10
       9
       7
       5
       3
       4
       2
       4
       3
       4
       2
       4
       1
       5
       3
       6
       2
       6
       5
       3
       4
       4
       6
       4
       5
       2
       0
       4
       3
       5
       5
       0
       3
       4
       2
       3
       3
       3
       3
       6
       4
       2
       5
       8
       4
       0
       6
       5
       4
       4
       3
       4
       4
       5
       6
       1
       3
       6
       4
       5
       1
       2
       3
       3
       4
       3
       1
       3
       1
       5
       4
       7
       2
       4
       7
       7
       1
       3
       3
       0
       3
       2
       3
       4
       6
       4
       5
       7
       3
       2
       3
       5
       3
       1
       3
       5
       3
       3
       3
       5
       5
       4
       4
       4
       1
       2
       4
       1
       1
       0
       3
       1
       3
       3
       4
       2
       3
       4
       3
       2
       5
       3
       4
       2
       0
       4
       2
       1
       3
       2
       4
       1
       0
       2
       1
       1
       4
       2
       4
       2
       2
       2
       0
       1
       2
       1
       2
       0
       4
       2
       4
       1
       3
       1
       4
       2
       2
       1
       4
       4
       3
       5
       2
       4
       2
       3
       4
       2
       1
       5
       6
       1
       3
       4
       3
       5
       4
       1
       3
       9
       5
       5
       7
       4
       3
       4
       4
       3
       5
       2
       4
       4
       4
       7
       8
      10
       6
       7
       4
       4
       7
       3
       6
       9
      11
      22
      16
      14
      17
       7
       5
       8
       4
       5
       0
       3
       6
       3
       7
       3
       3
       5
       2
       1
       6
       2
       1
       3
       1
       4
       1
       4
       1
       2
       1
       2
       2
       2
       7
       2
       2
       5
       3
       3
       3
       3
       1
       1
       1
       2
       5
       5
       1
       4
       4
       2
       3
       3
       0
       2
       2
       1
       2
       3
       2
       4
       3
       1
       2
       4
       4
       3
       3
       4
       3
       9
      10
      11
       5
       4
       3
       1
       1
       2
       3
       3
       5
       1
       6
       2
       1
       4
       2
       0
       5
       4
       5
       6
       4
      11
       8
      10
      11
       4
       4
       3
       1
       3
       1
       3
       2
       2
       5
       3
       3
       3
       3
       3
       4
       9
       3
       3
       4
       0
       0
       5
       1
       3
       1
       2
       4
       2
       0
       0
       4
       2
       1
       7
       3
       1
       4
       3
       2
       3
       1
       2
       3
       1
       0
       5
       2
       0
       1
       1
       2
       1
       1
       4
       2
       2
       2
       2
       4
       3
       3
       6
       3
       2
       2
       1
       2
       4
       4
       2
       1
       7
       3
       5
       5
       7
       3
       4
       3
       2
       2
       4
       3
       2
       2
       5
       3
       1
       6
       2
       2
       2
       1
       4
       3
       5
       3
       4
       2
       1
       3
       1
       6
       0
       4
       2
       2
       2
       1
       4
       2
       6
       1
       1
       2
       1
       2
       2
       3
       0
       0
       1
       3
       3
       4
       1
       3
       4
       4
       2
       4
       2
       4
       2
       1
       4
       2
       1
       2
       2
       4
       3
       1
       0
       1
       2
       3
       1
       5
       5
       2
       1
       4
       2
       4
       3
       2
       4
       5
       3
       2
       3
       3
       1
       0
       3
       2
       4
       3
       3
       2
       2
       2
       1
       5
       0
       4
       2
       3
       4
       3
       1
       6
       3
       3
       1
       0
       3
       3
       2
       1
       2
       1
       0
       3
       1
       2
       2
       5
       1
       1
       2
       0
       2
       4
       2
       0
       1
       4
       1
       0
       1
       2
       0
       3
       4
       3
       1
       2
       5
       0
       0
       0
       3
       0
       4
       1
       3
       3
       2
       1
       2
       3
       3
       0
       1
       2
       2
       4
       4
       4
       5
       7
       9
       8
       6
       5
       2
       4
       4
       1
       6
       2
       2
       3
       2
       2
       0
       2
       1
       3
       1
       1
       1
       2
       1
       1
       5
       3
       4
       2
       1
       1
       2
       1
       3
       3
       2
       3
       3
       2
       3
       2
       3
       1
       0
       2
       2
       1
       3
       2
       2
       1
       1
       3
       2
       0
       2
       3
       0
       1
       2
       0
       6
       1
       1
       4
       4
       1
       5
       2
       3
       2
       1
       0
       0
       4
       2
       4
       3
       1
       1
       3
       2
       3
       2
      13
      17
      18
      23
      40
      32
      35
      23
      16
      10
       8
       0
       2
       1
       2
       3
       2
       0
       1
       4
       2
       3
       2
       3
       4
       1
       2
       1
       0
       5
       2
       1
       3
       2
       1
       1
       4
       2
       0
       1
       1
       1
       2
       0
       3
       2
       1
       2
       1
       2
       1
       3
       1
       2
       3
       3
       0
       3
       2
       2
       2
       2
       1
       2
       1
       3
       0
       3
       0
       3
       3
       1
       1
       3
       3
       1
       0
       1
       1
       5
       4
       2
       1
       0
       0
       2
       2
       4
       3
       3
       1
       1
       0
       4
       4
       4
       3
       1
       3
       0
       2
       2
       3
       0
       1
       1
       2
       2
       3
       2
       1
       2
       4
       1
       4
       0
       2
       0
       2
       4
       5
       1
       4
       1
       2
       3
       3
       2
       1
       6
       1
       1
       0
       2
       1
       2
       2
       2
       3
       2
       1
       1
       0
       0
       6
       3
       1
       1
       3
       3
       3
       2
       4
       2
       2
       1
       1
       2
       4
       3
       2
       3
       2
       1
       3
       5
       1
       3
       0
       1
       3
       3
       1
       1
       1
       4
       2
       3
       1
       1
       2
       1
       2
       1
       1
       1
       2
       4
       2
       2
       1
       2
       3
       3
       3
       3
       2
       1
       5
       1
       2
       1
       1
       1
       3
       2
       5
       3
       7
       4
       7
       6
       9
       4
       5
       2
       0
       3
       1
       3
       0
       2
       1
       2
       1
       2
       1
       1
       3
       2
       1
       1
       2
       1
       2
       3
       3
       4
       1
       1
       0
       1
       1
       1
       2
       2
       3
       3
       1
       1
       3
       2
       0
       1
       4
       0
       1
       4
       1
       4
       0
       4
       1
       3
       0
       1
       1
       1
       2
       0
       2
       3
       1
       3
       5
       2
       2
       5
       2
       2
       2
       2
       2
       2
       2
       1
       1
       1
       3
       0
       3
       1
       0
       4
       1
       2
       5
       2
       2
       3
       1
       2
       4
       0
       1
       2
       3
       4
       1
       2
       1
       2
       2
       0
       0
       2
       1
       5
       4
       2
       1
       2
       1
       2
       4
       2
       0
       2
       1
       0
       2
       2
       2
       4
       0
       1
       2
       1
       4
       4
       0
       0
       2
       2
       1
       1
       1
       3
       2
       1
       2
       3
       2
       0
       2
       1
       2
       0
       0
       2
       2
       0
       3
       2
       3
       1
       2
       2
       0
       3
       1
       0
       2
       3
       3
       1
       0
       0
       2
       4
       2
       1
       1
       1
       2
       2
       1
       2
       3
       3
       0
       0
       4
       2
       5
       4
       5
       1
       1
       4
       2
       1
       3
       0
       5
       2
       3
       2
       1
       1
       1
       1
       2
       2
       4
       3
       4
       2
       3
       1
       3
       1
       2
       2
       3
       0
       0
       1
       1
       3
       1
       1
       2
       5
       3
       3
       1
       1
       3
       3
       1
       1
       0
       2
       3
       3
       1
       3
       1
       1
       0
       2
       2
       1
       3
       3
       4
       6
       2
       2
       2
       1
       3
       0
       2
       1
       3
       4
       0
       0
       2
       1
       0
       3
       2
       2
       1
       3
       1
       1
       3
       3
       1
       1
       3
       1
       1
       0
       1
       3
       3
       3
       1
       2
       2
       1
       0
       0
       3
       2
       1
       0
       2
       3
       1
       1
       0
       1
       1
       1
       0
       4
       4
       2
       0
       1
       2
       2
       0
       5
       3
       3
       1
       1
       1
       0
       2
       1
       1
       1
       2
       5
       0
       3
       0
       0
       0
       4
       1
       0
       2
       2
       3
       1
       1
       5
       2
       7
       0
       2
       2
       2
       4
       2
       0
       2
       3
       2
       1
       4
       2
       2
       2
       0
       4
       1
       0
       2
       2
       3
       1
       2
       2
       3
       2
       4
       1
       1
       2
       2
       1
       0
       2
       1
       4
       1
       4
       2
       3
       3
       1
       2
       4
       0
       3
       5
       4
       2
       1
       1
       1
       4
       3
       0
       0
       1
       1
       1
       0
       3
       1
       2
       1
       2
       1
       1
       2
       0
       2
       2
       1
       1
       1
       0
       3
       0
       2
       1
       1
       0
       1
       1
       1
       1
       2
       0
       1
       0
       1
       2
       4
       0
       0
       1
       1
       1
       0
       2
       2
       1
       4
       3
       2
       2
       2
       6
       1
       2
       2
       1
       0
       1
       3
       2
       0
       1
       1
       1
       2
       2
       1
       3
       1
       1
       3
       2
       1
       0
       0
       4
       2
       3
       0
       1
       4
       3
       2
       0
       3
       1
       3
       1
       0
       1
       0
       5
       1
       3
       4
       2
       1
       4
       3
       1
       0
       1
       3
       2
       2
       2
       2
       1
       1
       1
       2
       2
       1
       0
       0
       3
       6
       3
       0
       0
       2
       2
       2
       0
       0
       2
       1
       3
       0
       0
       1
       0
       2
       3
       2
       0
       4
       1
       0
       0
       0
       0
       0
       0
       3
       1
       0
       2
       2
       1
       1
       0
       2
       2
       2
       3
       3
       0
       0
       5
       0
       7
       4
       1
       0
       0
       3
       0
       0
       2
       1
       3
       3
       1
       0
       3
       1
       2
       4
       5
       4
       1
       1
       1
       0
       2
       2
       0
       2
       1
       1
       1
       3
       3
       1
       1
       2
       2
       1
       2
       3
       1
       2
       1
       1
       6
       2
       1
       2
       2
       1
       2
       2
       0
       0
       0
       1
       0
       3
       3
       2
       1
       1
       1
       2
       4
       2
       2
       0
       2
       2
       2
       1
       3
       1
       1
       1
       2
       2
       3
       2
       3
       7
       9
      12
       5
       7
       8
       5
       6
       4
       3
       2
       0
       3
       3
       0
       2
       1
       0
       0
       2
       3
       2
       1
       2
       3
       0
       0
       0
       1
       1
       3
       1
       3
       0
       3
       2
       2
       1
       6
       6
       3
       6
       4
       1
       1
       1
       4
       3
       1
       1
       4
       4
       1
       1
       2
       1
       1
       1
       3
       1
       1
       3
       2
       1
       2
       1
       2
       1
       2
       0
       1
       2
       2
       1
       1
       0
       2
       2
       1
       4
       0
       1
       2
       2
       3
       4
       0
       2
       2
       3
       3
       5
       2
       1
       1
       2
       2
       2
       2
       2
       2
       1
       6
       3
       1
       1
       2
       1
       2
       1
       0
       1
       2
       2
       0
       0
       2
       1
       2
       1
       4
       1
       0
       2
       1
       1
       0
       0
       1
       4
       2
       2
       6
       0
       2
       1
       2
       3
       1
       2
       2
       2
       1
       3
       5
       3
       2
       1
       1
       2
       0
       2
       3
       1
       1
       1
       1
       2
       2
       2
       6
       1
       1
       2
       1
       1
       3
       1
       2
       1
       0
       3
       2
       2
       1
       1
       1
       2
       1
       1
       1
       0
       0
       4
       2
       3
       3
       2
       1
       2
       1
       1
       2
       0
       0
       1
       2
       2
       2
       2
       0
       1
       2
       2
       1
       2
       2
       1
       1
       0
       1
       4
       1
       1
       2
       0
       4
       1
       2
       4
       2
       1
       2
       0
       0
       3
       2
       1
       1
       1
       1
       3
       2
       2
       2
       1
       1
       2
       2
       6
       4
       0
       2
       4
       1
       1
       7
       1
       3
       4
       2
       9
      11
       4
      11
       9
      11
       6
       6
       4
       2
       1
       4
       2
       1
       2
       1
       3
       0
       5
       2
       1
       3
       0
       1
       2
       1
       3
       3
       1
       1
       2
       0
       0
       0
       0
       0
       3
       3
       1
       1
       3
       3
       0
       0
       2
       2
       0
       2
       1
       1
       3
       2
       1
       0
       3
       2
       4
       1
       1
       1
       0
       1
       2
       1
       0
       5
       1
       0
       0
       1
       2
       2
       3
       0
       3
       1
       2
       2
       1
       1
       1
       2
       2
       1
       0
       3
       1
       0
       1
       1
       3
       2
       3
       2
       1
       0
       1
       0
       2
       0
       3
       3
       3
       0
       3
       3
       2
       1
       0
       3
       1
       2
       4
       1
       2
       4
       2
       0
       2
       1
       2
       0
       6
       1
       0
       1
       2
       2
       1
       0
       0
       2
       3
       1
       2
       3
       2
       1
       2
       3
       2
       0
       3
       3
       0
       2
       1
       2
       2
       0
       1
       4
       1
       0
       0
       2
       1
       1
       3
       1
       1
       1
       1
       2
       2
       1
       0
       1
       0
       2
       3
       1
       2
       4
       2
       3
       2
       0
       2
       5
       3
       1
       1
       2
       0
       5
       2
       0
       2
       2
       3
       2
       2
       3
       0
       3
       1
       1
       0
       3
       1
       1
       2
       0
       1
       2
       0
       2
       1
       6
       2
       2
       0
       0
       0
       2
       2
       4
       2
       1
       3
       1
       1
       2
       1
       1
       2
       3
       3
       1
       2
       2
       2
       0
       2
       1
       3
       1
       0
       2
       0
       2
       3
       3
       3
       1
       2
       2
       1
       0
       0
       0
       2
       1
       3
       2
       4
       1
       3
       1
       1
       3
       1
       0
       2
       5
       2
       1
       1
       1
       0
       6
       1
       3
       3
       0
       2
       3
       1
       2
       0
       3
       3
       3
       1
       2
       2
       4
       2
       2
       1
       1
       4
       1
       2
       7
       1
       2
       3
       4
       2
       1
       4
       8
       2
       0
       1
       2
       1
       0
       4
       1
       0
       1
       3
       4
       3
       1
       4
       1
       1
       1
       1
       3
       2
       0
       3
       3
       2
       0
       2
       0
       2
       3
       3
       4
       2
       2
       2
       5
       0
       3
       1
       3
       3
       2
       2
       0
       3
       1
       6
       4
       3
       1
       1
       1
       4
       2
       0
       1
       3
       2
       1
       3
       3
       2
       5
       2
       1
       2
       3
       2
       0
       5
       1
       2
       0
       0
       1
       0
       0
       4
       1
       5
       1
       1
       1
       1
       2
       4
       2
       1
       2
       3
       3
       4
       4
       1
       2
       7
       2
       2
       2
       1
       2
       2
       4
       2
       3
       6
       3
       0
       3
       1
       1
       2
       1
       0
       3
       2
       2
       2
       2
       2
       0
       1
       1
       2
       2
       3
       5
       3
       3
       6
       2
       1
       1
       2
       2
       0
       0
       2
       1
       1
       0
       1
       1
       2
       0
       1
       2
       4
       1
       2
       1
       3
       0
       1
       1
       0
       0
       1
       1
       1
       0
       1
       1
       0
       0
       4
       0
       0
       2
       1
       1
       1
       2
       0
       3
       0
       2
       0
       1
       1
       1
       1
       0
       0
       1
       1
       1
       1
       1
       0
       2
       2
       0
       2
       1
       1
       1
       1
       0
       3
       0
       2
       4
       0
       1
       4
       0
       0
       3
       1
       0
       1
       0
       0
       0
       1
       0
       2
       0
       1
       2
       1
       2
       0
       2
       0
       2
       0
       0
       1
       1
       1
       1
       1
       1
       1
       0
       0
       1
       1
       4
       1
       2
       0
       0
       1
       0
       2
       1
       0
       1
       0
       0
       2
       0
       1
       2
       0
       3
       0
       3
       3
       2
       0
       0
       1
       1
       1
       2
       1
       1
       1
       1
       1
       0
       1
       0
       1
       0
       0
       1
       4
       3
       1
       1
       2
       0
       1
       3
       1
       0
       0
       1
       3
       2
       3
       0
       1
       1
       3
       2
       1
       2
       4
       2
       4
       2
       3
       7
       4
       3
       2
       1
       0
       2
       2
       0
       1
       0
       0
       1
       0
       0
       2
       1
       1
       4
       1
       0
       2
       3
       0
       0
       1
       1
       0
       1
       1
       1
       0
       0
       0
       1
       0
       4
       2
       3
       1
       1
       1
       0
       3
       2
       1
       0
       1
       0
       3
       0
       1
       0
       0
       2
       1
       2
       1
       1
       2
       1
       1
       1
       0
       3
       0
       1
       1
       1
       1
       2
       1
       0
       0
       1
       0
       0
       0
       1
       0
       1
       0
       4
       0
       0
       1
       0
       0
       0
       0
       0
       1
       1
       0
       1
       0
       1
       1
       0
       1
       0
       3
       1
       0
       0
       0
       1
       0
       2
       1
       0
       0
       0
       0
       2
       0
       2
       0
       0
       0
       1
       1
       0
       1
       1
       1
       0
       0
       0
       1
       1
       0
       0
       1
       1
       0
       0
       0
       0
       1
       0
       1
       0
       0
       0
       1
       1
       0
       0
       1
       0
       1
       0
       0
       2
       0
       0
       0
       1
       0
       0
       0
       1
       0
       0
       2
       0
       0
       1
       1
       0
       0
       0
       0
       0
       1
       0
       2
       0
       0
       0
       0
       0
       1
       0
       0
       1
       0
       0
       0
       1
       0
       0
       0
       0
       0
       1
       1
       0
       1
       0
       1
       0
       1
       0
       0
       1
       1
       2
       0
       1
       0
       1
       1
       0
       0
       0
       0
       0
       1
       1
       0
       0
       0
       0
       0
       0
       0
       1
       0
       0
       0
       0
       3
       0
       0
       1
       0
       0
       0
       0
       0
       0
       0
       0
       1
       0
       0
       0
       0
       0
       0
       0
       0
       0
       0
       0
       0
       0
       0
       0
       0
       1
       1
       1
       0
       0
       0
       1
       0
       1
       0
       0
       0
       0
       0
       1
       1
       0
       0
       0
       0
       0
       0
       0
       2
       0
       0
       0
       0
       0
       1
       1
       0
       0
       0
       0
       0
       0
       0
       0
       0
       0
       0
       0
       0
       0
       0
       1
       0
       0
       1
       1
       0
       1
       0
       1
       0
       0
       1
       0
       0
       0
       1
       1
       0
       0
       0
       0
       1
       0
       0
       0
       0
       0
       0
       0
       0
       0
       0
       0
       0
       1
       1
       0
       0
       1
       1
       0
       0
       0
       0
       0
       0
       0
       1
       0
       0
       0
       0
       0
       0
       1
       0
       0
       0
       0
       0
       0
       0
       2
       0
       0
       0
       0
       0
       0
       2
       0
       0
       1
       0
       0
       1
       0
       0
       0
       1
       0
       0
       0
       0
       2
       0
       0
       0
       0
       0
       0
       2
       0
       0
       2
       0
       0
       1
       6
       7
      11
      14
      33
      34
      52
      63
      65
      61
      51
      41
      25
      15
      11
       6
       0
       0
       0
       0
       0
       0
       0
       0
       0
       0
       1
       0
       0
       0
       0
       0
       0
       0
       0
       0
       0
       0
       0
       0
       0
       0
       1
       0
       0
       0
       0
       0
       0
       0
       1
       0
       0
       1
       0
       0
       0
       0
       0
       0
       0
       0
       0
       0
       0
       0
       0
       0
       0
       0
       0
       0
       0
       0
       0
       0
       0
       0
       0
       0
       0
       0
       0
       0
       0
       0
       0
       0
       0
       0
       0
       0
       0
       0
       0
       0
       0
       0
       0
       0
       0
       0
       0
       0
       0
       0
       0
       0
       0
       0
       0
       0
       0
       0
       0
       0
       0
       1
       0
       0
       0
       0
       0
       0
       0
       0
       0
       0
       0
       1
       0
       1
       0
       0
       0
       1
       0
       0
       0
       0
       0
       0
       0
       0
       0
       0
       2
       0
       0
       0
       0
       0
       0
       0
       0
       0
       0
       0
       0
       0
       0
       0
       0
       0
       0
       0
       0
       0
       0
       0
       0
       1
       0
       0
       0
       0
       0
       0
       0
       0
       0
       1
       0
       0
       0
       0
       0
       0
       0
       0
       0
       0
       0
       0
       0
       0
       0
       0
       1
       0
       0
       0
       0
       0
       0
       0
       0
       0
       0
       0
       1
       0
       0
       0
       0
       0
       0
       0
       0
       0
       0
       0
       0
       0
       0
       0
       0
       0
       0
       0
       0
       0
       0
       0
       0
       0
       1
       0
       0
       0
       0
       0
       0
       0
       0
       0
       0
       0
       0
       0
       0
       0
       0
       0
       1
       0
       0
       0
       0
       0
       0
       0
       0
       0
       0
       2
       0
       0
       1
       0
       0
       0
       0
       0
       0
       0
       0
       0
       0
       0
       0
       0
       0
       0
       0
       0
       0
       0
       0
       0
       0
       0
       1
       0
       0
       0
       0
       1
       0
       0
       0
       0
       0
       0
       1
       0
       0
       0
       0
       0
       0
       0
       0
       0
       0
       0
       0
       0
       0
       0
       0
       1
       0
       0
       0
       0
       0
       0
       0
       0
       0
       0
       0
       0
       0
       0
       0
       0
       0
       0
       0
       0
       0
       0
       0
       0
       0
       0
       0
       0
       1
       0
       0
       0
       0
       0
       1
       0
       0
       0
       0
       1
       0
       1
       0
       0
       0
       0
       0
       0
       0
       0
       0
       0
       0
       0
       0
       0
       0
       0
       0
       0
       0
       0
       0
       0
       0
       0
       0
       0
       0
       0
       0
       0
       0
       0
       0
       0
       0
       0
       1
       0
       0
       0
       0
       0
       0
       0
       0
       0
       0
       0
       0
       0
       0
       0
       0
       0
       0
       0
       0
       0
       0
       0
       0
       0
       0
       0
       0
       1
       0
       0
       0
       0
       0
       0
       0
       0
       0
       0
       0
       0
       0
       0
       0
       0
       1
       0
       0
       0
       0
       0
       0
       0
       1
       0
       0
       0
       0
       0
       0
       0
       0
       0
       0
       1
       0
       0
       0
       0
       0
       0
       0
       0
       0
       0
       0
       0
       0
       1
       0
       0
       0
       0
       1
       0
       0
       0
       0
       0
       0
       0
       1
       0
       1
       0
       0
       0
       0
       0
       0
       0
       0
       0
       0
       0
       0
       0
       0
       0
       0
       0
       0
       0
       0
       0
       0
       0
       0
       1
       0
       0
       0
       0
       0
       0
       0
       0
       0
       0
       0
       0
       0
       0
       1
       0
       0
       0
       0
       0
       0
       0
       0
       0
       0
       0
       0
       0
       0
       0
       0
       0
       0
       0
       0
       0
       0
       0
       0
       0
       0
       0
       0
       0
       0
       0
       0
       0
       0
       0
       0
       0
       0
       0
       0
       0
       0
       0
       0
       0
       0
       0
       0
       0
       0
       0
       0
       0
       0
       0
       0
       0
       0
       0
       0
       0
       0
       0
       0
       0
       0
       0
       0
       0
       0
       0
       0
       0
       1
       0
       0
       1
       0
       0
       0
       0
       0
       0
       0
       0
       0
       0
       0
       0
       0
       0
       0
       0
       0
       0
       0
       0
       0
       0
       0
       0
       0
       0
       0
       0
       0
       0
       0
       0
       0
       0
       0
       0
       0
       0
       0
       0
       0
       0
       0
       0
       0
       0
       0
       0
       0
       0
       0
       0
       0
       0
       0
       0
       0
       0
       0
       0
       0
       0
       0
       0
       0
       0
       0
       0
       0
       0
       0
       0
       0
       0
       0
       0
       0
       0
       0
       0
       0
       0
       0
       0
       0
       0
       0
       0
       0
       0
       0
       0
       0
       0
       0
       0
       0
       0
       0
       0
       0
       0
       0
       0
       0
       0
       0
       0
       0
       0
       0
       0
       0
       0
       0
       0
       0
       0
       0
       0
       1
       0
       0
       0
       0
       0
       1
       0
       0
       0
       0
       0
       0
       1
       0
       0
       0
       0
       0
       0
       0
       0
       0
       0
       0
       0
       0
       0
       0
       0
       0
       0
       0
       0
       0
       0
       0
       0
       1
       0
       0
       0
       0
       0
       0
       0
       0
       0
       0
       0
       0
       0
       0
       0
       0
       0
       0
       0
       0
       0
       0
       0
       0
       0
       0
       0
       0
       0
       0
       1
       1
       0
       0
       0
       0
       0
       0
       0
       0
       0
       0
       0
       0
       0
       0
       0
       0
       0
       0
       0
       0
       0
       0
       0
       0
       0
       0
       0
       0
       1
       0
       0
       0
       0
       0
       0
       0
       0
       0
       0
       0
       0
       0
       0
       0
       0
       0
       0
       0
       0
       1
       0
       0
       0
       0
       0
       0
       0
       0
       0
       0
       0
       0
       0
       0
       0
       0
       0
       0
       0
       0
       0
       0
       0
       0
       0
       0
       0
       0
       0
       0
       0
       0
       0
       0
       0
       0
       0
       0
       0
       0
       0
       0
       0
       0
       0
       0
       0
       0
       0
       0
       0
       1
       0
       0
       0
       0
       0
       0
       0
       0
       0
       0
       0
       0
       0
       0
       0
       0
       0
       0
       0
       0
       0
       0
       0
       0
       0
       0
       0
       0
       0
       0
       0
       0
       0
       0
       1
       0
       0
       0
       0
       0
       0
       0
       0
       0
       0
       0
       0
       0
       0
       0
       0
       0
       0
       0
       0
       0
       0
       0
       0
       0
       0
       0
       1
       2
       0
       0
       0
       0
       0
       0
       1
       0
       0
       0
       0
       0
       0
       0
       0
       0
       0
       0
       1
       0
       0
       0
       0
       0
       0
       0
       0
       0
       0
       1
       1
       0
       0
       0
       0
       0
       0
       0
       0
       0
       0
       0
       0
       0
       0
       0
       0
       0
       0
       0
       0
       0
       0
       0
       0
       0
       0
       0
       0
       0
       0
       0
       0
       0
       0
       0
       1
       0
       0
       0
       1
       0
       0
       0
       0
       0
       0
       0
       0
       0
       0
       0
       0
       0
       0
       0
       0
       0
       0
       0
       0
       0
       0
       0
       0
       0
       0
       0
       0
       0
       0
       0
       0
       0
       0
       0
       0
       0
       1
       0
       0
       0
       0
       0
       0
       0
       0
       0
       0
       0
       0
       0
       0
       0
       0
       0
       0
       0
       0
       0
       0
       0
       0
       0
       1
       0
       0
       0
       0
       0
       0
       0
       0
       0
       0
       0
       0
       0
       0
       0
       0
       0
       0
       0
       0
       0
       0
       0
       0
       0
       1
       0
       0
       0
       0
       0
       0
       0
       0
       0
       0
       0
       0
       0
       0
       0
       0
       0
       0
       0
       0
       0
       0
       0
       0
       0
       0
       0
       0
       0
       0
       0
       0
       0
       0
       0
       0
       0
       0
       0
       0
       0
       0
       0
       0
       0
       0
       0
       0
       0
       0
       0
       0
       0
       0
       0
       0
       0
       0
       0
       0
       0
       0
       1
       0
       0
       0
       0
       0
       1
       0
       0
       0
       0
       0
       0
       0
       0
       0
       0
       0
       0
       0
       0
       0
       0
       0
       1
       0
       0
       0
       0
       0
       0
       0
       0
       0
       0
       0
       0
       0
       0
       0
       1
       0
       0
       0
       0
       0
       0
       0
       0
       0
       0
       0
       0
       0
       0
       0
       0
       0
       0
       0
       0
       0
       0
       0
       0
       0
       0
       0
       0
       0
       0
       0
       0
       0
       0
       0
       0
       0
       0
       0
       0
       0
       0
       0
       0
       0
       0
       0
       0
       0
       0
       0
       0
       0
       0
       0
       0
       0
       0
       0
       0
       1
       0
       0
       0
       0
       0
       0
       0
       0
       0
       0
       0
       0
       0
       0
       0
       0
       0
       0
       0
       0
       0
       0
       0
       0
       0
       0
       0
       0
       0
       0
       0
       2
       0
       0
       0
       0
       0
       0
       0
       0
       0
       0
       0
       0
       1
       0
       0
       0
       0
       0
       0
       0
       0
       0
       0
       0
       0
       0
       0
       0
       0
       0
       0
       0
       0
       0
       0
       0
       0
       0
       0
       0
       0
       0
       0
       0
       0
       0
       0
       0
       0
       0
       0
       0
       0
       0
       0
       0
       0
       0
       0
       0
       0
       0
       0
       0
       0
       0
       0
       0
       0
       0
       0
       0
       0
       0
       0
       0
       0
       0
       0
       0
       0
       0
       0
       0
       0
       0
       0
       0
       0
       0
       0
       0
       0
       2
       0
       0
       0
       0
       0
       0
       0
       0
       0
       0
       0
       0
       0
       0
       0
       0
       0
       0
       0
       0
       0
       0
       0
       0
       0
       0
       1
       0
       0
       0
       0
       0
       0
       0
       0
       0
       0
       0
       0
       0
       0
       1
       0
       0
       0
       0
       0
       0
       0
       0
       0
       0
       0
       0
       0
       0
       0
       0
       0
       1
       0
       0
       0
       1
       0
       0
       0
       0
       1
       0
       0
       0
       0
       0
       0
       0
       1
       0
       0
       0
       0
       0
       0
       0
       0
       0
       0
       0
       1
       1
       0
       0
       0
       1
       0
       0
       0
       0
       0
       0
       0
       0
       0
       0
       0
       0
       0
       0
       0
       0
       0
       0
       0
       0
       0
       0
       0
       0
       0
       0
       0
       0
       0
       0
       0
       0
       0
       0
       0
       0
       0
       0
       0
       0
       0
       0
       0
       0
       0
       0
       0
       0
       0
       0
       0
       0
       0
       0
       0
       0
       0
       0
       0
       0
       0
       0
       0
       0
       0
       0
       0
       0
       0
       0
       0
       0
       0
       0
       0
       0
       0
       0
       0
       0
       0
       0
       0
       0
       0
       0
       0
       0
       0
       0
       0
       0
       0
       0
       0
       0
       0
       0
       0
       0
       0
       0
       0
       0
       0
       0
       0
       0
       0
       0
       0
       0
       0
       0
       0
       0
       0
       0
       0
       0
       0
       0
       0
       0
       0
       0
       0
       0
       0
       0
       0
       0
       0
       0
       0
       0
       0
       0
       0
       0
       0
       0
       0
       0
       0
       0
       0
       0
       0
       0
       0
       0
       0
       0
       0
       0
       0
       0
       0
       0
       0
       0
       0
       0
       0
       0
       0
       0
$ROI:
0
$PRESETS:
Real Time
3600
0
$ENER_FIT:
8.931054 0.240803
$MCA_CAL:
3
8.931054E+000 2.408025E-001 6.157388E-008 keV
$SHAPE_CAL:
3
9.658150E+000 -1.618950E-003 2.758845E-007
