$SPEC_ID:
No sample description was entered.
$SPEC_REM:
DET# 1
DETDESC# EPS-140909 Easy-MCA-8k SN 16175454
AP# Maestro Version 7.01
$DATE_MEA:
02/26/2022 09:43:27
$MEAS_TIM:
3594 3600
$DATA:
0 8191
       0
       0
       0
       0
       0
       0
       0
       0
       0
       0
       0
       0
       0
       0
       0
       0
       0
       0
       0
       0
       0
       0
       0
       0
       0
       0
       0
       0
       0
       0
       0
       0
       0
       0
       0
       0
       0
       0
       2
       3
      15
      31
     840
    1596
     644
     443
     350
     347
     378
     431
     361
     358
     376
     364
     348
     306
     348
     373
     407
     473
     458
     414
     394
     374
     359
     367
     372
     353
     358
     381
     355
     346
     308
     336
     311
     324
     343
     331
     352
     362
     361
     351
     334
     347
     354
     327
     343
     354
     347
     381
     357
     324
     354
     364
     357
     338
     374
     381
     399
     389
     414
     415
     422
     423
     452
     433
     495
     491
     489
     474
     514
     542
     562
     621
     659
     685
     800
     843
     936
     908
     954
     907
     974
     860
     920
     927
     898
     889
     845
     922
     868
     874
     887
     923
    1016
    1211
    1426
    1721
    2324
    2976
    3972
    4485
    4726
    5293
    5013
    4256
    2821
    1790
    1153
     900
     995
     920
     943
     908
     948
     976
    1160
    1161
    1249
    1320
    1456
    1689
    2101
    2306
    2095
    1760
    1477
    1433
    1394
    1318
    1171
    1080
    1088
    1045
    1020
    1017
    1056
    1055
    1005
    1117
    1065
    1126
    1087
    1117
    1116
    1160
    1231
    1282
    1188
    1242
    1191
    1265
    1242
    1227
    1226
    1173
    1116
    1038
    1074
    1048
    1077
    1110
    1166
    1089
    1106
    1099
    1072
    1055
    1148
    1104
    1143
    1207
    1174
    1153
    1082
    1128
    1099
    1142
    1082
    1148
    1065
    1128
    1032
    1090
    1128
    1151
    1109
    1095
    1102
    1130
    1125
    1155
    1253
    1250
    1226
    1193
    1145
    1070
    1105
    1018
    1084
     981
     986
    1048
    1074
     992
    1058
    1026
    1041
    1051
    1033
     973
    1000
     998
     940
     997
    1001
     942
     986
     943
    1008
     957
     933
     977
     923
     996
     973
     936
     904
     957
     941
     960
     956
     971
     938
     946
     980
     919
     941
     911
     933
     977
     905
     924
     894
     903
     897
     888
     918
     915
     980
     863
     862
     893
     887
     897
     822
     881
     861
     882
     867
     790
     896
     858
     834
     844
     827
     835
     838
     842
     821
     810
     799
     836
     843
     719
     809
     784
     796
     767
     775
     814
     782
     816
     748
     851
     780
     737
     762
     803
     803
     822
     779
     754
     752
     726
     758
     693
     717
     701
     748
     747
     721
     759
     685
     718
     712
     660
     715
     730
     759
     816
     803
     764
     746
     674
     640
     626
     684
     739
     686
     658
     670
     691
     645
     639
     650
     631
     658
     613
     615
     615
     646
     701
     606
     624
     602
     591
     590
     590
     611
     636
     613
     628
     635
     633
     572
     584
     620
     573
     581
     561
     585
     596
     542
     509
     539
     571
     561
     551
     545
     537
     533
     559
     515
     523
     541
     546
     458
     503
     544
     514
     521
     519
     513
     496
     484
     511
     488
     498
     505
     516
     504
     460
     469
     506
     544
     514
     480
     469
     482
     454
     511
     481
     503
     497
     480
     484
     484
     425
     434
     443
     439
     463
     505
     467
     447
     427
     476
     451
     444
     456
     436
     392
     445
     462
     471
     395
     420
     449
     436
     442
     436
     447
     479
     503
     459
     478
     409
     425
     418
     389
     406
     389
     380
     413
     381
     414
     415
     415
     359
     431
     387
     415
     412
     354
     390
     406
     370
     374
     430
     377
     402
     364
     357
     346
     365
     387
     351
     386
     383
     349
     388
     354
     381
     380
     354
     373
     373
     343
     326
     346
     328
     322
     364
     346
     342
     337
     338
     328
     388
     355
     375
     333
     336
     350
     338
     342
     318
     327
     311
     292
     302
     292
     347
     331
     284
     335
     333
     307
     360
     315
     318
     273
     298
     303
     289
     311
     341
     312
     307
     318
     305
     319
     292
     317
     306
     288
     265
     298
     300
     303
     311
     284
     283
     300
     282
     273
     270
     274
     279
     257
     244
     277
     267
     296
     274
     263
     245
     291
     254
     270
     249
     273
     277
     285
     281
     254
     263
     281
     315
     279
     307
     366
     452
     527
     591
     549
     424
     355
     290
     255
     262
     283
     283
     302
     271
     267
     231
     266
     241
     213
     224
     222
     249
     229
     224
     208
     231
     201
     217
     198
     235
     244
     212
     197
     218
     207
     207
     233
     204
     202
     206
     215
     197
     210
     205
     206
     211
     209
     244
     184
     180
     205
     208
     234
     174
     231
     188
     183
     195
     216
     186
     184
     191
     203
     176
     164
     196
     186
     190
     163
     183
     182
     198
     190
     145
     180
     164
     174
     181
     172
     199
     197
     209
     227
     213
     174
     171
     224
     170
     191
     161
     162
     190
     180
     186
     183
     144
     180
     204
     164
     167
     180
     179
     174
     177
     140
     165
     184
     165
     191
     155
     167
     155
     162
     159
     163
     196
     146
     167
     158
     164
     177
     168
     135
     146
     156
     154
     157
     148
     161
     156
     149
     165
     144
     162
     171
     131
     151
     156
     161
     165
     164
     189
     197
     233
     299
     284
     233
     188
     180
     155
     164
     146
     149
     123
     123
     165
     139
     153
     185
     154
     178
     133
     126
     135
     138
     142
     133
     132
     143
     137
     152
     165
     181
     189
     199
     168
     149
     156
     148
     125
     143
     131
     119
     107
     120
     132
     135
     145
     114
     115
     111
     124
     132
     122
     120
     126
     123
     108
     144
     140
     135
     112
     129
     129
     105
     126
     116
     141
     117
      93
     117
     138
     134
     131
     115
     117
     120
     121
     126
     116
      96
     129
     117
     131
     143
     111
     132
     148
     117
     126
     111
     111
     125
     111
     109
     122
     115
     117
     120
      98
     105
     119
     102
     115
     111
     120
     112
     101
     141
     162
     163
     186
     187
     164
     145
     131
     132
     102
     110
     113
      87
     104
      94
     113
      85
     103
     130
     105
     105
      88
     111
     106
     105
      87
      95
      95
     109
      89
     108
     102
     103
      92
     148
     205
     259
     312
     288
     238
     175
     149
     100
      97
     117
      78
      91
     102
      87
      77
      85
      84
     109
     103
     104
      77
      92
      88
      89
      79
      85
      94
      93
      94
      97
      79
      95
      78
     101
      81
      85
      87
      92
      97
      93
      86
      91
      87
      91
      89
      85
      83
      85
      80
      76
      82
      92
      86
      90
      94
      92
      82
      96
      85
      85
      72
      95
      87
      86
      83
      90
      87
      76
      78
      89
      87
      89
      83
      76
      86
      86
      94
      85
      96
      89
      76
      74
      69
      93
      76
      88
      96
      78
      81
      85
      83
      85
      75
      94
      81
      86
      86
      74
      74
      79
      82
     108
      75
      91
      70
      70
      66
      78
      79
      99
      76
      96
      99
      64
      62
      83
      86
      76
      84
      78
      71
      87
      86
      79
      73
      84
      81
      77
      64
      83
      77
      84
      75
      71
      62
      69
      88
      78
      85
      77
      59
      75
      75
      84
      75
      96
      94
      77
      78
      75
      60
      66
      70
      75
      61
      75
      78
      78
      62
      77
      70
      64
      85
      62
      67
      63
      79
      64
      66
      80
      66
      66
      70
      75
      77
      65
      84
      71
      56
      68
      66
      67
      65
      71
      71
      77
      73
      75
      79
      70
      64
      71
      72
      54
      59
      67
      68
      60
      69
      57
      54
      60
      68
      66
      60
      64
      61
      49
      76
      69
      70
      69
      65
      71
      66
      54
      78
      69
      84
      65
      76
      72
      71
      64
      64
      68
      71
      55
      56
      59
      63
      59
      52
      58
      74
      53
      67
      56
      59
      60
      61
      66
      50
      64
      62
      63
      66
      58
      62
      64
      63
      62
      68
      65
      73
      62
      61
      60
      72
      60
      61
      59
      67
      67
      64
      67
      76
      66
      73
      49
      66
      34
      68
      70
      65
      57
      63
      85
      82
      66
      73
      70
      69
      60
      49
      65
      58
      76
      58
      45
      63
      48
      60
      51
      49
      63
      57
      51
      52
      51
      60
      66
      75
      63
      35
      55
      65
      45
      63
      63
      48
      63
      38
      58
      42
      55
      72
      41
      66
      64
      44
      53
      65
      58
      61
      72
      45
      61
      60
      53
      58
      57
      53
      40
      55
      61
      46
      42
      47
      60
      49
      45
      55
      49
      48
      60
      53
      41
      44
      47
      56
      55
      46
      51
      54
      59
      51
      47
      76
      50
      52
      50
      42
      49
      52
      51
      39
      56
      54
      60
      47
      53
      55
      44
      47
      43
      53
      60
      69
      47
      52
      54
      54
      50
      49
      54
      46
      59
      44
      54
      37
      47
      40
      62
      57
      71
      93
     101
     127
     124
     115
      84
      87
      74
      74
      59
      55
      56
      59
      58
      52
      54
      50
      42
      48
      45
      55
      44
      46
      50
      49
      52
      51
      53
      51
      37
      42
      39
      47
      43
      59
      47
      34
      46
      42
      42
      49
      42
      46
      49
      48
      50
      49
      43
      46
      58
      40
      51
      54
      50
      50
      50
      51
      44
      46
      52
      55
      60
      35
      61
      49
      45
      57
      49
      52
      55
      40
      57
      42
      46
      52
      43
      48
      48
      34
      41
      44
      48
      52
      45
      39
      54
      62
      50
      49
      34
      44
      40
      48
      36
      51
      35
      42
      54
      66
      59
      46
      50
      42
      48
      55
      60
      50
      48
      43
      51
      28
      47
      44
      50
      40
      53
      47
      47
      50
      47
      37
      53
      42
      39
      42
      42
      53
      45
      40
      47
      44
      44
      47
      46
      44
      51
      39
      35
      34
      45
      43
      39
      45
      35
      49
      50
      32
      40
      45
      56
      61
      52
      43
      41
      48
      52
      53
      38
      47
      52
      43
      64
      51
      48
      40
      47
      56
      39
      46
      46
      51
      53
      48
      43
      40
      45
      54
      38
      67
      55
      81
     113
     160
     198
     166
     128
      87
      77
      49
      37
      51
      44
      35
      42
      33
      43
      39
      36
      40
      48
      37
      43
      37
      53
      44
      48
      43
      33
      44
      42
      36
      55
      34
      37
      46
      36
      35
      33
      39
      48
      35
      29
      37
      50
      40
      46
      38
      41
      44
      41
      46
      34
      42
      39
      38
      47
      43
      35
      36
      36
      46
      36
      39
      45
      63
      88
     140
     178
     248
     210
     179
     119
      77
      39
      36
      22
      34
      32
      32
      36
      36
      32
      30
      37
      49
      41
      40
      39
      43
      34
      36
      41
      31
      34
      26
      35
      32
      38
      38
      29
      37
      36
      42
      39
      36
      28
      27
      30
      31
      44
      33
      41
      34
      27
      37
      37
      29
      39
      32
      24
      28
      36
      25
      30
      33
      42
      27
      41
      32
      29
      41
      31
      37
      24
      40
      25
      34
      39
      26
      36
      38
      32
      34
      32
      43
      37
      27
      23
      49
      44
      22
      33
      36
      40
      37
      32
      34
      33
      30
      35
      40
      22
      33
      36
      34
      35
      36
      26
      25
      33
      36
      23
      31
      30
      23
      33
      25
      17
      37
      25
      31
      33
      26
      33
      32
      33
      30
      34
      36
      32
      24
      29
      30
      31
      26
      35
      47
      40
      61
      43
      39
      27
      42
      34
      27
      30
      40
      30
      40
      37
      42
      30
      43
      29
      34
      41
      22
      37
      28
      26
      32
      29
      29
      41
      33
      35
      36
      28
      27
      25
      38
      39
      40
      22
      34
      27
      30
      38
      38
      34
      28
      30
      27
      29
      31
      24
      34
      34
      28
      32
      28
      38
      29
      32
      26
      18
      30
      29
      21
      29
      38
      35
      27
      33
      32
      41
      32
      27
      24
      30
      35
      41
      29
      44
      25
      29
      24
      29
      33
      34
      35
      35
      28
      26
      28
      36
      32
      48
      42
      21
      36
      39
      33
      34
      46
      29
      23
      29
      38
      25
      40
      41
      37
      39
      36
      32
      23
      26
      30
      27
      24
      33
      35
      37
      24
      29
      29
      38
      34
      15
      32
      37
      26
      29
      33
      38
      30
      29
      25
      15
      31
      21
      22
      31
      30
      26
      24
      34
      31
      24
      36
      33
      24
      33
      37
      29
      31
      28
      21
      27
      24
      28
      26
      24
      27
      26
      38
      29
      30
      37
      35
      45
      61
      61
      42
      42
      30
      28
      40
      39
      25
      26
      32
      23
      36
      19
      22
      31
      33
      23
      28
      24
      23
      33
      31
      38
      18
      19
      20
      22
      22
      27
      25
      27
      20
      28
      23
      36
      27
      34
      25
      23
      24
      20
      35
      26
      27
      29
      25
      24
      26
      22
      34
      21
      34
      25
      26
      27
      30
      29
      20
      29
      40
      26
      30
      41
      24
      28
      30
      17
      26
      29
      24
      35
      24
      25
      20
      28
      26
      26
      29
      20
      27
      24
      25
      24
      32
      26
      26
      20
      20
      32
      35
      27
      46
      39
      68
      88
     102
     101
      90
      67
      46
      47
      32
      39
      37
      31
      29
      45
      20
      23
      32
      35
      29
      24
      23
      22
      22
      20
      23
      22
      27
      24
      26
      32
      43
      45
      42
      63
      74
      58
      42
      47
      19
      25
      20
      30
      27
      27
      28
      20
      24
      22
      32
      18
      27
      28
      34
      28
      29
      33
      20
      19
      26
      17
      32
      21
      23
      16
      23
      14
      34
      22
      34
      25
      26
      19
      27
      42
      35
      44
      48
      36
      32
      39
      32
      26
      28
      23
      26
      22
      22
      19
      22
      23
      16
      34
      19
      23
      19
      19
      24
      18
      32
      20
      18
      22
      22
      21
      29
      28
      25
      20
      19
      21
      23
      24
      32
      22
      32
      30
      38
      41
      50
      54
      64
      55
      26
      32
      16
      22
      14
      19
      24
      20
      15
      23
      18
      19
      28
      12
      17
      25
      22
      22
      18
      19
      21
      24
      16
      23
      18
      23
      23
      22
      23
      13
      20
      17
      23
      21
      24
      22
      24
      27
      17
      22
      29
      24
      25
      24
      19
      14
      16
      25
      22
      25
      25
      32
      29
      20
      38
      24
      29
      18
      20
      17
      24
      20
      20
      19
      24
      20
      25
      25
      26
      25
      19
      20
      15
      27
      15
      23
      18
      21
      28
      15
      28
      21
      25
      28
      17
      24
      37
      40
      43
      62
      63
      46
      48
      38
      21
      15
      16
      23
      16
      24
      23
      20
      23
      12
      16
      17
      12
      14
      25
      17
      36
      16
      24
      27
      25
      27
      31
      36
      31
      27
      17
      23
      20
      22
      20
      18
      22
      17
      15
      26
      18
      24
      29
      30
      25
      22
      25
      27
      18
      23
      26
      26
      27
      30
      35
      34
      22
      15
      26
      14
      18
      25
      22
      17
      16
      20
      22
      22
      19
      23
      21
      17
      21
      21
      15
      16
      13
      18
      16
      23
      13
      23
      19
      17
      23
      14
      17
      16
      20
      18
      23
      24
      19
      21
      27
      27
      21
      18
      14
      20
      14
      15
      20
      30
      17
      23
      23
      24
      26
      26
      26
      19
      18
      21
      21
      19
      18
      16
      29
      22
      25
      21
      17
      21
      25
      20
      22
      23
      13
      18
      25
      14
      19
      19
      23
      11
      25
      31
      27
      17
      17
      25
      30
      24
      28
      18
      21
      32
      31
      54
      57
      71
     100
     129
     111
      75
      50
      37
      18
      15
      17
      16
      15
      21
      20
      18
      15
      14
      13
      14
      23
      22
      12
      21
      12
      15
      15
      18
      18
      18
      11
      26
      16
      22
      19
      29
      20
      20
      24
      19
      18
      13
      18
      15
      21
      20
      20
      24
      25
      10
      24
      24
      15
      18
      25
      13
      19
      23
      27
      23
      27
      24
      24
      28
      22
      19
      26
      18
      22
      23
      20
      15
      12
      14
      21
      13
      18
      15
      18
      18
      25
      15
      16
      17
      11
      12
      12
      20
      23
      22
      14
      22
      27
      21
      23
      15
      24
      23
      24
      20
      20
      17
      22
      15
      22
      16
      17
      23
      19
      17
      15
      11
      16
      12
      26
      15
      20
      16
      20
      21
      19
      12
      19
      18
      26
      23
      16
      12
      24
      17
      16
      19
      23
      31
      30
      27
      37
      35
      42
      26
      11
      17
      27
      27
      39
      62
      66
      71
      68
      59
      37
      37
      24
      20
      20
      23
      19
      15
      20
      16
      18
      16
      22
      16
      20
      25
      25
      11
      26
      15
      26
      17
      20
      23
      17
      23
      14
      19
      18
      19
      13
      20
      17
      18
      20
      17
      26
      13
      23
      18
      12
      18
      23
      16
      11
      15
      16
      16
      17
      15
      15
      17
      22
      16
      17
      21
      13
      25
      19
      18
      18
      13
      21
      18
      18
      11
      11
      16
      15
      19
      16
      10
      11
      23
      11
      15
      23
      23
      22
      20
      15
      19
      25
      18
      10
      15
      19
      12
      13
      15
      10
      20
      14
      19
      19
      16
      12
      13
      14
      17
      20
      20
      17
      21
      15
      16
      13
      13
      20
      19
      20
      18
      15
      15
      14
      17
      22
      12
      18
      15
      21
      14
      14
      13
      17
      12
      23
      18
      17
      25
      16
      16
      19
      22
      18
      10
      14
      12
      10
      16
      20
      23
      21
      18
      19
      19
      14
      17
      12
      16
      13
      17
      18
      27
      17
      21
      13
      13
      24
       9
      16
      16
      14
      12
      12
      13
      10
      20
      16
      15
      22
      12
      20
      16
      13
      21
      23
      17
      19
      15
      17
      23
      14
      13
      15
      14
      14
      15
      19
      15
      16
      15
      20
      17
      20
      14
      22
      18
      11
      19
      14
      19
      16
      17
      15
      16
      20
      15
      16
      11
      13
      13
      18
       8
      18
      21
      14
      18
      13
      19
      21
      19
      14
      15
      15
      10
      11
      21
      19
      15
      15
      14
      15
      22
      25
      12
      23
      16
      11
      13
      17
      24
      20
      13
      22
      15
      11
      15
      13
      22
      16
      24
      11
      16
      20
      17
      13
      24
      20
      10
      19
      14
      12
       9
      11
      16
      15
      23
      21
      14
      17
      18
      22
      19
      17
      12
      15
      24
      14
      10
      20
      18
      12
      20
      17
      18
       9
      21
      12
      15
      11
      12
      17
      15
      23
      13
      16
      15
      15
      12
      24
      16
      12
      18
      13
      18
      22
      10
      13
      16
      10
      13
      13
      13
      21
      17
      16
      19
      20
      14
      13
      16
      23
      16
      21
      13
      18
      15
      16
      10
      14
      20
      19
      15
      14
      16
       8
      15
      13
      20
      12
      14
      13
      15
      14
      16
      24
      17
      10
      21
      14
      14
      15
      14
      14
      23
      15
      12
      15
      30
      33
      37
      25
      30
      27
      25
      32
      16
      14
      14
      20
      45
      40
      51
      45
      64
      50
      39
      26
      30
      17
      12
      11
      16
      15
      12
      12
      16
      24
      16
      17
      16
      16
      19
      15
      25
      11
      14
      10
      25
      15
      11
      21
      12
      15
      19
      11
      10
      19
      19
      21
      17
      15
      20
      21
      13
      16
      14
      17
      23
      17
      11
      13
      21
      10
      12
      17
      26
      14
      18
      14
      21
      16
      19
      22
      17
      22
      22
      16
      17
      13
      22
      13
      22
      12
      13
      15
      17
      12
      29
      10
      15
      15
      17
      11
      16
      10
      22
      21
      25
      17
      23
      25
      17
      17
      11
       9
      18
      23
      18
      21
       9
      23
      14
      19
      19
      12
       7
      13
      15
      23
      16
      15
      17
      16
      16
      21
      17
      13
      19
      17
      13
      16
      15
       9
      16
      14
       8
      12
      14
      15
      15
      30
      28
      36
      39
      37
      43
      49
      39
      11
      18
      17
      25
      15
      11
      21
      12
      15
      16
      22
      19
      10
      11
      15
      17
      13
      29
      20
      11
      18
      15
      11
      10
      15
      11
      14
      13
      18
       8
      15
      24
      12
      15
      27
      14
      17
      20
      14
      13
      24
      15
      19
      14
      14
      31
      21
      13
      13
      15
      14
      22
      18
      13
      14
      24
      20
      15
      12
      11
      11
      13
      17
      11
      17
      15
      17
      13
      17
      16
      14
      18
      16
      19
      17
      14
      18
      16
      13
      20
      26
      18
      21
      17
      14
      14
      14
      20
      10
      11
      15
      12
      17
      18
      13
       7
      15
      16
      22
      17
      17
      16
      22
      13
      21
      16
      13
      23
      22
      23
      17
      24
      18
      20
      15
      15
      16
      26
      17
      16
      17
      14
      22
      25
      16
      19
      20
      11
      18
      17
      24
      15
      14
      22
      17
      22
      16
      21
      22
      24
      14
      18
      24
      18
      15
      21
      22
      13
      17
      22
      27
      19
      14
      16
      21
      37
      28
      43
      36
      26
      26
      22
      18
      22
      15
       9
      20
      14
      17
      15
      17
      19
      16
      16
      10
      11
      12
      19
      11
       9
      20
      10
      12
       9
      12
       4
       5
      19
      10
      17
      15
      16
       8
      17
      15
      14
      22
      17
      10
      18
      17
      13
      12
      13
      10
      10
       8
      10
      11
      10
       6
       9
       6
      15
      14
      12
      13
      16
      13
       7
       9
       8
       7
       7
      15
       8
       9
      13
      12
      16
      15
      13
      20
       7
      10
       8
      12
      11
      14
       8
      16
      16
       6
       7
      16
      15
      14
      14
      16
      15
      14
      19
       7
      22
       9
      11
      10
       7
      10
       9
      14
      12
      14
       6
      13
      15
      16
      14
      15
       8
      14
      15
      10
      13
      10
      21
       7
       6
      10
       9
      10
      10
      12
      12
      10
      11
       4
      16
      11
      14
       6
       7
      12
      11
      17
      14
       9
      18
      10
       8
      12
       9
       9
      17
       8
       5
      14
       6
      19
       8
       9
       8
      13
      10
       9
       8
       9
      14
       6
       7
      11
      12
      12
       7
      11
       3
      14
      12
      11
      11
       6
      12
       7
       7
      10
       9
       8
       8
      10
       6
       9
      16
       5
      11
       9
       6
       8
       7
       7
      10
      13
      10
      15
      11
      12
       5
       5
      14
      11
       9
       6
      13
       4
      10
       4
       8
      10
       7
      17
       3
       9
       9
       9
       5
      12
       5
       7
      12
      11
       8
       8
      10
       5
       5
      11
       8
      11
      11
      11
      14
      21
      30
      39
      30
      25
      27
      23
      16
       9
       7
       7
       4
       6
       9
       9
       9
       3
       7
       4
      12
       7
       7
       4
       5
       7
      10
       8
       7
       7
       6
       8
       5
       8
      12
       7
       6
       5
      10
      15
      12
       3
       2
       6
       6
       3
       8
      10
       7
       4
       7
       9
       3
       4
       8
       7
       3
       3
       7
       7
       4
       6
       4
      12
       5
       8
       2
       4
       7
       8
       4
       6
       5
      11
       6
       2
       8
       8
       9
       4
       3
       3
       4
       3
       5
       3
       3
       4
       3
       4
       4
       7
       7
       6
       6
       3
       1
       4
       5
       7
       4
       2
       4
       4
       2
       4
       5
       6
       4
       2
      15
       6
       8
      11
      11
       8
      15
       7
      15
       7
      18
       6
       5
       6
       5
       6
       5
       6
       7
       8
       7
       4
       7
       6
      14
       4
      13
       4
       4
       7
       7
       7
       2
       3
       5
       5
       2
       1
       6
       7
       9
       4
       3
       6
       6
       8
       8
       7
       7
       5
       2
       3
       8
       4
       5
       3
       3
       4
       7
       2
       8
       7
       8
       6
      11
       7
       6
       9
      12
       7
       6
       7
       9
       8
       6
       8
       2
       2
       6
       9
       7
      12
      17
      10
      15
      11
      12
       7
       7
       3
       4
       8
       5
       5
       7
       5
       4
       1
      10
       3
      12
       2
       7
       6
       5
       6
       4
       3
       2
       4
       6
       7
      11
       3
       7
       8
       4
       6
       4
       7
       4
       4
       5
       5
       3
       4
       4
       5
       5
       5
       7
       3
       3
       5
       5
       2
       6
      11
       1
       9
       2
       6
       7
       5
       5
       3
       4
       3
       7
       3
       7
       5
       5
       6
       3
       7
       2
       5
       6
       2
       5
       8
       6
       2
       6
       1
       5
       6
       4
       3
       2
       5
       3
       5
       3
       6
       7
       6
       5
       8
       7
       2
       4
       5
       4
      10
      11
      11
       3
       5
       3
      10
       8
       7
       8
       5
       3
       4
       6
       8
       7
       8
      10
       7
       5
       7
       9
      26
      28
      60
     127
     210
     277
     381
     421
     399
     261
     184
     107
      43
      17
       8
       9
       3
       5
       4
       4
       4
       6
       4
       2
       6
       3
       3
       3
       1
       3
       4
       3
       2
       4
       3
       1
       4
       1
       2
       4
       2
       4
       0
       5
       5
       3
       5
       3
       3
       3
       5
       2
       9
       4
       2
       1
       2
       9
       6
       0
       4
       4
       4
       3
       4
       4
       3
       5
       3
       5
       3
       7
       4
       4
       3
       1
       4
       3
       4
       4
       2
       1
       3
       4
       5
       7
       0
       5
       4
       2
       4
       6
       8
       7
       4
       6
       7
       9
       3
       6
       3
       7
       5
       6
       1
       2
       6
       9
       1
       4
       4
       5
       1
       6
       2
       8
       3
       3
       0
       3
       4
       5
       7
       3
       4
      10
       6
       6
       7
       9
       7
       3
       6
       3
       1
       5
       3
       3
       2
       3
       4
       0
       2
       4
       5
       1
       1
       1
       2
       2
       4
       5
       1
       7
       3
       5
       5
       5
       1
       5
       0
       5
       4
       2
       1
       3
       0
       0
       2
       3
       6
       5
       3
       2
       2
       2
       5
       4
       7
       5
       0
       0
       3
       2
       3
       7
       2
       1
       3
       0
       5
       3
       5
       2
       4
       6
       2
       2
       7
       7
       2
       5
       5
       2
       1
       0
       3
       1
       4
       1
       4
       3
       1
       2
       3
       4
       2
       2
       3
       2
       3
       2
       2
       1
       2
       4
       2
       3
       3
       5
       6
       5
       0
       3
       3
       3
       6
       2
       2
       4
       1
       2
       3
       5
       6
       4
       5
       7
       1
       2
       3
       2
       2
       1
       3
       3
       1
       1
       2
       1
       1
       3
       5
       3
       2
       1
       2
       3
       3
       2
       4
       3
       5
       5
       1
       3
       3
       2
       4
       4
       0
       5
       2
       4
       4
       1
       6
       2
       2
       2
       4
       5
       5
       2
       4
       1
       2
       7
       2
       3
       2
       5
       3
       3
       4
       5
       9
       4
       2
       3
       2
       7
       4
       4
       5
       1
       5
       3
       5
       3
       5
       5
       3
       4
      14
       7
      12
       5
       4
       9
       5
       3
      11
      11
       7
      15
      11
      24
       9
       8
       8
       4
       6
       5
       5
       6
       4
       4
       5
       1
       4
       1
       3
       6
       5
       3
       2
       3
       3
       6
       1
       4
       1
       2
       2
       2
       3
       2
       5
       2
       1
       4
       0
       1
       4
       0
       1
       4
       1
       4
       3
       4
       2
       3
       2
       3
       2
       1
       4
       1
       4
       1
       2
       1
       2
       2
       1
       1
       3
       1
       4
       3
       2
      11
      12
       6
       4
       3
       7
       2
       3
       1
       3
       1
       4
       7
       3
       2
       4
       3
       6
       2
       2
       6
       5
       4
       1
       4
       7
       1
       6
       9
       3
      10
       5
       1
       5
       0
       2
       3
       1
       0
       3
       3
       2
       0
       2
       2
       0
       7
       3
       2
       6
       1
       1
       3
       0
       2
       2
       2
       1
       4
       3
       3
       5
       2
       3
       5
       1
       4
       1
       3
       1
       6
       4
       2
       2
       0
       3
       3
       5
       0
       3
       2
       2
       1
       3
       4
       6
       2
       1
       3
       4
       3
       2
       2
       1
       3
       2
       2
       1
       3
       2
       1
       1
       4
       3
       6
       5
       5
       5
       3
       1
       1
       3
       0
       1
       2
       3
       1
       3
       2
       2
       1
       2
       3
       2
       3
       1
       5
       3
       1
       0
       2
       2
       4
       5
       1
       3
       3
       3
       3
       2
       0
       0
       3
       1
       0
       0
       2
       1
       1
       5
       3
       4
       4
       1
       3
       3
       1
       3
       2
       1
       4
       1
       2
       1
       6
       0
       2
       4
       1
       2
       1
       0
       2
       2
       1
       4
       3
       5
       4
       2
       3
       2
       4
       4
       1
       1
       5
       5
       3
       2
       2
       2
       3
       2
       1
       1
       2
       1
       1
       1
       1
       0
       2
       0
       5
       2
       1
       4
       2
       0
       3
       5
       6
       1
       2
       1
       1
       5
       4
       2
       5
       1
       1
       2
       2
       0
       5
       2
       3
       3
       3
       2
       2
       0
       4
       2
       5
       4
       0
       1
       3
       0
       1
       1
       5
       0
       2
       3
       2
       3
       1
       2
       1
       0
       1
       3
       1
       1
       3
       1
       2
       1
       5
       1
       1
       2
       1
       3
       2
       2
       2
       3
       4
       3
       6
      12
       2
       4
       3
       4
       2
       3
       4
       3
       1
       1
       0
       2
       6
       4
       2
       5
       1
       0
       0
       2
       2
       1
       2
       2
       0
       4
       1
       2
       1
       2
       1
       0
       0
       2
       2
       0
       2
       1
       2
       0
       2
       2
       3
       1
       1
       5
       5
       1
       4
       1
       3
       1
       3
       4
       3
       1
       2
       3
       4
       2
       3
       3
       2
       3
       0
       1
       1
       4
       3
       4
       2
       0
       2
       2
       2
       2
       3
       1
       2
      10
       8
      15
      20
      26
      40
      38
      30
      20
      12
       8
       5
       4
       8
       2
       2
       0
       1
       4
       0
       5
       2
       3
       0
       1
       3
       1
       1
       1
       2
       3
       0
       2
       3
       3
       4
       1
       1
       0
       3
       0
       1
       1
       1
       2
       2
       2
       4
       2
       0
       1
       0
       1
       1
       2
       2
       3
       3
       2
       1
       3
       0
       2
       3
       3
       1
       2
       2
       2
       4
       0
       3
       0
       3
       2
       1
       0
       3
       4
       1
       4
       1
       1
       0
       0
       1
       1
       1
       1
       3
       1
       3
       0
       4
       0
       3
       2
       3
       1
       1
       0
       2
       4
       3
       2
       1
       1
       2
       2
       4
       2
       5
       2
       1
       3
       3
       4
       3
       2
       4
       3
       1
       0
       2
       2
       3
       4
       1
       1
       2
       1
       1
       4
       2
       1
       2
       1
       1
       2
       2
       1
       1
       2
       5
       0
       3
       4
       3
       1
       3
       5
       2
       2
       0
       5
       1
       3
       3
       2
       1
       2
       2
       1
       3
       2
       2
       2
       3
       1
       0
       1
       2
       2
       0
       0
       3
       3
       4
       2
       1
       2
       2
       3
       0
       2
       1
       2
       2
       2
       8
       1
       2
       1
       2
       1
       2
       2
       4
       1
       0
       1
       3
       1
       0
       0
       3
       3
       1
       2
       2
       6
       7
       5
       3
       5
       6
       2
       0
       1
       2
       2
       1
       2
       0
       1
       1
       0
       5
       0
       5
       1
       5
       3
       1
       0
       3
       1
       1
       3
       2
       2
       3
       1
       4
       1
       5
       1
       3
       0
       4
       2
       2
       0
       1
       1
       4
       3
       1
       2
       4
       3
       0
       4
       3
       0
       2
       3
       2
       1
       3
       1
       3
       3
       7
       2
       3
       2
       1
       1
       3
       3
       3
       0
       2
       4
       2
       6
       3
       0
       2
       0
       0
       2
       2
       5
       0
       3
       2
       1
       5
       1
       2
       3
       2
       3
       1
       5
       2
       3
       1
       2
       3
       3
       1
       0
       1
       6
       4
       3
       0
       3
       1
       0
       2
       3
       1
       1
       5
       2
       0
       3
       2
       4
       2
       1
       2
       2
       4
       2
       1
       1
       6
       2
       4
       1
       2
       1
       0
       6
       1
       1
       2
       3
       5
       5
       3
       1
       1
       0
       3
       2
       0
       4
       3
       1
       3
       3
       1
       1
       0
       2
       0
       2
       5
       0
       0
       5
       3
       1
       0
       1
       4
       2
       1
       2
       1
       2
       1
       4
       1
       0
       1
       3
       3
       2
       3
       3
       1
       1
       3
       1
       2
       1
       1
       4
       2
       4
       0
       1
       3
       1
       1
       5
       0
       3
       2
       2
       2
       1
       2
       1
       6
       6
       3
       1
       1
       0
       1
       2
       2
       5
       1
       3
       1
       5
       1
       3
       0
       0
       4
       2
       3
       4
       0
       2
       2
       7
       0
       1
       3
       1
       3
       1
       2
       2
       1
       2
       0
       1
       1
       2
       2
       1
       3
       2
       3
       3
       1
       0
       1
       1
       1
       3
       2
       1
       1
       3
       4
       2
       1
       2
       3
       0
       2
       4
       7
       2
       4
       2
       2
       1
       0
       0
       2
       1
       1
       0
       0
       0
       2
       0
       1
       2
       2
       1
       2
       2
       1
       2
       0
       1
       2
       1
       1
       0
       1
       1
       2
       1
       0
       1
       5
       0
       1
       4
       3
       0
       1
       5
       0
       1
       4
       2
       2
       1
       3
       1
       2
       4
       4
       2
       1
       1
       1
       2
       2
       5
       0
       2
       1
       1
       3
       2
       3
       2
       3
       3
       2
       1
       1
       0
       0
       0
       2
       0
       0
       1
       2
       1
       3
       4
       0
       5
       2
       2
       2
       0
       1
       0
       1
       2
       1
       1
       1
       1
       2
       0
       1
       3
       2
       3
       2
       1
       0
       3
       1
       1
       1
       2
       0
       3
       2
       1
       1
       3
       2
       3
       3
       1
       1
       2
       0
       2
       2
       2
       3
       1
       2
       2
       2
       0
       0
       1
       0
       6
       1
       2
       3
       2
       3
       1
       2
       2
       3
       2
       5
       1
       1
       3
       2
       3
       3
       0
       1
       5
       1
       2
       0
       2
       4
       2
       4
       0
       3
       0
       2
       2
       0
       0
       3
       0
       0
       4
       0
       0
       2
       2
       0
       2
       2
       2
       0
       2
       1
       0
       3
       1
       1
       5
       2
       2
       1
       0
       2
       0
       1
       2
       1
       7
       1
       3
       3
       2
       1
       1
       0
       1
       2
       2
       1
       0
       4
       1
       2
       2
       0
       1
       1
       2
       4
       1
       2
       2
       0
       2
       1
       1
       3
       1
       0
       2
       2
       0
       0
       3
       0
       2
       2
       2
       1
       4
       2
       1
       3
       1
       2
       0
       1
       2
       2
       1
       0
       5
       0
       3
       0
       2
       2
       0
       2
       1
       2
       4
       0
       1
       0
       3
       0
       6
       1
       1
       1
       1
       1
       1
       1
       0
       2
       2
       0
       3
       3
       1
       1
       1
       1
       2
       3
       1
       2
       2
       3
       2
       2
       1
       2
       1
       0
       4
       2
       3
       2
       2
       3
       1
       2
       1
       0
       1
       1
       4
       0
       0
       0
       1
       0
       2
       2
       4
       0
       1
       0
       1
       2
       3
       3
       2
       1
       1
       2
       3
       0
       2
       1
       0
       1
       3
       1
       1
       0
       2
       1
       2
       3
       3
       3
       1
       3
       1
       3
       3
       3
       3
       1
       3
       6
       4
       6
       8
       7
      14
      11
       6
       7
       2
       4
       0
      11
       3
       2
       2
       4
       0
       4
       3
       4
       3
       3
       5
       1
       1
       2
       3
       0
       3
       2
       1
       1
       0
       3
       0
       4
       0
       1
       2
       3
       1
       2
       4
       3
       6
       3
       0
       2
       5
       4
       2
       0
       5
       2
       0
       3
       2
       3
       0
       1
       1
       0
       2
       1
       2
       0
       2
       1
       1
       0
       0
       3
       2
       5
       1
       0
       2
       1
       1
       3
       2
       1
       1
       1
       2
       2
       1
       1
       4
       2
       1
       2
       0
       2
       0
       0
       2
       2
       2
       0
       2
       1
       0
       2
       4
       0
       3
       2
       1
       2
       0
       1
       1
       1
       1
       1
       3
       3
       1
       1
       1
       2
       1
       1
       4
       3
       0
       1
       1
       1
       4
       1
       2
       0
       3
       3
       1
       1
       0
       2
       1
       2
       1
       1
       2
       1
       5
       0
       3
       4
       1
       2
       4
       3
       1
       6
       3
       5
       0
       2
       4
       1
       1
       2
       2
       0
       4
       3
       0
       3
       2
       2
       3
       3
       4
       0
       0
       3
       5
       1
       3
       2
       2
       2
       2
       2
       2
       3
       0
       0
       1
       1
       3
       1
       2
       2
       1
       2
       3
       0
       0
       1
       2
       0
       3
       2
       2
       0
       2
       1
       3
       1
       2
       1
       1
       2
       2
       4
       2
       1
       3
       2
       2
       2
       2
       2
       0
       2
       3
       1
       1
       2
       4
       4
       4
       1
       1
       3
       4
       3
       4
       5
       0
       0
       2
       1
       0
       2
       2
       2
       5
       0
       5
      13
      12
       8
      13
       8
       9
       5
       2
       4
       0
       1
       3
       2
       3
       2
       2
       1
       1
       5
       2
       0
       0
       2
       1
       0
       4
       0
       0
       4
       2
       3
       2
       1
       6
       3
       1
       2
       1
       0
       0
       1
       1
       3
       2
       0
       3
       3
       1
       3
       0
       1
       4
       0
       0
       1
       3
       2
       3
       1
       4
       2
       0
       4
       2
       3
       2
       1
       2
       5
       2
       3
       2
       1
       0
       0
       3
       3
       0
       1
       1
       1
       0
       3
       1
       1
       3
       2
       2
       3
       1
       0
       0
       1
       0
       0
       0
       1
       0
       1
       1
       2
       3
       0
       3
       1
       2
       0
       0
       0
       0
       3
       0
       2
       2
       5
       1
       1
       0
       1
       2
       2
       5
       1
       1
       1
       3
       1
       0
       1
       0
       3
       4
       1
       2
       5
       0
       3
       6
       0
       1
       3
       1
       0
       0
       0
       2
       2
       0
       1
       4
       0
       2
       0
       3
       2
       3
       6
       2
       0
       0
       1
       0
       2
       4
       2
       1
       2
       4
       2
       2
       0
       0
       1
       8
       3
       1
       1
       1
       2
       1
       3
       4
       1
       2
       5
       0
       3
       3
       1
       4
       1
       4
       2
       2
       1
       2
       3
       2
       2
       2
       3
       1
       3
       2
       1
       1
       0
       1
       5
       4
       1
       2
       3
       3
       2
       1
       6
       1
       4
       3
       1
       2
       3
       5
       6
       1
       2
       3
       2
       1
       0
       1
       1
       1
       2
       1
       1
       2
       0
       0
       1
       2
       3
       1
       2
       1
       1
       1
       3
       2
       4
       0
       3
       1
       2
       1
       0
       3
       0
       1
       1
       1
       1
       3
       1
       2
       3
       1
       2
       1
       3
       1
       2
       1
       3
       0
       3
       2
       0
       1
       2
       0
       0
       3
       2
       2
       2
       1
       1
       6
       1
       2
       2
       2
       1
       3
       3
       0
       3
       3
       1
       3
       3
       1
       1
       2
       3
       3
       3
       2
       2
       4
       3
       6
       3
       1
       2
       1
       3
       2
       1
       3
       1
       2
       2
       4
       2
       2
       2
       0
       5
       1
       5
       2
       2
       2
       0
       0
       4
       3
       2
       1
       0
       2
       0
       2
       2
       0
       1
       1
       4
       3
       2
       3
       3
       1
       1
       3
       3
       4
       3
       3
       2
       2
       2
       1
       5
       2
       3
       2
       4
       2
       2
       2
       2
       5
       1
       2
       0
       3
       4
       4
       2
       3
       2
       3
       1
       2
       2
       5
       1
       1
       1
       4
       6
       3
       4
       2
       1
       0
       0
       4
       2
       1
       1
       2
       2
       2
       3
       4
       2
       1
       0
       1
       2
       2
       2
       1
       1
       2
       2
       2
       1
       6
       2
       2
       4
       3
       0
       3
       2
       6
       1
       1
       2
       6
       5
       2
       2
       1
       2
       2
       0
       0
       1
       2
       2
       2
       1
       2
       0
       0
       1
       1
       2
       3
       1
       3
       1
       1
       1
       2
       2
       0
       1
       3
       1
       1
       3
       1
       1
       0
       1
       1
       1
       1
       1
       1
       0
       2
       0
       4
       1
       0
       1
       4
       2
       0
       2
       1
       1
       2
       0
       5
       2
       2
       0
       2
       2
       0
       1
       1
       2
       2
       1
       0
       3
       1
       1
       3
       1
       2
       1
       0
       0
       2
       1
       0
       0
       0
       1
       1
       3
       1
       0
       2
       2
       0
       2
       1
       0
       3
       1
       2
       2
       2
       1
       2
       1
       2
       1
       3
       4
       4
       1
       0
       0
       1
       2
       1
       2
       1
       5
       0
       1
       0
       1
       2
       1
       0
       0
       0
       0
       0
       3
       3
       1
       1
       1
       0
       0
       1
       0
       0
       1
       2
       1
       1
       2
       0
       0
       1
       1
       1
       2
       0
       2
       2
       0
       0
       1
       0
       0
       4
       0
       0
       1
       1
       1
       0
       0
       0
       0
       2
       1
       4
       5
       6
       3
       4
       1
       1
       3
       3
       0
       1
       1
       0
       0
       4
       2
       0
       1
       0
       2
       1
       1
       1
       1
       2
       0
       0
       0
       3
       2
       2
       0
       1
       3
       1
       1
       1
       1
       0
       1
       0
       0
       1
       0
       0
       1
       1
       1
       1
       1
       0
       0
       0
       0
       1
       0
       1
       2
       0
       0
       2
       3
       2
       1
       1
       0
       1
       1
       0
       0
       2
       1
       2
       1
       0
       0
       0
       0
       0
       0
       3
       0
       0
       3
       1
       0
       1
       0
       1
       0
       2
       0
       0
       1
       0
       2
       0
       0
       0
       0
       1
       0
       1
       1
       0
       1
       0
       1
       1
       0
       0
       1
       0
       0
       1
       0
       0
       0
       0
       1
       1
       0
       1
       0
       1
       0
       0
       0
       1
       0
       1
       1
       2
       3
       1
       1
       0
       1
       0
       0
       0
       0
       1
       3
       0
       0
       0
       0
       0
       0
       0
       0
       1
       0
       0
       0
       0
       0
       1
       0
       0
       1
       0
       0
       1
       0
       0
       0
       0
       1
       2
       1
       0
       1
       0
       0
       0
       0
       0
       1
       2
       1
       0
       0
       1
       0
       0
       2
       0
       0
       0
       0
       0
       0
       2
       1
       0
       0
       0
       1
       0
       0
       0
       0
       1
       0
       0
       0
       1
       3
       1
       0
       1
       0
       0
       0
       0
       0
       0
       0
       0
       0
       0
       0
       0
       0
       0
       0
       0
       0
       0
       0
       0
       1
       0
       1
       0
       0
       0
       1
       0
       0
       1
       0
       0
       0
       0
       0
       0
       0
       0
       1
       0
       0
       2
       0
       1
       0
       0
       0
       0
       0
       1
       0
       0
       0
       0
       0
       1
       1
       0
       0
       0
       0
       1
       0
       0
       0
       0
       1
       1
       0
       2
       2
       1
       0
       0
       2
       0
       0
       1
       2
       0
       1
       0
       0
       0
       0
       0
       0
       0
       0
       0
       0
       0
       1
       0
       0
       0
       0
       1
       0
       1
       0
       0
       0
       0
       1
       0
       0
       0
       1
       0
       1
       0
       0
       0
       0
       0
       0
       0
       0
       0
       1
       0
       0
       0
       1
       0
       0
       0
       1
       1
       1
       0
       2
       0
       0
       0
       0
       0
       0
       1
       0
       0
       0
       0
       0
       0
       1
       0
       0
       0
       0
       1
       0
       1
       0
       0
       0
       0
       0
       0
       0
       0
       0
       1
       0
       1
       1
       1
       1
       0
       0
       0
       0
       0
       1
       0
       0
       0
       0
       0
       0
       0
       0
       0
       1
       0
       0
       0
       0
       0
       1
       0
       1
       1
       0
       1
       1
       1
       2
       1
       2
      13
      16
      23
      41
      45
      64
      52
      50
      49
      44
      17
      10
      10
       2
       0
       1
       0
       0
       0
       0
       0
       0
       1
       0
       0
       0
       0
       0
       0
       0
       0
       0
       0
       0
       0
       0
       0
       0
       0
       0
       0
       0
       0
       0
       0
       0
       0
       0
       0
       0
       0
       0
       0
       0
       1
       0
       0
       0
       0
       0
       0
       0
       1
       0
       0
       0
       0
       0
       0
       0
       1
       0
       0
       0
       0
       1
       0
       0
       0
       0
       0
       0
       1
       0
       0
       0
       0
       0
       0
       0
       0
       0
       0
       0
       0
       0
       0
       0
       0
       0
       0
       0
       0
       0
       0
       0
       0
       0
       0
       0
       0
       0
       0
       0
       0
       0
       0
       0
       0
       1
       0
       0
       1
       1
       0
       1
       0
       0
       0
       0
       0
       0
       0
       0
       0
       0
       0
       0
       0
       0
       0
       1
       0
       0
       0
       0
       0
       0
       0
       0
       0
       0
       0
       1
       0
       0
       0
       0
       1
       0
       0
       0
       0
       0
       1
       0
       1
       0
       0
       0
       0
       0
       0
       0
       0
       0
       0
       0
       0
       0
       0
       0
       0
       0
       0
       0
       1
       0
       0
       0
       0
       0
       0
       0
       0
       0
       0
       0
       0
       0
       0
       0
       0
       0
       0
       0
       0
       0
       0
       0
       0
       0
       0
       0
       0
       0
       0
       0
       0
       0
       0
       0
       1
       0
       0
       0
       0
       0
       0
       0
       0
       0
       0
       0
       0
       0
       1
       0
       0
       0
       0
       0
       0
       0
       0
       0
       0
       0
       0
       0
       0
       0
       0
       0
       0
       0
       0
       0
       0
       1
       0
       0
       0
       0
       0
       0
       0
       0
       0
       0
       0
       0
       0
       0
       0
       0
       0
       0
       1
       0
       0
       0
       0
       0
       0
       0
       0
       0
       0
       0
       0
       0
       0
       0
       0
       0
       0
       0
       1
       0
       0
       0
       0
       1
       0
       0
       0
       0
       0
       0
       0
       0
       0
       0
       0
       0
       0
       0
       0
       0
       0
       0
       0
       0
       0
       0
       0
       0
       0
       0
       0
       0
       0
       0
       0
       0
       0
       0
       0
       0
       1
       0
       0
       0
       1
       0
       0
       0
       0
       0
       0
       0
       0
       0
       0
       0
       0
       0
       0
       0
       0
       0
       0
       0
       0
       0
       0
       0
       0
       0
       0
       0
       0
       1
       0
       0
       0
       0
       0
       0
       1
       0
       0
       0
       0
       0
       0
       0
       0
       0
       0
       0
       0
       0
       0
       0
       0
       0
       0
       0
       0
       0
       0
       0
       0
       0
       0
       0
       0
       0
       0
       1
       0
       0
       0
       0
       0
       0
       0
       0
       1
       0
       0
       0
       0
       0
       0
       0
       0
       0
       0
       0
       0
       0
       0
       0
       0
       0
       0
       0
       0
       0
       0
       0
       0
       0
       0
       0
       0
       0
       0
       0
       1
       0
       0
       0
       0
       0
       0
       1
       0
       0
       0
       0
       1
       0
       0
       0
       0
       0
       0
       0
       0
       0
       0
       0
       0
       0
       0
       1
       0
       0
       0
       0
       1
       0
       0
       0
       0
       0
       0
       0
       0
       0
       0
       0
       0
       0
       0
       0
       0
       0
       0
       0
       0
       0
       0
       1
       0
       0
       1
       0
       1
       0
       0
       0
       0
       0
       0
       0
       0
       0
       1
       0
       0
       1
       0
       0
       0
       0
       0
       0
       0
       0
       0
       0
       0
       0
       0
       0
       0
       0
       0
       0
       0
       0
       0
       0
       0
       0
       0
       0
       0
       0
       0
       0
       0
       0
       0
       0
       0
       0
       0
       0
       0
       0
       0
       0
       0
       0
       0
       0
       1
       0
       0
       0
       0
       0
       0
       0
       0
       0
       0
       0
       0
       0
       0
       0
       0
       0
       0
       0
       0
       1
       0
       0
       0
       0
       0
       0
       1
       0
       0
       0
       0
       0
       0
       0
       0
       0
       1
       0
       0
       0
       0
       0
       0
       0
       0
       0
       0
       0
       0
       1
       0
       0
       0
       0
       0
       0
       0
       0
       0
       0
       0
       0
       1
       0
       0
       0
       0
       0
       0
       0
       0
       0
       0
       0
       0
       0
       0
       0
       1
       0
       0
       1
       0
       0
       0
       0
       0
       1
       0
       0
       0
       0
       0
       0
       0
       0
       0
       0
       0
       0
       0
       0
       0
       0
       0
       0
       0
       0
       0
       0
       0
       0
       0
       1
       1
       0
       0
       0
       0
       0
       0
       0
       1
       0
       0
       0
       0
       0
       0
       0
       0
       0
       0
       0
       0
       0
       0
       0
       0
       0
       0
       0
       0
       0
       0
       0
       0
       0
       0
       0
       0
       1
       0
       0
       0
       0
       0
       0
       0
       0
       0
       0
       0
       0
       0
       0
       0
       0
       0
       0
       0
       1
       0
       0
       0
       0
       0
       0
       0
       0
       0
       0
       0
       0
       0
       0
       0
       1
       0
       0
       0
       0
       0
       0
       0
       0
       0
       0
       0
       0
       0
       0
       0
       0
       0
       0
       0
       0
       0
       0
       0
       0
       0
       0
       0
       0
       0
       0
       1
       0
       1
       0
       0
       0
       0
       0
       0
       0
       0
       0
       0
       0
       0
       0
       0
       0
       0
       0
       0
       0
       0
       0
       0
       0
       0
       0
       0
       0
       0
       0
       0
       0
       1
       0
       0
       1
       0
       0
       0
       0
       0
       0
       0
       0
       0
       0
       0
       0
       0
       0
       0
       0
       0
       0
       0
       0
       0
       0
       0
       0
       0
       0
       0
       0
       1
       0
       0
       0
       0
       0
       0
       0
       0
       0
       0
       0
       0
       0
       0
       0
       0
       0
       0
       0
       0
       0
       0
       0
       0
       0
       0
       0
       0
       0
       0
       0
       0
       0
       0
       0
       0
       0
       0
       0
       0
       0
       0
       0
       0
       0
       0
       0
       0
       0
       0
       0
       0
       0
       0
       0
       0
       0
       0
       0
       0
       0
       0
       0
       0
       0
       0
       0
       0
       0
       0
       0
       0
       0
       0
       0
       0
       0
       1
       0
       0
       0
       0
       0
       0
       0
       0
       0
       0
       0
       0
       0
       0
       0
       0
       0
       0
       0
       0
       0
       0
       0
       0
       0
       0
       0
       0
       0
       0
       0
       0
       0
       0
       0
       0
       0
       0
       0
       0
       0
       0
       0
       0
       0
       0
       0
       0
       0
       0
       0
       0
       0
       0
       0
       0
       0
       0
       0
       0
       1
       2
       0
       0
       0
       0
       0
       0
       0
       0
       0
       0
       0
       0
       0
       0
       0
       0
       0
       0
       0
       0
       0
       0
       0
       0
       0
       0
       0
       0
       0
       0
       0
       0
       0
       0
       0
       0
       0
       0
       0
       1
       0
       0
       0
       1
       0
       0
       0
       0
       0
       0
       0
       0
       0
       0
       0
       0
       0
       0
       0
       1
       0
       0
       0
       0
       0
       0
       1
       0
       0
       0
       0
       0
       0
       1
       0
       0
       0
       0
       0
       0
       0
       0
       0
       0
       0
       0
       0
       0
       0
       0
       0
       0
       0
       0
       0
       0
       0
       0
       0
       0
       0
       0
       0
       0
       0
       0
       0
       0
       0
       0
       0
       0
       0
       0
       0
       0
       0
       0
       0
       0
       0
       0
       0
       0
       0
       0
       0
       0
       0
       1
       0
       0
       0
       0
       0
       0
       0
       0
       0
       0
       1
       0
       0
       0
       0
       0
       0
       0
       0
       0
       0
       0
       0
       0
       0
       0
       1
       0
       0
       0
       0
       0
       0
       0
       0
       0
       0
       0
       0
       0
       0
       0
       0
       0
       0
       0
       0
       0
       0
       0
       0
       0
       0
       0
       0
       0
       0
       0
       0
       0
       0
       0
       0
       0
       0
       0
       0
       0
       0
       0
       0
       0
       0
       1
       0
       0
       0
       0
       0
       0
       0
       0
       0
       0
       0
       1
       0
       0
       0
       0
       0
       0
       0
       0
       0
       0
       0
       0
       0
       0
       0
       0
       0
       0
       0
       0
       0
       0
       0
       0
       0
       0
       0
       0
       0
       0
       0
       0
       0
       0
       0
       0
       0
       0
       0
       0
       0
       0
       0
       0
       0
       2
       0
       0
       0
       0
       0
       0
       0
       0
       0
       0
       0
       0
       0
       0
       0
       0
       0
       0
       0
       0
       0
       0
       0
       0
       0
       0
       0
       0
       0
       0
       0
       0
       0
       0
       0
       0
       0
       0
       0
       0
       0
       0
       0
       0
       1
       0
       0
       0
       0
       0
       0
       0
       0
       0
       0
       0
       0
       0
       0
       0
       0
       0
       0
       0
       0
       0
       1
       0
       0
       0
       0
       0
       0
       0
       0
       1
       0
       0
       0
       0
       0
       0
       0
       0
       0
       0
       0
       0
       0
       0
       0
       0
       0
       1
       0
       0
       0
       0
       0
       0
       0
       0
       0
       0
       0
       0
       0
       0
       0
       0
       0
       0
       0
       0
       0
       0
       1
       0
       0
       0
       0
       0
       0
       0
       1
       0
       0
       1
       0
       0
       0
       0
       0
       0
       0
       0
       0
       0
       0
       0
       0
       0
       0
       0
       0
       0
       0
       0
       0
       0
       0
       0
       0
       0
       0
       0
       0
       0
       0
       0
       0
       0
       0
       0
       0
       0
       0
       0
       0
       0
       0
       0
       0
       1
       0
       0
       0
       0
       0
       2
       0
       0
       0
       0
       0
       0
       0
       0
       0
       1
       0
       0
       0
       0
       0
       0
       0
       0
       0
       0
       0
       0
       1
       0
       0
       0
       0
       0
       0
       0
       0
       0
       0
       0
       0
       0
       0
       0
       0
       0
       0
       0
       0
       0
       0
       0
       0
       0
       0
       0
       0
       0
       0
       0
       0
       0
       0
       0
       0
       0
       0
       0
       0
       0
       0
       0
       0
       0
       0
       0
       0
       0
       0
       0
       1
       0
       0
       0
       0
       1
       0
       0
       0
       0
       1
       0
       0
       0
       0
       1
       0
       0
       0
       0
       0
       0
       0
       0
       0
       0
       0
       0
       0
       0
       0
       0
       0
       0
       0
       0
       0
       0
       0
       0
       0
       0
       0
       0
       0
       0
       0
       0
       0
       0
       0
       0
       0
       0
       0
       0
       0
       0
       0
       0
       0
       0
       0
       0
       0
       0
       0
       0
       0
       0
       0
       0
       0
       0
       0
       0
       0
       0
       0
       0
       0
       0
       0
       0
       0
       0
       0
       0
       0
       0
       0
       0
       0
       0
       0
       0
       0
       0
       0
       0
       0
       0
       0
       0
       0
       0
       0
       0
       0
       0
       0
       0
       0
       0
       0
       0
       0
       0
       0
       0
       0
       0
       0
       0
       0
       0
       0
       0
       0
       0
       0
       0
       0
       0
       0
       0
       0
       0
       0
       0
       0
       0
       0
       0
       0
       0
       0
       0
       0
       0
       0
       0
       0
       0
       0
       0
       0
       0
       0
       0
       0
       0
       0
       0
       0
$ROI:
0
$PRESETS:
Real Time
3600
0
$ENER_FIT:
8.931054 0.240803
$MCA_CAL:
3
8.931054E+000 2.408025E-001 6.157388E-008 keV
$SHAPE_CAL:
3
9.658150E+000 -1.618950E-003 2.758845E-007
