$SPEC_ID:
No sample description was entered.
$SPEC_REM:
DET# 1
DETDESC# EPS-140909 Easy-MCA-8k SN 16175454
AP# Maestro Version 7.01
$DATE_MEA:
02/27/2022 00:43:26
$MEAS_TIM:
3594 3600
$DATA:
0 8191
       0
       0
       0
       0
       0
       0
       0
       0
       0
       0
       0
       0
       0
       0
       0
       0
       0
       0
       0
       0
       0
       0
       0
       0
       0
       0
       0
       0
       0
       0
       0
       0
       0
       0
       0
       0
       0
       0
       2
       5
      11
      30
     700
    1273
     533
     368
     324
     306
     352
     318
     333
     342
     333
     313
     329
     350
     349
     373
     372
     401
     454
     421
     425
     383
     358
     333
     360
     363
     346
     362
     315
     313
     300
     330
     302
     336
     356
     328
     320
     337
     345
     367
     347
     302
     338
     301
     329
     317
     357
     354
     325
     329
     348
     364
     345
     396
     365
     386
     397
     370
     353
     408
     432
     398
     431
     452
     429
     462
     489
     487
     472
     512
     536
     588
     609
     627
     675
     793
     750
     879
     854
     881
     914
     827
     862
     869
     880
     858
     860
     825
     846
     830
     853
     869
     881
     920
    1070
    1226
    1665
    2308
    3330
    3936
    4703
    5042
    4980
    4294
    2786
    1622
    1066
     993
     929
     962
     841
     909
     949
     978
     937
     994
    1102
    1137
    1263
    1580
    2035
    2245
    2135
    1719
    1445
    1385
    1359
    1321
    1204
    1129
     970
    1045
    1039
    1024
    1031
    1048
    1004
    1094
    1039
    1161
    1123
    1172
    1066
    1100
    1237
    1254
    1262
    1212
    1165
    1251
    1239
    1164
    1251
    1186
    1135
    1026
    1088
    1078
    1127
    1102
    1074
    1111
    1087
    1108
    1110
    1070
    1116
    1087
    1115
    1135
    1118
    1138
    1058
    1120
    1090
    1171
    1142
    1184
    1105
    1046
    1028
    1101
    1127
    1018
    1115
    1077
    1073
    1081
    1148
    1124
    1168
    1214
    1211
    1101
    1099
    1068
     997
    1046
    1031
    1051
     965
    1055
     938
    1051
    1008
    1009
    1001
    1041
    1022
    1076
     989
     961
     963
    1012
     973
    1032
     943
     973
     957
     945
    1024
     989
    1011
     972
     974
     978
     920
     940
     941
     965
     983
     900
     905
     985
     910
     954
     928
     966
     924
     941
     912
     905
     886
     916
     931
     919
     907
     909
     856
     863
     914
     901
     836
     883
     906
     841
     892
     860
     785
     836
     888
     776
     821
     901
     841
     851
     772
     844
     841
     831
     804
     775
     824
     736
     824
     818
     814
     798
     791
     855
     787
     853
     775
     786
     734
     800
     783
     782
     747
     751
     781
     711
     726
     778
     754
     755
     712
     752
     703
     705
     739
     736
     694
     712
     699
     715
     689
     698
     687
     692
     693
     697
     681
     664
     662
     675
     725
     692
     673
     639
     708
     694
     644
     646
     612
     651
     678
     637
     618
     611
     617
     612
     597
     636
     640
     654
     619
     583
     659
     656
     576
     601
     624
     623
     622
     573
     568
     541
     607
     574
     601
     573
     574
     582
     565
     516
     522
     589
     588
     519
     540
     539
     528
     544
     544
     515
     538
     532
     525
     522
     494
     497
     484
     517
     533
     532
     495
     516
     498
     493
     462
     525
     491
     515
     471
     510
     491
     477
     459
     444
     465
     474
     474
     500
     457
     442
     501
     440
     456
     440
     438
     455
     435
     428
     433
     439
     434
     429
     501
     432
     441
     451
     432
     416
     441
     381
     427
     420
     424
     430
     439
     524
     526
     492
     487
     440
     412
     457
     425
     399
     408
     416
     413
     401
     416
     385
     394
     381
     397
     385
     378
     404
     390
     415
     403
     400
     375
     351
     366
     343
     344
     360
     389
     398
     409
     364
     377
     367
     375
     376
     393
     378
     416
     379
     377
     333
     385
     374
     306
     330
     357
     323
     332
     330
     344
     341
     358
     305
     335
     378
     314
     355
     391
     372
     352
     332
     319
     322
     307
     309
     330
     318
     328
     294
     280
     331
     310
     303
     306
     313
     304
     259
     306
     286
     322
     304
     279
     298
     278
     304
     283
     284
     273
     308
     293
     276
     310
     299
     292
     281
     294
     257
     312
     307
     249
     276
     313
     267
     294
     285
     292
     224
     281
     270
     279
     270
     283
     258
     263
     246
     239
     247
     233
     248
     264
     249
     245
     246
     251
     258
     299
     324
     456
     531
     607
     558
     461
     340
     268
     236
     268
     289
     319
     314
     280
     228
     220
     201
     232
     212
     217
     224
     224
     229
     212
     195
     215
     216
     201
     227
     185
     203
     203
     214
     210
     227
     214
     188
     212
     217
     205
     204
     210
     228
     200
     199
     210
     193
     217
     180
     181
     197
     192
     192
     221
     185
     178
     212
     192
     182
     219
     204
     194
     215
     190
     160
     197
     189
     202
     187
     181
     207
     174
     191
     196
     193
     208
     194
     170
     207
     171
     185
     197
     194
     216
     178
     184
     173
     173
     169
     172
     172
     200
     171
     143
     159
     186
     169
     162
     172
     198
     182
     189
     179
     177
     175
     167
     162
     161
     153
     149
     158
     148
     162
     158
     153
     157
     147
     156
     173
     154
     144
     167
     146
     163
     151
     165
     162
     137
     159
     134
     147
     164
     162
     152
     136
     171
     144
     142
     148
     137
     161
     169
     211
     233
     287
     263
     210
     160
     125
     158
     131
     117
     145
     158
     169
     148
     168
     158
     176
     165
     127
     130
     138
     119
     130
     119
     125
     157
     141
     123
     163
     171
     198
     226
     201
     161
     161
     134
     123
     116
     106
     134
     141
     114
     110
     126
     116
     126
     126
     127
     120
     138
     112
     143
     130
     120
     116
     122
     114
     106
     119
     120
      88
     137
     108
     130
     112
     116
     115
     130
     121
     120
     117
     121
      98
     126
     120
     112
     142
     127
     110
     127
     123
     109
     116
     139
     141
     127
     105
     110
     109
     102
     122
     119
      88
      98
     128
     113
     113
      93
     101
     101
     114
      98
     101
     113
     103
     104
     122
     129
     159
     206
     180
     160
     131
     117
     102
     126
     102
     113
     106
     105
     100
     102
      99
      92
      92
     124
     100
      87
     118
     102
     114
      91
     115
      93
     110
      88
      87
     107
     114
     125
     147
     181
     271
     321
     315
     258
     161
     137
      93
      87
      98
      91
      93
      79
      97
     100
      87
     111
      75
     106
      97
     107
      84
      74
      84
      73
      73
      85
      92
      70
      94
      97
      85
      82
      85
      81
      89
      95
     115
      82
      77
      83
      90
      84
      90
      90
      72
      83
      88
      83
      73
      99
      76
     114
      96
      90
      86
      66
      81
      82
      92
      89
      97
      83
      81
      89
      74
      93
      94
      68
      94
      73
      80
      80
      84
      85
      82
      82
      98
      78
      86
      83
      78
      84
      70
      75
      86
      94
      97
      86
     102
      69
      96
      59
      86
      81
      90
      82
      80
      76
      70
      86
      72
      76
      78
      69
      75
      79
      67
      76
      76
      90
      77
      83
      69
      86
      68
      74
      77
      66
      74
      77
      67
      73
      74
      82
      76
      61
      72
      77
      78
      72
      86
      78
      87
      78
      91
      70
      73
      69
      58
      70
      78
      67
      69
      72
      85
      83
      71
      73
      78
      60
      84
      57
      78
      75
      82
      69
      53
      77
      75
      71
      60
      79
      76
      73
      63
      62
      73
      56
      64
      46
      75
      88
      74
      69
      67
      64
      65
      72
      69
      66
      68
      56
      79
      68
      62
      76
      67
      57
      66
      54
      58
      67
      62
      47
      67
      64
      62
      59
      61
      67
      57
      54
      60
      66
      74
      60
      53
      70
      71
      59
      53
      58
      55
      59
      74
      61
      56
      46
      72
      72
      62
      60
      57
      61
      69
      60
      70
      67
      68
      64
      54
      69
      62
      55
      74
      71
      60
      62
      53
      57
      66
      61
      61
      57
      55
      70
      70
      50
      58
      53
      54
      44
      57
      57
      54
      77
      53
      55
      64
      61
      69
      46
      55
      56
      70
      53
      55
      60
      65
      51
      46
      60
      61
      62
      52
      68
      70
      89
      72
      87
      51
      61
      66
      50
      65
      59
      55
      65
      55
      66
      55
      52
      51
      49
      50
      67
      56
      64
      41
      51
      60
      65
      53
      65
      48
      62
      69
      58
      50
      50
      65
      49
      47
      59
      59
      53
      44
      56
      57
      54
      57
      42
      55
      51
      60
      57
      44
      46
      60
      48
      49
      48
      48
      60
      47
      59
      61
      48
      61
      67
      41
      51
      54
      54
      56
      48
      60
      59
      51
      62
      57
      44
      54
      51
      59
      62
      43
      47
      45
      46
      45
      53
      46
      41
      41
      43
      56
      57
      51
      56
      49
      48
      47
      41
      59
      50
      53
      60
      76
      58
      65
      47
      50
      49
      49
      52
      48
      61
      42
      57
      45
      55
      50
      53
      65
      72
     112
     114
     114
     121
      96
      66
      73
      70
      62
      56
      64
      60
      49
      50
      61
      48
      48
      47
      43
      39
      38
      46
      45
      46
      54
      43
      63
      45
      40
      46
      50
      53
      53
      49
      53
      50
      46
      32
      48
      49
      50
      49
      48
      34
      40
      39
      53
      57
      58
      46
      37
      41
      47
      50
      43
      32
      43
      43
      37
      48
      47
      49
      40
      53
      44
      59
      51
      57
      47
      58
      46
      50
      52
      43
      27
      49
      45
      30
      50
      38
      43
      56
      47
      40
      30
      41
      57
      43
      47
      48
      43
      37
      42
      43
      45
      47
      46
      40
      50
      36
      41
      45
      43
      37
      42
      58
      55
      46
      44
      56
      44
      48
      37
      39
      45
      33
      42
      44
      41
      44
      46
      48
      52
      49
      51
      45
      50
      36
      44
      28
      48
      51
      50
      51
      43
      43
      39
      37
      39
      42
      55
      40
      45
      28
      50
      37
      46
      56
      44
      33
      62
      55
      40
      43
      41
      40
      47
      36
      38
      53
      40
      40
      48
      41
      42
      33
      40
      48
      38
      47
      49
      41
      48
      41
      50
      48
      42
      42
      56
      79
     103
     157
     174
     180
     134
      88
      50
      42
      47
      40
      36
      48
      35
      37
      44
      40
      26
      45
      37
      44
      26
      42
      39
      37
      41
      32
      40
      49
      38
      37
      40
      44
      35
      30
      35
      27
      32
      49
      26
      43
      29
      41
      47
      35
      51
      36
      31
      57
      36
      39
      48
      38
      44
      33
      40
      37
      36
      36
      40
      30
      45
      42
      37
      72
      77
     133
     187
     262
     214
     176
     114
      78
      47
      33
      29
      33
      34
      39
      29
      33
      38
      33
      40
      42
      35
      39
      42
      32
      34
      32
      33
      25
      43
      31
      25
      39
      32
      33
      32
      43
      25
      30
      32
      30
      42
      41
      25
      29
      32
      30
      44
      36
      24
      29
      42
      32
      33
      42
      21
      31
      35
      30
      39
      37
      29
      32
      33
      21
      36
      32
      41
      40
      41
      42
      28
      29
      30
      33
      37
      43
      30
      42
      30
      37
      35
      44
      27
      49
      25
      42
      33
      35
      22
      37
      30
      21
      26
      40
      38
      33
      35
      24
      40
      35
      28
      29
      35
      30
      34
      23
      30
      31
      31
      20
      42
      27
      30
      36
      28
      25
      44
      32
      34
      33
      19
      23
      21
      35
      29
      38
      38
      19
      25
      33
      38
      37
      43
      44
      48
      48
      39
      40
      38
      32
      52
      43
      42
      38
      29
      37
      36
      19
      35
      29
      24
      35
      37
      34
      31
      28
      30
      19
      28
      42
      39
      30
      36
      24
      27
      33
      35
      32
      30
      32
      24
      27
      33
      28
      35
      24
      35
      33
      38
      37
      46
      38
      24
      21
      35
      30
      33
      29
      32
      35
      38
      32
      20
      28
      37
      17
      47
      40
      38
      30
      32
      32
      20
      38
      35
      25
      36
      35
      36
      34
      18
      29
      30
      36
      20
      26
      35
      32
      33
      38
      26
      29
      22
      27
      24
      36
      28
      35
      31
      30
      27
      23
      30
      41
      21
      29
      43
      30
      30
      31
      34
      30
      27
      36
      29
      24
      24
      34
      26
      23
      39
      17
      21
      26
      27
      31
      25
      33
      35
      30
      22
      26
      21
      26
      25
      21
      23
      36
      23
      32
      29
      32
      28
      30
      23
      24
      24
      28
      29
      27
      26
      27
      23
      32
      23
      30
      32
      26
      32
      25
      28
      30
      28
      24
      38
      41
      47
      60
      62
      56
      32
      19
      31
      24
      35
      16
      33
      25
      28
      26
      23
      21
      35
      28
      22
      24
      17
      30
      24
      25
      19
      31
      23
      28
      18
      27
      28
      30
      36
      28
      36
      23
      39
      21
      23
      28
      25
      27
      28
      29
      24
      37
      27
      27
      24
      26
      36
      34
      26
      22
      34
      33
      26
      27
      20
      35
      24
      36
      20
      26
      28
      25
      26
      21
      27
      31
      23
      21
      15
      31
      25
      27
      34
      38
      31
      17
      21
      29
      26
      32
      20
      22
      26
      20
      21
      31
      38
      20
      27
      31
      34
      43
      71
      68
      89
      54
      46
      30
      37
      38
      42
      38
      27
      21
      25
      16
      30
      31
      28
      38
      25
      29
      30
      26
      21
      16
      19
      28
      31
      20
      17
      23
      34
      33
      51
      57
      52
      40
      33
      20
      27
      25
      29
      16
      28
      15
      30
      31
      30
      27
      30
      28
      32
      28
      28
      24
      33
      17
      21
      18
      26
      12
      26
      17
      21
      24
      30
      31
      21
      14
      21
      14
      25
      27
      28
      26
      44
      32
      46
      30
      26
      23
      18
      31
      19
      25
      25
      31
      24
      24
      20
      25
      21
      19
      21
      19
      24
      23
      30
      17
      19
      22
      22
      29
      21
      48
      28
      27
      20
      17
      23
      20
      16
      24
      20
      28
      18
      34
      50
      42
      57
      58
      49
      30
      35
      25
      22
      25
      26
      18
      23
      24
      29
      24
      23
      22
      24
      13
      21
      25
      24
      17
      22
      20
      24
      24
      20
      19
      16
      22
      20
      23
      23
      28
      28
      26
      32
      17
      16
      14
      29
      19
      24
      23
      29
      21
      16
      32
      26
      26
      31
      21
      13
      23
      19
      34
      20
      15
      35
      25
      14
      10
      34
      30
      27
      25
      24
      21
      28
      22
      23
      16
      23
      31
      26
      24
      19
      22
      25
      18
      23
      18
      31
      19
      39
      23
      16
      24
      24
      19
      36
      46
      33
      52
      44
      43
      36
      31
      20
      25
      17
      17
      23
      30
      21
      10
      17
      21
      18
      21
      18
      23
      17
      27
      20
      26
      20
      26
      29
      43
      40
      35
      35
      26
      29
      25
      19
      13
      28
      17
      23
      21
      27
      20
      22
      12
      18
      30
      21
      13
      35
      27
      24
      21
      22
      23
      28
      28
      16
      20
      18
      19
      25
      20
      23
      13
      19
      26
      24
      20
      15
      21
      18
      29
      22
      16
      22
      27
      26
      17
      18
      22
      17
      12
      10
      20
      11
      21
      16
      19
      21
      21
      26
      17
      18
      24
      16
      25
      19
      29
      19
      27
      16
      12
      11
      18
      12
      23
      24
      15
      21
      22
      22
      16
      25
      20
      17
      32
      14
      19
      28
      17
      17
      12
      17
      16
      14
      15
      19
      22
      16
      16
      18
      16
      24
      21
      19
      18
      20
      14
      16
      16
      15
      27
      17
      18
      14
      18
      23
      30
      18
      39
      28
      60
      81
      94
     106
     103
      90
      58
      32
      33
      21
      10
      22
      14
      16
      20
      19
      14
      22
      20
      13
      18
      26
      20
      18
      14
      17
      24
      26
      27
      26
      18
      22
      14
      16
      15
      18
      10
      17
      24
      19
      17
      15
      13
      20
      21
      16
      18
      19
      13
      23
      20
      21
      18
      19
      19
      19
      20
      13
      27
      43
      35
      31
      27
      16
      27
      17
      16
      10
      17
      18
      10
      27
      19
      14
      17
      22
      19
      18
      17
      19
      26
      19
      22
      13
      23
      13
      18
      15
      19
      18
      19
      18
      20
      25
      32
      17
      14
      20
      24
      14
      18
      24
      24
      20
      19
      20
      32
      20
      22
      26
      18
      15
      20
      12
      19
      23
      19
      23
      14
      10
      17
      25
      20
      15
      16
      23
      20
      17
      16
      17
      22
      17
      17
      20
      26
      37
      39
      38
      29
      25
      27
      10
      18
      34
      36
      58
      63
      79
      50
      43
      36
      35
      23
      18
      20
      14
      15
      17
      13
      22
      16
      18
      14
      14
      18
      17
      11
      10
      13
      12
      18
      16
      21
      18
      12
      21
      11
      21
      21
      25
      20
      16
      19
      22
      16
      12
      16
      20
      26
       7
      21
      13
      19
      20
      20
      17
      15
      10
      21
      14
      22
      11
      21
      17
      16
      26
      12
      14
      18
      20
      12
      16
      20
      19
      18
      20
       9
      18
      22
      19
      19
      18
      27
      22
      23
      18
      22
      19
      14
      13
      17
      21
      20
      17
      17
      21
      17
      15
      17
       7
      15
       9
      23
      24
      14
      16
      17
      17
      17
      18
      15
      15
      26
      21
      18
      16
      14
      15
      11
      13
       9
      11
      13
      15
      12
      21
      26
      16
      13
      16
      13
      12
      21
      18
      10
      15
      18
      19
       8
      19
      14
      18
      16
      20
      22
      14
      15
      14
      20
      24
      11
       8
      16
      18
      23
       8
      21
      18
       9
      15
      20
      15
      23
      16
      18
       8
      14
      21
      20
      23
      19
      12
      22
      13
      18
      13
      13
      13
      21
      19
      15
      13
      20
      11
      10
      17
      14
      14
      12
      18
      17
      12
      19
      12
      16
      18
      12
      19
      16
      14
      13
      16
      13
      12
      17
      20
       7
      20
      17
      24
      28
      19
      12
      17
      18
      17
      16
      17
      19
      18
      18
      20
      11
      20
      14
      17
      12
      14
      17
      14
      19
      17
      17
      16
      17
      13
      23
      15
      14
      15
      18
      19
      12
      23
      11
      24
      18
      22
      13
      14
      17
      14
      21
      12
      17
      17
      16
      21
      21
      18
      22
      19
      18
      14
      18
      20
      18
      18
      16
      18
      21
      21
      19
      20
      27
      17
      12
      12
      21
      16
      19
      15
      17
      15
      16
      18
      19
      12
       9
      17
      16
      20
      11
      19
      13
      18
      13
      24
      16
      20
       9
      17
      21
      14
      12
      16
       9
      20
      19
      16
      19
      20
      16
      19
      17
      12
      14
      17
      18
      12
      12
      13
      18
      17
      11
      18
      10
      10
      16
       5
      12
      13
      18
       9
      14
      16
      15
      24
      19
      15
      12
      13
      15
      17
      24
      12
      16
      14
      22
      20
      27
      16
      11
      21
      11
      19
      23
      20
      14
      19
      14
      24
      26
      17
      13
      19
      15
      16
      25
      26
      39
      32
      26
      39
      42
      26
      20
      19
      25
      23
      31
      25
      48
      48
      69
      57
      61
      34
      22
      16
      18
      15
      18
      20
      24
      13
      18
      17
      15
      24
      17
      19
      24
      22
      18
      12
      17
      18
      13
      20
      11
      18
      13
      14
      12
       7
      17
      18
      13
      13
      25
      15
      16
      17
      16
      11
      15
      16
      14
      17
      17
      13
      17
      13
      14
      20
      13
      23
      13
      15
      10
      16
      11
      12
      13
      17
      16
      23
      15
      12
      19
      14
      17
      10
      14
      15
      12
      14
      21
      21
      22
      15
      13
      13
      13
      13
      19
      16
      21
      13
      24
      19
      16
      20
      18
      14
      16
      10
      13
       9
      19
      16
      13
      11
      24
      20
      17
      26
      20
      12
      18
      12
      14
      19
      16
      20
      19
      15
      16
      17
      15
      21
      24
      12
      12
      15
      13
      21
      15
      15
      10
      14
      29
      24
      41
      44
      60
      37
      38
      26
      37
      20
      17
      17
      16
      15
      13
      18
       9
      16
      27
      15
      26
      14
      15
      15
      13
      25
      15
      19
      12
      14
      17
      13
      10
      11
      14
      17
      21
      21
      19
      14
      17
      17
      19
      17
      10
      19
      14
      18
      18
       9
      16
      15
      21
      13
      15
      20
      18
      15
      17
      17
      16
      16
      13
      21
      16
      15
      16
      14
      22
      16
      18
      14
      21
      17
       9
      18
       9
      11
      25
      19
      13
      13
       8
      19
      25
      12
      18
      22
      19
      20
      21
      13
      19
      13
      13
      15
      20
      11
      23
      12
      15
      15
      26
      15
      20
      16
      22
      15
      13
      16
      18
      22
      16
      12
      15
      15
      21
      23
      16
      18
      20
      19
      16
      19
      19
      13
      13
      24
      12
      15
      20
      13
      15
      16
      14
      17
      13
      21
      19
      25
      16
      14
      17
      14
      15
      18
      15
      22
      10
      16
      19
      15
      13
      18
      13
      16
      18
      23
      14
      19
      22
      22
      25
      25
      34
      39
      35
      32
      20
      28
      15
      18
      17
      22
      17
      17
      11
      22
      14
      13
      14
      16
      17
      19
      12
      19
      11
      16
       8
      13
      12
      12
      16
      14
      15
      15
      16
      13
      10
      17
      10
      13
      14
      13
      13
      14
       9
       6
      12
      18
      18
       9
      14
      11
       4
       8
      10
      11
      16
      16
       7
      12
      12
       9
       4
       7
      10
      12
      10
      19
      14
       9
      12
      12
      14
       5
      13
      10
      10
       4
       9
      16
      11
       9
      10
       9
       7
      22
       9
      12
      12
      13
       6
       9
      11
       5
      14
      16
      11
      16
      16
      11
       8
      11
      13
      11
       9
       9
      17
       9
      15
      10
      16
      14
      17
      14
      11
      12
      11
      19
       7
       8
      12
      12
      11
      17
      19
      10
      10
       9
       9
      13
      12
      11
      11
      10
      11
       8
      14
      13
      11
      12
       9
       9
      11
      14
       8
      11
      11
       6
       2
       8
      14
       5
       4
       7
      18
       9
      15
      11
       8
       9
       7
       7
       9
       8
      11
       8
      11
      10
      11
       8
       5
       8
       5
       8
      12
       9
       8
       5
       4
       6
       9
       5
      13
      10
       8
       3
       7
       8
       5
       3
       8
       9
       7
       6
       7
       6
       9
      10
       8
       7
       5
       7
       8
      10
      16
       8
       7
      12
       8
       5
       5
       3
      11
       4
       7
       7
      15
       9
       9
       8
      10
       8
       3
       6
       9
      13
      10
      11
      11
       5
       9
       7
       6
      11
      11
       9
      20
      20
      33
      39
      30
      28
      22
      15
      15
       8
      13
       8
       9
       6
       4
       4
       9
       5
       9
       4
      15
       6
       2
       5
       8
       7
      10
       9
      10
       8
       4
      11
       6
       6
       7
       6
       7
      10
       8
       3
      10
      10
       8
       6
       8
       2
       7
       5
       6
       5
       8
       9
       9
       6
       6
       6
       8
       6
       7
       8
      11
       4
       6
       7
      10
       6
       6
       6
       5
       7
       6
       6
       3
       6
       3
       6
       2
       3
       2
       7
       4
       5
       7
       7
       1
       5
       6
       4
       1
       2
       4
       7
       4
       6
       4
       9
       4
       7
       7
       3
       7
       6
       9
       4
       7
       7
       7
       5
       6
       6
       6
       9
      13
       9
      18
      17
      14
      12
      14
       9
       8
       8
       3
       6
       4
       4
       9
      10
       6
       9
       4
       9
       6
       9
      10
       8
       7
       4
       4
       3
       6
       6
       3
       4
       6
       3
       3
       4
       4
       4
       6
       9
       4
       7
       4
       6
       7
       7
       5
       6
       3
       8
       6
       1
       8
      10
       6
       2
       2
       8
       8
       9
       6
       6
      15
      11
       6
       3
       5
       8
       5
       1
       4
       5
       4
       4
      11
       7
       6
      16
      16
      12
      10
       9
      15
       6
       9
      10
       5
       8
       6
       2
       6
       5
      11
       2
       4
       3
       6
       4
       6
       6
       5
       5
       7
       7
       7
      10
       4
       5
       6
       5
       6
       5
       4
       7
       5
       3
       3
       2
       2
       6
       7
       9
       6
       6
       2
      11
       7
       7
       4
       9
       7
       1
       7
       4
       8
       2
       2
       5
       3
       3
       6
       4
       7
       3
       7
       8
       2
       7
       7
       2
       3
       6
       4
       5
       7
       4
       5
       4
       5
       8
       3
       8
       9
       2
       3
       3
       5
       5
       1
       7
       5
       2
       6
       9
      10
       8
       3
       4
       6
       5
       2
       8
       4
       9
       4
       9
       6
       9
       5
       4
       5
       3
       6
       1
       8
       7
       4
       7
       9
       8
       6
      13
       4
      17
      17
      30
      56
     130
     204
     300
     400
     437
     377
     271
     202
     104
      53
      14
      11
       5
       5
       2
       1
       3
       1
       3
       1
       3
       5
       2
       3
       3
       6
       5
       4
       2
       9
       4
       1
       3
       4
       0
       6
       4
       3
       3
       5
       1
       1
       4
       5
       3
       4
       2
       3
       5
       1
       7
       2
       3
       3
       5
       2
       4
       4
       3
       8
       2
       5
       6
       1
       3
       6
       6
       1
       2
       3
       1
       2
       4
       5
       4
       1
       6
       3
       4
       5
       6
       5
       0
       4
       3
       6
       1
       4
       4
       5
       2
       2
      10
       3
       6
       4
       2
       3
       1
       4
       4
       2
       0
       3
       7
       5
       7
       7
       2
       0
       1
       1
       3
       1
       5
       7
       3
       1
       3
       3
       3
       5
       6
       6
       4
      12
       5
       5
       4
       6
       1
       7
       4
       5
       2
       3
       3
       3
       7
       1
       2
       8
       5
       4
       2
       1
       7
       1
       3
       2
       3
       1
       5
       1
       0
       3
       3
       2
       8
       5
       4
       3
       5
       2
       4
       5
       3
       2
       9
       2
       2
       3
       3
       2
       3
       1
       1
       4
       2
       4
       1
       3
       3
       5
       6
       3
       1
       4
       1
       4
       2
       2
       1
       3
       5
       4
       3
       5
      11
       3
       2
       3
       2
       7
       1
       1
       3
       0
       6
       4
       5
       6
       8
       5
       5
       1
       3
       4
       1
       1
       1
       7
       3
       2
       4
       2
       4
       1
       5
       5
       2
       0
       5
       3
       0
       3
       2
       3
       1
       2
       3
       4
       3
       2
       1
       4
       3
       4
       0
       5
       1
       3
       2
       4
       3
       1
       2
       4
       6
       7
       1
       7
       1
       1
       4
       2
       1
       4
       0
       0
       3
       3
       3
       0
       0
       3
       2
       4
       3
       2
       4
       3
       2
       2
       1
       3
       5
       4
       0
       3
       5
       2
       2
       3
       1
       3
       7
       2
       1
       4
       1
       6
       5
       7
       1
       4
       3
       6
       1
       7
       3
       7
       2
       0
       4
       2
       4
       3
       4
       8
       8
      16
       7
      16
       4
       4
       5
       7
       7
       9
      13
      12
      11
      10
      10
      10
       9
       9
      11
       3
       4
       2
       1
       3
       3
       3
       4
       5
       3
       2
       5
       1
       1
       0
       6
       2
       2
       4
       8
       3
       4
       1
       1
       1
       6
       3
       5
       3
       5
       5
       1
       1
       4
       5
       4
       1
       5
       1
       2
       2
       3
       3
       2
       1
       3
       3
       4
       4
       7
       3
       2
       3
       1
       2
       6
       5
       4
       4
       2
       3
       5
       9
       5
       6
       5
       7
       5
       1
       3
       1
       4
       3
       3
       1
       1
       2
       3
       1
       4
       2
       3
       4
       5
       1
       6
       4
       3
       7
       3
       7
       3
       3
       2
       4
       2
       6
       4
       1
       2
       3
       2
       3
       3
       4
       3
       2
       8
       3
       5
       3
       0
       0
       1
       2
       3
       3
       2
       2
       0
       1
       1
       4
       4
       3
       1
       3
       4
       1
       1
       3
       3
       2
       2
       3
       1
       1
       3
       3
       0
       1
       3
       2
       0
       2
       0
       3
       1
       2
       5
       3
       1
       0
       2
       5
       4
       2
       1
       3
       1
       2
       4
       7
       7
       7
       6
       2
       3
       1
       2
       1
       3
       2
       1
       5
       1
       2
       3
       0
       5
       1
       1
       0
       4
       4
       3
       0
       4
       3
       3
       1
       2
       3
       4
       0
       1
       0
       0
       0
       3
       2
       5
       2
       2
       2
       1
       3
       1
       0
       1
       4
       1
       2
       2
       3
       1
       1
       2
       5
       5
       3
       4
       1
       3
       2
       3
       3
       3
       4
       1
       2
       0
       1
       2
       3
       2
       1
       2
       2
       2
       3
       2
       6
       5
       1
       3
       0
       0
       3
       1
       3
       1
       3
       1
       5
       3
       3
       3
       1
       3
       2
       2
       7
       2
       0
       5
       2
       0
       3
       2
       2
       2
       1
       2
       3
       2
       2
       1
       3
       4
       2
       3
       4
       2
       2
       1
       9
       2
       0
       0
       2
       0
       2
       1
       2
       6
       2
       1
       1
       1
       3
       3
       1
       6
       1
       1
       2
       1
       2
       2
       0
       1
       1
       2
       1
       3
       2
       3
       2
       0
       3
       2
       2
       3
       0
       2
       3
       3
       0
       0
       2
       4
       8
      10
       5
       6
       9
      10
       3
       8
       6
       1
       1
       2
       1
       3
       1
       2
       1
       2
       3
       0
       3
       2
       6
       4
       1
       3
       1
       2
       1
       1
       4
       3
       1
       2
       2
       1
       2
       1
       1
       1
       2
       2
       2
       1
       1
       0
       3
       1
       2
       0
       2
       1
       1
       2
       8
       1
       1
       1
       1
       2
       3
       0
       6
       2
       2
       5
       4
       3
       1
       1
       3
       2
       4
       0
       3
       2
       1
       0
       3
       2
       3
       1
       1
       4
       4
      12
      20
      21
      31
      45
      40
      34
      22
      28
      10
       5
       6
       0
       1
       2
       2
       1
       1
       2
       4
       3
       2
       2
       5
       2
       7
       1
       2
       0
       1
       1
       1
       3
       0
       3
       1
       2
       1
       2
       0
       0
       2
       4
       1
       3
       0
       2
       2
       3
       6
       3
       2
       4
       3
       3
       1
       2
       4
       0
       1
       1
       2
       3
       1
       5
       1
       5
       0
       4
       2
       1
       1
       4
       2
       2
       3
       0
       1
       2
       3
       5
       4
       3
       3
       1
       5
       2
       1
       2
       5
       2
       3
       0
       1
       3
       3
       0
       1
       2
       1
       2
       4
       1
       1
       2
       4
       5
       5
       1
       2
       1
       3
       2
       2
       3
       1
       1
       2
       2
       0
       1
       2
       2
       2
       1
       0
       1
       0
       3
       0
       5
       2
       1
       0
       2
       2
       1
       0
       1
       0
       2
       0
       4
       1
       2
       1
       4
       1
       1
       3
       5
       1
       2
       3
       1
       4
       2
       6
       5
       1
       3
       1
       2
       4
       0
       2
       4
       3
       0
       0
       3
       0
       2
       0
       3
       3
       0
       2
       2
       3
       3
       5
       1
       4
       1
       1
       1
       2
       5
       2
       1
       4
       3
       5
       3
       0
       4
       2
       1
       3
       5
       3
       2
       5
       1
       1
       1
       7
       6
       2
       1
       5
       6
       6
       3
       3
       4
       2
       1
       1
       4
       1
       0
       3
       2
       1
       4
       2
       1
       1
       3
       1
       1
       2
       0
       2
       2
       0
       0
       2
       0
       4
       1
       3
       1
       2
       3
       1
       1
       1
       3
       0
       1
       1
       0
       0
       2
       3
       4
       2
       3
       0
       3
       2
       3
       1
       3
       1
       3
       3
       2
       1
       2
       2
       4
       0
       1
       3
       2
       4
       0
       3
       2
       4
       1
       0
       1
       0
       2
       2
       4
       3
       3
       2
       1
       0
       4
       1
       2
       0
       2
       1
       1
       3
       2
       1
       2
       5
       4
       1
       5
       5
       4
       3
       1
       4
       2
       1
       5
       2
       1
       4
       2
       2
       1
       0
       2
       0
       2
       1
       0
       2
       4
       4
       1
       2
       2
       3
       1
       3
       1
       4
       2
       2
       3
       1
       1
       2
       2
       1
       3
       3
       2
       4
       3
       3
       3
       0
       2
       0
       1
       1
       2
       1
       4
       1
       2
       0
       0
       1
       1
       1
       1
       2
       1
       4
       4
       2
       2
       2
       0
       2
       0
       2
       4
       4
       2
       1
       2
       4
       1
       2
       3
       4
       5
       1
       1
       3
       2
       3
       2
       2
       4
       0
       4
       0
       3
       2
       4
       2
       2
       0
       4
       2
       2
       1
       1
       1
       1
       2
       1
       4
       4
       1
       2
       1
       1
       1
       1
       0
       3
       1
       3
       2
       0
       2
       1
       1
       2
       1
       3
       1
       1
       1
       2
       2
       2
       0
       2
       1
       2
       0
       4
       0
       0
       0
       1
       1
       2
       2
       2
       0
       1
       4
       3
       0
       4
       2
       2
       1
       3
       3
       5
       1
       2
       0
       1
       3
       6
       1
       0
       5
       0
       1
       1
       2
       0
       1
       3
       2
       2
       2
       3
       3
       4
       2
       1
       1
       1
       4
       1
       3
       1
       3
       4
       0
       3
       3
       2
       3
       1
       6
       1
       3
       1
       2
       0
       4
       3
       2
       0
       1
       4
       3
       0
       3
       2
       1
       0
       0
       5
       1
       3
       2
       4
       1
       1
       3
       2
       1
       3
       2
       2
       2
       2
       1
       1
       2
       0
       3
       3
       1
       3
       0
       0
       1
       0
       3
       1
       1
       2
       1
       1
       2
       0
       3
       0
       0
       2
       2
       4
       1
       2
       0
       1
       1
       0
       6
       0
       1
       4
       2
       2
       1
       0
       0
       1
       1
       1
       2
       1
       0
       2
       0
       0
       0
       3
       1
       2
       3
       3
       2
       0
       0
       1
       2
       0
       2
       3
       1
       2
       1
       2
       3
       1
       2
       0
       1
       1
       0
       3
       3
       1
       0
       3
       1
       0
       1
       1
       4
       4
       2
       0
       2
       2
       3
       0
       1
       2
       1
       1
       0
       2
       1
       1
       2
       3
       1
       0
       4
       1
       0
       2
       1
       2
       0
       1
       2
       1
       3
       4
       2
       2
       4
       1
       4
       0
       3
       2
       1
       2
       1
       1
       2
       2
       1
       3
       3
       4
       3
       2
       1
       3
       2
       2
       1
       0
       1
       1
       0
       2
       1
       1
       1
       6
       5
       0
       2
       1
       1
       3
       4
       1
       1
       0
       3
       0
       2
       0
       0
       4
       1
       2
       2
       2
       2
       1
       2
       1
       1
       3
       1
       0
       4
       2
       1
       3
       3
       1
       0
       0
       2
       2
       2
       0
       0
       2
       1
       2
       3
       2
       2
       0
       1
       1
       2
       3
       4
       3
       1
       1
       0
       1
       3
       1
       4
       1
       3
       1
       0
       1
       1
       1
       0
       2
       0
       2
       1
       3
       4
       3
       0
       2
       1
       0
       1
       1
       2
       1
       0
       3
       3
       1
       2
       1
       3
       2
       2
       1
       1
       1
       3
       3
       3
       1
       2
       0
       4
       1
       0
       1
       0
       3
       1
       0
       1
       1
       3
       1
       1
       2
       2
       2
       1
       1
       3
       4
       3
       4
       2
       0
       0
       0
       2
       2
       1
       5
       0
       2
       3
       1
       1
       0
       2
       0
       0
       3
       2
       2
       1
       0
       2
       3
       2
       3
       5
       7
       6
       8
      12
      14
      12
      10
       5
       7
       2
       2
       3
       3
       1
       2
       1
       5
       3
       1
       3
       0
       4
       3
       1
       2
       4
       0
       0
       2
       6
       0
       0
       2
       1
       3
       1
       3
       2
       1
       5
       1
       4
       3
       2
       2
       2
       0
       1
       4
       2
       1
       0
       2
       1
       0
       0
       2
       2
       3
       3
       2
       5
       0
       4
       2
       1
       1
       4
       5
       3
       3
       2
       2
       2
       2
       0
       2
       1
       1
       3
       3
       2
       0
       1
       1
       4
       0
       2
       0
       1
       1
       2
       1
       2
       3
       1
       2
       0
       2
       0
       1
       3
       1
       2
       1
       3
       3
       2
       3
       2
       1
       3
       1
       2
       2
       1
       5
       2
       1
       1
       3
       2
       0
       2
       1
       1
       1
       0
       1
       2
       0
       2
       2
       3
       2
       1
       5
       0
       3
       2
       3
       1
       1
       1
       2
       0
       1
       0
       1
       1
       0
       0
       2
       2
       1
       0
       1
       0
       2
       2
       1
       0
       0
       1
       1
       2
       1
       1
       2
       2
       3
       1
       1
       1
       2
       1
       4
       1
       0
       3
       1
       0
       3
       3
       1
       1
       1
       0
       0
       2
       0
       1
       2
       2
       3
       4
       3
       2
       2
       0
       1
       1
       0
       1
       2
       2
       3
       2
       3
       1
       1
       1
       4
       1
       1
       0
       1
       1
       2
       1
       2
       1
       3
       2
       2
       4
       0
       1
       0
       1
       3
       2
       3
       0
       1
       6
       0
       1
       2
       2
       1
       1
       0
       1
       2
       0
       3
       2
       2
       0
       6
       6
       8
      12
      10
      11
      12
       6
       6
       4
       2
       4
       2
       0
       2
       2
       1
       0
       4
       2
       2
       2
       2
       3
       2
       2
       3
       1
       3
       2
       0
       1
       2
       1
       2
       4
       0
       0
       2
       2
       2
       3
       0
       4
       1
       3
       0
       2
       1
       1
       2
       2
       1
       3
       4
       4
       1
       2
       2
       1
       0
       1
       0
       1
       1
       1
       4
       0
       1
       1
       3
       0
       1
       1
       4
       2
       2
       0
       2
       2
       2
       0
       4
       2
       1
       1
       4
       4
       1
       2
       2
       2
       0
       1
       1
       2
       2
       0
       1
       1
       1
       1
       2
       3
       4
       2
       2
       2
       1
       3
       4
       2
       3
       3
       0
       4
       3
       1
       1
       2
       0
       0
       4
       2
       0
       2
       2
       4
       3
       3
       1
       0
       2
       0
       2
       2
       1
       1
       1
       3
       2
       4
       0
       5
       0
       1
       0
       4
       1
       2
       2
       2
       2
       3
       2
       3
       0
       0
       0
       2
       1
       1
       0
       2
       0
       3
       3
       1
       1
       2
       1
       2
       2
       2
       3
       2
       1
       1
       3
       2
       1
       3
       6
       2
       2
       4
       1
       1
       1
       1
       3
       0
       0
       1
       3
       2
       2
       4
       0
       2
       2
       1
       4
       1
       2
       2
       3
       3
       3
       2
       0
       2
       3
       0
       2
       0
       2
       3
       1
       1
       4
       2
       2
       0
       1
       4
       5
       3
       1
       1
       1
       4
       2
       1
       1
       4
       0
       1
       1
       2
       0
       1
       4
       3
       2
       0
       2
       2
       2
       4
       0
       1
       3
       1
       0
       1
       1
       1
       1
       2
       0
       0
       3
       3
       2
       3
       2
       0
       3
       1
       1
       1
       1
       3
       1
       1
       2
       0
       0
       4
       4
       2
       4
       2
       3
       1
       1
       2
       1
       2
       2
       1
       1
       3
       3
       1
       0
       0
       4
       1
       4
       2
       3
       4
       1
       4
       3
       1
       2
       2
       0
       3
       2
       4
       2
       3
       1
       1
       5
       2
       1
       2
       1
       1
       5
       3
       2
       1
       3
       0
       1
       0
       4
       1
       2
       3
       1
       4
       4
       1
       2
       2
       3
       3
       2
       3
       0
       2
       0
       1
       2
       3
       5
       3
       3
       1
       2
       0
       1
       1
       0
       3
       4
       3
       4
       3
       8
       0
       3
       6
       0
       2
       4
       4
       3
       1
       2
       6
       2
       4
       3
       3
       2
       3
       0
       2
       1
       4
       0
       2
       1
       3
       5
       2
       2
       3
       2
       2
       4
       1
       0
       3
       2
       0
       2
       3
       4
       3
       1
       4
       2
       4
       2
       3
       3
       3
       3
       3
       2
       1
       1
       0
       4
       2
       1
       0
       3
       0
       0
       5
       1
       0
       2
       1
       2
       1
       2
       4
       3
       4
       0
       1
       2
       1
       1
       3
       2
       2
       4
       4
       1
       2
       1
       5
       1
       1
       2
       2
       2
       3
       2
       1
       4
       0
       2
       0
       1
       1
       1
       1
       0
       0
       2
       2
       1
       0
       3
       2
       0
       0
       1
       1
       0
       1
       2
       1
       4
       0
       0
       2
       0
       2
       0
       3
       0
       0
       2
       1
       1
       0
       1
       2
       0
       0
       1
       3
       0
       4
       2
       4
       0
       4
       1
       3
       3
       3
       0
       3
       0
       3
       0
       1
       2
       4
       0
       3
       3
       2
       1
       3
       1
       1
       2
       0
       0
       1
       2
       0
       2
       0
       1
       1
       1
       1
       2
       1
       0
       2
       1
       0
       2
       1
       4
       1
       0
       0
       2
       1
       2
       0
       0
       2
       1
       0
       2
       3
       1
       2
       0
       1
       0
       1
       1
       0
       1
       1
       3
       1
       0
       1
       1
       0
       3
       1
       4
       0
       3
       3
       1
       0
       0
       2
       0
       1
       3
       2
       2
       0
       1
       2
       0
       0
       0
       1
       2
       1
       2
       0
       1
       4
       3
       4
       7
       3
       0
       2
       0
       2
       0
       0
       0
       3
       0
       2
       0
       0
       1
       2
       2
       1
       2
       3
       2
       2
       1
       1
       0
       4
       2
       1
       2
       1
       0
       2
       0
       2
       1
       0
       0
       3
       1
       0
       0
       0
       0
       0
       1
       0
       1
       2
       1
       0
       2
       1
       1
       2
       1
       0
       1
       0
       0
       1
       0
       1
       2
       1
       1
       0
       0
       0
       1
       1
       1
       0
       1
       0
       0
       0
       1
       1
       0
       0
       1
       0
       2
       0
       0
       1
       0
       0
       0
       0
       2
       1
       1
       0
       2
       2
       1
       1
       0
       2
       0
       2
       0
       0
       0
       0
       1
       0
       0
       0
       0
       0
       0
       0
       1
       1
       0
       2
       1
       2
       0
       0
       0
       1
       0
       0
       0
       1
       0
       1
       0
       0
       0
       0
       0
       1
       0
       1
       1
       0
       0
       2
       0
       0
       0
       1
       0
       1
       1
       1
       0
       0
       1
       1
       0
       0
       0
       0
       0
       2
       1
       0
       2
       2
       0
       1
       0
       0
       0
       0
       0
       0
       0
       0
       1
       1
       0
       0
       0
       0
       0
       1
       0
       0
       0
       0
       0
       0
       0
       1
       1
       2
       0
       0
       0
       2
       0
       0
       1
       1
       0
       0
       0
       0
       1
       0
       0
       0
       0
       0
       1
       0
       1
       0
       1
       0
       0
       0
       4
       0
       1
       1
       0
       1
       0
       1
       0
       0
       0
       0
       1
       0
       2
       0
       1
       0
       0
       2
       1
       1
       2
       2
       1
       0
       0
       0
       1
       0
       0
       0
       1
       0
       0
       0
       1
       0
       1
       0
       0
       0
       0
       0
       1
       0
       0
       1
       1
       0
       1
       0
       0
       0
       1
       0
       0
       0
       0
       0
       0
       0
       0
       0
       0
       0
       0
       0
       0
       0
       0
       0
       0
       0
       0
       0
       1
       0
       0
       0
       0
       0
       0
       0
       0
       1
       0
       0
       0
       0
       2
       0
       0
       2
       0
       0
       0
       0
       0
       1
       0
       0
       1
       1
       0
       0
       0
       0
       1
       1
       1
       1
       0
       0
       0
       2
       2
       0
       1
       0
       0
       1
       1
       0
       0
       0
       0
       0
       1
       2
       1
       1
       0
       0
       0
       0
       0
       0
       1
       1
       1
       0
       0
       0
       0
       0
       1
       0
       1
       0
       0
       0
       0
       2
       0
       0
       1
       0
       0
       0
       0
       0
       0
       0
       0
       0
       1
       0
       1
       0
       3
       0
       0
       0
       0
       1
       1
       0
       1
       0
       1
       0
       1
       0
       0
       0
       2
       0
       6
       1
       6
       6
      16
      23
      42
      48
      65
      69
      58
      46
      44
      24
      16
       5
       3
       4
       0
       0
       0
       0
       0
       0
       0
       0
       0
       0
       0
       0
       0
       0
       0
       0
       1
       0
       0
       0
       0
       0
       0
       0
       0
       0
       0
       0
       0
       0
       2
       0
       0
       0
       0
       0
       1
       0
       0
       1
       0
       0
       0
       0
       0
       0
       0
       0
       0
       0
       0
       0
       0
       0
       1
       0
       1
       0
       0
       0
       0
       1
       0
       0
       0
       1
       0
       0
       0
       0
       0
       0
       0
       1
       0
       0
       0
       0
       0
       0
       0
       0
       0
       0
       0
       0
       1
       0
       0
       0
       0
       0
       0
       0
       0
       0
       0
       0
       0
       0
       0
       1
       1
       0
       0
       0
       0
       0
       0
       0
       0
       0
       0
       0
       0
       0
       0
       0
       0
       0
       0
       0
       0
       0
       0
       0
       0
       0
       0
       0
       0
       1
       0
       0
       0
       0
       0
       0
       0
       0
       0
       0
       0
       0
       0
       0
       1
       0
       0
       0
       0
       0
       0
       0
       0
       0
       0
       0
       0
       0
       0
       0
       0
       0
       0
       0
       0
       0
       0
       0
       0
       0
       0
       0
       0
       0
       0
       0
       0
       0
       0
       0
       0
       0
       0
       0
       0
       0
       0
       0
       0
       0
       0
       0
       0
       0
       0
       0
       0
       0
       0
       0
       0
       0
       0
       0
       0
       0
       1
       0
       0
       0
       0
       0
       0
       0
       0
       0
       0
       0
       0
       0
       0
       0
       0
       0
       1
       0
       1
       0
       0
       0
       0
       0
       0
       0
       0
       0
       0
       0
       0
       0
       0
       0
       0
       0
       0
       0
       0
       0
       0
       0
       0
       0
       0
       0
       0
       0
       0
       0
       0
       0
       0
       0
       0
       1
       0
       0
       0
       0
       0
       0
       0
       0
       0
       1
       0
       0
       0
       0
       0
       0
       0
       0
       0
       0
       0
       0
       0
       0
       0
       1
       0
       0
       0
       0
       0
       0
       0
       1
       0
       0
       0
       0
       0
       1
       0
       0
       0
       0
       0
       0
       0
       0
       0
       0
       0
       0
       0
       0
       0
       0
       0
       0
       0
       0
       0
       0
       0
       0
       0
       0
       0
       0
       0
       0
       0
       0
       0
       0
       0
       0
       0
       0
       0
       0
       0
       0
       0
       0
       0
       0
       0
       0
       0
       0
       0
       0
       0
       0
       0
       0
       0
       0
       0
       0
       0
       0
       0
       0
       0
       0
       1
       0
       0
       0
       0
       0
       0
       0
       0
       0
       0
       0
       0
       0
       0
       0
       0
       0
       0
       1
       0
       0
       0
       0
       0
       0
       0
       0
       0
       0
       0
       0
       0
       0
       1
       0
       0
       0
       0
       0
       0
       1
       0
       0
       0
       0
       0
       0
       0
       0
       0
       0
       0
       0
       0
       0
       0
       0
       0
       0
       0
       0
       0
       0
       0
       0
       0
       0
       1
       0
       0
       0
       0
       0
       0
       0
       0
       0
       0
       0
       0
       0
       0
       0
       0
       0
       0
       0
       0
       0
       0
       0
       0
       0
       0
       0
       0
       1
       0
       0
       0
       0
       0
       0
       0
       0
       0
       0
       0
       0
       0
       0
       0
       0
       0
       0
       0
       0
       0
       0
       0
       0
       0
       0
       1
       0
       0
       0
       0
       0
       0
       0
       0
       0
       0
       0
       0
       0
       0
       0
       0
       1
       0
       0
       1
       0
       0
       0
       0
       0
       0
       1
       0
       0
       0
       0
       0
       0
       1
       0
       0
       0
       0
       0
       0
       0
       0
       0
       0
       0
       0
       0
       0
       0
       0
       0
       0
       0
       0
       0
       0
       0
       0
       0
       0
       1
       0
       0
       0
       0
       0
       0
       0
       0
       0
       0
       0
       0
       0
       0
       0
       0
       0
       0
       0
       0
       0
       0
       0
       1
       0
       0
       0
       0
       0
       0
       0
       0
       0
       0
       0
       0
       0
       0
       0
       0
       0
       0
       0
       0
       0
       0
       0
       0
       0
       0
       1
       0
       0
       0
       1
       0
       0
       0
       0
       0
       0
       0
       0
       0
       0
       0
       0
       0
       0
       0
       0
       0
       0
       0
       0
       0
       0
       0
       0
       0
       0
       1
       0
       0
       0
       0
       0
       0
       0
       1
       0
       0
       0
       0
       0
       0
       0
       0
       0
       0
       0
       0
       0
       0
       0
       0
       0
       0
       0
       0
       0
       0
       0
       0
       0
       0
       0
       0
       0
       0
       0
       0
       0
       0
       0
       0
       0
       0
       0
       0
       0
       0
       0
       0
       0
       1
       0
       0
       0
       0
       1
       0
       0
       0
       0
       0
       0
       0
       0
       0
       0
       0
       0
       1
       0
       0
       0
       0
       0
       0
       0
       0
       0
       0
       0
       0
       0
       0
       0
       0
       0
       0
       0
       0
       0
       0
       0
       0
       0
       0
       1
       0
       0
       0
       0
       0
       0
       0
       0
       0
       0
       0
       0
       0
       0
       0
       0
       0
       0
       0
       0
       0
       0
       0
       0
       0
       0
       0
       0
       0
       0
       0
       0
       0
       0
       0
       0
       1
       0
       0
       1
       0
       0
       0
       0
       0
       0
       1
       0
       0
       0
       0
       0
       0
       0
       0
       0
       0
       0
       0
       0
       0
       0
       0
       0
       0
       0
       0
       0
       0
       0
       0
       1
       0
       0
       0
       0
       0
       0
       0
       0
       0
       0
       0
       0
       0
       0
       0
       0
       0
       0
       0
       0
       1
       0
       0
       0
       0
       0
       0
       0
       0
       0
       0
       0
       0
       0
       0
       0
       0
       0
       0
       0
       0
       2
       0
       0
       0
       0
       0
       0
       0
       0
       0
       0
       0
       0
       0
       0
       0
       0
       0
       0
       0
       0
       0
       0
       0
       0
       0
       0
       1
       0
       0
       0
       0
       0
       0
       0
       0
       0
       0
       0
       0
       0
       0
       0
       0
       0
       0
       0
       0
       1
       0
       0
       0
       0
       0
       0
       0
       0
       0
       0
       0
       0
       0
       0
       0
       0
       0
       0
       0
       0
       0
       0
       0
       0
       0
       0
       0
       0
       0
       0
       0
       0
       0
       0
       0
       0
       0
       0
       0
       0
       0
       0
       0
       0
       0
       0
       0
       0
       0
       1
       0
       0
       1
       0
       0
       0
       0
       0
       0
       0
       0
       0
       0
       0
       0
       0
       0
       0
       0
       0
       0
       0
       0
       0
       0
       0
       0
       0
       0
       0
       0
       0
       0
       0
       0
       0
       0
       0
       1
       0
       0
       0
       0
       0
       0
       1
       0
       0
       0
       0
       0
       0
       0
       0
       0
       0
       0
       0
       0
       0
       0
       0
       0
       0
       0
       0
       1
       0
       0
       0
       0
       0
       0
       0
       0
       0
       0
       0
       0
       0
       0
       1
       0
       0
       1
       0
       0
       0
       0
       0
       0
       0
       0
       0
       0
       1
       0
       0
       0
       0
       0
       0
       0
       0
       0
       0
       0
       0
       0
       0
       0
       0
       0
       1
       0
       0
       0
       0
       0
       0
       0
       0
       0
       0
       0
       0
       0
       0
       0
       0
       0
       0
       0
       0
       0
       0
       0
       0
       0
       0
       0
       0
       0
       0
       0
       0
       0
       0
       0
       0
       0
       0
       0
       0
       0
       0
       0
       0
       0
       0
       0
       0
       0
       0
       0
       0
       0
       0
       0
       0
       0
       0
       0
       0
       0
       0
       0
       0
       0
       0
       0
       0
       0
       0
       0
       0
       0
       0
       0
       0
       0
       0
       1
       0
       0
       0
       0
       0
       0
       0
       0
       0
       0
       0
       0
       0
       0
       0
       0
       0
       0
       1
       0
       0
       0
       0
       0
       0
       0
       0
       1
       0
       0
       0
       0
       0
       1
       0
       0
       0
       0
       0
       0
       0
       0
       0
       0
       0
       0
       0
       0
       0
       0
       0
       0
       0
       0
       0
       0
       0
       0
       0
       0
       0
       0
       0
       0
       0
       0
       0
       0
       0
       0
       0
       0
       0
       0
       0
       0
       0
       0
       0
       0
       0
       0
       0
       0
       0
       0
       0
       0
       0
       0
       1
       0
       0
       0
       0
       0
       0
       0
       0
       0
       0
       0
       0
       0
       0
       0
       0
       1
       0
       0
       0
       0
       0
       1
       0
       0
       1
       0
       0
       0
       0
       0
       0
       0
       0
       0
       0
       0
       0
       0
       0
       0
       0
       0
       0
       0
       0
       0
       1
       0
       0
       0
       0
       0
       0
       0
       1
       0
       0
       0
       0
       1
       0
       0
       0
       1
       0
       0
       0
       0
       0
       0
       0
       0
       1
       0
       0
       0
       0
       0
       0
       0
       0
       0
       0
       0
       0
       0
       0
       0
       0
       1
       0
       0
       0
       0
       0
       0
       0
       0
       0
       0
       0
       0
       0
       0
       1
       0
       0
       0
       0
       0
       0
       0
       0
       0
       0
       0
       0
       0
       0
       0
       0
       0
       0
       0
       0
       0
       0
       0
       0
       0
       0
       0
       1
       0
       0
       0
       0
       0
       0
       0
       0
       0
       0
       0
       0
       0
       0
       0
       0
       0
       0
       0
       0
       0
       0
       0
       0
       0
       0
       0
       0
       0
       0
       0
       0
       0
       0
       0
       0
       0
       0
       0
       0
       1
       0
       0
       0
       0
       0
       0
       1
       0
       0
       0
       0
       0
       0
       0
       0
       0
       0
       1
       0
       0
       0
       0
       0
       0
       0
       0
       0
       0
       0
       0
       0
       0
       0
       0
       0
       0
       0
       0
       0
       0
       0
       0
       0
       0
       0
       0
       0
       0
       0
       0
       0
       0
       0
       0
       0
       0
       0
       0
       0
       0
       0
       0
       0
       0
       0
       0
       0
       0
       0
       0
       0
       0
       0
       0
       0
       0
       0
       0
       1
       0
       0
       0
       0
       0
       0
       0
       0
       0
       1
       0
       0
       0
       0
       0
       0
       0
       0
       0
       0
       0
       0
       0
       0
       0
       0
       0
       0
       0
       0
       0
       0
       0
       0
       0
       0
       0
       0
       0
       0
       0
       0
       0
       0
       0
       0
       0
       0
       0
       0
       0
       0
       0
       0
       0
       0
       0
       0
       0
       0
       0
       0
       0
       0
       0
       0
       0
       0
       0
       0
       0
       0
       0
       0
       0
       0
       0
       0
       0
       0
       0
       0
       0
       0
       0
       0
       0
       0
       0
       0
       0
       0
       0
       0
       0
       0
       0
       0
       0
       0
       0
       0
       0
       0
       0
       0
       0
       0
       0
       0
       0
       0
       0
       0
       0
       0
       0
       0
       0
       0
       0
       0
       0
       0
       0
       0
       0
       0
       0
       0
       0
       0
       0
       0
       0
       0
       0
       0
       0
       0
       0
       0
       0
       0
       0
       0
       0
       0
       0
       0
       0
       0
       0
       0
       0
       0
       0
       0
       0
       0
       0
       0
       0
       0
       0
       0
       0
       0
       0
       0
       0
       0
       0
       0
       0
       0
$ROI:
0
$PRESETS:
Real Time
3600
0
$ENER_FIT:
8.931054 0.240803
$MCA_CAL:
3
8.931054E+000 2.408025E-001 6.157388E-008 keV
$SHAPE_CAL:
3
9.658150E+000 -1.618950E-003 2.758845E-007
