$SPEC_ID:
No sample description was entered.
$SPEC_REM:
DET# 1
DETDESC# EPS-140909 Easy-MCA-8k SN 16175454
AP# Maestro Version 7.01
$DATE_MEA:
02/27/2022 10:43:27
$MEAS_TIM:
3594 3600
$DATA:
0 8191
       0
       0
       0
       0
       0
       0
       0
       0
       0
       0
       0
       0
       0
       0
       0
       0
       0
       0
       0
       0
       0
       0
       0
       0
       0
       0
       0
       0
       0
       0
       0
       0
       0
       0
       0
       0
       0
       0
       1
       4
      13
      38
     734
    1260
     444
     386
     312
     311
     362
     369
     335
     329
     339
     337
     320
     332
     346
     379
     396
     392
     424
     437
     389
     365
     359
     333
     326
     335
     349
     336
     339
     308
     306
     316
     314
     306
     346
     360
     327
     375
     361
     349
     330
     315
     320
     301
     319
     334
     339
     310
     361
     355
     375
     354
     359
     345
     366
     420
     380
     408
     349
     397
     412
     434
     431
     410
     436
     474
     445
     501
     487
     483
     508
     546
     602
     650
     711
     730
     788
     883
     843
     847
     907
     902
     841
     854
     890
     829
     797
     866
     825
     778
     820
     881
     854
     863
     961
    1103
    1467
    2186
    3109
    3840
    4533
    5115
    5039
    4089
    2738
    1639
    1132
     923
     878
     888
     917
     901
     912
     964
    1002
    1042
    1058
    1131
    1207
    1557
    2110
    2203
    2038
    1641
    1443
    1469
    1382
    1297
    1092
    1123
    1024
    1053
    1004
    1065
    1064
     990
    1025
    1065
    1095
    1102
    1127
    1088
    1141
    1151
    1223
    1230
    1256
    1217
    1141
    1214
    1225
    1293
    1205
    1112
    1113
    1063
    1021
    1050
    1108
    1114
    1100
    1103
    1090
    1069
    1079
    1138
    1151
    1127
    1118
    1102
    1204
    1129
    1080
    1048
    1102
    1109
    1128
    1154
    1120
    1106
    1094
    1137
    1087
    1099
    1094
    1048
    1087
    1064
    1148
    1195
    1096
    1220
    1145
    1042
    1029
    1094
    1036
    1066
    1058
    1046
     975
     984
    1047
    1035
    1055
    1082
    1018
    1023
    1012
     925
     990
     971
    1016
     978
     953
     932
     994
     953
    1029
    1040
    1039
     972
     891
     955
     962
     938
     913
     905
     935
     932
     953
     934
     919
     891
     919
     911
     935
     914
     963
    1009
     888
     934
     897
     894
     915
     931
     891
     868
     883
     845
     869
     827
     913
     876
     865
     881
     834
     888
     875
     877
     852
     834
     842
     821
     808
     809
     769
     844
     859
     854
     806
     793
     854
     800
     827
     762
     823
     784
     819
     813
     828
     804
     822
     739
     756
     790
     745
     824
     755
     762
     791
     724
     673
     704
     715
     764
     768
     771
     722
     747
     722
     702
     709
     670
     736
     718
     673
     742
     714
     660
     737
     680
     710
     655
     652
     657
     690
     680
     679
     671
     692
     663
     674
     687
     654
     626
     656
     627
     595
     590
     677
     639
     619
     631
     656
     619
     600
     620
     593
     575
     602
     622
     637
     633
     599
     579
     558
     559
     595
     592
     565
     571
     584
     504
     577
     539
     549
     572
     539
     540
     525
     548
     576
     573
     565
     561
     535
     483
     517
     513
     517
     523
     505
     519
     550
     525
     519
     481
     484
     474
     479
     489
     488
     501
     497
     454
     468
     508
     508
     475
     477
     489
     480
     454
     478
     470
     462
     461
     431
     474
     479
     434
     443
     429
     479
     480
     429
     415
     462
     443
     435
     447
     441
     424
     427
     434
     382
     444
     424
     427
     414
     500
     492
     476
     498
     409
     393
     389
     397
     388
     400
     426
     404
     373
     395
     379
     392
     368
     399
     353
     375
     369
     380
     358
     373
     362
     364
     333
     370
     373
     369
     375
     342
     377
     343
     361
     402
     393
     360
     368
     339
     387
     401
     381
     364
     358
     376
     339
     356
     375
     311
     307
     346
     335
     349
     328
     344
     336
     339
     367
     376
     360
     332
     352
     309
     315
     342
     311
     324
     346
     307
     306
     330
     286
     325
     305
     316
     272
     287
     326
     295
     285
     289
     339
     312
     284
     316
     286
     311
     299
     290
     297
     275
     281
     252
     293
     309
     305
     303
     299
     294
     304
     269
     272
     271
     291
     265
     288
     258
     322
     296
     266
     285
     248
     266
     271
     246
     268
     246
     278
     303
     286
     226
     247
     265
     258
     252
     247
     260
     294
     297
     362
     402
     588
     599
     558
     443
     333
     294
     282
     287
     275
     287
     294
     257
     259
     252
     216
     229
     202
     243
     217
     215
     223
     220
     237
     214
     202
     226
     214
     198
     198
     204
     189
     225
     203
     215
     215
     204
     211
     202
     233
     202
     217
     218
     204
     215
     208
     193
     194
     183
     207
     201
     199
     188
     202
     205
     160
     190
     195
     202
     206
     189
     193
     160
     192
     195
     177
     191
     198
     199
     214
     182
     192
     187
     182
     171
     196
     184
     180
     174
     174
     208
     185
     209
     210
     186
     176
     177
     157
     168
     179
     161
     166
     170
     178
     160
     177
     148
     165
     180
     190
     163
     179
     162
     166
     189
     152
     173
     182
     170
     157
     161
     165
     171
     162
     147
     144
     150
     155
     146
     160
     182
     149
     165
     144
     144
     155
     153
     154
     159
     148
     141
     155
     149
     159
     154
     168
     141
     134
     147
     155
     192
     222
     252
     268
     268
     251
     191
     150
     144
     140
     131
     146
     159
     157
     152
     159
     160
     156
     116
     152
     157
     123
     125
     129
     130
     135
     110
     132
     141
     171
     164
     188
     191
     200
     175
     154
     118
     117
     119
     120
     109
     120
     139
     123
     159
     121
     130
     124
     117
     138
     142
     106
     138
     108
     118
     115
     139
     123
      99
     117
     141
     137
     130
     111
     118
     113
     129
     131
     119
     142
     129
     126
     122
     117
     100
     113
     112
     128
     106
     115
     132
     117
     112
     138
     144
     123
     141
     111
     127
     132
     113
     113
     110
     112
     109
     107
     109
     111
     116
     110
      91
     104
     114
     130
     103
      94
     103
     101
     131
     156
     187
     190
     166
     130
     110
     112
      90
     103
      99
     107
      93
     108
      81
      95
      89
     113
     106
     114
      99
     102
      86
     104
      97
      79
      99
     102
      96
     100
      82
      84
     104
     145
     175
     248
     328
     335
     236
     177
     141
     107
      98
     101
      81
      98
      78
      92
      88
      92
     100
      86
      98
     100
      86
      87
      91
      82
      81
      89
      97
      77
      76
      86
      83
      73
     102
      89
      82
      77
      95
      70
      78
     100
      82
     103
      87
      71
      85
      81
      81
      93
      82
      82
      69
      84
      84
      88
      82
      90
      81
      83
      79
      79
      75
      94
      87
      69
      78
      81
      68
      86
      80
      87
      84
      93
      90
      92
      88
      86
      76
      75
      85
      83
      68
      88
      71
      65
      81
      73
      71
      85
      97
      81
      83
      70
      83
      84
      88
      72
      89
      86
      74
      76
      81
      92
      75
      91
      90
      85
      84
      95
      57
      82
      72
      60
      70
      82
      82
      78
      96
      88
      81
      67
      67
      89
      69
      69
      88
      84
      90
      87
      71
      74
      69
      67
      79
      78
      67
      74
      73
      69
      71
      60
      74
      71
      65
      77
      87
      78
      82
      69
      66
      65
      69
      72
      55
      55
      65
      72
      77
      77
      76
      78
      63
      68
      59
      68
      61
      62
      63
      72
      84
      60
      83
      87
      62
      69
      74
      77
      71
      67
      83
      71
      70
      65
      61
      61
      64
      68
      61
      79
      69
      82
      60
      69
      71
      79
      70
      58
      58
      73
      53
      66
      65
      76
      69
      63
      88
      54
      60
      70
      65
      61
      73
      66
      49
      65
      64
      68
      50
      70
      76
      56
      81
      58
      74
      62
      55
      55
      53
      51
      57
      58
      52
      63
      51
      51
      54
      73
      57
      74
      66
      61
      60
      76
      67
      62
      54
      60
      64
      67
      70
      44
      60
      50
      58
      56
      59
      66
      66
      57
      68
      53
      64
      60
      53
      59
      64
      65
      64
      68
      65
      64
      53
      65
      60
      60
      47
      53
      61
      66
      78
      77
      84
      69
      73
      47
      61
      58
      46
      51
      44
      54
      56
      47
      60
      41
      52
      54
      56
      59
      60
      54
      60
      69
      51
      57
      57
      52
      48
      55
      58
      54
      60
      50
      59
      54
      48
      41
      40
      61
      57
      50
      55
      54
      53
      64
      50
      55
      51
      55
      43
      71
      51
      54
      74
      43
      37
      43
      50
      42
      47
      59
      52
      48
      50
      49
      63
      69
      53
      44
      50
      53
      46
      53
      65
      45
      48
      54
      59
      65
      57
      42
      54
      38
      55
      42
      48
      48
      53
      40
      57
      52
      58
      44
      43
      46
      52
      47
      51
      53
      44
      40
      60
      55
      39
      60
      57
      52
      64
      51
      51
      62
      51
      50
      64
      49
      60
      70
      84
     108
     115
     121
     108
     100
      72
      62
      58
      59
      59
      66
      47
      51
      52
      49
      44
      55
      41
      49
      39
      45
      46
      44
      45
      37
      36
      32
      45
      47
      35
      43
      45
      54
      51
      48
      42
      45
      31
      40
      52
      43
      45
      38
      47
      43
      52
      50
      44
      45
      37
      46
      35
      35
      45
      35
      59
      44
      54
      36
      48
      57
      39
      34
      40
      47
      40
      42
      52
      41
      37
      41
      50
      48
      32
      43
      34
      40
      45
      42
      36
      54
      51
      38
      55
      51
      42
      49
      36
      43
      40
      52
      47
      47
      46
      42
      42
      39
      55
      45
      45
      42
      35
      40
      53
      32
      39
      37
      43
      37
      37
      50
      41
      40
      42
      45
      41
      38
      45
      56
      43
      54
      31
      50
      43
      51
      53
      44
      41
      57
      32
      55
      43
      48
      42
      49
      45
      46
      36
      46
      43
      36
      35
      53
      46
      43
      34
      53
      40
      45
      41
      41
      38
      39
      34
      40
      43
      41
      40
      36
      48
      43
      51
      42
      42
      39
      48
      53
      46
      42
      46
      44
      24
      43
      47
      45
      57
      62
      54
      61
      77
      84
     174
     188
     171
     163
      87
      66
      45
      41
      31
      38
      32
      36
      32
      44
      37
      45
      36
      34
      44
      34
      39
      44
      38
      42
      42
      42
      47
      29
      52
      38
      46
      32
      45
      32
      47
      47
      37
      26
      43
      33
      34
      40
      42
      38
      27
      49
      38
      50
      38
      41
      36
      39
      36
      46
      40
      28
      30
      36
      29
      45
      35
      44
      46
      76
     144
     195
     258
     231
     173
     106
      62
      41
      31
      41
      35
      37
      39
      35
      33
      37
      35
      27
      43
      34
      48
      33
      41
      46
      28
      30
      39
      36
      35
      35
      25
      33
      22
      42
      43
      32
      40
      36
      45
      40
      46
      32
      33
      31
      33
      33
      36
      24
      36
      31
      21
      24
      33
      38
      32
      36
      29
      30
      29
      44
      32
      27
      28
      34
      36
      32
      26
      39
      33
      35
      32
      31
      26
      41
      36
      24
      36
      37
      30
      27
      36
      31
      34
      36
      30
      34
      35
      26
      36
      28
      33
      34
      25
      32
      46
      24
      29
      41
      28
      26
      27
      31
      28
      30
      27
      38
      37
      39
      36
      31
      30
      31
      34
      32
      33
      25
      29
      36
      26
      18
      30
      23
      40
      33
      22
      33
      33
      36
      34
      29
      35
      40
      51
      54
      46
      27
      26
      39
      34
      35
      26
      29
      36
      36
      26
      32
      28
      36
      38
      37
      27
      41
      41
      40
      30
      36
      35
      30
      36
      31
      33
      33
      31
      31
      28
      29
      29
      39
      32
      30
      39
      25
      33
      33
      28
      39
      23
      32
      28
      21
      30
      32
      37
      37
      31
      28
      37
      40
      27
      30
      22
      33
      33
      28
      22
      36
      37
      27
      30
      27
      22
      37
      35
      35
      29
      22
      28
      36
      35
      21
      28
      29
      28
      29
      45
      34
      32
      23
      33
      30
      31
      44
      38
      32
      27
      37
      19
      34
      36
      21
      35
      33
      29
      27
      25
      34
      29
      33
      26
      29
      29
      20
      34
      19
      30
      25
      35
      43
      23
      29
      31
      31
      27
      30
      25
      24
      34
      20
      46
      29
      23
      25
      30
      23
      27
      25
      33
      28
      25
      29
      30
      23
      23
      26
      21
      35
      26
      34
      24
      28
      25
      27
      20
      22
      27
      28
      20
      25
      28
      33
      20
      22
      32
      29
      45
      51
      49
      45
      47
      37
      29
      18
      30
      30
      21
      23
      23
      26
      26
      31
      30
      30
      23
      24
      22
      27
      31
      28
      30
      21
      30
      24
      22
      27
      22
      16
      20
      27
      27
      26
      18
      29
      35
      35
      34
      30
      37
      24
      26
      30
      32
      30
      29
      34
      18
      24
      27
      35
      22
      28
      26
      23
      24
      30
      26
      25
      27
      16
      35
      25
      20
      22
      20
      30
      21
      21
      29
      32
      29
      34
      28
      28
      18
      20
      22
      27
      27
      23
      21
      26
      30
      21
      22
      21
      24
      25
      32
      33
      25
      28
      34
      51
      49
      64
      52
      46
      38
      40
      43
      56
      41
      36
      35
      27
      20
      25
      21
      33
      27
      32
      28
      15
      24
      23
      27
      12
      28
      19
      32
      27
      39
      39
      56
      69
      59
      53
      45
      34
      25
      32
      21
      25
      29
      29
      23
      32
      27
      23
      23
      27
      35
      27
      32
      33
      38
      27
      32
      21
      27
      15
      25
      19
      25
      24
      28
      32
      24
      26
      20
      22
      17
      23
      32
      30
      36
      44
      29
      32
      34
      20
      18
      27
      20
      18
      25
      16
      27
      22
      22
      15
      28
      29
      18
      24
      23
      25
      20
      21
      25
      24
      19
      24
      22
      31
      21
      25
      23
      23
      21
      19
      18
      25
      19
      20
      23
      28
      36
      41
      38
      52
      54
      45
      40
      20
      17
      24
      25
      18
      26
      19
      17
      19
      22
      11
      14
      18
      33
      26
      21
      32
      21
      23
      18
      15
      18
      27
      20
      30
      20
      28
      21
      15
      15
      16
      26
      19
      23
      28
      30
      27
      15
      23
      25
      17
      23
      27
      19
      18
      14
      23
      22
      20
      14
      19
      25
      27
      34
      23
      26
      43
      25
      31
      23
      25
      20
      25
      34
      25
      25
      20
      12
      22
      22
      37
      18
      20
      17
      19
      22
      16
      28
      23
      24
      19
      30
      22
      28
      19
      20
      31
      39
      52
      54
      40
      48
      36
      21
      19
      20
      23
      15
      20
      21
      19
      19
      13
      20
      17
      29
      13
      18
      20
      17
      21
      19
      21
      21
      34
      34
      34
      32
      30
      21
      20
      14
      22
      27
      18
      19
      20
      21
      20
      22
      23
      14
      21
      20
      21
      20
      18
      28
      31
      29
      25
      19
      22
      24
      18
      23
      21
      25
      16
      22
      18
      29
      23
      24
      17
      19
      20
      23
      16
      18
      19
      30
      16
      14
      18
      21
      24
      18
      18
      15
      19
      23
      19
      17
      21
      17
      33
      20
      22
      20
      12
      23
      24
      22
      20
      22
      21
      23
      16
      23
      22
      19
      16
      17
      14
      25
      20
      14
      35
      29
      19
      20
      23
      22
      19
      21
      22
      21
      10
      19
      16
      14
      18
      22
      14
      25
      21
      22
      20
      17
      21
      17
      27
      26
      24
      15
      24
      20
      15
      24
      21
       7
      21
      16
      12
      29
      23
      24
      41
      56
      84
      99
     123
      92
      84
      45
      22
      23
      20
      15
      32
      15
      22
       9
      20
      23
      26
      17
      23
      23
      20
      18
      19
      21
      23
      27
      14
      21
      20
      19
      31
      20
      18
      14
      17
      16
      20
      17
      22
      26
      13
      12
      14
      18
      16
      15
      13
      16
      19
      16
      23
      17
      18
      21
      21
      21
      21
      25
      32
      40
      27
      30
      15
      25
      18
      19
      19
      19
      16
       9
      19
      16
      13
      25
      21
      16
      12
      14
      19
      17
      21
      22
      15
      21
      16
      20
      19
      23
      16
      20
      25
      21
      17
      17
      18
      24
      15
      21
      27
      15
      25
      19
      20
      17
      23
      17
      21
      17
      15
      17
      18
      21
      11
      21
      18
      13
      18
      20
      19
      14
      24
      21
      18
      18
      17
      18
      13
      22
      13
      15
      21
      22
      16
      35
      34
      45
      29
      27
      29
      22
      22
      23
      28
      49
      51
      83
      83
      57
      56
      36
      24
      25
      24
      14
      16
      19
      15
      10
      15
      23
      20
      21
      23
      13
      13
      19
      19
      14
      18
      21
      15
      19
      13
      13
      13
      18
      18
      16
      15
      13
      18
      24
      21
      23
      13
      19
      16
      17
      12
      13
      19
      20
      18
      21
      12
      18
      17
      20
      11
      19
      13
      13
      17
      23
      23
      18
      19
      16
      20
      18
      19
      26
      13
      11
      22
      12
      19
      20
      27
      15
      16
      15
      23
      17
      17
      18
      24
      14
      17
       6
      20
      19
      11
      19
      12
      16
      13
      23
      19
      19
      17
      14
      19
      15
      12
      26
      17
      22
      17
      18
      19
      15
      25
      13
      18
      16
      11
      19
      14
      20
      16
      12
      23
      18
      19
      18
      21
      13
      13
      24
      19
      20
      11
      13
      16
      18
      13
      26
      14
      19
      13
      21
      17
      13
      17
      17
      14
      13
      12
      22
      17
      16
      23
      12
      16
      14
      16
      20
      13
      11
      19
      18
      10
      12
      15
      18
      15
      18
      13
      22
      19
      10
      11
      18
      10
      21
      14
      14
      15
      14
      12
      19
      22
      15
      18
      15
      10
      14
      13
      13
      18
      15
      13
      13
      17
      20
      26
      20
      23
      17
      15
      18
      11
      12
      11
      22
      18
      18
      18
      22
      15
      14
      16
      18
      24
      24
      13
      20
      11
       9
      19
      15
      18
      15
      17
      17
      12
      13
      15
      16
      11
      22
      18
      15
      18
      13
      14
      19
      19
      18
      17
      25
      21
      11
      12
      17
      15
      11
      18
      18
      14
      16
      11
      21
      17
      17
      19
      16
      16
      13
      20
      11
      14
      12
      16
      13
      14
      17
      15
      17
      19
      20
      17
      17
      15
      14
      16
      10
      18
      15
      14
      12
      13
      24
      23
      13
      15
      15
      15
      20
      18
      16
      21
      16
      14
      13
      14
      15
      13
      21
      15
       9
      21
      15
      18
      12
      20
      10
      11
      12
      11
      17
      13
      19
      25
      15
      14
      14
      19
      20
      21
      22
      18
      19
      15
      20
      20
      19
      20
      14
      14
      16
      15
      21
      10
      13
      16
      15
      19
      19
      14
      20
      16
      17
      14
      10
      13
      22
      13
      10
      10
      17
      19
      22
      18
      13
      14
      16
      13
      15
      19
      19
      16
      19
      16
      16
      19
      28
      36
      21
      39
      41
      33
      33
      19
      14
      24
      19
      22
      25
      28
      53
      64
      73
      52
      58
      41
      24
      13
      15
      22
      20
      11
      17
      13
      12
      25
      20
      19
      24
      24
      22
      23
      15
      16
      13
      10
      22
      20
      16
      16
      23
      13
      20
      16
      14
      16
      10
      21
      22
      13
      13
      10
      15
      17
      20
      13
      15
      17
      22
      16
      14
       7
      19
      19
      15
      14
      11
      18
      23
      13
      20
      20
      18
      17
       8
      14
      19
      11
      17
      15
      15
      12
      16
      23
      18
      13
      16
      10
      13
      13
      19
      20
      17
      17
      21
      16
      19
      20
      17
      26
      32
      16
      14
       7
      14
      16
      15
      17
      19
      17
      22
      18
      19
      14
      11
      13
      17
      15
      25
      14
      26
      21
      16
      16
      18
       9
      15
      26
      13
      12
      15
      19
      18
       6
      18
      16
      19
      19
       9
      19
      23
      26
      38
      41
      46
      62
      30
      36
      27
      16
      18
      17
      17
      18
      17
      13
      16
      17
      23
      19
      15
      12
      16
      20
      13
      17
      17
      15
      20
      13
      20
      19
      20
      11
      20
      10
      14
      17
      20
      15
      14
      17
      15
      23
      10
      20
      14
      15
      19
      16
      14
      23
      16
      26
      17
      13
      18
      18
      20
      13
      12
      23
      16
      15
      12
      16
      19
      21
      16
      20
      12
      20
      16
      15
      21
      17
      16
      16
      11
      14
      17
      16
      11
      25
      29
      26
       9
      15
      21
      20
      14
      20
      20
      19
      13
      17
      23
      17
      19
      22
      16
      16
      22
      16
      12
      18
      22
      19
      16
      13
      22
      19
      21
      19
      18
      16
      18
      16
      18
      21
      23
      18
      19
      20
      20
      17
      16
      20
      20
      22
      20
      17
      21
      12
      23
       9
      14
      14
      26
      24
      16
      22
      12
      12
      14
      16
      18
      12
      14
      22
      19
      17
      21
      17
      13
      18
      17
      25
      14
      14
      16
      20
      30
      21
      21
      23
      41
      33
      32
      24
      27
      20
      15
      22
      15
      14
       9
      12
      25
      12
      13
      10
      15
      13
      14
      18
      18
      12
      11
      11
      10
      15
      11
      13
      13
      19
      15
      16
      10
      13
      12
       6
      16
      12
      19
      17
      22
       9
       9
      13
      13
      14
      17
       8
       6
      10
      13
       7
      11
      11
      12
      13
      14
       9
      18
      16
      12
      10
       7
      19
      15
      12
       6
       8
      13
      13
      12
      12
      16
       6
      10
      15
      13
      10
      12
      10
       6
      14
       7
      13
      12
      12
       8
      10
      11
      16
      10
      17
       8
      12
       5
      14
      14
      15
       6
      12
      15
       9
       3
       8
      21
      14
      14
       8
      10
      10
      18
      12
      12
       6
      13
      11
      12
       8
       7
      15
      14
       6
      10
      12
       7
      12
       8
       6
      11
      13
      17
       9
      18
       9
       8
       4
      16
      11
      13
      12
      11
      12
      16
      14
       9
      12
      14
       6
      12
       8
       7
      11
       7
      10
      10
      13
      13
       7
       4
      13
      11
      13
      18
       7
       9
      14
       9
       8
      12
      15
      10
      11
      12
       6
      12
      11
      12
       8
      17
      13
      15
      18
      10
      12
      11
      13
       6
      10
       9
      16
       7
       9
       7
       5
       9
       9
       5
       6
      11
       8
      10
      10
      14
       9
       8
       8
       5
       7
      16
       9
       5
       5
      11
       8
      10
      10
      11
      10
       8
      10
       8
      11
      11
       6
      10
       9
      10
      10
      12
       8
       9
      15
      21
      23
      39
      46
      34
      32
      20
      17
      14
      12
       6
       8
       5
       6
       8
       9
       8
       8
       5
       7
       7
      10
      10
       5
       6
       8
       2
       5
       2
       9
      12
       9
       7
       5
       6
       5
       5
       6
       6
       7
       7
       6
       6
       4
       8
       5
       7
       2
       8
       7
       8
      10
       6
       5
       5
       7
       4
       4
       8
       5
       1
       9
       4
       3
       6
       5
       8
       6
       8
       7
       9
       5
       3
       6
       9
       3
       8
       6
      13
       7
       5
       3
       7
       6
       5
       6
       8
       6
       5
       3
      11
       6
       7
       4
       3
       6
       9
       6
       7
       6
       4
       5
       5
       3
       2
       5
       4
       8
       9
       4
      11
      10
       7
      13
       6
      16
      10
      16
      14
      11
       4
       9
      12
       7
       5
       5
       6
       6
       9
       6
       6
       2
       7
       6
       9
       7
       8
       2
       2
       8
       9
       3
       4
       7
       8
       4
       4
       4
       6
      12
       3
       6
       6
       6
       7
       7
       7
       4
       9
       5
       6
       6
       5
       2
       7
       5
       8
       5
       7
       6
       3
       7
       8
      10
       8
       7
      12
       8
       8
       5
       4
       4
       3
       2
       8
       9
       7
       4
      11
      13
       8
      13
       8
      10
       5
       6
       6
       4
       3
       9
       8
       8
       6
       7
       3
       6
       6
       6
       5
       6
       7
       9
       6
       7
      10
       5
       4
       3
       5
       6
       4
       3
       8
       6
       5
       2
       3
       4
       3
       5
       8
       8
       8
       7
       7
       6
       9
       9
       7
       5
       6
       6
       4
       5
       3
       8
       6
       9
       6
       4
       4
      10
       6
       2
       5
       6
       4
       6
       7
       8
       9
       4
       5
       6
       6
       2
       5
       6
       3
       3
      10
       4
       7
       4
       6
       5
       6
       5
       8
       8
      10
       3
       6
       2
       4
       6
       3
       4
       2
       3
      12
       5
       6
       5
       5
       8
       5
      10
      10
       8
       7
       5
       4
       5
       3
       5
       4
       6
       6
       5
       7
       6
       8
       7
       7
      14
      17
      37
      67
     121
     238
     371
     403
     451
     358
     292
     170
     113
      40
      20
       7
       4
       4
       4
       1
       1
       6
       3
       5
       4
       2
       5
       2
       3
       5
       7
       2
       3
       6
       1
       2
       1
       1
       1
       3
       1
       0
       2
       1
       4
       6
       5
       4
       2
       5
       6
       4
       4
       2
       7
       3
       3
       2
       6
       5
       3
       1
       2
       0
       4
       3
       5
       1
       3
       4
       4
       4
       5
       4
       2
       3
       3
       4
       1
       2
       1
       3
       7
       7
       5
       3
       1
       2
       3
       5
       5
       5
       6
       1
       4
       4
       4
       7
       3
       7
       3
       2
       5
       2
       5
       5
       3
       3
       1
       3
      10
       4
       7
       4
       5
       7
       4
       6
       5
       5
       1
       6
       2
       2
       4
      10
       6
       5
       9
       8
       9
       6
       3
       6
       3
       4
       3
       6
       6
       5
       4
       1
       5
       0
       4
       3
       6
       1
       6
       3
       2
       2
       3
       1
       4
       7
       4
       3
       4
       4
       1
       1
       2
       3
       2
       4
       6
       1
       0
       5
       2
       4
       3
       2
       1
       3
       2
       3
       1
       3
       6
       3
       2
       4
       2
       1
       3
       4
       6
       4
       3
       4
       6
       3
       6
       1
       0
       5
       3
       2
       7
       6
       4
       4
       3
       2
       3
       2
       3
       2
       6
       2
       4
       6
       2
       4
       2
       1
       2
       5
       1
       3
       1
       4
       4
       3
       6
       5
       3
       3
       6
       2
       1
       2
       2
       2
       3
       6
       4
       2
       5
       6
       3
       3
       4
       0
       1
       3
       4
       3
       1
       1
       2
       4
       3
       8
       3
       1
       4
       5
       1
       6
       4
       1
       3
       4
       5
       1
       1
       2
       1
       2
       5
       3
       3
       6
       1
       2
       1
       4
       4
       3
       3
       3
       1
       5
       0
       2
       5
       6
       2
       0
       0
       1
       5
       3
       2
       1
       3
       0
       0
       2
       2
       2
       2
       1
       2
       5
       6
       2
       4
       3
       3
       8
       4
       7
       2
       2
       5
       3
       3
       7
       6
      10
      12
      14
      13
      11
       7
       7
       5
       2
       9
       9
      16
      18
      14
       7
       8
      12
       7
       3
       5
       2
       4
       2
       2
       3
       4
       6
       5
       1
       1
       2
       6
       4
       1
       3
       2
       2
       3
       7
       2
       3
       1
       4
       0
       4
       5
       3
       3
       3
       3
       0
       3
       5
       2
       3
       2
       8
       1
       1
       3
       3
       4
       3
       2
       1
       2
       3
       0
       5
       1
       4
       2
       0
       1
       3
       6
       3
       0
       3
       7
       4
       6
       4
       5
       6
      10
       8
       9
       3
       3
       1
       2
       2
       4
       3
       4
       7
       1
       4
       2
       3
       1
       6
       1
       5
       4
       7
       4
       5
       7
       5
       1
       6
       1
       5
       4
       2
       4
       0
       0
       6
       3
       1
       1
       1
       4
       2
       4
       2
       5
       2
       3
       2
       1
       4
       2
       2
       1
       2
       0
       1
       0
       0
       3
       3
       1
       2
       5
       3
       2
       1
       3
       3
       1
       4
       2
       4
       1
       3
       2
       2
       2
       2
       4
       4
       2
       5
       0
       1
       3
       3
       4
       3
       2
       0
       1
       5
       5
       3
       5
       4
       4
       4
       5
       4
       5
       5
       6
       2
       3
       2
       2
       0
       0
       3
       2
       4
       1
       3
       5
       4
       5
       0
       0
       4
       3
       4
       0
       1
       2
       3
       5
       5
       1
       2
       2
       3
       1
       4
       2
       3
       1
       1
       6
       2
       3
       0
       2
       4
       1
       4
       2
       1
       4
       2
       4
       2
       2
       1
       2
       1
       4
       3
       3
       2
       3
       2
       7
       3
       4
       0
       1
       1
       2
       4
       1
       3
       2
       2
       3
       1
       3
       3
       0
       0
       3
       3
       4
       1
       1
       3
       0
       4
       3
       2
       0
       2
       2
       0
       1
       5
       3
       1
       1
       4
       3
       3
       2
       0
       3
       2
       3
       3
       0
       2
       1
       0
       0
       2
       1
       0
       3
       2
       5
       0
       0
       1
       1
       1
       0
       2
       1
       2
       3
       1
       0
       1
       3
       2
       2
       5
       5
       2
       4
       2
       4
       1
       0
       1
       0
       1
       2
       2
       1
       0
       2
       3
       2
       2
       2
       1
       1
       1
       2
       1
       3
       0
       2
       1
       1
       1
       4
       4
       5
      14
       4
      12
       8
       4
       2
       3
       6
       2
       3
       3
       1
       0
       3
       4
       3
       5
       1
       1
       0
       1
       3
       3
       1
       0
       4
       1
       3
       2
       3
       3
       1
       0
       2
       4
       1
       1
       3
       3
       1
       1
       1
       4
       1
       3
       1
       2
       3
       1
       4
       2
       1
       1
       2
       1
       3
       0
       2
       2
       1
       0
       0
       3
       5
       1
       0
       4
       2
       0
       0
       1
       0
       5
       1
       1
       2
       3
       3
       1
       1
       4
       1
       5
      10
      12
      26
      30
      38
      40
      38
      25
      14
      10
       5
       1
       4
       0
       2
       1
       0
       1
       1
       1
       0
       2
       3
       3
       3
       0
       3
       2
       0
       0
       0
       2
       1
       1
       2
       2
       1
       3
       0
       0
       0
       2
       2
       2
       1
       3
       0
       0
       1
       3
       1
       4
       0
       1
       1
       2
       1
       2
       1
       2
       1
       2
       2
       2
       1
       3
       1
       1
       1
       2
       2
       2
       3
       2
       1
       2
       0
       2
       1
       4
       3
       2
       2
       4
       2
       2
       2
       1
       3
       2
       4
       2
       2
       1
       1
       2
       4
       4
       2
       3
       1
       1
       1
       0
       5
       4
       1
       1
       3
       2
       2
       2
       3
       2
       1
       3
       0
       5
       3
       1
       2
       4
       1
       1
       0
       1
       2
       0
       6
       4
       2
       5
       2
       0
       3
       0
       2
       0
       0
       3
       2
       1
       0
       0
       0
       1
       1
       2
       5
       1
       0
       3
       3
       2
       0
       2
       2
       1
       3
       3
       1
       1
       1
       0
       2
       4
       3
       2
       7
       3
       2
       2
       4
       2
       2
       5
       1
       2
       2
       3
       4
       2
       1
       2
       1
       1
       1
       4
       1
       1
       5
       2
       0
       4
       1
       3
       3
       0
       3
       4
       2
       6
       4
       4
       1
       4
       0
       3
       3
       4
       7
       7
       4
       8
       7
       6
       5
       3
       3
       2
       1
       4
       0
       2
       0
       0
       4
       3
       1
       5
       1
       1
       2
       1
       3
       1
       2
       4
       4
       1
       2
       2
       3
       1
       0
       3
       1
       1
       2
       3
       3
       2
       0
       2
       2
       3
       0
       0
       2
       4
       2
       1
       1
       1
       1
       2
       0
       3
       3
       3
       3
       2
       0
       1
       3
       0
       1
       1
       2
       0
       2
       4
       3
       4
       0
       3
       3
       2
       0
       1
       2
       1
       2
       2
       0
       1
       1
       0
       0
       1
       2
       2
       1
       3
       0
       4
       1
       1
       1
       1
       1
       1
       1
       4
       0
       3
       2
       1
       1
       2
       2
       0
       2
       2
       3
       2
       0
       3
       0
       3
       0
       1
       1
       1
       3
       2
       0
       3
       3
       3
       2
       0
       1
       1
       0
       6
       0
       2
       2
       3
       3
       0
       0
       2
       0
       3
       1
       4
       0
       2
       3
       1
       1
       4
       2
       1
       0
       2
       2
       1
       0
       2
       1
       5
       3
       2
       1
       2
       4
       2
       0
       1
       1
       4
       2
       1
       1
       0
       5
       1
       2
       2
       2
       4
       4
       3
       2
       0
       2
       1
       2
       1
       1
       1
       1
       3
       3
       3
       3
       1
       1
       1
       3
       2
       3
       1
       0
       2
       1
       1
       2
       0
       1
       4
       2
       1
       3
       0
       0
       2
       4
       3
       2
       2
       3
       2
       1
       1
       3
       2
       2
       4
       1
       1
       2
       3
       4
       0
       1
       1
       2
       4
       6
       3
       4
       1
       2
       1
       0
       2
       0
       1
       0
       3
       0
       1
       4
       3
       5
       4
       4
       1
       3
       1
       1
       1
       1
       0
       1
       2
       1
       0
       2
       2
       0
       1
       4
       2
       3
       0
       2
       1
       1
       2
       2
       1
       2
       3
       2
       0
       2
       2
       1
       1
       5
       1
       5
       3
       2
       3
       1
       1
       4
       1
       2
       3
       2
       2
       1
       2
       2
       1
       0
       1
       2
       3
       3
       1
       1
       1
       3
       1
       2
       2
       2
       2
       2
       0
       2
       1
       1
       1
       5
       1
       1
       4
       1
       1
       1
       1
       1
       3
       4
       0
       0
       3
       2
       2
       4
       5
       1
       2
       2
       1
       5
       2
       2
       6
       0
       5
       1
       3
       1
       3
       0
       3
       0
       0
       0
       1
       5
       2
       1
       3
       2
       2
       2
       3
       3
       2
       1
       0
       2
       1
       2
       1
       4
       4
       3
       1
       1
       2
       3
       3
       1
       0
       1
       0
       0
       3
       0
       6
       0
       6
       2
       2
       1
       0
       1
       3
       2
       5
       1
       1
       2
       3
       3
       1
       0
       0
       2
       0
       3
       1
       1
       2
       2
       2
       3
       0
       1
       0
       1
       2
       5
       1
       1
       1
       1
       1
       0
       2
       1
       1
       0
       1
       0
       3
       0
       3
       1
       1
       2
       3
       2
       2
       1
       1
       0
       2
       1
       1
       2
       0
       2
       2
       3
       1
       1
       2
       1
       1
       4
       1
       1
       2
       1
       2
       3
       0
       0
       1
       1
       1
       2
       3
       2
       1
       1
       4
       1
       5
       2
       1
       1
       1
       1
       0
       3
       3
       3
       1
       5
       2
       2
       1
       1
       1
       1
       4
       1
       0
       1
       1
       0
       3
       2
       2
       2
       2
       0
       3
       2
       2
       3
       2
       4
       1
       2
       3
       4
       3
       2
       4
       2
       2
       2
       2
       2
       0
       3
       0
       0
       2
       5
       0
       0
       0
       0
       0
       4
       1
       1
       2
       1
       3
       3
       0
       2
       1
       4
       4
       3
       0
       1
       0
       1
       1
       1
       2
       0
       2
       2
       3
       1
       2
       3
       2
       2
       1
       5
       2
       0
       4
       3
       2
       0
       0
       1
       2
       1
       0
       2
       1
       3
       2
       0
       0
       2
       1
       2
       6
       1
       2
       2
       1
       3
       4
       4
       4
       1
       1
       4
       4
       0
       2
       2
       4
       2
       0
       5
       3
       1
       2
       1
       2
       1
       3
       3
       3
       1
       0
       4
       0
       2
       6
       6
       9
       3
      12
       9
       7
      14
       1
      10
       5
       5
       5
       3
       0
       3
       2
       3
       3
       2
       3
       4
       0
       1
       2
       3
       6
       2
       1
       3
       3
       4
       0
       2
       3
       1
       1
       1
       0
       2
       3
       4
       4
       3
       6
       2
       1
       3
       3
       1
       1
       6
       4
       1
       2
       7
       1
       1
       2
       1
       1
       3
       4
       2
       2
       1
       2
       2
       0
       0
       1
       2
       1
       4
       2
       1
       2
       1
       1
       3
       2
       2
       1
       2
       1
       1
       1
       1
       2
       1
       0
       3
       2
       2
       3
       1
       0
       0
       0
       1
       2
       0
       2
       3
       0
       1
       2
       2
       1
       2
       2
       0
       0
       0
       2
       1
       1
       2
       0
       3
       1
       0
       2
       1
       0
       2
       0
       1
       2
       1
       0
       1
       1
       0
       2
       3
       0
       0
       2
       1
       1
       1
       2
       3
       2
       1
       4
       1
       1
       1
       1
       3
       7
       3
       1
       2
       1
       0
       1
       1
       1
       0
       1
       1
       4
       0
       2
       2
       6
       0
       3
       0
       1
       2
       4
       1
       2
       0
       0
       0
       2
       4
       5
       1
       3
       2
       4
       1
       3
       1
       2
       1
       4
       3
       3
       1
       1
       2
       2
       0
       0
       0
       2
       1
       2
       2
       2
       1
       2
       0
       1
       3
       3
       3
       0
       1
       2
       4
       1
       0
       0
       0
       2
       0
       2
       2
       3
       1
       4
       0
       4
       2
       2
       2
       4
       3
       1
       1
       2
       0
       1
       4
       0
       5
       2
       4
       1
       3
       3
       2
       3
       3
       7
      10
       6
       6
       7
       9
       6
       4
       5
       3
       7
       3
       2
       1
       2
       2
       1
       0
       2
       1
       3
       2
       1
       2
       0
       0
       1
       4
       0
       0
       2
       3
       1
       1
       1
       3
       2
       2
       2
       0
       2
       0
       2
       0
       3
       3
       2
       2
       1
       0
       2
       2
       3
       4
       4
       2
       2
       0
       1
       1
       3
       1
       2
       1
       0
       2
       1
       4
       2
       0
       1
       3
       1
       2
       1
       2
       0
       2
       1
       1
       1
       2
       2
       2
       0
       1
       3
       2
       3
       1
       2
       3
       3
       1
       2
       3
       2
       2
       3
       2
       1
       1
       2
       1
       4
       3
       2
       3
       1
       3
       0
       1
       0
       2
       5
       3
       1
       1
       0
       2
       2
       1
       2
       3
       2
       4
       3
       0
       4
       1
       1
       2
       3
       2
       2
       1
       3
       5
       4
       1
       0
       3
       0
       2
       2
       2
       0
       1
       5
       3
       0
       0
       3
       1
       2
       2
       2
       1
       1
       3
       1
       1
       5
       1
       3
       1
       1
       0
       0
       0
       3
       1
       2
       2
       2
       2
       3
       0
       2
       2
       1
       0
       2
       1
       1
       0
       1
       3
       1
       2
       1
       2
       2
       1
       1
       1
       4
       6
       1
       2
       2
       1
       1
       1
       0
       0
       1
       1
       1
       0
       3
       2
       3
       1
       1
       1
       1
       2
       1
       2
       2
       3
       2
       1
       2
       4
       1
       1
       3
       2
       3
       1
       6
       3
       3
       0
       1
       0
       2
       0
       3
       2
       1
       1
       1
       2
       1
       3
       2
       1
       3
       4
       2
       2
       0
       2
       2
       3
       0
       2
       1
       2
       1
       0
       1
       5
       3
       4
       3
       4
       2
       3
       1
       4
       0
       1
       3
       3
       1
       2
       1
       2
       1
       7
       1
       1
       2
       5
       4
       1
       1
       1
       1
       1
       3
       0
       1
       3
       1
       0
       6
       1
       6
       3
       2
       0
       2
       1
       2
       1
       1
       4
       4
       1
       3
       1
       1
       3
       1
       3
       4
       0
       4
       3
       6
       1
       3
       4
       6
       5
       5
       1
       1
       0
       1
       4
       3
       1
       2
       2
       2
       1
       3
       3
       3
       3
       2
       2
       3
       1
       4
       1
       2
       2
       1
       2
       2
       2
       2
       3
       2
       1
       3
       3
       1
       1
       1
       0
       2
       2
       3
       3
       4
       3
       2
       3
       1
       1
       4
       0
       5
       4
       6
       2
       1
       2
       3
       2
       0
       2
       4
       5
       0
       2
       2
       0
       4
       1
       1
       5
       1
       3
       3
       3
       2
       6
       2
       3
       0
       0
       1
       3
       3
       2
       4
       2
       0
       3
       3
       6
       2
       0
       6
       5
       4
       4
       2
       3
       1
       1
       2
       3
       4
       3
       0
       1
       2
       2
       3
       1
       2
       1
       3
       4
       1
       3
       2
       1
       1
       2
       0
       0
       3
       2
       1
       4
       1
       0
       2
       2
       3
       2
       0
       2
       0
       0
       2
       4
       3
       2
       1
       1
       1
       0
       1
       0
       1
       0
       1
       2
       3
       2
       2
       2
       1
       3
       0
       1
       1
       0
       0
       3
       0
       1
       4
       3
       1
       1
       2
       2
       1
       2
       1
       1
       2
       0
       2
       0
       3
       1
       1
       4
       2
       2
       0
       2
       3
       2
       0
       2
       2
       0
       2
       1
       0
       0
       1
       1
       2
       1
       1
       1
       2
       2
       0
       3
       1
       0
       1
       2
       1
       0
       2
       2
       3
       1
       1
       6
       1
       1
       1
       0
       2
       0
       1
       1
       1
       3
       3
       1
       1
       1
       1
       0
       1
       0
       0
       2
       4
       3
       0
       1
       2
       2
       2
       1
       1
       1
       0
       0
       1
       0
       2
       0
       1
       2
       1
       1
       2
       0
       0
       2
       3
       0
       2
       2
       4
       0
       1
       2
       3
       1
       2
       1
       4
       2
       2
       3
       3
       4
       3
       4
       5
       4
       3
       4
       1
       1
       0
       2
       0
       2
       0
       0
       3
       1
       0
       0
       1
       1
       1
       2
       0
       0
       1
       3
       0
       0
       1
       1
       2
       1
       0
       2
       2
       3
       0
       5
       0
       1
       4
       0
       1
       1
       1
       1
       1
       1
       0
       1
       3
       0
       2
       0
       0
       2
       3
       1
       1
       0
       2
       1
       1
       4
       2
       1
       2
       1
       0
       3
       2
       0
       0
       0
       1
       0
       1
       1
       0
       0
       1
       2
       0
       0
       1
       1
       1
       0
       0
       0
       0
       1
       0
       0
       0
       2
       0
       2
       1
       1
       0
       1
       0
       0
       1
       1
       0
       1
       1
       0
       0
       0
       1
       2
       0
       0
       0
       2
       0
       1
       1
       0
       1
       2
       0
       1
       1
       1
       0
       0
       0
       0
       0
       1
       0
       1
       1
       1
       1
       1
       0
       0
       0
       1
       0
       0
       2
       0
       0
       1
       1
       0
       1
       0
       1
       0
       0
       0
       0
       0
       0
       1
       1
       0
       0
       0
       2
       0
       1
       0
       0
       0
       1
       0
       2
       0
       0
       0
       2
       0
       0
       0
       0
       0
       2
       0
       0
       0
       0
       1
       0
       0
       0
       0
       0
       1
       0
       0
       0
       1
       0
       1
       0
       0
       0
       0
       0
       0
       0
       0
       1
       0
       0
       0
       1
       0
       0
       1
       0
       0
       0
       0
       1
       0
       0
       0
       0
       0
       1
       0
       3
       0
       1
       0
       1
       0
       0
       0
       0
       0
       1
       0
       0
       1
       0
       0
       1
       0
       1
       1
       2
       0
       0
       0
       0
       0
       0
       0
       0
       0
       0
       1
       1
       1
       1
       0
       0
       0
       0
       0
       0
       0
       0
       0
       0
       0
       0
       0
       0
       0
       0
       1
       0
       1
       0
       0
       1
       1
       1
       0
       1
       0
       0
       0
       0
       0
       0
       0
       0
       0
       2
       0
       0
       1
       0
       0
       1
       0
       0
       0
       0
       0
       0
       0
       1
       0
       0
       0
       0
       0
       1
       0
       0
       0
       1
       1
       1
       1
       0
       0
       1
       0
       0
       0
       1
       0
       1
       0
       1
       0
       2
       0
       0
       0
       0
       0
       1
       1
       1
       0
       0
       0
       0
       0
       0
       0
       0
       1
       0
       0
       0
       0
       0
       0
       0
       0
       0
       1
       0
       1
       3
       0
       0
       1
       1
       1
       0
       2
       0
       0
       0
       1
       1
       0
       1
       0
       1
       0
       2
       0
       0
       1
       2
       0
       1
       0
       1
       0
       0
       0
       0
       1
       0
       0
       1
       0
       1
       0
       3
       4
      13
      21
      31
      31
      49
      65
      59
      52
      60
      41
      16
      11
       6
       1
       2
       1
       0
       0
       0
       0
       0
       0
       0
       0
       0
       0
       0
       0
       0
       0
       0
       0
       0
       0
       0
       0
       0
       0
       0
       0
       0
       0
       0
       0
       0
       0
       0
       0
       0
       0
       0
       0
       0
       0
       0
       0
       0
       0
       0
       0
       0
       0
       0
       0
       1
       0
       0
       0
       0
       0
       0
       0
       0
       0
       0
       0
       0
       0
       0
       0
       0
       0
       0
       0
       0
       0
       0
       0
       0
       0
       0
       1
       0
       0
       0
       0
       0
       0
       0
       0
       0
       0
       0
       0
       0
       0
       0
       0
       0
       0
       0
       0
       0
       0
       0
       0
       0
       0
       0
       0
       0
       0
       0
       0
       0
       0
       0
       0
       0
       0
       0
       0
       0
       0
       0
       0
       0
       0
       0
       0
       0
       0
       1
       0
       0
       0
       0
       0
       0
       0
       0
       0
       0
       0
       0
       0
       0
       0
       0
       0
       0
       0
       0
       0
       0
       0
       0
       0
       0
       0
       0
       0
       0
       1
       0
       0
       0
       0
       0
       0
       0
       0
       0
       0
       0
       0
       1
       0
       0
       0
       1
       0
       0
       0
       0
       0
       0
       0
       0
       0
       0
       0
       0
       0
       0
       0
       0
       0
       0
       0
       0
       0
       0
       0
       0
       0
       0
       0
       0
       0
       0
       0
       0
       0
       0
       0
       0
       0
       1
       0
       0
       0
       0
       0
       0
       0
       0
       0
       0
       0
       0
       0
       0
       0
       0
       0
       0
       0
       0
       0
       0
       0
       0
       0
       0
       0
       0
       1
       0
       0
       0
       0
       0
       0
       0
       0
       1
       0
       0
       0
       0
       0
       0
       0
       0
       0
       0
       0
       0
       0
       0
       0
       0
       0
       0
       0
       0
       0
       0
       0
       0
       0
       0
       0
       0
       0
       0
       0
       0
       0
       0
       1
       0
       0
       0
       0
       0
       0
       0
       0
       0
       0
       0
       0
       0
       0
       0
       0
       0
       0
       0
       1
       0
       0
       0
       0
       0
       0
       0
       0
       0
       0
       0
       0
       0
       0
       0
       0
       0
       0
       0
       0
       0
       0
       0
       0
       1
       0
       0
       0
       0
       0
       0
       0
       0
       0
       0
       0
       0
       0
       0
       0
       1
       0
       0
       0
       0
       0
       0
       0
       0
       0
       0
       0
       0
       0
       0
       1
       0
       0
       0
       0
       0
       0
       0
       0
       1
       0
       0
       0
       1
       0
       0
       0
       0
       0
       0
       0
       0
       0
       0
       0
       0
       0
       1
       0
       0
       0
       0
       0
       0
       0
       0
       0
       0
       0
       0
       0
       0
       0
       0
       0
       0
       0
       0
       0
       0
       0
       1
       0
       1
       0
       0
       0
       0
       0
       0
       0
       0
       0
       2
       1
       0
       0
       0
       0
       0
       0
       0
       0
       0
       0
       0
       0
       0
       0
       0
       0
       0
       0
       0
       0
       0
       0
       0
       0
       0
       0
       0
       0
       0
       0
       1
       1
       0
       0
       0
       0
       0
       1
       0
       1
       0
       0
       0
       0
       0
       0
       0
       0
       0
       0
       0
       0
       1
       0
       0
       1
       0
       0
       0
       0
       0
       0
       0
       0
       0
       0
       0
       0
       0
       0
       0
       0
       0
       0
       0
       1
       0
       0
       0
       0
       0
       0
       0
       0
       0
       0
       0
       0
       0
       0
       0
       0
       0
       0
       0
       0
       0
       0
       0
       0
       0
       0
       0
       0
       0
       0
       0
       0
       0
       0
       0
       0
       0
       0
       0
       0
       0
       0
       0
       0
       0
       0
       0
       0
       0
       0
       0
       0
       0
       0
       0
       0
       0
       0
       0
       0
       0
       0
       0
       0
       0
       0
       0
       0
       0
       0
       0
       1
       0
       0
       0
       0
       0
       0
       0
       0
       0
       0
       0
       1
       0
       0
       0
       0
       0
       0
       0
       0
       0
       0
       0
       0
       0
       0
       0
       0
       0
       0
       0
       0
       0
       0
       0
       0
       0
       0
       0
       0
       0
       0
       0
       0
       0
       0
       0
       0
       0
       0
       0
       0
       0
       0
       0
       0
       1
       0
       0
       0
       0
       0
       0
       0
       0
       0
       0
       0
       0
       0
       0
       0
       0
       0
       0
       0
       0
       0
       0
       0
       0
       0
       0
       0
       0
       0
       0
       1
       0
       0
       0
       0
       0
       0
       0
       0
       0
       0
       0
       0
       0
       0
       0
       0
       0
       0
       0
       0
       0
       0
       0
       0
       0
       0
       0
       0
       0
       0
       0
       0
       0
       0
       0
       0
       0
       0
       0
       1
       0
       0
       0
       1
       0
       0
       0
       0
       0
       0
       0
       0
       0
       0
       0
       0
       0
       0
       0
       0
       0
       0
       0
       0
       0
       0
       0
       0
       0
       0
       0
       0
       0
       0
       0
       0
       0
       0
       0
       1
       0
       0
       0
       1
       0
       0
       0
       1
       0
       0
       0
       0
       0
       0
       0
       0
       0
       0
       0
       0
       0
       0
       0
       0
       0
       0
       0
       0
       0
       0
       0
       0
       0
       0
       0
       0
       0
       1
       0
       0
       0
       0
       0
       0
       0
       0
       0
       0
       0
       0
       0
       0
       0
       1
       0
       0
       0
       0
       0
       0
       0
       0
       0
       0
       0
       0
       0
       0
       0
       0
       0
       0
       0
       0
       0
       0
       1
       0
       0
       0
       0
       0
       0
       0
       0
       0
       0
       0
       0
       0
       0
       0
       0
       0
       0
       0
       0
       2
       0
       0
       0
       1
       0
       0
       0
       0
       0
       0
       0
       0
       0
       0
       0
       0
       0
       0
       0
       0
       0
       0
       0
       0
       1
       0
       0
       0
       0
       0
       0
       0
       0
       0
       0
       0
       0
       0
       0
       0
       0
       0
       0
       0
       0
       0
       0
       0
       0
       0
       0
       0
       0
       0
       0
       0
       1
       0
       0
       0
       0
       0
       1
       0
       0
       0
       0
       1
       0
       0
       0
       0
       0
       0
       0
       0
       0
       0
       0
       0
       0
       0
       0
       0
       0
       0
       0
       0
       0
       1
       0
       0
       0
       0
       0
       0
       0
       0
       0
       0
       0
       0
       0
       1
       0
       0
       0
       0
       0
       0
       0
       0
       0
       0
       0
       0
       0
       0
       0
       0
       1
       0
       0
       0
       0
       0
       0
       0
       0
       0
       0
       0
       0
       0
       0
       0
       0
       0
       0
       0
       0
       0
       1
       0
       0
       0
       0
       0
       0
       0
       0
       0
       0
       0
       0
       0
       0
       0
       0
       0
       0
       0
       0
       0
       0
       0
       0
       0
       1
       0
       0
       0
       0
       0
       0
       0
       0
       0
       0
       0
       0
       0
       0
       0
       0
       0
       0
       0
       0
       0
       0
       0
       0
       0
       0
       0
       0
       0
       0
       1
       0
       0
       0
       0
       0
       0
       0
       0
       0
       0
       0
       0
       0
       0
       0
       0
       0
       0
       0
       0
       0
       0
       0
       0
       0
       0
       0
       0
       0
       0
       0
       0
       0
       0
       0
       0
       0
       1
       0
       0
       0
       0
       0
       0
       0
       0
       0
       0
       0
       0
       0
       0
       0
       0
       0
       0
       0
       0
       0
       0
       0
       0
       0
       0
       0
       0
       0
       0
       0
       0
       0
       0
       0
       0
       0
       0
       0
       0
       0
       0
       0
       0
       0
       0
       0
       0
       0
       0
       0
       0
       0
       0
       0
       0
       0
       0
       0
       0
       0
       0
       0
       0
       0
       1
       0
       0
       0
       0
       0
       0
       0
       0
       0
       0
       0
       0
       0
       0
       0
       0
       0
       0
       1
       0
       0
       0
       0
       1
       0
       0
       0
       0
       0
       0
       0
       0
       0
       0
       0
       0
       0
       0
       0
       0
       0
       1
       0
       0
       0
       0
       0
       1
       0
       0
       0
       0
       0
       0
       0
       0
       0
       0
       0
       0
       0
       0
       0
       0
       0
       0
       0
       0
       0
       0
       0
       0
       0
       1
       0
       0
       0
       0
       1
       0
       0
       0
       0
       0
       0
       0
       0
       0
       0
       0
       0
       0
       0
       0
       0
       1
       0
       0
       0
       0
       0
       0
       0
       0
       0
       0
       0
       0
       0
       0
       0
       0
       0
       0
       0
       0
       0
       0
       0
       0
       0
       0
       0
       0
       1
       0
       0
       0
       0
       0
       0
       0
       0
       0
       0
       0
       0
       0
       0
       0
       0
       0
       0
       0
       0
       1
       0
       0
       0
       0
       0
       0
       0
       0
       0
       0
       0
       0
       1
       0
       0
       0
       0
       0
       0
       0
       0
       0
       0
       0
       1
       0
       0
       0
       0
       0
       0
       0
       0
       1
       0
       0
       0
       0
       0
       0
       0
       0
       0
       0
       0
       0
       0
       0
       0
       0
       0
       0
       0
       0
       0
       0
       0
       0
       0
       0
       0
       0
       0
       0
       0
       0
       0
       0
       0
       0
       0
       0
       0
       0
       0
       0
       0
       0
       0
       0
       0
       0
       0
       0
       0
       0
       0
       0
       0
       0
       0
       0
       0
       0
       0
       0
       0
       0
       0
       0
       0
       0
       0
       0
       0
       0
       0
       0
       0
       0
       0
       0
       0
       0
       0
       0
       0
       0
       0
       0
       0
       0
       0
       0
       0
       0
       0
       0
       0
       0
       0
       0
       0
       0
       0
       0
       0
       0
       0
       0
       0
       0
       0
       0
       0
       1
       0
       0
       0
       0
       0
       0
       0
       0
       0
       0
       0
       0
       0
       0
       0
       1
       0
       0
       0
       0
       0
       0
       0
       0
       1
       0
       0
       0
       0
       0
       0
       0
       0
       0
       0
       0
       0
       0
       0
       0
       0
       0
       0
       0
       0
       0
       0
       0
       0
       0
       0
       0
       0
       0
       0
       0
       0
       0
       0
       0
       0
       0
       0
       0
       1
       0
       0
       0
       0
       0
       0
       0
       0
       1
       0
       0
       0
       0
       0
       0
       0
       0
       0
       0
       0
       0
       0
       0
       0
       0
       0
       0
       0
       0
       0
       0
       0
       0
       0
       0
       0
       0
       0
       0
       0
       0
       0
       0
       0
       0
       0
       0
       0
       0
       0
       0
       0
       0
       0
       0
       0
       0
       0
       0
       0
       0
       0
       0
       0
       0
       0
       0
       0
       0
       0
       0
       0
       0
       0
       0
       0
       0
       0
       0
       0
       0
       0
       0
       0
       0
       0
       0
       0
       0
       0
       0
       0
       0
       0
       0
       0
       0
       0
       0
       0
       0
       0
       0
       0
       0
       0
       0
       0
       0
       0
       0
       0
       0
       0
       0
       0
       0
       0
       0
       0
       0
       0
       0
       0
       0
       0
       0
       0
       0
       0
       0
       0
       0
       0
       0
       0
       0
       0
       0
       0
       0
       0
       0
       0
       0
       0
       0
       0
       0
       0
       0
       0
       0
       0
       0
       0
       0
       0
       0
       0
       0
       0
       0
$ROI:
0
$PRESETS:
Real Time
3600
0
$ENER_FIT:
8.931054 0.240803
$MCA_CAL:
3
8.931054E+000 2.408025E-001 6.157388E-008 keV
$SHAPE_CAL:
3
9.658150E+000 -1.618950E-003 2.758845E-007
