$SPEC_ID:
No sample description was entered.
$SPEC_REM:
DET# 1
DETDESC# EPS-140909 Easy-MCA-8k SN 16175454
AP# Maestro Version 7.01
$DATE_MEA:
02/27/2022 02:43:26
$MEAS_TIM:
3594 3600
$DATA:
0 8191
       0
       0
       0
       0
       0
       0
       0
       0
       0
       0
       0
       0
       0
       0
       0
       0
       0
       0
       0
       0
       0
       0
       0
       0
       0
       0
       0
       0
       0
       0
       0
       0
       0
       0
       0
       0
       0
       0
       2
       2
       9
      35
     766
    1282
     552
     350
     333
     317
     349
     346
     360
     334
     345
     310
     326
     329
     304
     359
     355
     399
     428
     432
     411
     377
     338
     324
     332
     403
     336
     337
     318
     335
     341
     323
     348
     329
     361
     304
     320
     339
     373
     338
     356
     339
     319
     347
     336
     329
     341
     353
     366
     315
     348
     354
     367
     337
     380
     357
     330
     400
     393
     405
     409
     437
     419
     432
     416
     481
     462
     480
     502
     516
     531
     575
     596
     625
     734
     802
     755
     872
     859
     875
     847
     893
     905
     842
     809
     845
     849
     832
     844
     867
     857
     884
     868
     944
    1030
    1191
    1623
    2208
    3266
    3946
    4619
    5086
    4964
    4239
    2880
    1748
    1158
     914
     947
     822
     900
     909
     904
     968
    1050
    1032
    1088
    1165
    1315
    1663
    1923
    2283
    2110
    1800
    1403
    1409
    1355
    1336
    1217
    1136
    1040
    1044
    1036
    1011
    1063
    1091
    1041
    1028
    1122
    1100
    1129
    1107
    1163
    1135
    1217
    1249
    1227
    1179
    1124
    1119
    1247
    1199
    1225
    1192
    1056
    1079
    1043
    1092
    1048
    1072
    1105
    1041
    1070
    1094
    1120
    1092
    1096
    1121
    1153
    1103
    1113
    1138
    1052
    1116
    1171
    1174
    1113
    1170
    1136
    1110
    1125
    1054
    1158
    1033
    1120
    1093
    1057
    1089
    1151
    1208
    1176
    1170
    1104
    1071
    1067
    1052
    1001
    1068
    1064
    1018
    1057
    1016
     996
     961
    1058
    1009
     977
    1046
    1033
    1020
     953
     973
    1021
     960
     995
    1048
     944
     954
     957
     975
     954
     990
     972
     982
     957
     956
     945
     965
     946
     966
     901
     918
     978
     954
     916
     906
     947
     934
     917
     910
     912
     937
     957
     922
     938
     948
     897
     882
     908
     934
     910
     881
     892
     843
     846
     834
     838
     917
     883
     854
     850
     864
     856
     854
     882
     890
     794
     845
     798
     813
     862
     840
     798
     821
     784
     777
     779
     802
     836
     807
     869
     835
     791
     797
     760
     773
     704
     744
     733
     696
     727
     764
     725
     730
     730
     732
     677
     729
     766
     730
     683
     728
     711
     673
     699
     692
     695
     703
     741
     724
     737
     703
     701
     643
     679
     655
     700
     656
     670
     639
     690
     676
     679
     627
     599
     619
     664
     676
     654
     649
     666
     616
     601
     572
     617
     640
     586
     588
     650
     618
     586
     593
     583
     574
     584
     589
     615
     621
     582
     592
     573
     583
     564
     583
     565
     533
     536
     579
     563
     543
     524
     558
     538
     525
     551
     555
     510
     500
     536
     555
     525
     484
     489
     553
     490
     503
     501
     479
     470
     472
     489
     491
     505
     474
     489
     471
     464
     479
     500
     496
     477
     454
     452
     451
     468
     480
     452
     453
     444
     484
     439
     488
     450
     441
     463
     484
     428
     473
     462
     452
     410
     453
     438
     422
     447
     481
     404
     465
     431
     410
     448
     458
     463
     459
     462
     410
     420
     404
     357
     409
     407
     386
     400
     430
     382
     420
     400
     365
     366
     358
     376
     395
     405
     369
     392
     320
     374
     387
     356
     398
     365
     381
     382
     350
     391
     377
     353
     350
     361
     349
     387
     380
     410
     378
     360
     356
     363
     344
     337
     348
     342
     352
     321
     354
     338
     329
     345
     356
     336
     373
     357
     386
     358
     333
     321
     296
     325
     301
     298
     297
     329
     281
     338
     291
     343
     335
     296
     312
     302
     288
     352
     310
     324
     290
     299
     288
     302
     252
     293
     286
     302
     285
     289
     291
     299
     311
     272
     287
     298
     292
     279
     277
     261
     275
     297
     287
     278
     288
     300
     262
     284
     272
     257
     282
     265
     255
     304
     254
     252
     263
     263
     264
     272
     305
     258
     291
     252
     257
     234
     283
     280
     363
     433
     558
     623
     581
     435
     318
     264
     316
     286
     311
     300
     295
     268
     243
     252
     257
     251
     236
     230
     178
     243
     200
     220
     195
     220
     210
     202
     216
     224
     208
     230
     204
     213
     209
     210
     204
     201
     208
     196
     203
     181
     197
     222
     195
     195
     215
     209
     189
     201
     176
     212
     193
     205
     190
     191
     184
     199
     184
     192
     191
     220
     186
     207
     176
     194
     200
     212
     171
     185
     198
     172
     200
     185
     179
     190
     196
     177
     202
     172
     193
     221
     211
     207
     181
     189
     176
     166
     163
     182
     178
     181
     182
     185
     195
     166
     164
     187
     176
     174
     174
     190
     158
     154
     148
     157
     153
     144
     154
     161
     157
     157
     159
     160
     166
     135
     142
     133
     168
     156
     161
     153
     145
     148
     154
     151
     147
     129
     154
     149
     161
     144
     123
     152
     150
     154
     156
     151
     150
     135
     152
     190
     204
     230
     268
     239
     229
     159
     139
     147
     145
     147
     151
     160
     142
     172
     159
     171
     165
     151
     132
     127
     112
     154
     124
     120
     142
     136
     128
     145
     146
     162
     202
     210
     196
     162
     169
     138
     129
     137
     130
     121
     117
     114
     121
     143
     136
     119
     132
     131
     131
     125
     125
     133
     135
     120
     120
     113
     167
     105
     110
     130
     122
      95
     127
     110
     120
     133
     133
     101
     124
     133
     112
     134
     100
     125
     121
     120
     127
     110
      99
     111
     120
     123
     115
     143
     139
     139
     122
     127
     113
     122
     107
     108
     114
     116
     109
     121
     112
     120
     125
     102
      90
     101
     103
     151
     105
     109
     103
     130
     167
     180
     213
     152
     126
     102
     125
     113
     124
     106
     101
     100
      92
     106
      98
      95
     103
      96
     105
     101
     112
     106
     103
      93
     100
      96
      98
     102
      93
      98
     107
     114
     129
     171
     248
     311
     301
     252
     196
     115
     102
      82
      92
      82
      93
      87
     106
      97
     101
      95
      74
      89
     107
      95
      95
      87
      82
      81
      96
      85
      82
      86
      83
      85
      98
     105
      77
      97
      96
      76
      86
      97
      87
      98
      87
      80
      83
      95
      75
      83
      83
      89
      86
      79
      87
      91
      87
      87
      77
      84
      67
      82
      86
      96
      99
      71
      74
      70
      86
      74
      74
      93
      87
      84
      84
      68
      79
      84
      87
      72
      94
      82
      83
      86
      85
      77
      82
      68
      96
      79
      91
      77
      72
      95
      95
      77
      78
      72
      82
      68
      96
      78
      73
      86
      77
      93
      69
      76
      74
      64
      79
      79
      84
      61
      69
      85
      89
      74
      76
      86
      64
      86
      75
      83
      67
      83
      72
      69
      86
      89
      71
      78
      78
      71
      70
      71
      88
      84
      76
      77
      74
      66
      77
      70
      69
      75
      71
      82
      79
      84
      77
      88
      75
      71
      78
      78
      68
      66
      77
      89
      80
      70
      65
      66
      81
      79
      77
      51
      65
      62
      67
      66
      59
      53
      71
      65
      65
      66
      62
      74
      76
      80
      64
      75
      59
      67
      78
      75
      58
      79
      70
      73
      72
      70
      80
      64
      75
      78
      72
      67
      65
      71
      73
      61
      71
      64
      59
      54
      69
      82
      64
      74
      62
      68
      65
      80
      57
      64
      63
      73
      84
      50
      76
      68
      74
      51
      56
      76
      55
      62
      62
      49
      68
      65
      57
      48
      66
      68
      64
      59
      54
      61
      65
      60
      72
      50
      63
      50
      52
      43
      55
      53
      59
      66
      58
      59
      63
      71
      61
      85
      73
      63
      68
      52
      53
      59
      61
      60
      68
      43
      49
      62
      49
      50
      64
      46
      52
      43
      58
      70
      53
      86
      79
      87
      83
      73
      59
      63
      61
      40
      52
      61
      54
      62
      51
      45
      56
      62
      67
      56
      52
      55
      50
      52
      79
      43
      42
      56
      67
      53
      56
      55
      62
      65
      48
      56
      52
      63
      53
      56
      43
      64
      57
      57
      59
      49
      41
      50
      58
      44
      40
      65
      55
      47
      53
      52
      62
      56
      53
      47
      61
      48
      37
      55
      65
      38
      51
      59
      46
      50
      51
      46
      60
      54
      62
      59
      53
      60
      68
      53
      50
      49
      49
      52
      56
      60
      46
      51
      53
      51
      56
      52
      62
      47
      40
      53
      48
      57
      49
      40
      51
      52
      46
      34
      45
      49
      51
      64
      47
      53
      52
      53
      67
      58
      56
      63
      45
      73
      86
      84
     106
     120
     132
     113
      68
      85
      58
      72
      44
      40
      57
      45
      45
      41
      42
      46
      44
      47
      50
      44
      44
      36
      40
      52
      57
      39
      56
      47
      44
      51
      40
      33
      57
      46
      50
      54
      51
      50
      33
      40
      43
      54
      50
      44
      58
      44
      51
      34
      47
      35
      47
      38
      51
      35
      54
      45
      56
      50
      49
      47
      44
      47
      56
      51
      58
      35
      39
      36
      38
      42
      43
      39
      46
      47
      47
      45
      41
      38
      52
      46
      46
      44
      38
      40
      41
      42
      41
      51
      40
      42
      50
      56
      56
      43
      38
      48
      41
      39
      51
      34
      40
      45
      40
      44
      46
      38
      34
      53
      36
      51
      40
      52
      39
      52
      39
      48
      39
      42
      43
      53
      51
      49
      47
      43
      32
      38
      42
      38
      48
      41
      56
      44
      38
      41
      49
      30
      46
      52
      38
      33
      35
      45
      46
      42
      35
      44
      48
      56
      40
      34
      46
      56
      48
      48
      41
      48
      42
      36
      35
      49
      50
      61
      46
      41
      30
      39
      36
      38
      33
      42
      39
      45
      37
      45
      57
      29
      45
      49
      59
      92
     111
     180
     184
     180
     131
      83
      72
      41
      45
      37
      29
      35
      47
      47
      27
      36
      32
      37
      31
      38
      34
      43
      38
      39
      42
      36
      34
      31
      30
      36
      31
      39
      45
      35
      35
      30
      31
      35
      30
      35
      43
      34
      36
      36
      42
      40
      49
      41
      40
      45
      54
      30
      50
      40
      34
      42
      36
      32
      42
      38
      45
      47
      51
      63
      93
     151
     192
     235
     242
     176
      99
      75
      58
      31
      32
      32
      45
      33
      30
      37
      38
      35
      34
      32
      34
      42
      35
      35
      29
      37
      33
      35
      39
      34
      27
      34
      34
      36
      39
      28
      30
      30
      40
      43
      39
      29
      36
      32
      29
      37
      38
      25
      33
      35
      31
      29
      29
      38
      37
      40
      37
      23
      41
      38
      35
      32
      47
      49
      37
      40
      41
      32
      32
      19
      41
      23
      26
      33
      21
      38
      30
      29
      30
      47
      34
      35
      27
      41
      28
      32
      45
      32
      27
      35
      39
      27
      32
      27
      20
      32
      29
      20
      31
      35
      30
      28
      32
      31
      34
      23
      32
      38
      38
      33
      29
      35
      38
      27
      37
      32
      20
      37
      31
      27
      37
      34
      31
      30
      36
      30
      37
      35
      41
      38
      32
      40
      55
      54
      49
      44
      37
      49
      40
      43
      39
      34
      27
      36
      36
      28
      27
      33
      32
      32
      46
      19
      29
      33
      31
      33
      35
      26
      38
      37
      28
      30
      25
      27
      23
      24
      30
      25
      35
      33
      32
      31
      22
      28
      44
      30
      36
      41
      26
      27
      31
      30
      24
      43
      35
      39
      28
      21
      27
      24
      35
      32
      36
      39
      31
      32
      23
      30
      31
      21
      39
      37
      37
      25
      26
      23
      25
      26
      28
      30
      30
      33
      28
      25
      24
      29
      28
      18
      27
      23
      29
      38
      29
      22
      34
      20
      27
      27
      22
      38
      27
      29
      36
      24
      34
      33
      48
      33
      25
      37
      38
      39
      27
      22
      26
      30
      34
      24
      27
      21
      26
      13
      36
      24
      37
      26
      37
      22
      20
      21
      29
      35
      28
      21
      22
      32
      19
      18
      28
      27
      36
      21
      22
      35
      25
      27
      28
      35
      30
      24
      27
      29
      28
      21
      27
      24
      27
      27
      26
      39
      23
      33
      31
      29
      32
      37
      59
      62
      55
      55
      39
      26
      37
      30
      25
      25
      28
      19
      22
      23
      24
      25
      33
      25
      36
      19
      33
      28
      22
      29
      24
      28
      29
      24
      33
      23
      25
      27
      24
      32
      23
      32
      29
      22
      30
      21
      21
      33
      24
      35
      25
      23
      32
      30
      18
      28
      29
      22
      16
      30
      30
      27
      26
      32
      20
      21
      18
      27
      25
      24
      30
      28
      27
      24
      20
      24
      23
      31
      28
      33
      22
      28
      26
      16
      23
      26
      32
      24
      30
      26
      28
      16
      24
      31
      20
      27
      27
      20
      22
      30
      44
      42
      59
      70
      61
      58
      51
      57
      31
      54
      38
      37
      40
      39
      28
      26
      37
      24
      30
      38
      22
      28
      31
      25
      19
      23
      19
      20
      29
      27
      26
      30
      38
      55
      60
      48
      51
      41
      28
      20
      19
      20
      22
      31
      27
      25
      23
      22
      20
      27
      18
      33
      34
      23
      27
      27
      34
      27
      25
      29
      26
      27
      21
      27
      21
      27
      27
      21
      21
      23
      32
      28
      29
      29
      41
      39
      54
      46
      34
      36
      29
      21
      26
      24
      16
      20
      17
      27
      17
      26
      17
      21
      16
      16
      25
      28
      18
      17
      29
      26
      12
      24
      25
      24
      22
      36
      26
      25
      21
      24
      28
      29
      21
      20
      19
      24
      26
      39
      27
      51
      47
      50
      41
      38
      26
      27
      22
      16
      24
      27
      16
      16
      30
      19
      22
      16
      16
      19
      25
      21
      17
      17
      18
      25
      23
      28
      31
      22
      26
      20
      17
      20
      29
      29
      22
      24
      20
      15
      26
      21
      15
      21
      29
      26
      13
      34
      24
      24
      20
      17
      26
      21
      27
      23
      23
      30
      35
      34
      38
      22
      27
      21
      21
      22
      18
      28
      26
      25
      23
      27
      26
      22
      31
      21
      17
      22
      20
      15
      17
      19
      20
      18
      19
      21
      20
      21
      31
      20
      28
      33
      38
      47
      44
      53
      52
      34
      46
      35
      24
      23
      21
      16
      14
      14
      14
      20
      22
      21
      24
      22
      22
      22
      24
      16
      26
      22
      32
      24
      49
      41
      33
      41
      32
      23
      20
      20
      17
      22
      21
      29
      13
      16
      18
      18
      12
      31
      19
      18
      21
      18
      20
      22
      22
      23
      15
      21
      16
      24
      16
      26
      21
      23
      26
      26
      15
      22
      25
      22
      14
      16
      24
      18
      23
      34
      22
      23
      30
      13
      24
      23
      23
      20
      31
      18
      22
      24
      30
      19
      12
      25
      19
      16
      13
      18
      18
      20
      20
      19
      12
      25
      21
      18
      28
      20
      14
      20
      10
      21
      22
      24
      20
      18
      17
      23
      18
      13
      18
      22
      16
      13
      14
      20
      23
      19
      18
      16
      23
      15
      24
      26
      18
      21
      24
      15
      23
      17
      10
       9
      28
      16
      22
      17
      19
      14
      23
      25
      21
      20
      18
      25
      27
      40
      33
      58
      75
     128
     126
     104
      86
      33
      34
      23
      25
      12
      23
      18
      28
      24
      21
      22
      19
      16
      16
      21
      19
      25
      19
      25
      30
      16
      14
      16
      20
      21
      12
      16
      17
      16
      18
      20
      13
      23
      22
      21
      15
      21
      17
       9
      11
      23
      22
      17
       9
      25
      20
      21
      12
      16
      16
      13
      17
      20
      39
      33
      33
      29
      18
      17
      21
      23
      15
      21
      19
      18
      18
      18
      18
      20
      19
      15
      17
      10
      22
      14
      17
      14
      18
      20
      14
      28
      19
      11
      13
      12
      19
      17
      17
      16
      22
      22
      17
      26
      24
      18
      21
      19
      16
      19
      18
      14
      17
      20
      13
      18
      18
      16
      10
      22
      21
      17
      20
      15
      18
      26
      16
      14
      17
      21
      27
      17
      17
      24
      17
      19
      21
      23
      22
      28
      34
      31
      35
      22
      27
      25
      20
      24
      31
      45
      60
      85
      72
      57
      59
      41
      30
      16
      12
      19
      19
      16
      24
      19
      15
      16
      17
      16
      12
      22
      21
      21
      18
      13
      20
      16
      17
       5
      17
      26
      17
      21
      17
      20
      15
      18
      19
      17
      18
      18
      18
      17
      15
      15
      19
      13
      18
      17
      10
      19
      13
      14
      27
      19
      16
      11
      19
      17
      14
      18
      16
      19
      16
      24
      19
      23
      18
      17
      10
      16
      20
      22
      15
      15
      21
      12
      19
      10
      11
      14
      17
      17
      18
      17
      15
      20
      12
      15
      13
      20
      19
       9
      15
      17
      16
      12
      20
      10
      11
      13
      15
      23
      18
      15
      22
      18
      21
      15
       9
      10
      17
      17
      16
      20
      19
      23
      23
      13
      17
       9
      12
      16
      11
      18
      17
      12
      10
      22
      10
      18
      13
      11
      17
      17
      17
      16
      11
      12
      20
      19
      14
      15
      10
      10
      13
      19
       8
      18
      21
      17
      18
      16
      13
      18
      13
      14
      19
      13
      15
      15
       9
      23
      18
      20
      15
      17
      20
      14
      24
      15
      18
      14
      16
      18
      15
      12
      17
      23
      20
      15
      10
      14
      10
      13
      14
      19
      15
      13
      18
      13
      16
      12
      11
      12
      26
       5
      18
      19
      16
      12
      19
      17
      19
      13
      16
      10
      26
      22
      17
      20
      14
      11
      16
       8
      25
      11
       9
      23
      25
      16
      11
      16
      16
      19
      20
      12
      18
      12
      15
      21
      15
      19
      21
      24
      13
      15
      15
      15
      19
      14
      20
      22
      21
      14
      20
      17
      13
      18
      20
      20
      14
      16
      15
      17
      20
      14
      20
      17
      11
      19
      17
      22
      22
      17
      18
      20
      11
      18
      18
      19
      15
      13
      10
      16
      15
      15
      20
      14
      16
      17
      17
      18
      10
      14
      16
      16
      13
      19
      12
      11
      19
      14
      16
      10
      12
      18
      16
      16
       6
      20
      17
      14
      14
      12
      21
      11
      11
      24
      13
      19
      15
      12
      15
      10
      11
      29
      23
      17
      20
      20
      23
      16
      16
      15
      18
      19
      13
      25
      12
      19
      17
      13
      16
      14
      21
      15
      23
      15
      25
      14
      18
      14
      18
      19
      17
      19
      12
      16
      18
      14
      17
      19
      25
      19
      11
      12
      15
      16
      21
      11
      16
      13
      12
      20
      33
      31
      40
      41
      39
      34
      28
      24
      23
      17
      16
      22
      36
      44
      56
      53
      65
      48
      24
      26
      26
      18
      10
      13
      23
      15
      19
      21
      17
      17
      23
      22
      19
      18
      27
      19
      18
      14
      13
      14
      11
      19
      10
      22
      15
      10
      15
      15
      11
      15
      15
      18
       9
      18
      12
      20
      20
      23
      11
      14
      13
      13
      15
      16
      13
       4
      17
      20
      16
      20
      21
      16
      20
      14
      14
      17
      11
      19
      17
      15
      22
      24
      20
      11
      12
      12
      13
      13
      14
      14
      14
      20
      21
      12
      13
      16
      21
      17
      18
      23
      16
      21
      19
      18
      15
      16
       7
      12
      11
      21
      17
      16
      17
      15
      14
      20
      10
       9
      21
      17
      20
      15
      22
      22
      23
      20
      16
      18
      18
       8
      23
      16
      15
      14
      11
      11
      18
      17
      15
      21
      12
      26
      21
      31
      26
      33
      53
      44
      46
      45
      35
      13
      26
      12
      15
      14
      15
      15
      19
      14
      18
      25
      19
      20
      13
      22
      10
      10
      18
      15
      16
      14
      13
      22
      19
      19
      12
      18
      18
      21
      12
      15
       8
      22
      16
      15
      19
      14
      16
      11
      18
      14
      14
      23
      13
      14
      23
      14
      17
      23
      10
       7
      19
      22
      20
      17
      11
      16
      14
      21
      25
       9
      23
      15
      17
      20
      11
      15
      13
      16
      16
      19
      14
      15
      13
      17
      16
      20
       9
      22
      11
      16
      17
      15
      15
      19
      16
      15
      12
      13
      24
      22
      15
      15
      13
      18
      16
      16
      20
      23
      15
      15
      14
      23
      21
      16
      22
      21
      11
      22
      17
      14
      25
      26
      22
      11
      22
      22
      27
      22
      14
      15
      14
      19
      19
      13
      12
      11
      18
      16
      16
      20
      20
      21
      17
      22
      21
      24
      19
      11
      10
      18
      16
      15
      19
      16
      13
      25
      13
      21
      18
      19
      15
      16
      16
      19
      25
      34
      32
      33
      34
      18
      33
      26
      18
      12
      13
      13
      11
      19
      14
      30
      12
      12
      10
      10
      10
      14
      14
      14
      15
      10
      13
      21
      19
      13
      15
      23
      15
       9
      10
      13
       7
      17
      12
      14
      17
      13
      12
      10
      10
       6
      19
      10
       9
      16
      15
      15
      14
      15
       8
      12
      13
      13
      15
      13
      11
      15
      13
      10
      12
      11
      14
       9
      19
       7
      12
       8
      19
       8
       7
       9
      13
       8
       7
       8
       6
      12
      13
      15
      11
      11
       9
      12
       7
      14
      14
      11
      15
      15
       4
       8
      10
       8
      11
       5
      13
       6
      12
      11
      14
      12
      17
      10
      12
      19
      16
      17
      20
      10
      17
       9
      11
      10
       9
      12
      11
      10
      12
       6
      19
      12
      11
       9
      10
      13
       7
      10
      10
      15
      10
      11
       9
      10
      12
      15
      10
      14
       6
      14
      11
      11
       7
       8
       7
       8
       8
      13
      13
       9
      12
       8
       8
       9
       7
       8
      11
      12
      11
       9
       6
      12
       5
       8
       8
       9
       9
       9
       8
      11
       9
       7
      10
      13
       7
      11
      11
       8
       4
      11
       8
      13
      10
       7
       8
      10
       6
       4
      13
      12
       5
      10
      12
      15
       9
       6
       8
       4
       6
       7
       5
       6
       7
       8
      10
      11
       7
      10
      10
       7
       9
       6
       8
       7
       9
       9
       6
       6
      10
      12
       6
      11
       8
       7
       7
       3
       9
       9
      12
      14
      14
      20
      27
      33
      47
      47
      35
      12
      21
      16
       6
       8
       8
       6
       4
      11
       8
       8
      11
       5
      10
      11
       6
       6
       9
       7
       6
      10
       8
       9
      10
       9
      10
       9
      12
       2
      10
       9
       4
       5
       8
       8
       6
       3
       8
       2
      12
       6
       7
       6
      11
       7
       8
      10
       6
       6
      11
       6
       6
       7
       8
       3
      10
       5
       4
      11
       4
       8
       8
       4
       6
      11
       8
       3
       5
       5
       8
       6
       4
       6
       9
       5
       7
       6
       8
       7
       6
       2
       7
       7
       8
       5
       6
       9
       4
       6
       5
       5
       9
       7
       4
       7
      10
       6
       4
       3
       5
       6
       6
       4
       7
       7
       4
      14
      12
      11
      16
      18
      16
       7
       4
       6
       8
       1
       7
       6
       7
       7
       4
       6
       8
       3
       2
       9
       6
       7
       6
       4
      12
       0
       7
       6
       0
       3
       9
       4
       9
       5
      11
       2
       4
       3
       4
       8
       3
       1
       6
       4
       4
       5
       4
       7
       7
       2
       3
       5
       5
       8
       8
       4
       7
       5
       4
       2
       7
      12
      10
      10
       7
      11
      12
       6
       4
       4
       8
       4
      10
       6
       6
      10
      11
      12
      14
      13
      11
       6
       8
       5
       6
       6
       9
       5
       5
       6
       3
       3
       2
       7
       4
       4
       6
       3
       7
       3
       4
       6
       7
       7
       5
       9
       6
       2
       4
       5
       5
       5
       3
       3
       3
       2
       2
       5
       6
       4
       5
       5
       3
       9
       6
       5
       3
       3
       6
       8
       3
       6
       7
       4
       6
       3
       6
       9
       6
       3
       3
       8
      10
       6
       6
       6
       7
       2
       4
       6
       6
       6
      10
       2
       5
       7
       7
       4
       8
       4
       8
       1
       8
       6
      11
       8
       6
       2
       4
       2
       4
       5
       5
       6
       5
       5
       4
       4
       7
       5
       6
       7
       5
       8
       2
       4
       6
       6
       8
       7
       5
      12
       5
       6
       3
      10
       6
       8
       7
       6
       9
       5
      13
      11
      36
      68
     118
     203
     296
     403
     472
     356
     268
     184
      95
      52
      17
       7
      13
       4
       4
       1
       2
       6
       3
       2
       8
       4
       1
       2
       5
       3
       4
       5
       3
       4
       4
       5
       3
       4
       6
       6
       5
      10
       4
       3
       5
       2
       4
       2
       4
       3
       4
       2
       5
       5
       5
       6
       1
       0
       3
       5
       3
       2
       3
       2
       2
       3
       0
       3
       5
       5
       4
       2
       2
       2
       4
       3
       4
       3
       6
       1
       4
       6
       5
       4
       2
       0
       4
       4
       8
       4
       3
       4
       8
       4
       3
       9
      10
       3
       6
       3
       3
       5
       4
       4
       4
       3
       3
       3
       5
       5
       8
       2
       1
       6
       5
       2
       6
       1
       4
       3
       3
       4
       2
       2
       5
       7
       6
       7
      12
      12
       7
       7
       9
       4
       3
       1
       6
       6
       3
       5
       1
       3
       2
       4
       5
       3
       4
       3
       1
       1
       5
       4
       1
       4
       1
       3
       4
       4
       2
       2
       3
       5
       5
       4
       2
       2
       1
       4
       1
       5
       3
       2
       3
       0
       2
       3
       3
       0
       4
       2
       2
       7
       6
       5
       6
       5
       5
       3
       2
       2
       4
       1
       4
       1
       4
       3
       4
       5
       2
       2
       8
       6
       1
       7
       1
       1
       4
       6
       4
       5
       4
       4
       2
       4
       3
       3
       3
       2
       2
       4
       2
       7
       4
       1
       3
       2
       5
       7
       2
       1
       4
       4
       1
       2
       1
       0
       3
       1
       2
       6
       4
       3
       3
       4
       5
       7
       1
       0
       1
       1
       1
       2
       7
       3
       2
       3
       2
       3
       3
       4
       2
       4
       4
       3
       3
       3
       3
       3
       1
       2
       1
       4
       1
       2
       2
       3
       3
       2
       3
       2
       4
       1
       5
       6
       5
       2
       6
       2
       0
       5
       2
       2
       1
       2
       4
       4
       3
       3
       2
       4
       8
       2
       2
       2
       3
       4
       5
       3
       2
       5
       3
       7
       4
       4
       6
       4
       6
       1
       3
       7
       5
       3
       9
       5
       9
       8
      12
       8
       2
       2
       4
       5
       9
      10
       9
      16
      17
      18
      12
      11
       8
       8
       2
       1
       3
       2
       3
       4
       1
       3
       3
       4
       5
       2
       2
       7
       3
       3
       4
       4
       2
       4
       3
       4
       3
       2
       1
       4
       3
       2
       3
       3
       1
       4
       2
       1
       0
       3
       0
       6
       1
       7
       2
       3
       3
       2
       1
       1
       3
       1
       4
       3
       1
       5
       5
       6
       4
       4
       5
       2
       0
       2
       3
       3
       3
       4
       5
       6
       4
       6
       5
       2
       6
       3
       3
       2
       5
       2
       5
       3
       2
       2
       3
       4
       1
       0
       5
       5
       5
       5
       9
       8
       9
       9
       1
       3
       4
       0
       1
       1
       5
       3
       2
       4
       4
       5
       3
       2
       2
       3
       2
       3
       6
       7
       3
       4
       3
       3
       5
       3
       1
       0
       4
       3
       4
       0
       6
       5
       2
       2
       2
       1
       2
       3
       3
       2
       2
       2
       3
       4
       4
       0
       3
       1
       6
       5
       2
       1
       3
       1
       5
       0
       3
       2
       3
       0
       2
       1
       3
       2
       3
       3
       5
       2
       3
       5
       4
       5
       3
       6
       4
       3
       2
       1
       2
       3
       1
       8
       3
       4
       4
       2
       1
       5
       4
       1
       4
       4
       2
       4
       0
       2
       7
       1
       5
       1
       4
       0
       1
       5
       0
       1
       1
       2
       1
       3
       1
       1
       4
       0
       5
       4
       2
       4
       3
       0
       3
       1
       2
       3
       2
       2
       3
       2
       1
       1
       6
       1
       0
       2
       3
       1
       3
       2
       5
       3
       0
       5
       4
       3
       3
       3
       2
       3
       0
       1
       3
       3
       3
       1
       1
       2
       1
       3
       2
       1
       1
       0
       1
       5
       3
       2
       2
       2
       0
       1
       0
       5
       0
       0
       2
       2
       2
       0
       4
       8
       1
       3
       2
       5
       1
       5
       1
       1
       2
       1
       3
       1
       1
       1
       1
       1
       2
       2
       2
       2
       2
       3
       1
       2
       1
       2
       3
       3
       5
       0
       3
       1
       2
       2
       3
       2
       1
       1
       0
       3
       3
       5
       1
       2
       1
       4
       0
       1
       1
       5
       4
       3
       0
       2
       2
       3
       1
       7
       5
       6
      12
       8
       4
       6
       9
       6
       3
       0
       4
       1
       5
       2
       4
       3
       4
       6
       2
       3
       0
       2
       2
       1
       4
       2
       1
       3
       3
       4
       2
       1
       1
       2
       4
       0
       4
       2
       0
       1
       2
       2
       4
       0
       1
       3
       3
       2
       0
       2
       0
       1
       1
       3
       2
       2
       3
       3
       0
       2
       0
       0
       1
       1
       1
       4
       2
       2
       3
       2
       2
       1
       2
       3
       3
       8
       1
       1
       4
       0
       6
       1
       0
       4
       4
       4
       9
      15
      17
      37
      26
      32
      29
      22
      21
      13
       4
       3
       1
       0
       3
       3
       0
       4
       6
       3
       2
       2
       1
       1
       2
       5
       0
       1
       2
       1
       1
       1
       1
       1
       3
       4
       3
       3
       4
       1
       0
       2
       6
       1
       2
       0
       1
       3
       6
       6
       1
       1
       2
       2
       3
       1
       2
       1
       1
       0
       3
       1
       3
       2
       2
       4
       1
       0
       1
       1
       1
       2
       4
       3
       0
       2
       3
       2
       1
       0
       2
       1
       1
       3
       2
       1
       0
       0
       2
       1
       1
       1
       2
       3
       5
       0
       0
       4
       4
       3
       0
       2
       3
       1
       0
       3
       1
       1
       2
       4
       2
       1
       4
       0
       2
       3
       2
       0
       2
       1
       3
       3
       2
       5
       1
       4
       4
       2
       2
       2
       3
       0
       5
       0
       4
       0
       3
       0
       1
       3
       2
       1
       2
       1
       4
       3
       1
       0
       4
       1
       0
       2
       1
       2
       4
       0
       2
       4
       4
       1
       3
       1
       2
       1
       1
       3
       0
       1
       1
       0
       3
       2
       1
       3
       1
       1
       4
       1
       2
       0
       0
       1
       0
       2
       1
       1
       5
       3
       4
       3
       2
       0
       2
       3
       2
       1
       3
       3
       1
       1
       2
       6
       1
       1
       4
       0
       4
       1
       7
       7
       5
       4
       6
       3
       5
       4
       3
       4
       2
       3
       3
       0
       0
       3
       3
       4
       2
       1
       2
       3
       4
       3
       0
       1
       1
       1
       2
       0
       0
       1
       4
       2
       2
       2
       4
       3
       3
       3
       1
       3
       2
       3
       2
       0
       4
       4
       1
       2
       0
       1
       1
       6
       5
       3
       0
       6
       1
       0
       2
       5
       4
       1
       1
       2
       4
       5
       2
       3
       1
       1
       1
       3
       1
       2
       2
       0
       0
       1
       0
       2
       2
       3
       1
       1
       0
       3
       3
       1
       2
       0
       1
       0
       2
       1
       1
       3
       0
       1
       0
       2
       1
       1
       0
       4
       1
       2
       1
       1
       1
       1
       1
       4
       3
       2
       2
       1
       4
       3
       3
       8
       1
       1
       2
       1
       0
       3
       2
       2
       4
       3
       1
       1
       2
       1
       5
       1
       1
       0
       1
       1
       1
       7
       0
       0
       0
       2
       4
       1
       3
       3
       0
       5
       1
       1
       1
       2
       0
       3
       3
       2
       2
       3
       4
       0
       1
       2
       1
       0
       2
       2
       3
       3
       3
       1
       0
       0
       1
       1
       3
       4
       1
       2
       5
       1
       0
       2
       1
       4
       1
       4
       2
       3
       2
       1
       2
       3
       0
       1
       4
       3
       3
       0
       1
       4
       4
       0
       1
       3
       2
       2
       2
       0
       1
       2
       1
       1
       1
       1
       0
       2
       1
       1
       4
       2
       4
       4
       0
       3
       2
       3
       1
       0
       1
       1
       0
       3
       2
       2
       1
       3
       2
       1
       2
       2
       0
       1
       1
       1
       4
       2
       2
       1
       0
       1
       4
       0
       2
       1
       2
       2
       4
       4
       1
       0
       2
       1
       2
       0
       2
       2
       0
       2
       3
       1
       1
       3
       2
       3
       2
       1
       0
       1
       1
       2
       2
       1
       3
       2
       0
       2
       4
       3
       1
       0
       0
       1
       4
       2
       2
       2
       4
       2
       2
       2
       1
       1
       3
       4
       2
       4
       2
       2
       5
       2
       1
       2
       0
       0
       1
       1
       2
       0
       1
       2
       1
       3
       0
       1
       2
       2
       0
       3
       2
       0
       2
       3
       1
       4
       2
       5
       0
       1
       2
       2
       1
       0
       1
       2
       1
       4
       1
       2
       3
       0
       2
       1
       1
       3
       0
       3
       3
       2
       1
       4
       3
       1
       1
       0
       3
       0
       3
       2
       1
       3
       1
       5
       2
       0
       0
       2
       1
       1
       2
       2
       2
       0
       3
       3
       2
       1
       1
       3
       1
       1
       2
       6
       0
       1
       2
       2
       2
       1
       1
       2
       1
       1
       0
       1
       4
       2
       1
       0
       4
       3
       1
       1
       3
       1
       0
       1
       1
       0
       0
       3
       2
       2
       3
       1
       1
       4
       2
       0
       3
       1
       3
       1
       4
       0
       1
       2
       2
       1
       1
       3
       1
       4
       1
       0
       0
       1
       0
       1
       5
       1
       3
       2
       1
       1
       1
       1
       3
       0
       1
       0
       2
       0
       1
       1
       0
       1
       1
       0
       2
       1
       2
       2
       1
       2
       1
       4
       2
       2
       1
       2
       1
       2
       2
       0
       2
       2
       3
       1
       0
       1
       2
       2
       1
       3
       0
       0
       3
       2
       5
       1
       3
       1
       1
       0
       1
       0
       1
       0
       2
       4
       1
       5
       3
       1
       0
       0
       0
       2
       2
       1
       1
       0
       1
       2
       4
       1
       1
       0
       1
       1
       2
       1
       0
       5
       1
       2
       3
       1
       0
       1
       2
       1
       2
       1
       2
       2
       3
       3
       2
       3
       1
       0
       1
       1
       1
       2
       1
       2
       3
       0
       3
       2
       4
       2
       0
       0
       2
       1
       2
       3
       1
       1
       2
       1
       0
       2
       4
       0
       1
       0
       0
       4
       1
       1
       2
       3
       1
       2
       2
       1
       0
       3
       2
       0
       1
       2
       2
       1
       1
       3
       1
       4
       0
       0
       1
       2
       3
       0
       1
       3
       3
       3
       1
       0
       2
       3
       1
       3
       1
       1
       2
       1
       3
       5
       3
       4
       0
       3
       5
       2
       4
       7
       9
       8
      11
       8
      15
       8
       2
       9
       9
       6
       4
       4
       3
       3
       2
       1
       4
       1
       3
       3
       1
       1
       4
       1
       2
       2
       2
       1
       1
       1
       0
       1
       0
       0
       2
       5
       0
       4
       2
       0
       5
       4
       4
       1
       2
       3
       1
       4
       1
       2
       1
       0
       1
       2
       2
       2
       2
       0
       2
       1
       3
       1
       1
       0
       0
       0
       0
       2
       0
       5
       0
       2
       2
       3
       3
       1
       1
       3
       0
       4
       2
       0
       6
       0
       3
       1
       2
       4
       3
       1
       0
       1
       0
       2
       0
       6
       2
       1
       2
       0
       1
       1
       2
       2
       2
       2
       2
       2
       1
       0
       3
       0
       2
       0
       1
       2
       2
       4
       0
       2
       0
       1
       1
       6
       1
       1
       2
       2
       3
       0
       2
       1
       0
       1
       5
       7
       2
       1
       1
       1
       4
       2
       1
       1
       1
       0
       0
       2
       5
       1
       2
       1
       0
       3
       2
       1
       3
       2
       2
       2
       3
       2
       1
       2
       1
       0
       2
       0
       1
       1
       2
       1
       0
       1
       1
       5
       1
       0
       5
       1
       0
       2
       2
       3
       2
       2
       1
       0
       2
       2
       2
       5
       0
       3
       0
       3
       4
       0
       2
       0
       3
       2
       1
       1
       3
       1
       2
       1
       2
       0
       2
       2
       1
       3
       0
       2
       1
       1
       2
       1
       2
       1
       3
       0
       1
       2
       0
       6
       5
       1
       2
       2
       2
       5
       1
       2
       2
       0
       1
       3
       3
       1
       0
       2
       2
       0
       0
       1
       2
       3
       0
       7
      11
       9
      12
       9
      11
       6
       5
       3
       2
       4
       1
       2
       2
       0
       4
       3
       2
       2
       1
       0
       1
       1
       3
       1
       1
       3
       1
       2
       2
       6
       1
       1
       2
       1
       1
       1
       4
       1
       2
       0
       1
       1
       3
       0
       3
       2
       2
       0
       2
       2
       1
       5
       3
       3
       2
       0
       1
       2
       2
       2
       2
       1
       2
       3
       0
       1
       3
       0
       1
       4
       1
       2
       1
       1
       4
       1
       0
       2
       1
       2
       2
       3
       2
       0
       2
       0
       3
       2
       1
       2
       3
       1
       2
       2
       3
       1
       1
       0
       1
       1
       2
       2
       0
       2
       1
       1
       4
       0
       2
       1
       1
       2
       3
       0
       2
       1
       1
       2
       7
       5
       2
       2
       1
       1
       3
       2
       1
       2
       2
       3
       2
       3
       2
       0
       0
       2
       1
       1
       2
       2
       1
       2
       3
       1
       1
       1
       1
       5
       2
       2
       0
       1
       3
       2
       1
       2
       0
       2
       4
       2
       2
       3
       1
       2
       1
       2
       1
       2
       2
       2
       2
       1
       2
       0
       0
       1
       1
       3
       4
       1
       2
       3
       1
       1
       0
       1
       2
       6
       2
       2
       2
       0
       3
       1
       6
       6
       2
       2
       2
       0
       1
       1
       2
       1
       1
       5
       0
       3
       0
       3
       0
       4
       7
       4
       0
       1
       1
       1
       2
       3
       1
       5
       0
       2
       3
       1
       1
       4
       2
       0
       4
       3
       1
       1
       2
       3
       2
       2
       1
       1
       0
       0
       1
       2
       2
       3
       2
       8
       0
       2
       5
       2
       1
       2
       2
       1
       1
       3
       1
       2
       1
       0
       1
       3
       3
       2
       0
       3
       1
       2
       3
       3
       2
       2
       0
       5
       2
       1
       0
       0
       1
       4
       0
       4
       0
       0
       0
       8
       1
       4
       2
       3
       4
       2
       0
       3
       1
       5
       4
       4
       1
       2
       2
       3
       2
       2
       3
       1
       1
       2
       2
       2
       3
       2
       2
       2
       4
       3
       4
       1
       3
       1
       1
       1
       1
       2
       3
       4
       2
       2
       2
       0
       2
       0
       2
       2
       8
       1
       2
       3
       2
       4
       3
       4
       1
       0
       4
       3
       4
       2
       2
       4
       2
       2
       0
       3
       1
       1
       3
       2
       3
       3
       3
       3
       0
       3
       4
       1
       0
       2
       4
       2
       1
       4
       3
       3
       2
       3
       3
       2
       2
       2
       2
       1
       0
       1
       0
       2
       1
       1
       2
       5
       2
       4
       2
       3
       3
       2
       2
       2
       1
       2
       1
       5
       2
       2
       0
       2
       3
       3
       5
       1
       2
       2
       1
       2
       0
       5
       4
       2
       1
       0
       2
       2
       3
       1
       0
       2
       2
       3
       2
       1
       2
       4
       2
       3
       3
       2
       3
       1
       0
       5
       0
       2
       1
       1
       3
       6
       3
       4
       2
       3
       1
       0
       2
       1
       0
       0
       2
       1
       0
       1
       2
       2
       2
       1
       1
       2
       4
       5
       0
       1
       1
       2
       1
       1
       1
       2
       2
       1
       1
       1
       3
       0
       1
       3
       2
       2
       0
       2
       1
       2
       1
       0
       2
       1
       0
       0
       0
       1
       0
       3
       2
       3
       2
       2
       3
       3
       1
       3
       0
       2
       1
       2
       3
       2
       1
       2
       2
       0
       1
       1
       0
       3
       2
       2
       3
       0
       2
       1
       3
       2
       1
       1
       0
       1
       1
       2
       1
       1
       2
       4
       1
       2
       2
       2
       2
       4
       4
       1
       3
       0
       1
       0
       1
       1
       0
       3
       1
       3
       2
       1
       0
       3
       2
       1
       2
       0
       1
       0
       1
       0
       0
       3
       2
       3
       0
       0
       1
       1
       2
       1
       1
       2
       0
       3
       1
       3
       2
       1
       1
       1
       0
       1
       0
       1
       1
       0
       1
       1
       1
       1
       0
       2
       0
       1
       3
       2
       5
       2
       4
       1
       2
       2
       1
       3
       1
       2
       3
       2
       2
       1
       1
       1
       1
       0
       3
       2
       1
       2
       3
       3
       0
       0
       2
       3
       1
       1
       0
       1
       2
       0
       0
       2
       0
       0
       1
       2
       2
       0
       0
       0
       1
       0
       3
       1
       0
       0
       0
       0
       2
       1
       0
       0
       1
       1
       0
       0
       1
       0
       0
       0
       1
       1
       0
       0
       3
       1
       2
       1
       0
       3
       3
       0
       0
       2
       0
       0
       1
       1
       0
       0
       0
       1
       1
       0
       0
       0
       0
       0
       0
       0
       1
       1
       0
       0
       0
       0
       0
       1
       0
       1
       0
       1
       0
       0
       3
       0
       0
       0
       0
       1
       1
       0
       1
       0
       0
       0
       1
       0
       0
       1
       1
       0
       0
       0
       0
       0
       0
       0
       0
       0
       0
       0
       0
       0
       0
       1
       0
       0
       0
       3
       0
       1
       1
       0
       0
       0
       0
       1
       0
       1
       0
       0
       0
       1
       0
       1
       1
       1
       0
       0
       1
       2
       0
       0
       0
       0
       0
       1
       2
       0
       1
       0
       0
       0
       0
       0
       0
       0
       0
       0
       1
       1
       2
       0
       0
       0
       0
       0
       1
       1
       0
       0
       1
       1
       0
       0
       0
       0
       1
       0
       0
       0
       1
       1
       1
       3
       2
       0
       0
       1
       0
       1
       1
       0
       1
       0
       0
       0
       0
       0
       0
       0
       0
       0
       0
       0
       2
       0
       0
       0
       0
       0
       0
       0
       1
       0
       1
       0
       1
       0
       0
       0
       0
       0
       0
       0
       0
       0
       0
       0
       0
       0
       0
       0
       0
       0
       0
       2
       0
       0
       1
       1
       0
       0
       1
       0
       0
       0
       1
       0
       1
       1
       1
       0
       1
       0
       0
       1
       0
       1
       0
       0
       0
       0
       0
       0
       0
       1
       1
       0
       0
       0
       0
       0
       0
       1
       0
       0
       0
       0
       0
       0
       0
       0
       0
       0
       0
       0
       0
       0
       0
       0
       0
       0
       0
       0
       1
       0
       0
       0
       0
       0
       0
       0
       0
       1
       0
       0
       0
       0
       0
       0
       0
       1
       0
       0
       1
       0
       1
       1
       1
       0
       0
       0
       1
       0
       0
       0
       1
       0
       0
       1
       0
       1
       0
       0
       0
       0
       0
       0
       2
       1
       0
       0
       0
       1
       0
       0
       0
       1
       0
       0
       0
       1
       1
       0
       0
       1
       0
       0
       0
       0
       0
       0
       0
       0
       0
       0
       0
       0
       0
       0
       0
       0
       0
       1
       3
       0
       0
       1
       0
       0
       0
       0
       4
       4
       8
      14
      21
      26
      37
      53
      50
      78
      42
      49
      40
      22
      10
       6
       4
       0
       1
       0
       0
       0
       0
       0
       0
       0
       0
       0
       0
       0
       0
       0
       0
       0
       0
       0
       0
       0
       1
       0
       1
       0
       0
       0
       0
       0
       0
       0
       0
       0
       0
       0
       0
       0
       0
       0
       0
       0
       0
       0
       1
       0
       0
       0
       0
       0
       1
       0
       0
       0
       0
       0
       0
       0
       0
       0
       0
       0
       0
       0
       0
       0
       0
       0
       0
       0
       0
       0
       0
       0
       0
       0
       0
       0
       0
       0
       0
       0
       1
       0
       0
       0
       0
       0
       0
       0
       0
       0
       0
       0
       0
       0
       0
       0
       0
       0
       0
       1
       0
       0
       0
       0
       1
       0
       1
       0
       0
       0
       0
       0
       0
       0
       0
       0
       0
       0
       0
       0
       0
       0
       0
       0
       1
       0
       0
       0
       0
       0
       0
       0
       0
       0
       0
       0
       0
       0
       0
       0
       0
       0
       0
       0
       0
       0
       0
       0
       0
       0
       0
       0
       0
       0
       1
       0
       0
       0
       0
       0
       0
       0
       0
       0
       0
       0
       0
       0
       0
       0
       0
       0
       1
       1
       0
       0
       0
       0
       0
       0
       0
       0
       0
       0
       0
       0
       0
       0
       0
       0
       0
       0
       0
       0
       0
       0
       0
       0
       0
       0
       0
       0
       0
       0
       0
       0
       0
       0
       1
       0
       0
       0
       0
       0
       0
       0
       0
       0
       0
       0
       0
       0
       0
       0
       0
       0
       0
       0
       0
       0
       0
       0
       0
       0
       0
       0
       0
       0
       0
       0
       0
       0
       0
       1
       0
       0
       0
       0
       0
       0
       0
       0
       0
       0
       0
       0
       0
       0
       0
       0
       0
       0
       0
       0
       0
       0
       0
       0
       0
       0
       0
       0
       0
       0
       0
       0
       0
       0
       0
       1
       0
       0
       0
       0
       0
       0
       0
       0
       0
       0
       0
       0
       0
       0
       0
       1
       0
       0
       0
       0
       0
       0
       0
       0
       0
       0
       0
       0
       0
       0
       0
       0
       0
       0
       0
       0
       1
       0
       0
       0
       0
       0
       0
       0
       1
       0
       0
       0
       0
       0
       0
       0
       0
       0
       0
       0
       0
       0
       0
       0
       0
       0
       0
       0
       1
       1
       0
       0
       0
       0
       0
       0
       0
       0
       0
       0
       0
       0
       0
       0
       0
       0
       0
       0
       0
       0
       0
       0
       1
       0
       0
       0
       0
       0
       0
       0
       0
       0
       0
       0
       0
       0
       0
       0
       0
       0
       1
       0
       0
       0
       0
       0
       0
       0
       0
       0
       0
       0
       0
       0
       0
       0
       0
       0
       0
       0
       0
       0
       0
       0
       0
       0
       0
       0
       0
       0
       0
       0
       0
       0
       0
       0
       0
       0
       0
       0
       0
       0
       0
       0
       0
       0
       0
       0
       0
       0
       0
       0
       0
       0
       0
       0
       0
       0
       0
       0
       0
       0
       0
       0
       0
       0
       0
       0
       0
       0
       0
       0
       0
       0
       0
       0
       0
       0
       0
       0
       0
       0
       0
       0
       0
       2
       0
       0
       0
       0
       0
       0
       0
       0
       0
       0
       0
       0
       0
       0
       0
       0
       0
       0
       0
       1
       0
       0
       0
       1
       0
       0
       0
       0
       0
       0
       0
       0
       0
       0
       0
       0
       0
       0
       0
       0
       0
       0
       0
       0
       0
       0
       0
       0
       0
       0
       1
       0
       0
       0
       0
       0
       0
       0
       0
       0
       0
       0
       0
       0
       0
       0
       1
       0
       0
       0
       0
       0
       0
       0
       0
       1
       0
       0
       0
       0
       0
       0
       0
       0
       0
       0
       0
       0
       1
       0
       0
       0
       0
       0
       0
       0
       1
       0
       1
       0
       0
       0
       0
       0
       0
       0
       0
       0
       0
       0
       0
       0
       0
       0
       0
       0
       0
       0
       0
       0
       0
       0
       0
       0
       0
       0
       0
       0
       0
       0
       0
       1
       0
       0
       0
       0
       0
       0
       0
       0
       0
       0
       0
       0
       0
       0
       1
       0
       0
       1
       0
       0
       0
       0
       0
       0
       0
       0
       0
       0
       0
       1
       0
       0
       0
       0
       0
       0
       0
       0
       0
       0
       0
       0
       0
       0
       0
       0
       0
       0
       0
       0
       0
       0
       0
       0
       1
       0
       0
       0
       0
       1
       0
       0
       0
       0
       0
       0
       0
       0
       0
       0
       0
       0
       0
       0
       0
       0
       0
       0
       0
       0
       0
       0
       0
       0
       0
       0
       0
       0
       0
       0
       0
       0
       0
       0
       0
       0
       0
       0
       0
       0
       0
       0
       0
       0
       0
       0
       0
       0
       0
       0
       0
       0
       0
       0
       0
       0
       0
       0
       0
       0
       0
       0
       0
       0
       0
       0
       0
       0
       0
       0
       1
       0
       0
       0
       0
       0
       0
       0
       1
       0
       0
       0
       0
       0
       1
       0
       1
       0
       1
       0
       0
       0
       0
       0
       0
       0
       0
       0
       0
       1
       0
       0
       1
       0
       0
       0
       0
       0
       0
       0
       0
       0
       0
       0
       0
       0
       0
       0
       0
       0
       0
       0
       0
       0
       0
       0
       1
       0
       0
       0
       0
       0
       0
       0
       0
       0
       0
       0
       0
       0
       0
       0
       0
       0
       0
       0
       0
       1
       0
       0
       0
       0
       0
       0
       0
       0
       0
       0
       0
       0
       0
       0
       0
       0
       0
       0
       0
       0
       0
       0
       0
       0
       0
       0
       0
       0
       0
       0
       0
       0
       0
       0
       0
       0
       0
       0
       0
       0
       0
       0
       0
       0
       0
       0
       0
       0
       0
       0
       0
       1
       0
       0
       0
       0
       1
       0
       0
       0
       0
       0
       0
       0
       0
       0
       0
       0
       0
       0
       0
       0
       0
       0
       0
       0
       0
       0
       0
       0
       0
       0
       0
       0
       0
       1
       0
       0
       0
       0
       0
       0
       0
       0
       0
       0
       0
       0
       0
       0
       0
       0
       0
       0
       0
       0
       0
       0
       0
       0
       0
       0
       0
       0
       0
       0
       0
       0
       1
       0
       0
       0
       0
       0
       0
       0
       0
       0
       0
       0
       0
       0
       0
       0
       0
       0
       0
       0
       0
       0
       0
       0
       0
       0
       0
       0
       0
       0
       0
       0
       0
       1
       0
       0
       0
       0
       0
       0
       0
       0
       0
       0
       0
       0
       0
       0
       0
       0
       0
       0
       0
       1
       1
       0
       0
       0
       0
       0
       0
       0
       0
       0
       0
       0
       0
       0
       2
       0
       0
       0
       0
       0
       0
       0
       0
       0
       0
       0
       0
       0
       0
       0
       0
       0
       0
       0
       0
       0
       0
       0
       0
       0
       0
       0
       0
       0
       0
       1
       0
       0
       0
       0
       0
       0
       0
       0
       0
       0
       0
       0
       0
       0
       0
       0
       0
       0
       0
       0
       0
       0
       0
       1
       0
       0
       0
       0
       0
       0
       0
       0
       0
       0
       0
       0
       0
       0
       0
       1
       0
       0
       0
       0
       0
       0
       0
       0
       0
       0
       0
       0
       0
       0
       0
       0
       0
       0
       0
       0
       0
       0
       0
       0
       0
       0
       0
       0
       0
       0
       0
       0
       0
       0
       0
       0
       0
       1
       0
       0
       0
       0
       0
       0
       0
       0
       0
       0
       0
       0
       0
       0
       1
       0
       0
       0
       0
       0
       0
       0
       0
       0
       0
       1
       0
       0
       1
       0
       0
       0
       0
       0
       0
       0
       0
       0
       0
       0
       0
       1
       0
       0
       0
       0
       0
       0
       0
       0
       0
       0
       0
       0
       0
       0
       0
       1
       0
       0
       0
       0
       0
       0
       0
       0
       0
       0
       0
       0
       0
       0
       0
       0
       0
       0
       0
       0
       0
       0
       0
       0
       0
       0
       0
       0
       0
       0
       0
       0
       0
       0
       0
       0
       0
       0
       0
       0
       0
       0
       0
       0
       0
       0
       0
       0
       0
       0
       0
       0
       0
       0
       0
       0
       0
       0
       0
       0
       0
       0
       0
       0
       0
       0
       0
       0
       0
       0
       0
       0
       0
       0
       0
       0
       0
       0
       0
       0
       0
       0
       0
       0
       0
       0
       0
       0
       0
       0
       0
       0
       0
       0
       0
       0
       0
       0
       0
       0
       0
       0
       0
       0
       0
       0
       0
       0
       0
       0
       0
       0
       0
       0
       0
       0
       0
       0
       0
       0
       1
       0
       0
       1
       0
       0
       0
       0
       0
       0
       0
       0
       0
       1
       0
       0
       0
       0
       0
       0
       0
       0
       0
       0
       1
       0
       0
       0
       0
       0
       0
       0
       0
       0
       0
       0
       0
       0
       0
       0
       0
       0
       0
       0
       0
       0
       0
       0
       0
       0
       0
       0
       0
       0
       0
       0
       0
       0
       0
       0
       0
       0
       0
       1
       0
       0
       0
       0
       0
       0
       0
       0
       0
       0
       0
       0
       0
       0
       0
       0
       0
       0
       0
       0
       1
       0
       0
       0
       0
       0
       0
       0
       0
       0
       0
       0
       0
       0
       0
       0
       0
       0
       0
       0
       0
       0
       0
       0
       0
       0
       0
       0
       0
       0
       0
       0
       0
       1
       0
       0
       0
       0
       1
       0
       0
       0
       0
       0
       0
       0
       0
       0
       0
       0
       0
       0
       0
       1
       0
       0
       0
       0
       0
       0
       0
       0
       0
       0
       0
       0
       0
       0
       0
       1
       0
       0
       0
       0
       1
       0
       0
       0
       0
       0
       0
       0
       0
       0
       0
       0
       0
       0
       0
       1
       0
       0
       0
       0
       0
       0
       0
       0
       0
       0
       0
       0
       0
       0
       0
       0
       0
       0
       0
       0
       0
       0
       0
       1
       0
       0
       0
       0
       0
       0
       0
       0
       0
       0
       0
       0
       0
       0
       0
       0
       0
       1
       0
       0
       0
       0
       0
       0
       1
       0
       0
       0
       0
       0
       0
       0
       0
       0
       0
       0
       0
       0
       0
       0
       0
       0
       0
       0
       0
       0
       0
       0
       0
       0
       0
       1
       0
       0
       0
       0
       0
       0
       0
       0
       0
       0
       0
       0
       0
       0
       0
       0
       0
       0
       0
       0
       0
       0
       0
       0
       0
       0
       0
       0
       0
       0
       0
       0
       0
       0
       0
       0
       0
       0
       0
       0
       0
       0
       0
       0
       0
       0
       0
       0
       0
       0
       0
       0
       0
       0
       0
       0
       0
       0
       0
       0
       0
       0
       0
       0
       0
       0
       0
       0
       0
       0
       0
       0
       0
       0
       0
       0
       0
       0
       0
       0
       0
       0
       0
       0
       0
       0
       0
       0
       0
       0
       0
       0
       0
       0
       0
       0
       0
       0
       0
       0
       0
       0
       0
       0
       0
       0
       0
       0
       0
       0
       0
       0
       0
       0
       0
       0
       0
       0
       0
       0
       0
       0
       0
       0
       0
       0
       0
       0
       0
$ROI:
0
$PRESETS:
Real Time
3600
0
$ENER_FIT:
8.931054 0.240803
$MCA_CAL:
3
8.931054E+000 2.408025E-001 6.157388E-008 keV
$SHAPE_CAL:
3
9.658150E+000 -1.618950E-003 2.758845E-007
