$SPEC_ID:
No sample description was entered.
$SPEC_REM:
DET# 1
DETDESC# EPS-140909 Easy-MCA-8k SN 16175454
AP# Maestro Version 7.01
$DATE_MEA:
02/26/2022 21:43:26
$MEAS_TIM:
3594 3600
$DATA:
0 8191
       0
       0
       0
       0
       0
       0
       0
       0
       0
       0
       0
       0
       0
       0
       0
       0
       0
       0
       0
       0
       0
       0
       0
       0
       0
       0
       0
       0
       0
       0
       0
       0
       0
       0
       0
       0
       0
       0
       1
       5
       8
      24
     777
    1421
     563
     385
     324
     325
     367
     378
     371
     313
     362
     337
     333
     361
     332
     326
     397
     394
     465
     446
     395
     377
     326
     339
     341
     339
     374
     372
     351
     326
     298
     282
     319
     326
     335
     335
     339
     327
     335
     326
     353
     331
     343
     358
     329
     343
     372
     344
     332
     358
     310
     353
     365
     357
     362
     365
     374
     386
     395
     394
     440
     460
     422
     442
     421
     445
     479
     518
     456
     500
     531
     553
     594
     644
     676
     798
     810
     840
     889
     878
     866
     886
     937
     855
     880
     818
     866
     869
     807
     837
     841
     892
     892
    1003
    1095
    1291
    1671
    2438
    3366
    4016
    4552
    4924
    5071
    4325
    2887
    1720
    1073
     971
     892
     913
     916
     898
     894
     928
     979
    1059
    1079
    1273
    1310
    1615
    2067
    2216
    2121
    1733
    1484
    1319
    1392
    1335
    1200
    1072
    1006
    1029
    1008
    1086
    1026
    1087
    1070
    1033
    1069
    1083
    1058
    1131
    1084
    1192
    1199
    1289
    1266
    1249
    1187
    1245
    1242
    1257
    1164
    1172
    1108
    1090
    1081
    1068
    1092
    1112
    1106
    1122
    1058
    1088
    1058
    1096
    1143
    1138
    1130
    1174
    1146
    1122
    1116
    1111
    1096
    1112
    1113
    1164
    1115
    1104
    1080
    1133
    1080
    1096
    1125
    1043
    1041
    1087
    1127
    1143
    1181
    1146
    1108
    1091
    1091
     983
     995
    1018
    1004
    1020
    1051
    1032
    1063
    1065
     995
    1053
    1017
    1005
    1051
    1054
    1010
    1008
    1006
     958
    1003
     947
    1001
     981
     972
     985
     959
    1029
     947
     974
     969
     958
     939
     933
     957
    1010
     917
     921
     976
     898
     925
     938
     869
     980
     956
     923
     903
     914
     897
     933
     900
     949
     894
     947
     896
     877
     900
     877
     920
     862
     835
     877
     891
     816
     864
     825
     870
     860
     853
     842
     839
     864
     854
     788
     798
     839
     832
     800
     783
     784
     795
     805
     727
     803
     814
     829
     800
     836
     801
     769
     779
     804
     780
     778
     764
     722
     788
     737
     723
     714
     776
     725
     699
     711
     693
     735
     724
     783
     710
     666
     732
     746
     678
     684
     703
     737
     729
     678
     675
     652
     679
     635
     663
     655
     659
     643
     698
     703
     659
     629
     692
     614
     639
     636
     660
     649
     633
     628
     586
     618
     662
     629
     624
     586
     581
     588
     612
     580
     582
     576
     559
     559
     633
     598
     586
     596
     552
     560
     548
     579
     574
     553
     523
     539
     543
     537
     542
     563
     567
     536
     524
     557
     512
     542
     521
     477
     525
     488
     545
     510
     489
     498
     560
     479
     528
     517
     498
     439
     493
     478
     481
     479
     516
     499
     518
     453
     520
     518
     495
     466
     451
     478
     443
     464
     477
     450
     468
     437
     510
     417
     485
     419
     392
     428
     433
     445
     447
     461
     446
     450
     426
     418
     438
     441
     438
     387
     461
     480
     478
     506
     449
     466
     398
     419
     402
     417
     385
     364
     410
     399
     419
     396
     374
     397
     389
     404
     403
     392
     371
     354
     390
     387
     373
     384
     415
     397
     334
     360
     375
     366
     339
     353
     373
     354
     375
     365
     374
     402
     402
     404
     363
     385
     364
     346
     386
     353
     358
     337
     353
     355
     348
     363
     318
     342
     320
     354
     338
     370
     371
     353
     335
     319
     331
     316
     320
     318
     297
     309
     333
     303
     296
     315
     330
     319
     272
     303
     268
     291
     301
     295
     317
     286
     296
     302
     289
     297
     317
     304
     319
     274
     308
     265
     268
     264
     300
     278
     304
     311
     286
     278
     268
     273
     297
     302
     278
     264
     265
     294
     252
     264
     273
     270
     249
     274
     275
     249
     280
     234
     266
     277
     256
     295
     248
     271
     289
     254
     302
     350
     465
     540
     607
     578
     439
     353
     284
     276
     283
     319
     274
     277
     294
     242
     232
     208
     230
     215
     226
     229
     206
     196
     204
     217
     205
     227
     195
     212
     219
     228
     184
     216
     220
     201
     198
     215
     216
     216
     194
     211
     227
     202
     196
     192
     186
     204
     176
     214
     192
     192
     215
     224
     183
     230
     188
     211
     185
     222
     170
     180
     199
     192
     213
     193
     178
     159
     181
     199
     201
     186
     194
     165
     189
     162
     173
     185
     162
     186
     192
     185
     194
     205
     208
     161
     173
     168
     172
     156
     181
     175
     157
     172
     153
     198
     169
     161
     204
     185
     207
     186
     177
     154
     186
     176
     165
     167
     147
     156
     160
     153
     179
     146
     157
     151
     146
     161
     167
     147
     162
     151
     154
     147
     169
     166
     164
     174
     155
     151
     155
     159
     174
     165
     157
     153
     161
     134
     140
     152
     158
     169
     189
     215
     270
     284
     273
     226
     184
     136
     143
     179
     161
     150
     137
     153
     201
     146
     158
     160
     140
     120
     147
     135
     160
     145
     156
     135
     143
     119
     155
     160
     164
     202
     193
     199
     160
     156
     131
     140
     122
     128
     144
     136
     147
     113
     125
     123
     114
     111
     108
     119
     127
     121
     120
     151
     128
     126
      98
     138
     117
     123
     113
     112
     150
     116
     125
     131
     136
     113
     110
     121
     108
     107
     112
     135
     112
     105
     110
     115
     116
     112
      99
     123
     124
     122
     136
     154
     144
     128
     112
     110
     113
     100
     136
     103
     104
      98
     128
     106
     128
     117
     123
     124
     107
     110
      99
     109
     109
     119
     112
     183
     177
     182
     177
     155
     115
     112
      92
      88
     118
     116
     112
      93
     102
      95
     110
     101
     123
     113
      96
      92
     118
      93
     113
      91
     103
     118
      99
      96
     118
      98
     107
     123
     180
     263
     311
     332
     273
     163
     154
      96
      86
      85
      95
      90
      83
      89
      78
      82
     101
      82
      87
     104
      96
      91
      93
      87
      95
      97
      95
      82
      93
      93
      71
      85
      90
      87
      86
     100
     101
      79
      93
      94
      82
      75
      78
      87
      65
      94
      84
      87
      83
     106
      80
      77
      74
      81
      82
      92
      84
      79
      84
      66
      74
      87
      79
      89
      73
      81
      80
     102
      79
      95
      90
      84
      81
      82
      79
      79
      81
      75
      85
      70
      91
      92
      71
      79
      82
      74
      98
      78
      59
      89
      74
      75
      72
      79
      81
      78
      85
      76
      76
      92
      78
      73
      72
      70
      77
      69
      55
      79
      82
      77
      74
      89
      44
      79
      63
      90
      69
      69
      77
      69
      81
      82
      75
      94
      80
      76
      64
      70
      60
      58
      66
      68
      60
      67
      94
      69
      76
      81
      68
      91
      91
      76
      69
      73
      88
      93
      78
      82
      77
      73
      77
      71
      85
      72
      65
      79
      66
      74
      63
      78
      72
      75
      84
      77
      69
      85
      73
      58
      60
      74
      64
      70
      59
      73
      70
      92
      83
      72
      69
      83
      68
      69
      63
      82
      70
      69
      64
      55
      74
      62
      67
      79
      71
      55
      73
      66
      74
      56
      73
      69
      54
      65
      62
      73
      74
      63
      79
      76
      74
      76
      67
      71
      65
      57
      69
      62
      76
      59
      67
      72
      81
      72
      49
      54
      64
      56
      53
      56
      79
      64
      62
      60
      60
      59
      58
      54
      70
      66
      75
      63
      72
      52
      63
      67
      53
      51
      43
      68
      56
      70
      66
      63
      62
      65
      53
      54
      54
      78
      64
      62
      61
      51
      60
      55
      57
      63
      65
      58
      61
      48
      65
      50
      52
      50
      52
      58
      68
      80
      72
      80
      87
      68
      72
      71
      47
      49
      52
      54
      49
      73
      61
      59
      46
      44
      57
      63
      58
      55
      70
      55
      59
      50
      60
      61
      61
      55
      51
      54
      53
      77
      54
      48
      54
      52
      58
      46
      63
      68
      53
      51
      53
      56
      44
      47
      63
      61
      46
      40
      44
      58
      62
      57
      68
      54
      43
      61
      67
      62
      50
      42
      49
      53
      60
      51
      37
      48
      53
      49
      65
      49
      51
      54
      71
      37
      40
      42
      40
      62
      54
      55
      43
      54
      48
      52
      53
      68
      38
      57
      44
      47
      73
      41
      49
      52
      44
      47
      51
      55
      52
      47
      57
      33
      39
      46
      47
      45
      53
      53
      43
      47
      58
      57
      63
      60
      55
      70
      77
     122
     108
     119
     123
     123
      70
      68
      46
      51
      39
      60
      51
      42
      52
      55
      37
      58
      46
      51
      51
      44
      54
      45
      44
      61
      61
      48
      54
      48
      25
      42
      44
      41
      55
      39
      58
      51
      39
      46
      43
      42
      39
      43
      49
      42
      52
      44
      51
      36
      44
      52
      37
      42
      48
      41
      48
      46
      47
      47
      48
      50
      36
      54
      44
      52
      41
      46
      49
      44
      44
      47
      43
      46
      37
      45
      54
      39
      44
      33
      48
      44
      28
      34
      36
      36
      54
      50
      63
      48
      43
      37
      51
      43
      33
      47
      48
      43
      41
      45
      60
      38
      35
      45
      39
      40
      56
      33
      53
      38
      43
      37
      44
      51
      40
      37
      40
      46
      44
      50
      41
      47
      41
      44
      35
      48
      44
      39
      46
      47
      27
      54
      46
      37
      50
      42
      45
      44
      43
      48
      41
      45
      37
      48
      40
      42
      37
      44
      49
      51
      53
      36
      49
      42
      35
      40
      41
      50
      48
      42
      42
      43
      34
      53
      21
      32
      39
      31
      41
      40
      39
      30
      52
      35
      42
      42
      52
      27
      43
      52
      82
     134
     169
     176
     172
     129
      93
      60
      47
      49
      51
      36
      36
      38
      35
      38
      34
      36
      31
      50
      38
      41
      35
      24
      36
      41
      47
      35
      39
      38
      31
      49
      37
      38
      32
      41
      35
      27
      46
      41
      41
      43
      55
      38
      33
      40
      43
      49
      25
      39
      45
      43
      36
      48
      41
      32
      44
      37
      29
      41
      33
      33
      40
      47
      48
      98
     135
     191
     242
     254
     167
     121
      87
      54
      39
      37
      42
      29
      27
      33
      30
      35
      38
      38
      34
      44
      30
      36
      36
      35
      35
      36
      24
      45
      26
      35
      36
      31
      34
      36
      39
      32
      33
      27
      35
      28
      40
      33
      36
      29
      38
      36
      25
      26
      35
      38
      36
      38
      33
      47
      33
      37
      38
      32
      27
      27
      32
      27
      33
      43
      35
      34
      34
      35
      38
      40
      36
      23
      33
      42
      37
      36
      36
      41
      26
      33
      40
      27
      28
      31
      35
      28
      28
      30
      35
      33
      27
      39
      37
      28
      35
      33
      34
      36
      42
      39
      28
      35
      29
      28
      38
      31
      26
      19
      38
      34
      34
      26
      31
      34
      25
      43
      34
      32
      36
      33
      34
      30
      43
      31
      30
      35
      37
      38
      27
      37
      38
      43
      48
      52
      48
      39
      38
      31
      43
      32
      25
      33
      42
      32
      36
      30
      41
      31
      28
      32
      33
      28
      30
      27
      43
      33
      24
      23
      22
      36
      24
      42
      36
      29
      29
      25
      24
      24
      38
      28
      26
      37
      40
      42
      31
      34
      36
      35
      41
      36
      22
      29
      42
      34
      26
      29
      26
      31
      34
      33
      26
      32
      33
      48
      33
      25
      21
      27
      26
      29
      22
      30
      39
      28
      48
      27
      25
      33
      30
      30
      25
      30
      28
      37
      30
      24
      21
      26
      36
      29
      33
      18
      29
      20
      33
      29
      29
      21
      35
      29
      32
      29
      37
      31
      44
      28
      24
      28
      36
      26
      31
      30
      27
      30
      35
      25
      32
      29
      35
      38
      29
      30
      29
      43
      23
      29
      27
      26
      30
      29
      33
      17
      27
      38
      18
      32
      34
      25
      24
      32
      28
      29
      20
      39
      23
      23
      33
      26
      26
      28
      20
      29
      23
      30
      29
      37
      22
      31
      30
      33
      24
      25
      38
      42
      40
      48
      63
      46
      49
      45
      31
      22
      23
      32
      26
      33
      37
      25
      24
      36
      28
      21
      22
      24
      23
      23
      17
      32
      30
      33
      26
      35
      22
      22
      27
      29
      18
      28
      14
      30
      35
      30
      33
      32
      20
      24
      30
      27
      36
      20
      33
      36
      22
      20
      27
      24
      26
      35
      28
      21
      30
      25
      32
      35
      20
      27
      36
      25
      30
      30
      32
      35
      22
      28
      29
      37
      38
      16
      25
      23
      23
      20
      25
      21
      28
      19
      26
      24
      38
      20
      21
      23
      34
      25
      24
      26
      28
      23
      31
      40
      44
      59
      71
      81
      62
      60
      38
      38
      46
      42
      41
      36
      43
      27
      22
      25
      30
      25
      33
      29
      20
      25
      31
      21
      26
      25
      15
      21
      27
      32
      34
      38
      60
      53
      53
      40
      44
      32
      33
      28
      17
      27
      22
      25
      23
      28
      44
      12
      21
      27
      27
      28
      37
      28
      28
      40
      22
      17
      22
      35
      27
      21
      23
      24
      20
      13
      21
      29
      36
      14
      25
      21
      31
      36
      50
      40
      36
      36
      17
      26
      20
      26
      21
      20
      16
      19
      22
      29
      22
      20
      27
      29
      17
      30
      15
      14
      14
      14
      17
      26
      20
      26
      24
      34
      30
      32
      23
      22
      26
      23
      21
      24
      17
      29
      21
      24
      38
      36
      32
      43
      45
      39
      35
      30
      27
      15
      25
      26
      12
      25
      21
      18
      22
      18
      31
      28
      18
      13
      16
      25
      19
      26
      18
      19
      14
      21
      22
      21
      27
      27
      17
      17
      21
      21
      34
      26
      24
      20
      20
      28
      15
      19
      22
      24
      23
      22
      21
      25
      22
      29
      23
      28
      18
      34
      32
      23
      24
      23
      30
      32
      17
      20
      25
      18
      30
      25
      21
      24
      23
      39
      27
      27
      11
      17
      22
      20
      19
      17
      19
      23
      22
      24
      15
      30
      23
      19
      26
      29
      23
      40
      34
      52
      57
      41
      51
      35
      18
      26
      20
      30
      20
      11
      19
      19
      15
      21
      17
      19
      19
      21
      10
      17
      28
      18
      19
      18
      30
      30
      38
      43
      37
      37
      26
      31
      28
      32
      24
      14
      22
      19
      26
      21
      22
      17
      23
      24
      12
      16
      32
      24
      21
      19
      17
      22
      15
      24
      14
      19
      16
      21
      16
      26
      23
      24
      13
      20
      17
      11
      17
      16
      13
      17
      12
      26
      23
      23
      20
      27
      26
      13
      14
      15
      18
      16
      20
      26
      20
      21
      20
      19
      19
      28
      20
      13
      15
      30
      30
      19
      24
      21
      15
      16
      24
      19
      24
      19
      23
      19
      24
      23
      30
      28
      26
      19
      23
      20
      17
      21
      19
      25
      17
      14
      23
      23
      16
      14
      25
      28
      22
      24
      14
      31
      20
      21
      18
      31
      18
      25
      21
      23
      24
      16
      25
      25
      23
      16
      15
      25
      18
      27
      20
      33
      63
      83
     108
     118
      98
      82
      76
      26
      25
      28
      21
      16
      20
      19
      20
      12
      19
      20
      16
      17
      20
      22
      24
      21
      12
      19
      22
      20
      21
      18
      11
      11
      23
      22
      16
      19
      15
      22
      16
      15
      13
      23
      17
      11
      23
      18
      19
      17
      16
      20
      12
      22
      18
      18
      15
      19
      20
      16
      25
      24
      25
      28
      30
      20
      24
      24
      18
      20
      14
      21
      25
      17
      19
      13
      19
      13
      18
      25
      19
      14
      23
      13
      13
      19
      16
      18
      18
      14
      21
      18
      15
      20
      15
      26
      28
      24
      23
      16
      21
      29
      21
      19
      19
      24
      25
      14
      19
      24
      19
      20
      19
      23
      20
      16
      20
      20
      15
      26
      21
      22
      16
      17
      25
      14
      22
      18
      19
      24
      13
      11
      22
      19
      14
      31
      26
      33
      31
      35
      27
      23
      28
      26
      23
      24
      47
      62
      73
      77
      66
      59
      38
      21
      26
      11
      17
      19
      24
      16
      17
      17
      23
      19
      14
      16
      11
      15
      14
      15
      22
      21
      28
      12
      12
      16
      11
      15
      20
      20
      30
      19
      19
       8
      14
      20
       9
      20
      13
      21
      22
      13
      16
      14
      12
      15
      19
      17
      18
      11
      17
      26
       8
      20
      17
      18
      16
      20
      24
      20
      11
      17
      15
      16
      16
      19
      18
      17
      17
      16
      11
      20
      18
      13
      16
      32
      18
      17
      25
      13
      15
      12
      16
      23
      19
      21
      18
      15
      12
      13
      19
      14
      12
      14
      11
      22
      17
      15
      12
      10
      15
      19
      17
      13
      21
      16
      16
      11
      16
      19
       7
      14
      13
      23
       9
      22
      22
      20
      12
      13
      12
      13
      12
      10
      14
      19
      12
      13
      14
      16
      15
      16
      10
      15
      16
      17
      21
      13
      23
      16
      18
      15
      18
      15
      18
       9
      13
      12
      17
      17
      15
      12
      17
      15
      17
      16
      14
      14
      19
      13
      13
      16
      17
      20
      23
      14
      23
      17
       9
      14
      17
      15
      14
      17
      20
      15
      17
      11
       9
      20
      10
      21
      18
      21
      16
      16
      14
      12
      18
      16
      17
      20
      19
      12
      15
      18
       9
      11
      13
      11
       8
      19
      13
      18
      14
      18
      19
      19
      11
      16
      16
      17
      12
      17
      13
      12
      15
      15
      11
      14
      13
      12
       7
      24
      20
      13
       8
      12
      14
      15
      24
      16
      16
      15
      18
      13
      22
      24
      14
      17
      24
      21
      11
      19
      17
      12
      15
      11
       9
      13
      22
      17
      11
      12
      17
      16
       7
      17
      16
      11
      15
      25
      12
      10
       8
      18
      18
       7
      19
      14
      21
      11
      19
      16
      16
      11
      17
      13
      22
      14
      28
      15
      19
      14
      20
      18
      19
      13
      18
      14
      13
      18
      24
      11
      14
      18
      15
      15
       8
      18
       6
      19
       9
      19
      17
      20
      21
      14
      10
      17
      16
      14
      14
      16
      17
      11
      17
      21
      17
      18
       9
      10
      12
      21
      12
      16
      15
      12
      20
      13
       9
      22
      15
       9
      14
      14
      24
      14
      19
      20
      17
      12
      11
      13
      16
      20
      16
      16
      17
      14
      14
      14
      18
      14
      17
      12
      14
      20
      16
      27
      15
      19
      32
      39
      49
      27
      37
      21
      22
      30
      13
      15
      23
      32
      42
      63
      63
      51
      48
      29
      22
      26
      23
      15
      16
       8
      19
      19
      16
      17
      18
      16
      16
      23
      17
      14
      16
      10
      19
       9
       9
      20
      13
      14
      23
      25
      18
      15
      22
      15
      16
      18
      18
      14
      17
      11
      20
      13
      20
      14
      19
      16
      10
      18
      24
      14
      18
      13
      19
      16
      16
      16
      19
      15
      14
      16
      18
      12
      14
      18
      19
      11
      16
      13
      15
      18
      11
      21
      17
      22
      16
      14
      20
      12
      11
      16
      15
      13
      12
      17
      18
      17
      21
      20
      21
      28
      15
      12
      17
      17
      12
      12
      16
      14
      13
      18
      20
      12
      13
      11
      16
      16
       9
      15
      12
      21
      14
      16
      10
      11
      16
      22
      22
      13
      13
      11
      14
      23
      17
      20
      15
      23
      14
      27
      10
      32
      36
      56
      36
      45
      43
      33
      20
      13
      19
      13
      22
      26
      19
      11
      16
      16
       9
      17
      12
      16
      12
      15
      21
      23
      14
      15
      21
      14
      15
      17
      22
      29
      20
      12
      15
      13
      18
      16
      15
      14
      14
      18
      15
      18
      17
      21
       8
      19
      19
      11
      13
      19
      17
      16
      12
      12
      18
      25
      23
      19
      10
      14
      19
      12
      13
      15
      16
      15
      18
      21
      14
      15
      16
      13
      20
      13
      22
      23
      16
      29
      18
      21
      15
      15
      15
      24
      18
      21
      17
       9
      21
      19
      14
      25
      19
      18
      13
      19
      17
      18
      13
      24
      15
      21
      16
      23
      19
      20
      19
      22
      19
      17
      23
      20
      19
      17
      20
      11
      25
      19
      18
      20
      22
      20
      20
      13
      11
      15
      25
      13
      14
      15
      18
      18
       6
      15
      21
      17
      25
      13
      16
      18
      18
      18
      18
      18
      19
       9
      17
      21
      24
      16
      12
      20
      23
      16
      20
      11
      17
      13
      25
      32
      27
      35
      35
      29
      34
      26
      18
      18
      22
      19
      16
      16
      13
      20
      15
      13
      15
      10
      12
       8
      27
      15
      11
      23
      16
      21
      24
      13
      11
      13
      13
      10
      11
      13
      11
      15
      13
       7
       9
      19
       6
      13
      16
      17
      13
      20
      13
       7
      17
      14
      13
      17
      10
      14
      12
       9
      11
      18
      13
       9
      12
      12
       9
      10
      20
      10
      10
      13
       9
      13
       5
      11
      14
      14
      22
       7
      16
      11
      12
       9
       8
      10
       9
      14
       7
      14
      14
      10
      13
      14
      10
      14
      14
      17
      17
      18
       4
       8
      15
      12
       6
      15
      11
      12
      14
      11
      11
      11
      17
      19
      12
      11
       6
      14
      10
      12
       6
      15
      12
       6
      15
      11
       5
      10
      16
       9
      10
      11
       6
       9
       8
       8
      18
      14
       5
       8
      10
       7
       4
       9
       6
      10
       8
       8
       8
      12
      10
       8
       6
       9
       9
      13
      10
       8
      11
       9
       6
       9
      10
       8
      10
      13
       7
       8
      14
       7
      10
      10
      12
      10
       6
      12
       7
       7
       6
      12
       7
      11
      14
      10
      10
       6
      11
      12
       8
       8
       8
       8
       6
       5
       8
       5
       6
      10
      11
      12
       6
      11
       5
       9
      14
      11
      11
       8
       9
       2
       4
       8
       6
       5
       9
       6
       6
      12
      10
       5
       5
       8
      13
      12
       9
       6
      12
       9
       6
       5
      14
      10
       7
       6
       9
      11
      13
      17
      27
      27
      39
      39
      23
      36
      21
      15
       9
       6
       5
      11
       4
       6
       4
       9
       6
       8
      10
       8
       4
      13
       4
       9
       8
       4
       8
       7
       7
       5
       3
       7
       9
       4
       4
       6
       7
       3
       4
       7
       9
      10
      10
       8
      11
      10
       5
       6
       4
       9
       7
      10
       7
       9
       8
       8
      11
       5
       5
       5
       5
       8
       9
       4
      11
       8
       5
      12
       8
       5
       5
       7
       4
       8
       6
       2
       6
       5
       4
       4
       7
       7
       7
       8
       7
       4
       3
       8
       6
       8
       8
       5
       1
       4
       7
       3
       5
       5
       4
       4
       3
       4
       5
       7
       2
       8
       6
       5
      10
       5
       6
       6
       4
      14
      10
      15
      22
      24
      15
      13
       8
       9
       4
       7
       3
       4
       6
       4
       8
       3
       5
      11
       5
       7
      11
       7
       8
       8
       7
       7
       6
       7
       6
       5
       6
       3
       4
       3
       4
       3
       9
       7
       7
       2
       4
       6
       5
       5
       9
       5
       2
       4
       5
       6
       4
       9
       6
       4
       7
       6
       2
       5
       7
      13
       5
       7
       7
       4
       9
       5
       5
       7
       5
       4
       4
      11
       6
       6
       7
       4
      12
       6
      16
      11
      11
      13
       2
       4
       4
       3
       6
       3
       3
       6
       2
       3
       1
       8
       5
       3
       5
       5
       6
       8
       3
       2
       9
       3
       4
       5
       6
      11
       5
       3
       2
       4
       3
       6
       6
       1
       8
       5
       4
       7
       5
       5
       4
       7
       4
       7
       4
       5
       6
       8
       8
       9
       7
       3
       6
       8
       5
       7
       8
       2
       7
       4
       2
       8
       4
       5
       5
       3
       5
       5
       3
       8
       6
       2
       5
       5
       5
       3
       1
       8
       2
       2
       4
       5
       9
       3
       6
       4
       7
       6
       4
       3
       3
       4
       9
       5
       7
       6
       9
       5
       7
       5
       7
       5
       7
       5
       3
       8
       4
       2
       3
       7
       8
       7
       2
       6
       6
       5
       8
       3
       6
      12
      11
      38
      67
     123
     213
     319
     390
     437
     361
     291
     169
     107
      46
      17
      10
       3
       5
       5
       0
       6
       1
       3
       3
       7
       2
       2
       5
       2
       6
       2
       3
       0
       4
       4
       0
       1
       3
       2
       5
       4
       3
       1
       3
       4
       5
       3
       3
       4
       0
       7
       5
       5
       1
       3
       3
       2
       3
       4
       4
       4
       3
       2
       2
       3
       3
       3
       5
       3
       3
       3
       4
       6
       5
       4
       5
       3
       2
       3
       1
       4
       4
       2
       0
       4
       4
       2
       2
       4
       3
       5
       4
       0
       7
       8
       9
       4
       6
       3
       4
       9
       5
       0
       1
       5
       0
       1
       5
       8
       6
       6
       3
       2
       6
       3
       1
       0
       2
       1
       6
       3
       2
       4
       1
       4
       6
       6
       5
      10
      10
       7
       7
       6
       7
       6
       5
       6
       2
       4
       4
       2
       3
       0
       1
       4
       1
       8
       1
       2
       3
       5
       2
       1
       1
       4
       3
       6
       4
       3
       3
       5
       3
       4
       1
       1
       3
       5
       5
       4
       2
       3
       3
       0
       3
       3
       7
       5
       2
       5
       5
       3
       3
       3
       1
       6
       3
       5
       2
       5
       2
       2
       3
       2
       2
       3
       3
       3
       5
       4
       3
       5
       5
       5
       3
       3
       2
       2
       3
      11
       3
       3
       2
       3
       7
       3
       8
       1
       2
       2
       0
       0
       2
       3
       3
       4
       4
       4
       2
       3
       3
       3
       4
       2
       4
       0
       5
       3
       1
       1
       2
       6
       4
       5
       2
       3
       6
       2
       1
       5
       5
       1
       3
       4
       4
       2
       4
       2
       3
       2
       3
       1
       3
       4
       3
       2
       1
       1
       3
       2
       1
       4
       4
       2
       4
       3
       3
       0
       2
       4
       3
       3
       2
       1
       2
       4
       2
       0
       0
       1
       2
       5
       5
       5
       3
       0
       1
       4
       2
       3
       1
       6
       0
       4
       2
       5
       5
       3
       7
       8
       5
       3
       6
       3
       6
       4
       5
       5
       4
       4
       2
       3
       6
       9
       8
       7
      13
      11
      16
       7
      10
       3
       6
       6
       4
      12
      13
      21
      18
      15
       9
      10
       4
       0
       2
       2
       4
       3
       3
       1
       4
       6
       2
       4
       6
       2
       2
       1
       4
       2
       1
       3
       4
       4
       2
       2
       3
       2
       3
       4
       2
       1
       2
       2
       2
       3
       3
       3
       1
       3
       4
       1
       3
       2
       2
       1
       2
       7
       1
       2
       3
       4
       4
       0
       3
       5
       2
       4
       4
       3
       2
       5
       3
       1
       4
       4
       5
       3
       7
       3
       3
       9
       4
       0
       3
       3
       3
       2
       1
       5
       6
       0
       3
       1
       4
       5
       2
       4
       5
       7
       5
       6
       3
       6
       5
       8
       4
       2
       1
       1
       2
       1
       2
       2
       1
       0
       4
       3
       5
       3
       4
       4
       3
       6
       5
       4
       1
       2
       4
       0
       6
       1
       0
       2
       0
       0
       2
       1
       3
       2
       2
       3
       4
       1
       1
       1
       2
       1
       1
       4
       2
       4
       4
       3
       0
       1
       3
       5
       2
       2
       1
       3
       5
       1
       0
       1
       0
       3
       2
       0
       4
       6
       3
       5
       1
       1
       3
       5
      10
       7
       2
       5
       3
       1
       5
       1
       0
       1
       1
       2
       4
       3
       5
       2
       5
       1
       4
       2
       5
       2
       3
       4
       2
       0
       3
       0
       2
       0
       3
       2
       3
       3
       0
       4
       2
       3
       2
       1
       3
       0
       2
       5
       1
       1
       3
       1
       4
       4
       1
       4
       8
       1
       1
       0
       1
       4
       0
       4
       2
       3
       0
       1
       2
       2
       5
       1
       0
       5
       7
       3
       0
       3
       3
       5
       1
       5
       4
       4
       4
       5
       3
       4
       6
       1
       3
       1
       1
       2
       3
       4
       2
       2
       1
       1
       4
       1
       3
       1
       0
       4
       2
       2
       2
       2
       1
       1
       0
       3
       0
       3
       0
       1
       1
       1
       3
       2
       2
       2
       2
       2
       2
       2
       3
       3
       4
       5
       4
       3
       3
       2
       5
       5
       2
       3
       0
       3
       0
       3
       1
       1
       3
       6
       5
       2
       3
       3
       1
       2
       1
       2
       0
       1
       1
       4
       3
       2
       1
       1
       1
       5
       4
       2
       1
       3
       4
       6
       4
       7
       5
       6
       9
       7
       7
       3
       6
       5
       0
       0
       4
       0
       3
       1
       3
       3
       1
       2
       3
       1
       5
       3
       4
       0
       5
       2
       2
       0
       3
       4
       1
       6
       6
       2
       2
       3
       0
       0
       2
       1
       2
       3
       1
       0
       1
       2
       5
       1
       1
       2
       6
       2
       3
       2
       1
       4
       5
       1
       1
       1
       3
       0
       2
       1
       1
       0
       1
       2
       4
       2
       1
       1
       3
       3
       2
       2
       2
       5
       2
       0
       4
       2
       6
       9
      15
      25
      36
      30
      39
      30
      22
      17
      14
       6
       3
       2
       1
       1
       1
       1
       2
       3
       4
       0
       3
       0
       2
       3
       1
       2
       1
       0
       2
       1
       1
       2
       2
       2
       3
       3
       1
       2
       3
       3
       1
       1
       1
       3
       3
       2
       3
       1
       1
       4
       1
       2
       4
       1
       3
       2
       4
       5
       0
       3
       0
       1
       3
       3
       2
       1
       2
       1
       1
       1
       0
       1
       2
       3
       0
       1
       1
       1
       3
       3
       0
       3
       5
       0
       2
       3
       3
       0
       0
       3
       1
       4
       7
       0
       3
       2
       4
       1
       1
       1
       0
       1
       2
       0
       1
       3
       3
       4
       1
       4
       4
       0
       2
       0
       1
       2
       1
       3
       5
       2
       5
       1
       0
       1
       1
       2
       3
       2
       1
       2
       4
       0
       0
       3
       2
       1
       3
       0
       3
       3
       1
       2
       1
       1
       0
       2
       1
       4
       1
       1
       3
       1
       2
       2
       2
       3
       4
       4
       1
       0
       0
       1
       6
       3
       2
       1
       2
       2
       3
       2
       2
       1
       4
       3
       1
       6
       1
       7
       3
       3
       0
       3
       2
       2
       4
       2
       1
       2
       2
       2
       1
       2
       1
       3
       1
       2
       2
       0
       2
       4
       1
       5
       0
       5
       3
       2
       7
       2
      10
       7
       4
       9
       4
       4
       1
       4
       3
       1
       2
       0
       3
       0
       0
       4
       1
       2
       1
       2
       1
       1
       2
       0
       3
       0
       5
       2
       3
       2
       3
       3
       2
       4
       2
       1
       2
       1
       4
       2
       2
       3
       0
       1
       4
       2
       1
       1
       1
       1
       1
       1
       1
       3
       0
       3
       2
       5
       3
       2
       1
       1
       1
       3
       4
       3
       0
       4
       1
       1
       1
       2
       2
       3
       4
       5
       1
       3
       3
       2
       1
       1
       3
       3
       2
       1
       0
       0
       1
       1
       4
       2
       4
       2
       2
       1
       1
       0
       1
       3
       0
       4
       1
       2
       3
       2
       1
       7
       2
       6
       1
       3
       2
       1
       5
       2
       4
       1
       3
       2
       1
       3
       1
       2
       3
       3
       3
       3
       1
       4
       2
       3
       1
       4
       1
       2
       1
       2
       1
       0
       1
       2
       3
       3
       2
       2
       3
       3
       2
       4
       1
       2
       4
       2
       2
       4
       0
       4
       2
       1
       1
       2
       4
       2
       2
       1
       3
       1
       2
       0
       4
       2
       2
       4
       2
       1
       1
       3
       2
       1
       1
       2
       2
       3
       1
       2
       0
       1
       3
       0
       1
       3
       1
       1
       2
       3
       2
       2
       3
       3
       3
       2
       5
       3
       0
       2
       2
       4
       2
       0
       2
       1
       5
       2
       5
       0
       2
       4
       1
       2
       3
       1
       4
       1
       4
       1
       0
       1
       1
       3
       2
       0
       1
       0
       5
       3
       2
       0
       0
       3
       2
       2
       3
       4
       0
       3
       2
       3
       1
       0
       0
       0
       1
       1
       1
       5
       2
       3
       1
       4
       1
       3
       2
       3
       1
       1
       1
       2
       2
       1
       1
       2
       3
       4
       6
       1
       2
       2
       1
       4
       1
       2
       4
       1
       2
       1
       2
       1
       1
       0
       0
       2
       1
       4
       3
       0
       4
       2
       4
       3
       1
       2
       3
       1
       2
       5
       1
       1
       2
       1
       1
       0
       4
       0
       1
       0
       3
       0
       4
       1
       3
       1
       5
       0
       3
       2
       3
       4
       3
       3
       1
       2
       1
       1
       3
       1
       2
       1
       2
       1
       0
       3
       1
       0
       3
       2
       1
       2
       4
       0
       0
       0
       1
       3
       2
       2
       4
       4
       2
       1
       1
       1
       2
       2
       1
       0
       0
       1
       1
       3
       3
       2
       2
       0
       2
       1
       1
       2
       2
       1
       1
       3
       3
       2
       3
       0
       1
       2
       1
       2
       3
       1
       0
       2
       2
       5
       2
       0
       5
       2
       1
       4
       2
       3
       4
       1
       2
       1
       1
       1
       1
       3
       0
       3
       1
       4
       0
       2
       1
       2
       2
       2
       2
       1
       2
       0
       2
       1
       4
       1
       3
       2
       1
       1
       1
       2
       3
       1
       0
       0
       1
       2
       0
       1
       2
       1
       1
       0
       2
       3
       0
       3
       1
       2
       1
       4
       0
       2
       2
       3
       1
       2
       1
       0
       3
       2
       2
       1
       3
       3
       1
       0
       4
       1
       2
       1
       3
       2
       1
       3
       0
       3
       2
       1
       2
       0
       0
       2
       1
       2
       2
       1
       0
       2
       2
       4
       0
       2
       1
       0
       1
       0
       2
       1
       1
       1
       0
       0
       3
       3
       1
       0
       3
       3
       2
       2
       1
       3
       3
       0
       1
       2
       2
       3
       1
       1
       2
       2
       3
       0
       3
       1
       5
       0
       3
       3
       1
       0
       0
       2
       1
       2
       0
       2
       1
       2
       2
       0
       0
       1
       1
       2
       1
       2
       0
       0
       4
       2
       2
       1
       0
       1
       0
       0
       3
       1
       1
       2
       1
       3
       3
       2
       2
       3
       1
       0
       1
       3
       1
       0
       0
       4
       4
       2
       2
       4
       2
       0
       3
       0
       0
       3
       1
       1
       2
       3
       3
       1
       3
       2
       0
       2
       0
       2
       1
       0
       1
       0
       1
       2
       1
       2
       3
       0
       2
       4
       2
       3
       4
       4
       5
       0
       2
       2
       2
       3
       1
       2
       2
       2
       2
       1
       3
       3
       0
       3
       6
       6
      10
       8
       8
       8
      14
       7
       8
       5
       3
       1
       6
       3
       3
       1
       2
       1
       2
       3
       1
       1
       3
       1
       0
       1
       4
       2
       1
       1
       2
       2
       3
       0
       0
       4
       2
       3
       2
       6
       4
       3
       1
       6
       3
       1
       1
       4
       0
       2
       2
       1
       2
       3
       1
       1
       0
       4
       1
       3
       4
       1
       0
       0
       1
       0
       1
       1
       0
       2
       2
       1
       2
       0
       3
       1
       1
       1
       0
       0
       2
       2
       4
       0
       3
       2
       1
       2
       0
       3
       2
       2
       1
       3
       3
       2
       0
       1
       2
       1
       2
       1
       0
       3
       2
       1
       5
       1
       2
       1
       3
       0
       0
       3
       0
       0
       1
       2
       1
       4
       1
       2
       1
       1
       1
       1
       2
       2
       1
       1
       1
       2
       2
       0
       3
       2
       1
       2
       1
       5
       2
       1
       1
       0
       3
       2
       1
       3
       0
       1
       2
       0
       0
       0
       2
       0
       1
       1
       1
       1
       0
       5
       1
       1
       1
       2
       1
       3
       2
       3
       3
       2
       0
       2
       3
       3
       3
       1
       0
       2
       2
       4
       1
       0
       1
       1
       2
       2
       0
       0
       2
       2
       0
       0
       2
       0
       2
       0
       3
       0
       0
       2
       4
       1
       3
       3
       2
       2
       4
       0
       0
       0
       3
       2
       3
       1
       2
       2
       1
       3
       5
       0
       1
       2
       2
       1
       2
       0
       2
       1
       1
       2
       1
       3
       4
       0
       0
       4
       3
       1
       2
       4
       1
       0
       1
       1
       1
       1
       1
       4
       1
      10
       6
       3
       2
      10
       6
       4
       7
       5
       2
       5
       1
       3
       3
       5
       1
       2
       2
       0
       4
       3
       2
       2
       0
       2
       0
       1
       3
       1
       2
       2
       2
       3
       3
       3
       2
       5
       1
       1
       0
       0
       0
       2
       7
       4
       3
       2
       0
       2
       1
       2
       2
       2
       2
       0
       0
       0
       0
       1
       0
       3
       1
       2
       3
       2
       2
       0
       0
       4
       2
       4
       1
       2
       3
       1
       1
       0
       2
       2
       2
       1
       3
       0
       2
       2
       2
       3
       3
       2
       2
       2
       1
       2
       1
       4
       1
       1
       0
       2
       2
       0
       2
       3
       4
       1
       1
       4
       4
       0
       0
       3
       3
       3
       0
       2
       0
       3
       4
       2
       3
       1
       2
       3
       1
       1
       1
       3
       1
       2
       0
       1
       3
       2
       1
       4
       3
       2
       4
       3
       0
       0
       4
       2
       2
       4
       1
       3
       0
       2
       0
       1
       2
       5
       2
       0
       2
       0
       1
       3
       2
       2
       1
       2
       3
       2
       3
       1
       0
       1
       2
       2
       0
       5
       2
       4
       3
       2
       1
       3
       1
       4
       0
       3
       2
       5
       2
       1
       2
       2
       4
       1
       1
       2
       3
       1
       4
       2
       1
       3
       0
       4
       2
       0
       0
       3
       3
       1
       2
       1
       3
       1
       1
       1
       2
       1
       1
       0
       2
       2
       2
       5
       3
       1
       5
       4
       2
       2
       6
       3
       4
       0
       1
       2
       4
       2
       1
       2
       1
       1
       2
       2
       1
       0
       3
       0
       3
       1
       0
       2
       1
       3
       1
       3
       1
       2
       4
       2
       2
       1
       2
       1
       2
       3
       3
       3
       0
       1
       1
       3
       1
       3
       2
       0
       0
       1
       0
       3
       1
       2
       0
       5
       1
       1
       3
       1
       1
       0
       2
       1
       3
       2
       2
       2
       5
       3
       3
       5
       2
       0
       3
       2
       2
       2
       1
       2
       2
       0
       0
       2
       2
       1
       2
       0
       4
       0
       3
       0
       2
       3
       3
       2
       0
       1
       1
       1
       0
       1
       2
       3
       2
       3
       1
       3
       2
       1
       5
       5
       4
       1
       1
       2
       1
       2
       3
       1
       5
       5
       3
       1
       3
       2
       1
       3
       2
       2
       2
       3
       2
       3
       1
       2
       1
       3
       1
       1
       3
       0
       2
       2
       3
       4
       1
       6
       2
       2
       1
       3
       2
       4
       0
       0
       2
       1
       2
       1
       1
       2
       2
       2
       1
       3
       5
       3
       1
       2
       1
       3
       0
       1
       1
       1
       0
       1
       0
       1
       1
       2
       3
       1
       1
       3
       1
       3
       1
       3
       6
       3
       1
       1
       4
       6
       2
       1
       3
       1
       1
       3
       2
       3
       3
       4
       0
       1
       5
       2
       0
       2
       3
       0
       1
       2
       1
       5
       2
       3
       1
       3
       1
       2
       2
       1
       5
       5
       1
       3
       2
       2
       0
       0
       1
       0
       3
       2
       1
       1
       3
       0
       2
       4
       4
       2
       1
       6
       5
       2
       1
       1
       2
       3
       3
       0
       0
       3
       0
       0
       2
       0
       1
       3
       1
       2
       0
       0
       1
       2
       0
       2
       2
       2
       3
       3
       0
       0
       2
       1
       1
       1
       1
       1
       0
       1
       2
       0
       2
       1
       2
       4
       2
       2
       2
       3
       1
       2
       1
       0
       0
       2
       2
       1
       4
       2
       2
       1
       0
       0
       1
       0
       0
       1
       2
       3
       2
       0
       2
       0
       2
       1
       0
       0
       1
       0
       0
       0
       1
       1
       1
       1
       1
       1
       1
       1
       2
       1
       0
       2
       0
       0
       2
       0
       1
       0
       1
       2
       1
       1
       2
       0
       4
       0
       0
       2
       3
       0
       1
       1
       0
       3
       1
       0
       0
       1
       2
       3
       2
       0
       1
       1
       1
       2
       2
       4
       2
       1
       0
       4
       2
       2
       4
       5
       5
       6
       3
       3
       1
       3
       2
       1
       2
       0
       3
       2
       0
       1
       2
       1
       0
       2
       0
       0
       0
       0
       1
       2
       2
       0
       0
       2
       0
       1
       0
       1
       3
       0
       0
       1
       1
       0
       0
       0
       1
       3
       0
       0
       2
       1
       1
       1
       0
       0
       1
       1
       1
       1
       0
       1
       0
       1
       0
       3
       0
       1
       0
       1
       2
       1
       0
       0
       3
       0
       0
       0
       1
       1
       0
       0
       0
       0
       1
       0
       0
       0
       0
       0
       1
       0
       0
       0
       1
       3
       1
       3
       0
       1
       2
       0
       1
       0
       0
       0
       1
       1
       0
       1
       0
       1
       0
       1
       1
       0
       2
       2
       1
       2
       4
       0
       1
       0
       0
       1
       2
       0
       1
       1
       1
       1
       0
       0
       0
       1
       1
       0
       0
       0
       0
       0
       2
       0
       0
       1
       0
       0
       0
       0
       2
       1
       1
       0
       0
       0
       1
       3
       0
       0
       2
       0
       1
       2
       1
       1
       0
       2
       0
       1
       0
       1
       0
       1
       0
       0
       0
       4
       0
       1
       0
       0
       1
       0
       1
       1
       1
       0
       0
       1
       1
       0
       0
       0
       1
       1
       0
       0
       0
       1
       0
       0
       1
       1
       2
       1
       0
       0
       1
       1
       1
       0
       0
       0
       0
       0
       1
       0
       0
       0
       0
       0
       0
       0
       0
       0
       0
       1
       0
       1
       0
       0
       0
       0
       1
       0
       0
       1
       0
       0
       1
       1
       0
       0
       0
       0
       1
       0
       0
       0
       0
       0
       0
       0
       0
       0
       0
       1
       1
       0
       0
       0
       0
       0
       0
       0
       1
       1
       0
       0
       0
       0
       0
       1
       0
       0
       0
       0
       0
       0
       1
       0
       0
       0
       0
       0
       0
       0
       0
       0
       0
       0
       0
       0
       0
       0
       2
       0
       1
       0
       0
       0
       0
       1
       0
       0
       0
       0
       0
       0
       0
       0
       0
       0
       0
       0
       1
       0
       0
       0
       1
       0
       0
       0
       0
       0
       1
       0
       0
       0
       2
       0
       1
       0
       0
       0
       0
       0
       0
       2
       0
       1
       0
       0
       0
       0
       0
       2
       0
       0
       0
       0
       0
       1
       0
       0
       0
       0
       1
       0
       0
       0
       2
       0
       0
       0
       1
       0
       2
       0
       0
       1
       0
       1
       0
       0
       0
       0
       0
       0
       1
       2
       0
       0
       0
       0
       1
       0
       0
       0
       1
       0
       0
       0
       0
       0
       0
       1
       0
       0
       1
       0
       1
       1
       0
       0
       0
       1
       0
       1
       1
       1
       0
       2
       0
       3
       6
       8
       9
      13
      30
      39
      53
      54
      60
      60
      36
      30
      23
      15
       9
       1
       0
       3
       1
       0
       0
       0
       0
       0
       0
       0
       0
       0
       0
       0
       0
       0
       0
       0
       0
       0
       0
       0
       0
       0
       0
       0
       0
       0
       0
       0
       0
       0
       0
       0
       0
       1
       0
       0
       0
       0
       0
       0
       1
       0
       0
       0
       0
       0
       0
       0
       0
       0
       0
       0
       1
       0
       0
       0
       0
       0
       0
       0
       0
       0
       0
       0
       0
       0
       0
       0
       0
       0
       0
       0
       0
       0
       0
       0
       0
       0
       1
       0
       0
       0
       0
       0
       0
       0
       0
       0
       0
       0
       0
       0
       0
       0
       0
       1
       0
       0
       0
       0
       0
       0
       0
       0
       0
       0
       0
       0
       0
       0
       0
       0
       0
       0
       0
       0
       0
       0
       0
       1
       0
       1
       0
       0
       0
       0
       0
       0
       0
       0
       0
       0
       1
       0
       0
       0
       0
       0
       0
       0
       0
       0
       0
       0
       1
       0
       0
       0
       0
       0
       0
       0
       0
       0
       0
       0
       0
       0
       0
       0
       0
       0
       0
       0
       0
       0
       0
       0
       0
       0
       0
       0
       0
       0
       0
       0
       1
       0
       0
       0
       0
       0
       0
       0
       0
       0
       0
       0
       0
       0
       0
       0
       0
       0
       0
       0
       0
       0
       0
       0
       0
       0
       0
       0
       0
       0
       0
       0
       0
       0
       0
       0
       1
       0
       0
       0
       0
       0
       1
       0
       0
       0
       0
       0
       1
       0
       0
       0
       0
       0
       0
       0
       0
       0
       0
       0
       1
       0
       0
       0
       0
       0
       0
       0
       0
       0
       0
       0
       0
       0
       0
       0
       0
       0
       0
       0
       0
       0
       0
       0
       0
       0
       0
       0
       0
       0
       0
       0
       0
       0
       0
       0
       0
       0
       0
       0
       0
       0
       0
       0
       0
       0
       0
       0
       0
       0
       0
       0
       0
       0
       0
       0
       0
       0
       0
       1
       0
       0
       0
       0
       0
       0
       0
       0
       0
       0
       0
       0
       0
       0
       0
       0
       0
       0
       0
       0
       0
       0
       0
       0
       0
       0
       0
       1
       1
       0
       0
       0
       1
       2
       0
       0
       0
       0
       0
       0
       0
       0
       0
       0
       0
       0
       0
       0
       0
       0
       0
       1
       0
       0
       0
       0
       0
       0
       0
       0
       0
       0
       0
       0
       1
       0
       0
       0
       0
       0
       1
       0
       0
       0
       0
       0
       0
       0
       0
       0
       0
       0
       0
       0
       0
       0
       0
       0
       0
       0
       1
       0
       0
       0
       0
       0
       0
       0
       0
       0
       0
       0
       0
       0
       0
       0
       0
       0
       0
       0
       0
       0
       0
       0
       0
       1
       0
       0
       0
       0
       0
       0
       0
       0
       0
       0
       0
       0
       0
       0
       1
       0
       0
       0
       0
       0
       0
       0
       0
       1
       0
       0
       0
       0
       0
       0
       0
       0
       0
       0
       0
       0
       1
       0
       0
       0
       0
       0
       0
       0
       0
       0
       0
       0
       0
       0
       0
       0
       0
       0
       1
       0
       0
       0
       0
       0
       0
       0
       0
       0
       0
       0
       0
       1
       0
       0
       0
       0
       0
       0
       0
       1
       0
       0
       0
       0
       0
       0
       0
       0
       0
       0
       0
       0
       0
       0
       0
       0
       0
       0
       0
       0
       0
       1
       0
       0
       0
       0
       0
       0
       0
       0
       0
       0
       0
       0
       0
       0
       0
       0
       0
       0
       0
       0
       0
       0
       0
       0
       0
       0
       0
       0
       0
       0
       0
       0
       0
       0
       0
       0
       0
       0
       0
       0
       0
       0
       0
       0
       0
       0
       0
       0
       0
       0
       0
       1
       0
       0
       0
       0
       0
       0
       0
       0
       0
       1
       0
       1
       0
       0
       0
       0
       0
       0
       0
       0
       0
       0
       0
       0
       0
       0
       0
       0
       0
       0
       0
       0
       0
       0
       0
       0
       1
       0
       0
       0
       1
       0
       0
       0
       0
       0
       0
       0
       0
       0
       0
       0
       0
       0
       0
       0
       0
       0
       0
       0
       0
       0
       0
       0
       0
       0
       0
       0
       0
       0
       0
       0
       0
       0
       1
       0
       0
       0
       0
       0
       0
       0
       0
       0
       0
       0
       0
       1
       0
       0
       0
       0
       0
       0
       0
       0
       0
       0
       0
       0
       0
       0
       0
       0
       0
       1
       0
       0
       0
       0
       0
       0
       0
       0
       0
       0
       0
       0
       0
       0
       1
       0
       0
       0
       0
       0
       0
       0
       0
       0
       0
       0
       0
       0
       0
       0
       0
       0
       0
       0
       0
       0
       0
       0
       0
       0
       0
       0
       0
       0
       0
       0
       0
       0
       0
       0
       0
       0
       0
       0
       0
       0
       0
       0
       0
       0
       0
       0
       0
       0
       0
       0
       0
       0
       0
       0
       0
       0
       0
       0
       0
       0
       0
       0
       0
       0
       0
       0
       0
       0
       0
       0
       1
       0
       0
       0
       0
       0
       0
       1
       0
       0
       0
       0
       0
       0
       0
       1
       0
       0
       0
       0
       0
       0
       0
       0
       0
       0
       0
       0
       0
       0
       0
       0
       0
       0
       0
       0
       0
       0
       0
       0
       0
       0
       1
       0
       0
       0
       0
       1
       0
       0
       1
       0
       0
       0
       0
       0
       0
       0
       0
       0
       0
       0
       0
       0
       0
       0
       0
       0
       0
       0
       0
       0
       0
       0
       0
       0
       0
       0
       0
       0
       1
       0
       0
       1
       0
       0
       0
       0
       0
       0
       0
       0
       0
       1
       0
       0
       0
       0
       0
       0
       0
       0
       0
       0
       0
       0
       0
       1
       0
       0
       0
       0
       0
       0
       0
       0
       0
       0
       0
       0
       0
       0
       0
       0
       0
       0
       0
       0
       0
       0
       0
       0
       0
       0
       1
       0
       0
       0
       0
       0
       0
       0
       0
       0
       0
       0
       0
       1
       0
       0
       0
       0
       0
       0
       0
       0
       0
       0
       0
       0
       0
       0
       0
       0
       0
       0
       0
       0
       0
       0
       0
       0
       0
       1
       0
       0
       0
       0
       0
       0
       0
       0
       0
       0
       0
       0
       0
       0
       0
       0
       1
       0
       0
       0
       0
       0
       0
       0
       0
       0
       0
       0
       0
       0
       0
       0
       0
       0
       1
       0
       0
       0
       0
       0
       0
       0
       0
       0
       0
       0
       0
       0
       0
       0
       0
       0
       0
       0
       0
       0
       0
       0
       0
       0
       0
       0
       0
       0
       0
       0
       0
       0
       0
       0
       0
       0
       0
       0
       0
       0
       0
       0
       0
       0
       0
       0
       0
       0
       0
       0
       0
       0
       0
       0
       0
       0
       0
       0
       0
       0
       0
       0
       0
       0
       1
       0
       1
       0
       0
       0
       0
       0
       0
       0
       0
       0
       0
       0
       0
       0
       0
       0
       0
       0
       0
       0
       0
       0
       0
       0
       0
       0
       0
       0
       0
       0
       0
       0
       0
       0
       0
       0
       0
       0
       0
       0
       0
       0
       0
       0
       0
       0
       0
       0
       0
       0
       0
       0
       0
       0
       0
       0
       0
       0
       0
       0
       0
       0
       0
       0
       0
       0
       0
       1
       0
       0
       0
       0
       0
       0
       0
       0
       0
       0
       0
       0
       0
       0
       0
       0
       0
       1
       0
       0
       0
       0
       0
       0
       0
       0
       0
       0
       0
       0
       0
       0
       0
       0
       0
       0
       0
       0
       0
       1
       0
       0
       0
       0
       0
       0
       0
       0
       0
       0
       0
       0
       0
       1
       0
       0
       0
       0
       0
       0
       1
       0
       0
       0
       0
       1
       0
       0
       0
       0
       0
       0
       0
       0
       0
       0
       0
       0
       0
       0
       0
       0
       0
       0
       0
       0
       0
       0
       1
       0
       0
       0
       0
       0
       0
       0
       0
       0
       0
       0
       0
       0
       0
       0
       0
       0
       0
       0
       0
       0
       0
       0
       0
       0
       0
       0
       0
       0
       0
       0
       0
       0
       0
       0
       0
       0
       0
       0
       0
       1
       0
       0
       0
       0
       0
       0
       0
       0
       0
       0
       0
       0
       0
       0
       0
       0
       0
       0
       0
       0
       0
       0
       0
       0
       0
       0
       0
       0
       0
       0
       0
       0
       0
       0
       0
       0
       0
       0
       0
       0
       0
       0
       0
       0
       0
       0
       0
       0
       0
       0
       0
       0
       0
       0
       0
       0
       0
       0
       0
       0
       0
       0
       0
       0
       0
       0
       0
       0
       0
       0
       0
       0
       0
       0
       0
       0
       0
       0
       0
       0
       0
       0
       0
       0
       0
       0
       0
       0
       0
       0
       0
       0
       0
       0
       0
       0
       0
       0
       0
       0
       0
       0
       0
       0
       0
       0
       0
       0
       0
       0
       0
       0
       0
       0
       0
       0
       0
       0
       0
       0
       0
       0
       0
       0
       0
       0
       0
       0
       0
       0
       0
       0
       0
       0
       0
       0
       0
       0
       0
       0
       0
       0
       0
       0
       0
       0
       0
       0
       0
       0
       0
       0
       0
       0
       0
       0
       0
       0
       0
       0
       0
       0
       0
       0
       0
       0
       0
       0
       0
       0
       0
       0
       0
       0
       0
       0
       0
       0
       0
       0
       0
       0
       0
       0
       0
       0
       0
       0
       0
       0
       0
       0
       0
       0
       0
       0
       0
       0
       1
       0
       0
       0
       0
       0
       0
       0
       0
       0
       0
       1
       0
       0
       0
       0
       0
       0
       0
       0
       0
       0
       0
       0
       0
       0
       0
       0
       0
       0
       0
       0
       0
       0
       0
       0
       0
       0
       0
       0
       0
       0
       0
       0
       0
       0
       0
       0
       0
       0
       0
       0
       0
       0
       0
       0
       0
       0
       0
       0
       0
       0
       0
       0
       0
       0
       0
       0
       0
       0
       0
       1
       0
       0
       0
       0
       0
       0
       0
       0
       0
       0
       0
       0
       0
       0
       0
       0
       0
       0
       0
       0
       0
       0
       1
       0
       0
       0
       0
       0
       0
       0
       0
       0
       0
       0
       0
       0
       0
       0
       0
       0
       0
       0
       0
       0
       0
       0
       0
       0
       0
       0
       0
       0
       0
       0
       0
       0
       0
       0
       0
       0
       0
       0
       0
       0
       0
       0
       0
       0
       0
       0
       0
       0
       0
       0
       0
       0
       0
       0
       0
       0
       0
       0
       0
       0
       0
       0
       0
       0
       0
       0
       0
       0
       0
       0
       0
       0
       0
       0
       0
       0
       0
       0
       0
       0
       0
       0
       0
       0
       0
       0
       0
       0
       0
       0
       0
       0
       0
       0
       0
       0
       0
       0
       0
       0
       0
       0
       0
       0
       0
       0
       0
       0
       0
       0
       0
       0
       0
       0
       0
       0
       0
       0
       0
       0
       0
       0
       0
       0
       0
       0
       0
       0
       0
       0
       0
       0
       0
       0
       0
       0
       0
       0
       0
       0
       0
       0
$ROI:
0
$PRESETS:
Real Time
3600
0
$ENER_FIT:
8.931054 0.240803
$MCA_CAL:
3
8.931054E+000 2.408025E-001 6.157388E-008 keV
$SHAPE_CAL:
3
9.658150E+000 -1.618950E-003 2.758845E-007
