$SPEC_ID:
No sample description was entered.
$SPEC_REM:
DET# 1
DETDESC# EPS-140909 Easy-MCA-8k SN 16175454
AP# Maestro Version 7.01
$DATE_MEA:
02/27/2022 07:43:27
$MEAS_TIM:
3594 3600
$DATA:
0 8191
       0
       0
       0
       0
       0
       0
       0
       0
       0
       0
       0
       0
       0
       0
       0
       0
       0
       0
       0
       0
       0
       0
       0
       0
       0
       0
       0
       0
       0
       0
       0
       0
       0
       0
       0
       0
       0
       1
       1
       6
      11
      33
     746
    1224
     509
     339
     329
     326
     336
     372
     319
     356
     361
     338
     337
     352
     368
     336
     397
     381
     438
     439
     389
     373
     361
     325
     340
     338
     356
     362
     325
     336
     346
     339
     309
     319
     325
     300
     319
     377
     317
     323
     361
     343
     338
     353
     346
     310
     335
     347
     370
     322
     354
     367
     355
     365
     337
     363
     380
     374
     406
     394
     428
     412
     397
     430
     473
     477
     461
     496
     491
     497
     546
     512
     637
     647
     699
     696
     857
     853
     893
     902
     863
     893
     877
     907
     866
     873
     795
     803
     822
     848
     850
     797
     880
     864
     945
    1132
    1521
    2217
    3086
    3909
    4486
    5050
    5025
    4169
    2704
    1645
    1149
     916
     895
     891
     898
     878
     949
     920
     978
    1064
    1061
    1145
    1221
    1678
    2067
    2279
    2018
    1733
    1431
    1464
    1437
    1284
    1147
    1049
    1065
    1027
    1030
    1019
     957
    1078
    1033
    1072
    1076
    1087
    1164
    1099
    1094
    1152
    1187
    1257
    1226
    1210
    1151
    1249
    1297
    1218
    1247
    1159
    1133
    1070
    1155
    1106
    1094
    1067
    1067
    1144
    1022
    1060
    1095
    1043
    1113
    1100
    1154
    1146
    1154
    1111
    1113
    1063
    1146
    1167
    1213
    1119
    1108
    1037
    1127
    1083
    1161
    1127
    1074
    1094
    1052
    1082
    1145
    1141
    1149
    1102
    1140
    1137
    1101
    1033
    1042
    1067
    1028
    1002
     999
    1054
    1003
    1057
    1032
     993
    1070
    1048
    1040
    1019
     945
    1024
     974
     967
    1016
     913
    1005
    1010
     970
    1003
     972
     998
     959
     978
    1006
     934
     961
     983
     970
     993
     914
     964
     895
     927
     953
     898
     909
     923
     933
     950
     965
     946
     924
     943
     883
     889
     936
     876
     924
     854
     913
     878
     859
     877
     875
     896
     856
     838
     850
     905
     767
     867
     869
     834
     825
     826
     887
     860
     842
     803
     819
     845
     788
     796
     831
     838
     803
     788
     844
     759
     849
     786
     794
     721
     836
     752
     762
     791
     802
     723
     771
     712
     736
     742
     752
     743
     767
     703
     759
     722
     711
     750
     688
     700
     761
     731
     718
     722
     708
     726
     724
     719
     659
     675
     727
     644
     690
     681
     660
     672
     619
     682
     617
     703
     635
     645
     651
     623
     638
     634
     582
     676
     649
     662
     595
     601
     587
     584
     622
     598
     624
     615
     635
     608
     545
     579
     556
     566
     585
     605
     578
     596
     540
     536
     533
     546
     532
     583
     554
     528
     534
     526
     537
     552
     525
     549
     499
     524
     529
     522
     505
     507
     515
     483
     510
     476
     487
     483
     503
     463
     508
     526
     538
     478
     499
     523
     528
     494
     509
     468
     479
     447
     472
     448
     438
     469
     475
     472
     453
     421
     434
     456
     438
     458
     442
     456
     447
     441
     463
     464
     445
     441
     437
     470
     432
     397
     402
     422
     428
     442
     460
     466
     448
     486
     473
     444
     404
     428
     419
     406
     433
     362
     398
     396
     410
     371
     389
     406
     409
     394
     415
     353
     362
     384
     401
     373
     342
     393
     360
     361
     365
     345
     336
     391
     381
     359
     369
     338
     374
     351
     343
     393
     402
     385
     410
     327
     337
     375
     373
     341
     368
     340
     342
     336
     353
     339
     335
     296
     356
     338
     376
     375
     349
     318
     359
     309
     315
     314
     324
     318
     298
     307
     345
     336
     307
     313
     304
     293
     312
     320
     285
     320
     285
     315
     285
     285
     286
     303
     287
     329
     285
     306
     281
     316
     287
     293
     311
     283
     292
     309
     294
     307
     305
     274
     294
     273
     269
     268
     278
     249
     278
     270
     304
     258
     279
     250
     282
     270
     276
     275
     275
     292
     245
     281
     288
     287
     262
     277
     287
     244
     294
     324
     423
     555
     641
     513
     441
     323
     292
     268
     314
     294
     312
     334
     289
     251
     222
     218
     232
     210
     229
     219
     248
     202
     223
     226
     245
     195
     220
     198
     204
     226
     225
     201
     202
     207
     242
     223
     219
     207
     184
     225
     217
     202
     218
     201
     220
     226
     187
     206
     199
     178
     183
     200
     191
     180
     194
     205
     210
     215
     191
     193
     202
     198
     185
     175
     163
     186
     171
     182
     183
     169
     176
     204
     158
     169
     171
     177
     196
     182
     198
     199
     215
     217
     185
     165
     186
     182
     176
     169
     169
     188
     150
     144
     179
     154
     158
     140
     176
     189
     179
     182
     193
     171
     156
     170
     168
     193
     189
     138
     183
     150
     184
     149
     184
     167
     152
     170
     147
     162
     148
     171
     153
     164
     145
     176
     157
     152
     189
     162
     160
     141
     154
     144
     146
     151
     150
     123
     146
     162
     157
     167
     198
     234
     265
     279
     280
     212
     161
     158
     161
     133
     117
     138
     126
     152
     159
     151
     169
     183
     156
     159
     147
     143
     125
     118
     128
     144
     135
     121
     126
     166
     179
     192
     217
     189
     186
     140
     118
     116
     135
     140
     137
     117
     120
     125
     128
     125
     141
     128
     126
     124
     116
     109
     130
     129
     108
     131
     118
     118
     129
     101
     125
     142
     120
     123
     109
     117
     122
     128
     130
     108
     113
     121
     125
     113
     134
     114
     106
     118
      83
     107
     130
     128
     124
     111
     124
     119
     105
     127
     136
     113
     126
     112
     100
     114
     111
     104
     128
     101
     128
     107
     117
     108
     123
     106
     100
     122
     111
     129
     155
     142
     186
     192
     165
     129
     112
      98
     110
     116
     129
     115
     115
      99
      91
     110
     118
      97
      87
      99
     102
      97
     108
     100
     100
      95
     103
     100
     101
     114
      86
      96
     107
     145
     172
     252
     322
     340
     257
     187
     122
     118
     106
      91
      85
      96
      84
     106
      89
      89
     104
     101
      78
      98
      87
      77
      84
      73
      95
      87
      78
      80
      72
      90
      95
      86
      87
      87
      85
      85
     102
      89
      99
      96
      89
      86
      78
      81
      79
      97
      79
      83
      77
     102
      85
      86
      85
      96
      92
      87
      93
      70
      90
      94
      80
      95
      94
      80
      69
      86
      87
      74
      76
      97
      92
      73
      77
      84
      80
      90
      92
      83
      82
      77
      76
      76
      96
      66
      84
      57
      78
      89
      82
      88
      93
      76
      90
      83
      70
      76
      95
      83
      78
      87
      99
      82
      69
      89
      89
      68
      66
      75
      72
      73
      58
      87
      85
      65
      78
      87
      81
      89
      81
      66
      83
      83
      60
      62
      68
      58
      90
      69
      94
      75
      78
      87
      74
      85
      84
      77
      76
      81
      78
      85
      69
      77
      84
      83
      63
      68
      65
     100
      88
      67
      72
      77
      69
      58
      65
      75
      76
      73
      65
      74
      73
      82
      78
      69
      80
      86
      59
      73
      58
      63
      77
      79
      72
      66
      89
      60
      64
      69
      65
      68
      62
      70
      71
      59
      75
      81
      68
      60
      53
      60
      71
      63
      74
      62
      62
      66
      62
      72
      62
      67
      65
      56
      55
      48
      61
      60
      63
      60
      61
      69
      73
      64
      52
      63
      52
      53
      68
      62
      64
      81
      70
      61
      61
      64
      59
      59
      61
      56
      53
      50
      75
      50
      73
      50
      66
      50
      52
      70
      54
      64
      57
      64
      58
      64
      46
      57
      59
      73
      48
      61
      56
      72
      51
      60
      60
      56
      56
      62
      61
      55
      57
      50
      51
      64
      59
      44
      62
      44
      69
      60
      54
      69
      57
      66
      55
      69
      57
      70
      82
      63
      81
      79
      55
      56
      70
      50
      54
      55
      47
      49
      52
      53
      59
      60
      50
      61
      68
      65
      64
      61
      73
      53
      54
      56
      59
      64
      44
      59
      44
      62
      75
      67
      48
      56
      53
      47
      61
      61
      61
      67
      51
      38
      50
      45
      58
      61
      62
      68
      59
      41
      44
      49
      45
      48
      58
      53
      58
      52
      40
      61
      48
      53
      48
      61
      55
      63
      68
      49
      46
      38
      43
      53
      52
      52
      42
      44
      54
      59
      45
      59
      45
      50
      43
      50
      48
      52
      47
      49
      47
      52
      53
      62
      50
      53
      51
      45
      46
      59
      46
      39
      44
      45
      41
      56
      51
      40
      54
      61
      63
      57
      61
      47
      59
      69
      67
      62
      82
     105
     117
     123
     101
      88
      82
      70
      65
      46
      51
      50
      41
      47
      59
      51
      44
      48
      47
      57
      46
      51
      56
      39
      50
      41
      50
      45
      41
      42
      51
      37
      56
      55
      57
      39
      53
      38
      48
      43
      51
      51
      51
      53
      35
      39
      54
      38
      42
      46
      51
      45
      54
      61
      43
      41
      52
      42
      57
      60
      47
      31
      46
      49
      40
      47
      38
      48
      45
      40
      42
      55
      59
      46
      45
      45
      37
      38
      50
      38
      43
      37
      38
      53
      35
      42
      44
      45
      46
      43
      43
      39
      31
      44
      50
      39
      39
      52
      32
      33
      44
      51
      49
      45
      48
      47
      52
      34
      41
      35
      53
      39
      46
      44
      43
      48
      45
      47
      45
      51
      40
      51
      32
      53
      58
      29
      55
      42
      41
      41
      59
      44
      54
      45
      33
      48
      39
      43
      41
      45
      40
      42
      44
      56
      63
      55
      39
      39
      35
      43
      46
      40
      40
      50
      40
      50
      39
      52
      43
      44
      30
      40
      41
      38
      37
      43
      48
      46
      39
      40
      50
      54
      44
      44
      34
      39
      37
      42
      44
      60
      65
     111
     183
     186
     145
     128
      90
      60
      48
      33
      43
      45
      40
      35
      34
      34
      30
      36
      41
      40
      37
      36
      45
      40
      43
      47
      29
      28
      32
      40
      48
      41
      36
      36
      30
      30
      31
      34
      38
      31
      35
      37
      42
      50
      46
      28
      31
      43
      38
      36
      33
      34
      38
      39
      40
      50
      30
      36
      41
      37
      28
      34
      38
      38
      52
      93
     147
     213
     246
     239
     178
     105
      63
      37
      32
      31
      26
      34
      35
      44
      29
      34
      37
      31
      34
      43
      28
      27
      27
      27
      36
      37
      39
      32
      34
      40
      30
      32
      33
      44
      37
      30
      27
      37
      37
      37
      29
      31
      35
      31
      34
      31
      31
      32
      31
      40
      23
      33
      43
      40
      33
      27
      38
      35
      30
      32
      27
      44
      33
      36
      30
      21
      36
      28
      40
      27
      32
      35
      30
      38
      43
      40
      31
      32
      28
      36
      35
      27
      35
      37
      25
      31
      31
      26
      28
      36
      26
      30
      31
      34
      45
      37
      34
      27
      37
      33
      36
      33
      37
      32
      31
      29
      31
      36
      39
      41
      34
      31
      29
      44
      40
      38
      24
      28
      31
      38
      29
      22
      30
      26
      29
      38
      27
      27
      34
      29
      40
      48
      37
      50
      44
      39
      40
      39
      37
      24
      47
      47
      42
      40
      32
      31
      33
      38
      26
      33
      29
      32
      33
      43
      40
      31
      35
      34
      29
      24
      33
      24
      27
      24
      24
      29
      38
      32
      34
      36
      25
      31
      39
      44
      29
      37
      27
      29
      30
      37
      29
      32
      40
      44
      31
      29
      33
      36
      25
      38
      30
      33
      23
      29
      32
      28
      36
      35
      27
      28
      34
      25
      32
      20
      32
      32
      23
      35
      30
      27
      21
      34
      40
      21
      41
      25
      21
      34
      35
      28
      20
      28
      37
      41
      35
      35
      24
      26
      34
      26
      32
      31
      32
      30
      39
      44
      16
      35
      28
      33
      24
      32
      40
      22
      28
      29
      32
      28
      30
      35
      31
      31
      30
      27
      25
      28
      34
      30
      28
      30
      29
      20
      29
      30
      36
      22
      25
      21
      17
      30
      27
      33
      18
      19
      30
      28
      25
      25
      29
      21
      33
      32
      17
      31
      31
      23
      31
      31
      20
      32
      28
      23
      36
      34
      41
      46
      51
      53
      39
      43
      26
      27
      32
      16
      19
      34
      27
      20
      26
      34
      26
      29
      20
      32
      26
      34
      26
      36
      27
      27
      34
      29
      25
      28
      20
      26
      26
      20
      31
      32
      27
      28
      31
      30
      20
      25
      29
      27
      35
      27
      23
      25
      39
      34
      28
      31
      20
      28
      31
      22
      21
      22
      25
      23
      35
      23
      40
      25
      29
      29
      29
      24
      25
      20
      22
      40
      35
      38
      40
      19
      21
      29
      22
      31
      25
      21
      20
      22
      13
      32
      22
      23
      19
      20
      27
      32
      25
      33
      35
      33
      32
      52
      44
      70
      60
      47
      47
      34
      41
      31
      29
      33
      30
      22
      20
      29
      28
      25
      24
      31
      27
      23
      21
      21
      31
      30
      31
      25
      14
      30
      34
      39
      45
      73
      68
      43
      40
      35
      27
      30
      21
      28
      23
      26
      16
      26
      24
      21
      21
      30
      24
      29
      29
      32
      34
      25
      27
      23
      22
      30
      26
      28
      18
      25
      24
      16
      24
      21
      24
      20
      19
      26
      16
      28
      38
      34
      56
      36
      25
      17
      14
      21
      26
      25
      20
      23
      23
      22
      29
      14
      16
      24
      17
      21
      31
      20
      20
      27
      41
      18
      26
      32
      24
      31
      29
      17
      15
      15
      23
      21
      26
      30
      17
      20
      26
      26
      39
      43
      52
      54
      32
      43
      20
      37
      28
      19
      26
      24
      24
      22
      21
      24
      21
      16
      16
      20
      20
      23
      25
      18
      23
      22
      26
      26
      25
      29
      25
      25
      17
      25
      33
      23
      26
      24
      21
      24
      17
      26
      30
      24
      16
      22
      21
      29
      30
      18
      26
      16
      21
      17
      26
      18
      26
      27
      23
      30
      25
      37
      26
      30
      29
      19
      18
      21
      33
      26
      32
      25
      26
      29
      19
      23
      23
      16
      16
      23
      20
      26
      26
      26
      25
      27
      31
      25
      14
      17
      23
      19
      25
      30
      44
      43
      49
      45
      47
      28
      23
      27
      22
      18
      20
      19
      26
      20
      24
      20
      21
      15
      12
      20
      23
      10
      23
      21
      32
      15
      27
      29
      41
      25
      35
      27
      32
      22
      12
      17
      20
      24
      23
      20
      22
      30
      24
      23
      16
      22
      29
      20
      25
      23
      24
      14
      23
      22
      19
      16
      25
      21
      25
      21
      26
      14
      18
      26
      29
      18
      22
      18
      23
      20
      12
      26
      22
      20
      18
      20
      27
      16
      13
      22
      19
      24
      14
      20
      26
      30
      21
      28
      17
      10
      20
      21
      18
      10
      23
      17
      13
      13
      19
      19
      17
      19
      15
      21
      26
      16
      24
      26
      24
      19
      17
      21
      20
      19
      24
      13
      16
      15
      24
      19
      25
      24
      21
      21
      23
      24
      17
      19
       9
      17
      19
      17
      17
      22
      28
      23
      28
      18
      34
      19
      23
      18
      24
      16
      20
      18
      18
      21
      30
      17
      27
      34
      57
      88
      99
     124
     116
      74
      62
      35
      19
      22
      16
      18
      20
      16
       9
      11
      20
      26
      10
      16
      30
      25
      17
      16
      23
      14
      17
      18
      14
      13
      25
      19
      14
      17
      19
      16
      16
      14
      23
      18
      15
      21
      15
      19
      25
      19
      16
      17
      15
      11
      19
      17
      22
      15
      15
      20
      27
      26
      24
      24
      35
      29
      23
      24
      20
      13
      27
      16
      17
      13
      17
      17
      11
      25
      17
      15
      21
      15
      13
      15
      17
      17
      15
      12
      14
      18
      19
      16
      18
      20
      17
      12
      22
      22
      17
      20
      18
      16
      13
      13
      17
      21
      16
      17
      23
      21
      17
      10
      13
      11
      15
      13
      24
      14
      18
      14
      10
      19
      15
      12
      27
      16
      20
      18
      24
      14
      14
      18
      16
      15
      20
      20
      14
      18
      32
      39
      25
      31
      33
      24
      26
      24
      25
      26
      47
      58
      68
      52
      60
      44
      24
      27
      25
      22
      18
      18
      12
      10
      16
      14
       7
      15
      11
      23
      19
      13
      17
      21
      11
      16
      19
      13
      17
      18
      12
      15
      17
      16
      23
      17
      13
      13
      15
      14
      16
      21
      12
       9
      19
      16
      18
      18
      17
      17
      16
      15
       9
      17
       8
      15
      21
      18
      17
      13
      13
      12
       9
      20
      20
      22
      20
      16
      12
      12
      22
       9
      13
      19
      21
      17
      18
      11
      19
      21
      18
      21
      15
      19
      28
      22
      15
      15
      20
      18
      12
      20
      16
      19
      17
       6
      14
      27
      19
      12
      16
      10
      24
      14
      14
      10
      21
      18
      15
       7
      18
      13
      22
      14
      19
      19
      12
      13
      19
      16
      19
      16
      13
      11
      16
      12
      16
      20
      22
      14
      15
      18
      19
      20
      22
      20
      16
      15
      14
      14
      14
      11
      22
      18
      12
      23
      16
      22
      23
      15
      11
      20
      18
      16
      13
      15
      12
      14
      22
      18
      16
      15
      10
      25
      16
      23
      14
      23
      19
      10
       9
      20
       9
      16
      14
      12
      14
      15
      19
      23
      17
      16
      16
       7
      14
      17
      16
      16
      12
      19
       9
      13
      15
      19
      13
      11
      13
      16
      18
      24
      17
      21
      15
      13
      18
      15
      23
      14
      15
      10
      21
      18
      19
      19
      14
      19
      13
      17
      15
      15
      19
      21
      16
      18
      11
      15
      19
      17
      16
      21
      14
      12
      21
       6
      18
      19
      19
      24
      19
      19
      10
      15
      10
      26
      14
      13
      26
      15
      13
      21
      16
      18
      19
      13
      19
      14
      12
      14
      19
      23
      12
      21
      16
      24
      20
      23
      16
      18
      29
      17
      19
      11
      20
      13
      22
      19
      26
      25
      18
      18
      27
      17
      14
      13
      15
      19
      18
      14
      11
      16
      10
      15
      18
      17
      17
      13
      22
      11
      23
      20
      18
      15
      17
      20
      17
      14
      15
      17
      16
       9
      13
      16
      11
      16
      18
      17
      19
      14
      15
      15
      16
      17
      19
      18
      11
      23
      17
      19
      16
      14
      14
      17
      17
       7
      11
      16
      12
      13
      18
      11
      17
      10
      11
      18
      10
      22
      13
      12
      18
      11
      20
      17
      11
      10
      12
      20
      18
      16
      21
       9
      13
      16
      17
      18
      23
      20
      25
      42
      34
      36
      40
      26
      22
      17
       9
      17
      18
      37
      44
      68
      62
      59
      33
      44
      16
      15
      19
      13
      11
      19
      13
      14
      10
      14
      23
      20
      14
      15
      20
      21
      12
      16
      16
      24
      15
      15
      17
      13
      20
      17
      23
      15
      17
      10
       9
      18
      23
      14
      14
      15
      13
      19
      12
      21
      12
      21
      13
      17
      10
      17
      11
      12
      16
      19
      18
      17
      13
      23
      14
      15
      15
      23
      17
      18
      15
      24
      12
      17
      23
      18
      10
      21
      14
      13
      16
      12
      24
      16
      15
      15
      21
      10
      14
      25
      25
      23
      16
      23
      22
      16
      18
      17
      20
      12
      18
      14
      17
      22
      12
      16
      23
      16
      20
      20
      20
      12
      22
      12
      17
      15
      14
      12
      22
      24
      23
      15
      15
       6
      21
      17
      13
      12
      14
      13
      22
      18
      14
      20
      27
      35
      30
      54
      41
      47
      30
      36
      21
      22
      19
      12
      12
      13
      14
      16
      17
      13
      19
      21
      24
      13
      13
      15
       9
      18
       6
      21
      18
      17
      12
      24
      16
      20
      16
      12
      12
      20
      12
      11
      13
      23
      16
      14
      30
      21
      18
      15
      17
      11
       8
      28
      12
      11
      15
      17
      19
      14
      24
      14
      14
      13
       9
      17
      28
      21
       6
      19
      13
      12
      17
      14
      17
      14
      17
      15
      18
      18
      17
      17
      18
      13
      16
      11
      17
      17
      21
      17
      16
      16
      17
      19
      21
      17
      20
      21
      20
      17
      14
      16
      13
      20
      12
      21
       7
      17
      12
      16
      25
      20
      20
      22
      17
      16
      22
      19
      15
      16
      11
      19
      22
      19
      18
      21
      14
      14
      16
      23
      20
      16
      15
      22
      16
      17
      13
      14
      17
      13
      15
      20
      12
      18
      24
      18
      17
      16
      18
       9
      15
      25
      14
      22
      13
      19
      19
      18
      12
      13
      19
      17
      22
      15
      25
      31
      28
      34
      35
      29
      29
      31
      18
      19
      19
      15
      15
       7
      13
      15
       7
      13
      18
      15
      14
      21
      16
      11
      19
      19
      19
      15
      14
       2
      12
      11
      14
      14
      13
      12
      17
      18
      10
       9
      23
      12
      19
      14
      15
       9
      18
      21
       7
      11
      11
      11
      13
      10
       9
      11
      12
       8
       9
      10
      11
      15
      10
      14
      11
      12
      10
       9
      12
      17
       9
      14
      21
      11
       9
      15
       7
      10
      17
       8
       9
      12
       9
       7
      15
      15
      18
       5
      14
      12
      11
      17
       9
      10
       7
      12
      13
      11
      13
      12
       8
      12
      18
      17
      13
       6
      10
      11
       9
      16
      30
      15
       9
      11
       7
      11
      13
      11
      13
       4
      11
       9
      10
       6
       9
      11
      11
      14
      12
       7
      12
      11
       8
      13
      10
       9
      10
      11
      10
      14
      12
       7
       9
      11
      15
      15
      18
       3
      11
      17
       9
      14
       9
      10
       5
       9
      12
       7
       9
       9
      12
       9
      13
      11
      13
      11
       8
      14
      12
       7
       6
       9
      15
       4
      11
      13
       4
       6
       9
       9
      11
       9
      15
       8
      10
      10
       3
      11
       7
      12
       9
      12
      16
       3
       7
      11
      10
      10
       6
       4
       5
       9
       8
       8
       7
       4
      18
      11
      10
      12
       5
       8
      11
       5
      12
       9
       8
       5
       9
       9
       9
       8
       9
       5
      11
      11
       9
       6
       6
       9
       9
      10
      11
       8
      12
      21
      15
      30
      40
      33
      29
      25
      13
      12
      10
      10
      10
       6
      11
       6
       6
       7
       6
      12
      11
      13
       7
       8
       9
      13
      10
       7
       5
       9
       8
      10
       6
      10
       5
       1
       5
       1
      14
       7
       4
       4
      12
       5
      12
       6
       4
       4
       5
       7
      14
      11
       8
      11
       5
      12
       4
      10
       9
       7
       8
       7
       7
       7
       1
       4
       4
       5
       5
       6
       1
       6
       2
      10
       5
       2
       5
       9
       2
       7
      18
       8
       4
       9
       6
       7
       5
       6
       5
       6
      10
      10
       4
      10
       7
       6
      11
       5
       5
       7
       3
       7
       5
       4
       1
       7
       5
       6
       3
       6
       1
       7
       6
       6
       7
      12
      16
      14
      17
      19
      16
       4
       7
       7
       8
       7
       8
       8
       4
       2
       2
       8
       5
       4
       7
       9
      11
      12
       3
       8
       9
       3
       9
       3
       5
       6
       4
      10
       2
       5
       6
       7
       3
       3
       4
       8
       8
       7
       5
       3
       5
       7
       3
       5
       4
       6
       7
       4
       2
       7
       1
       1
       4
       4
       3
       8
       5
      11
       7
       9
      11
       9
       4
       4
       3
       8
       3
       6
       4
       9
       4
       9
       6
       8
       9
      10
      14
      10
      13
       6
       5
       9
       8
       7
       9
       4
       2
       4
       2
       5
       2
       6
       3
       3
       5
       4
       8
       3
       5
       4
       5
       5
       3
       8
       4
       3
       7
       5
       2
       5
       6
      11
      10
       4
       6
       9
       5
       6
       7
       2
       6
       5
       8
       7
       4
       7
       2
       6
       2
       4
       4
       7
       5
       6
       7
       3
       6
       5
       2
       2
       6
       4
       2
       8
       5
       9
       8
       5
       8
       5
       4
       6
       3
       6
       7
       6
       8
       5
       4
       8
       6
       6
       6
       4
       7
       5
       1
       4
       4
       6
       5
       5
       3
       7
       9
       6
       5
       4
       5
       7
       7
       8
       9
       8
       6
       4
       1
       5
       8
      13
       9
       8
       2
      11
       6
       4
       5
       9
      14
      31
      57
     139
     221
     330
     369
     416
     384
     310
     175
      84
      39
      22
       4
       6
       4
       2
       2
       3
       2
       3
       5
       4
       3
       5
       4
       4
       5
       4
       3
       3
       5
       6
       4
       1
       8
       6
       4
       2
       3
       3
       5
       2
       2
       2
       1
       7
       3
       1
       1
       9
       2
       3
       3
       3
       3
       3
       2
       2
       4
       6
       2
       6
       8
       2
       4
       6
       2
       3
       1
       1
       1
       5
       5
       1
       4
       6
       5
       4
       4
       2
       2
       6
       3
       6
       5
       3
      10
       5
       3
       2
       7
       6
      11
       9
       6
       2
       7
       3
       2
       3
       4
       6
       3
       3
       4
       5
       6
       6
       4
       5
       3
       4
       1
       5
       3
       3
       4
       3
       4
       8
       7
       5
       2
       9
       7
       5
      15
       7
       3
       2
       5
       0
       1
       7
       2
       4
       1
       2
       6
       4
       7
       8
       4
       3
       3
       9
       2
       3
       1
       0
       3
       1
       2
       4
       4
       3
       4
       5
       3
       4
       4
       6
       3
       4
       0
       7
       6
       4
       7
       2
       3
       4
       3
       4
       2
       7
       2
       4
       6
       8
       2
       3
       3
       3
       6
       0
       3
       0
       3
       2
       5
       4
       5
      10
       7
       2
       4
       3
       6
       1
       7
       3
       5
       2
       7
       2
       3
       4
       3
       6
       4
       3
       5
      10
       3
       3
       3
       4
       4
       1
       0
       2
       5
       4
       1
       2
       1
       5
       3
       2
       4
       3
       2
       3
       2
       2
       1
       2
       3
       9
       4
       0
       2
       2
       3
       2
       1
       2
       3
       2
       2
       1
       3
       3
       3
       5
       2
       1
       2
       1
       2
       1
       2
       2
       4
       5
       4
       0
       1
       1
       4
       3
       1
       3
       2
       3
       2
       0
       2
       3
       1
       0
       2
       5
       2
       2
       4
       2
       7
       2
       2
       2
       1
       1
       1
       3
       7
       3
       3
       2
       2
       4
       6
       7
       2
       6
       5
       4
       0
       1
       5
       2
       5
       7
       3
      10
       1
       4
       3
       8
       7
       7
      13
       9
       5
       9
       6
       4
       7
       5
       4
       6
      11
      24
      16
      14
       5
       9
       7
       7
       2
       3
       2
       5
       1
       5
       7
       4
       3
       5
       4
       3
       4
       4
       1
       1
       2
       5
       5
       2
       3
       3
       2
       2
       3
       2
       4
       4
       3
       4
       8
       1
       2
       3
       7
       5
       5
       1
       5
       1
       4
       1
       8
       0
       3
       1
       0
       3
       6
       2
       0
       3
       0
       5
       1
       2
       2
       2
       3
       7
       2
       7
       5
      10
       7
       7
       4
       3
       3
       2
       6
       3
       1
       2
       1
       4
       1
       2
       1
       0
       4
       2
       5
       1
       9
       3
       5
       2
       5
       5
       6
       7
       7
       1
       1
       5
       2
       4
       2
       3
       3
       1
       3
       1
       3
       4
       4
       2
       2
       3
       0
       1
       3
       5
       1
       4
       1
       2
       1
       4
       4
       3
       1
       3
       2
       3
       1
       0
       4
       2
       3
       4
       3
       2
       1
       2
       3
       4
       3
       3
       2
       1
       2
       2
       1
       2
       0
       4
       2
       2
       3
       1
       6
       4
       0
       0
       3
       2
       1
       2
       1
       1
       4
       6
       2
       2
       2
       1
       4
       2
       2
       0
       4
       3
       5
       5
       2
       3
       5
       4
       1
       0
       1
       3
       1
       3
       2
       2
       3
       4
       2
       7
       1
       2
       4
       0
       3
       1
       2
       3
       4
       2
       2
       0
       2
       1
       0
       1
       1
       0
       1
       5
       0
       2
       3
       6
       0
       4
       4
       4
       1
       2
       3
       1
       3
       6
       2
       2
       1
       5
       7
       3
       3
       1
       2
       1
       2
       3
       2
       3
       2
       1
       2
       2
       3
       3
       1
       5
       1
       2
       7
       3
       5
       3
       4
       4
       1
       6
       1
       2
       2
       2
       3
       2
       5
       2
       4
       5
       2
       6
       1
       2
       3
       1
       1
       1
       4
       4
       1
       5
       1
       4
       2
       2
       1
       2
       2
       3
       3
       1
       0
       2
       0
       2
       0
       1
       0
       2
       1
       1
       3
       0
       1
       1
       3
       1
       1
       1
       1
       3
       3
       2
       1
       1
       3
       1
       3
       1
       5
       0
       4
       1
       2
       2
       2
       0
       1
       2
       3
       1
       6
       1
       9
       5
       5
      14
       5
       5
       6
       4
       4
       7
       1
       4
       2
       1
       1
       5
       0
       2
       1
       4
       2
       1
       3
       2
       2
       1
       3
       2
       1
       5
       3
       3
       3
       1
       0
       1
       2
       4
       1
       5
       1
       1
       1
       0
       1
       3
       2
       1
       0
       1
       3
       0
       1
       3
       2
       0
       1
       0
       4
       2
       0
       2
       0
       4
       0
       2
       2
       4
       2
       3
       1
       2
       2
       1
       1
       2
       5
       3
       3
       2
       4
       3
       3
       3
       6
      12
      14
      19
      30
      29
      25
      33
      35
      21
       6
       7
       1
       3
       2
       0
       4
       1
       4
       2
       0
       2
       0
       0
       6
       2
       3
       4
       4
       2
       1
       2
       4
       1
       3
       1
       2
       0
       1
       0
       1
       3
       3
       3
       2
       3
       1
       5
       4
       0
       3
       2
       5
       2
       4
       1
       2
       2
       1
       3
       1
       1
       2
       0
       2
       4
       0
       1
       2
       2
       5
       3
       0
       4
       0
       0
       2
       2
       1
       0
       3
       0
       3
       0
       3
       1
       2
       2
       0
       3
       2
       2
       3
       1
       3
       3
       2
       1
       0
       2
       4
       0
       0
       1
       2
       3
       3
       2
       1
       4
       3
       4
       1
       5
       4
       1
       1
       3
       3
       4
       1
       1
       1
       4
       1
       3
       4
       2
       0
       1
       3
       3
       1
       3
       2
       2
       0
       0
       2
       1
       2
       4
       2
       0
       1
       5
       2
       1
       1
       1
       3
       2
       0
       1
       0
       2
       0
       1
       1
       3
       1
       5
       2
       2
       2
       2
       2
       1
       3
       3
       3
       0
       4
       3
       3
       0
       0
       3
       4
       1
       2
       1
       3
       1
       4
       4
       0
       1
       2
       5
       2
       2
       1
       2
       4
       3
       2
       0
       1
       2
       0
       1
       1
       1
       1
       1
       2
       4
       0
       1
       2
       7
       7
       6
       4
       2
       2
       4
       4
       2
       0
       3
       2
       5
       3
       3
       3
       1
       4
       2
       0
       4
       0
       1
       2
       1
       2
       3
       2
       3
       1
       4
       3
       4
       3
       1
       4
       4
       3
       3
       0
       1
       0
       2
       2
       4
       3
       3
       0
       3
       1
       1
       0
       2
       5
       0
       5
       1
       5
       2
       1
       2
       2
       0
       0
       1
       3
       2
       3
       2
       1
       4
       2
       2
       3
       2
       2
       4
       1
       3
       2
       5
       3
       2
       1
       3
       0
       2
       2
       1
       0
       2
       1
       3
       1
       1
       3
       2
       3
       1
       1
       3
       3
       3
       1
       2
       1
       2
       3
       1
       2
       3
       4
       0
       1
       1
       3
       5
       0
       1
       0
       1
       6
       1
       1
       1
       1
       5
       0
       5
       3
       1
       1
       2
       3
       2
       1
       1
       3
       1
       5
       1
       4
       0
       1
       5
       3
       3
       2
       2
       2
       1
       1
       6
       2
       9
       1
       1
       3
       2
       1
       2
       3
       1
       3
       0
       1
       2
       6
       2
       3
       4
       0
       4
       2
       2
       0
       2
       3
       2
       2
       2
       0
       2
       0
       2
       2
       2
       3
       2
       2
       1
       2
       3
       2
       0
       3
       0
       1
       1
       2
       2
       1
       1
       2
       0
       0
       0
       2
       2
       1
       2
       1
       1
       1
       4
       1
       4
       6
       1
       3
       0
       1
       3
       2
       0
       3
       3
       3
       2
       3
       2
       3
       1
       1
       3
       2
       4
       3
       0
       3
       0
       2
       1
       2
       0
       3
       0
       1
       3
       3
       2
       4
       1
       1
       4
       1
       1
       2
       2
       1
       1
       2
       3
       3
       3
       0
       1
       3
       2
       0
       2
       5
       2
       2
       1
       1
       2
       3
       4
       1
       1
       0
       4
       4
       5
       4
       0
       5
       3
       0
       3
       1
       2
       0
       2
       0
       2
       1
       4
       1
       1
       1
       7
       8
       0
       1
       0
       3
       1
       3
       3
       5
       2
       1
       3
       2
       2
       0
       1
       2
       1
       3
       0
       2
       0
       0
       2
       3
       1
       0
       2
       4
       2
       0
       1
       2
       2
       1
       0
       3
       1
       3
       1
       1
       1
       2
       3
       1
       1
       1
       2
       0
       4
       0
       0
       0
       1
       1
       1
       3
       0
       4
       3
       5
       1
       0
       2
       3
       2
       3
       3
       2
       1
       1
       3
       3
       2
       1
       3
       0
       1
       3
       3
       1
       4
       0
       1
       1
       1
       1
       3
       3
       0
       3
       1
       2
       2
       0
       1
       3
       1
       2
       2
       0
       2
       0
       1
       0
       2
       2
       2
       0
       1
       2
       1
       3
       2
       1
       2
       1
       2
       2
       4
       4
       3
       6
       3
       1
       1
       2
       2
       4
       1
       1
       3
       0
       3
       2
       3
       0
       1
       1
       2
       0
       1
       2
       2
       0
       0
       2
       0
       1
       2
       1
       1
       4
       3
       2
       0
       1
       0
       1
       2
       0
       0
       5
       3
       1
       0
       3
       2
       2
       0
       0
       5
       3
       0
       0
       4
       1
       1
       3
       3
       2
       3
       2
       3
       2
       0
       2
       2
       3
       2
       4
       2
       0
       2
       1
       2
       1
       2
       3
       1
       2
       1
       2
       1
       2
       1
       3
       2
       2
       3
       2
       2
       2
       2
       1
       1
       1
       2
       0
       1
       1
       1
       0
       2
       2
       0
       1
       2
       4
       0
       2
       3
       1
       1
       3
       3
       2
       2
       1
       1
       1
       4
       0
       4
       2
       2
       0
       3
       0
       2
       1
       1
       3
       2
       1
       4
       4
       0
       2
       3
       1
       4
       1
       3
       2
       1
       2
       2
       0
       3
       1
       1
       3
       0
       2
       0
       1
       0
       0
       2
       0
       4
       1
       2
       2
       0
       0
       0
       1
       0
       3
       1
       1
       0
       2
       2
       3
       4
       1
       1
       5
       2
       2
       0
       0
       3
       3
       1
       2
       0
       2
       1
       4
       2
       1
       1
       1
       4
       1
       1
       0
       2
       2
       3
       2
       3
       2
       1
       6
       4
       7
       6
       7
      12
      13
       4
      11
       8
       9
       9
       6
       3
       4
       2
       5
       1
       3
       1
       2
       0
       2
       1
       4
       0
       3
       0
       3
       5
       0
       0
       0
       2
       2
       1
       1
       3
       2
       2
       6
       1
       3
       4
       4
       6
       4
       3
       3
       2
       1
       1
       0
       4
       1
       2
       1
       1
       2
       2
       0
       0
       1
       1
       1
       3
       1
       4
       3
       2
       2
       4
       3
       0
       2
       1
       1
       3
       3
       1
       2
       1
       1
       0
       1
       4
       1
       0
       2
       1
       2
       4
       1
       2
       0
       0
       3
       0
       1
       1
       2
       1
       1
       1
       2
       2
       2
       3
       3
       0
       1
       1
       1
       2
       0
       1
       2
       1
       0
       2
       2
       0
       4
       4
       1
       1
       0
       1
       3
       1
       1
       2
       1
       1
       2
       0
       2
       2
       1
       2
       0
       0
       1
       0
       3
       1
       4
       2
       1
       3
       5
       0
       1
       2
       1
       1
       2
       1
       2
       5
       0
       4
       0
       2
       0
       1
       0
       3
       1
       1
       1
       1
       2
       2
       0
       2
       3
       1
       3
       2
       1
       1
       0
       3
       3
       0
       1
       4
       1
       1
       1
       2
       2
       2
       1
       2
       4
       4
       1
       1
       3
       1
       3
       1
       2
       2
       1
       1
       2
       0
       1
       3
       2
       2
       3
       0
       2
       3
       3
       0
       1
       0
       1
       2
       2
       1
       2
       2
       1
       2
       1
       2
       0
       3
       1
       5
       2
       3
       4
       2
       0
       3
       1
       3
       4
       1
       3
       3
       1
       1
       2
       5
       3
       3
       1
       5
       4
       3
       9
       7
      11
       9
       7
       9
       5
       3
       0
       2
       2
       3
       2
       3
       1
       0
       5
       1
       0
       2
       0
       1
       3
       0
       3
       1
       0
       1
       3
       4
       4
       0
       2
       0
       0
       2
       1
       3
       2
       4
       2
       1
       1
       2
       2
       1
       0
       2
       1
       3
       2
       2
       1
       0
       3
       2
       2
       1
       5
       0
       1
       4
       1
       1
       1
       1
       3
       3
       0
       2
       2
       1
       0
       3
       7
       0
       1
       0
       1
       2
       0
       4
       2
       0
       0
       3
       1
       0
       1
       1
       2
       1
       2
       0
       3
       1
       1
       0
       4
       2
       2
       0
       5
       2
       4
       1
       2
       2
       5
       1
       1
       2
       2
       0
       1
       2
       4
       3
       1
       5
       0
       0
       1
       2
       2
       2
       3
       2
       1
       4
       1
       1
       0
       3
       2
       3
       0
       0
       1
       0
       2
       4
       1
       2
       0
       5
       2
       3
       2
       1
       0
       3
       3
       0
       1
       1
       1
       4
       2
       1
       2
       3
       2
       1
       3
       2
       1
       5
       1
       2
       0
       3
       2
       0
       2
       0
       1
       1
       2
       1
       4
       2
       0
       3
       1
       2
       1
       4
       5
       1
       2
       1
       1
       0
       3
       3
       1
       0
       1
       1
       0
       1
       1
       2
       2
       4
       1
       3
       1
       3
       1
       1
       1
       3
       1
       2
       0
       5
       2
       0
       2
       3
       4
       0
       4
       0
       0
       1
       4
       2
       2
       1
       3
       0
       4
       2
       2
       0
       1
       1
       4
       1
       2
       2
       0
       1
       0
       1
       0
       0
       3
       3
       0
       1
       2
       0
       0
       3
       1
       2
       3
       1
       1
       2
       1
       0
       1
       1
       1
       0
       1
       4
       2
       1
       2
       1
       0
       2
       2
       0
       4
       8
       0
       2
       2
       3
       2
       3
       3
       3
       1
       3
       1
       1
       4
       2
       0
       2
       2
       4
       1
       2
       3
       0
       0
       0
       0
       5
       1
       1
       3
       3
       1
       1
       3
       3
       3
       1
       3
       1
       2
       4
       2
       1
       3
       4
       3
       2
       4
       4
       3
       4
       3
       3
       0
       6
       2
       1
       0
       3
       1
       4
       0
       2
       4
       0
       2
       2
       0
       2
       2
       0
       1
       1
       2
       2
       1
       2
       1
       6
       3
       0
       1
       1
       3
       2
       0
       3
       0
       5
       1
       2
       2
       5
       3
       2
       1
       2
       4
       3
       1
       0
       3
       3
       4
       1
       2
       1
       1
       0
       1
       1
       2
       0
       3
       2
       4
       2
       3
       2
       1
       0
       2
       0
       3
       2
       5
       1
       3
       4
       3
       3
       5
       1
       5
       3
       5
       2
       2
       3
       1
       2
       2
       3
       1
       4
       3
       4
       1
       5
       0
       2
       1
       3
       2
       4
       3
       1
       3
       2
       0
       3
       3
       0
       1
       2
       3
       2
       2
       0
       2
       2
       0
       3
       1
       1
       1
       0
       0
       2
       0
       1
       1
       3
       5
       2
       2
       0
       0
       1
       1
       2
       1
       0
       2
       1
       2
       1
       2
       3
       2
       0
       0
       2
       0
       1
       2
       2
       0
       0
       1
       0
       0
       0
       3
       2
       0
       1
       1
       2
       0
       3
       2
       1
       1
       0
       0
       4
       2
       1
       1
       4
       1
       1
       2
       2
       1
       1
       1
       2
       0
       2
       2
       1
       2
       1
       0
       2
       1
       1
       0
       3
       2
       0
       1
       1
       2
       0
       0
       2
       3
       2
       2
       0
       2
       1
       0
       1
       2
       1
       2
       2
       0
       4
       3
       1
       2
       1
       0
       0
       3
       2
       1
       1
       0
       2
       1
       1
       2
       2
       1
       0
       5
       3
       1
       3
       2
       2
       5
       0
       1
       0
       3
       0
       0
       1
       0
       1
       0
       2
       0
       0
       1
       3
       2
       1
       1
       1
       2
       0
       0
       1
       3
       2
       3
       2
       2
       3
       5
       6
       3
       1
       0
       1
       0
       1
       0
       1
       1
       0
       0
       2
       0
       1
       1
       1
       0
       0
       1
       1
       0
       3
       1
       1
       1
       1
       1
       4
       0
       0
       0
       0
       2
       2
       1
       2
       1
       3
       1
       2
       0
       0
       0
       1
       0
       1
       1
       1
       2
       0
       1
       2
       0
       0
       1
       1
       0
       1
       0
       1
       0
       2
       0
       1
       2
       2
       1
       1
       2
       0
       1
       1
       0
       1
       0
       0
       0
       1
       0
       0
       1
       0
       0
       1
       1
       0
       1
       0
       0
       1
       0
       1
       1
       1
       1
       0
       0
       0
       0
       1
       0
       0
       1
       2
       0
       0
       1
       1
       0
       0
       0
       0
       1
       0
       1
       1
       0
       1
       0
       1
       0
       0
       0
       1
       2
       0
       0
       0
       0
       0
       0
       2
       0
       2
       2
       1
       1
       0
       2
       1
       0
       0
       0
       0
       1
       0
       0
       0
       0
       1
       0
       0
       1
       0
       0
       0
       0
       1
       0
       1
       1
       0
       1
       0
       0
       0
       0
       2
       0
       0
       0
       1
       0
       2
       0
       0
       0
       0
       1
       0
       1
       0
       0
       2
       1
       0
       1
       0
       0
       1
       0
       1
       2
       3
       0
       0
       1
       0
       0
       0
       1
       1
       0
       0
       1
       0
       0
       1
       0
       0
       0
       0
       0
       0
       0
       0
       0
       0
       0
       0
       0
       0
       0
       0
       0
       2
       1
       1
       0
       1
       0
       0
       0
       0
       0
       0
       1
       0
       0
       0
       0
       0
       0
       0
       0
       0
       0
       0
       1
       0
       0
       0
       0
       0
       0
       0
       0
       1
       2
       0
       1
       0
       0
       0
       1
       0
       0
       0
       1
       0
       0
       2
       1
       0
       0
       0
       0
       0
       0
       0
       0
       0
       0
       0
       0
       0
       0
       0
       0
       0
       0
       0
       1
       1
       0
       1
       0
       0
       0
       1
       1
       0
       0
       0
       0
       0
       0
       1
       0
       0
       0
       1
       1
       0
       1
       0
       0
       1
       1
       0
       0
       1
       0
       0
       0
       1
       0
       1
       2
       0
       0
       0
       0
       0
       0
       0
       1
       0
       0
       0
       0
       1
       1
       0
       0
       0
       0
       0
       0
       0
       0
       0
       1
       0
       1
       0
       1
       0
       0
       0
       1
       1
       0
       0
       0
       1
       0
       1
       0
       0
       0
       0
       0
       1
       2
       0
       0
       0
       0
       2
       0
       0
       0
       0
       0
       2
       1
       0
       0
       0
       0
       0
       0
       0
       0
       1
       0
       0
       1
       2
       1
       1
       1
       1
       0
       4
       5
       4
       8
      17
      37
      44
      39
      62
      54
      45
      53
      29
      21
       7
       8
       2
       3
       1
       1
       0
       0
       0
       0
       1
       0
       0
       0
       0
       0
       0
       0
       0
       0
       0
       0
       0
       1
       0
       1
       0
       0
       0
       0
       0
       0
       0
       0
       0
       0
       0
       0
       0
       0
       1
       0
       0
       0
       0
       0
       0
       0
       0
       0
       0
       0
       0
       0
       0
       0
       0
       1
       0
       0
       0
       0
       0
       0
       0
       0
       0
       0
       0
       0
       0
       0
       0
       0
       0
       0
       1
       0
       0
       1
       0
       0
       0
       0
       0
       0
       0
       0
       0
       0
       0
       0
       0
       0
       0
       0
       0
       0
       0
       0
       0
       1
       1
       0
       0
       0
       0
       0
       0
       0
       0
       0
       0
       0
       0
       1
       0
       0
       0
       1
       0
       0
       0
       0
       0
       0
       0
       0
       0
       0
       0
       0
       1
       0
       0
       0
       0
       0
       0
       0
       0
       0
       0
       0
       0
       0
       0
       0
       0
       1
       0
       0
       0
       0
       0
       0
       1
       0
       0
       0
       0
       0
       0
       0
       0
       1
       0
       1
       0
       0
       1
       0
       0
       0
       0
       1
       0
       0
       0
       0
       0
       0
       0
       0
       0
       0
       0
       0
       0
       1
       0
       0
       0
       0
       0
       0
       0
       1
       0
       1
       0
       0
       0
       0
       0
       0
       1
       0
       0
       0
       0
       0
       1
       0
       0
       0
       0
       0
       0
       0
       0
       2
       0
       0
       0
       0
       0
       0
       0
       0
       0
       0
       0
       0
       0
       0
       0
       0
       0
       0
       0
       0
       0
       0
       0
       0
       0
       0
       0
       0
       0
       0
       0
       1
       0
       0
       0
       0
       0
       0
       0
       0
       0
       1
       0
       0
       1
       0
       0
       0
       0
       1
       0
       0
       0
       0
       0
       0
       0
       0
       0
       0
       1
       0
       0
       0
       0
       0
       0
       0
       0
       0
       2
       0
       0
       0
       0
       0
       0
       0
       0
       0
       0
       0
       0
       1
       0
       0
       0
       0
       0
       0
       0
       0
       0
       0
       0
       0
       0
       0
       0
       0
       0
       0
       0
       0
       1
       0
       0
       0
       0
       0
       0
       1
       0
       0
       0
       0
       0
       0
       0
       0
       0
       0
       0
       0
       0
       0
       0
       0
       0
       0
       0
       0
       0
       0
       0
       0
       0
       0
       0
       0
       0
       0
       0
       0
       0
       0
       0
       0
       0
       0
       0
       0
       0
       1
       0
       0
       0
       0
       0
       0
       0
       0
       0
       0
       0
       0
       0
       0
       0
       0
       0
       0
       0
       0
       1
       0
       0
       0
       0
       0
       0
       0
       0
       0
       0
       0
       0
       0
       0
       0
       0
       0
       0
       0
       0
       0
       0
       0
       0
       0
       1
       0
       0
       0
       0
       0
       0
       0
       0
       0
       0
       0
       0
       0
       0
       0
       0
       0
       0
       0
       0
       0
       0
       0
       0
       0
       0
       0
       0
       0
       0
       0
       0
       0
       0
       0
       0
       0
       0
       0
       0
       0
       0
       0
       1
       0
       0
       0
       0
       0
       0
       0
       0
       0
       0
       0
       0
       0
       0
       0
       1
       0
       0
       0
       0
       0
       0
       0
       0
       0
       0
       1
       0
       0
       0
       0
       0
       1
       0
       0
       0
       0
       0
       0
       0
       0
       0
       0
       0
       0
       0
       0
       0
       0
       0
       0
       0
       0
       0
       0
       0
       0
       0
       0
       0
       0
       0
       0
       0
       0
       0
       0
       0
       0
       0
       0
       1
       0
       0
       0
       0
       0
       0
       0
       0
       0
       0
       0
       0
       0
       0
       0
       0
       0
       0
       0
       0
       0
       0
       0
       0
       0
       0
       0
       0
       0
       1
       1
       0
       1
       0
       0
       0
       0
       0
       0
       0
       0
       0
       1
       0
       0
       0
       0
       0
       0
       0
       0
       0
       0
       0
       0
       0
       1
       0
       0
       0
       0
       0
       0
       0
       0
       0
       0
       0
       0
       0
       0
       0
       0
       0
       0
       0
       0
       0
       0
       0
       0
       0
       0
       0
       0
       0
       0
       0
       0
       0
       0
       0
       0
       0
       0
       0
       0
       0
       0
       0
       0
       0
       0
       0
       1
       0
       0
       0
       0
       0
       0
       0
       0
       0
       0
       1
       1
       0
       1
       0
       0
       0
       1
       0
       0
       0
       0
       0
       0
       0
       0
       0
       0
       0
       0
       1
       0
       0
       0
       0
       0
       0
       0
       0
       0
       0
       0
       1
       0
       0
       0
       0
       0
       0
       0
       0
       0
       0
       0
       0
       0
       0
       0
       0
       0
       0
       0
       0
       0
       0
       0
       0
       0
       0
       0
       0
       0
       0
       1
       0
       0
       0
       0
       0
       0
       0
       0
       0
       0
       0
       0
       0
       0
       0
       1
       0
       0
       0
       0
       0
       0
       1
       0
       0
       0
       0
       0
       0
       0
       0
       0
       0
       0
       0
       0
       0
       0
       0
       0
       0
       0
       0
       0
       0
       0
       0
       0
       0
       0
       0
       0
       0
       0
       0
       0
       0
       0
       0
       0
       0
       0
       0
       0
       0
       0
       0
       1
       0
       0
       0
       0
       0
       0
       0
       0
       0
       0
       0
       0
       0
       0
       0
       0
       0
       1
       0
       0
       0
       0
       0
       0
       0
       1
       0
       0
       0
       0
       0
       0
       0
       0
       1
       0
       0
       0
       0
       0
       0
       0
       0
       0
       0
       0
       0
       0
       0
       0
       0
       0
       1
       0
       0
       0
       0
       0
       0
       0
       0
       0
       0
       0
       0
       0
       0
       0
       0
       0
       0
       0
       0
       0
       0
       0
       0
       0
       0
       0
       0
       0
       0
       0
       0
       0
       0
       0
       0
       0
       0
       0
       0
       0
       0
       0
       0
       0
       0
       0
       0
       0
       0
       0
       0
       0
       0
       0
       0
       0
       0
       1
       0
       0
       0
       0
       0
       0
       0
       0
       1
       0
       0
       0
       0
       0
       0
       0
       0
       1
       0
       0
       1
       0
       0
       0
       0
       0
       0
       0
       0
       0
       0
       0
       0
       0
       0
       0
       0
       0
       0
       0
       0
       0
       0
       0
       1
       0
       0
       0
       0
       0
       0
       0
       0
       0
       0
       0
       0
       0
       0
       0
       0
       1
       0
       0
       0
       0
       0
       0
       0
       0
       1
       0
       0
       0
       0
       0
       0
       0
       0
       0
       0
       0
       0
       0
       0
       0
       0
       0
       0
       0
       0
       0
       0
       0
       0
       0
       0
       0
       0
       0
       0
       0
       0
       0
       0
       0
       0
       0
       0
       0
       0
       0
       0
       0
       0
       0
       0
       0
       0
       0
       1
       0
       0
       0
       0
       0
       0
       0
       0
       0
       0
       0
       0
       0
       0
       0
       0
       1
       0
       0
       1
       0
       0
       0
       0
       0
       0
       0
       0
       0
       0
       0
       0
       0
       0
       0
       0
       0
       0
       0
       0
       0
       0
       0
       0
       0
       0
       0
       0
       0
       0
       0
       0
       1
       0
       0
       0
       0
       0
       0
       0
       0
       0
       0
       0
       0
       0
       0
       0
       0
       0
       0
       0
       0
       1
       0
       0
       0
       0
       0
       0
       0
       0
       0
       0
       0
       0
       0
       0
       0
       0
       0
       0
       0
       0
       0
       0
       0
       1
       0
       0
       0
       0
       0
       0
       0
       0
       0
       0
       0
       0
       1
       0
       0
       0
       0
       0
       0
       0
       0
       0
       0
       0
       0
       0
       0
       1
       0
       0
       0
       0
       0
       0
       0
       0
       0
       1
       0
       0
       0
       0
       1
       0
       0
       0
       0
       0
       0
       0
       0
       0
       0
       0
       0
       0
       0
       0
       0
       0
       0
       0
       0
       0
       0
       0
       0
       0
       0
       0
       1
       0
       0
       0
       0
       0
       0
       1
       0
       0
       0
       0
       0
       0
       0
       0
       0
       0
       0
       0
       0
       0
       0
       0
       0
       0
       0
       0
       0
       0
       1
       0
       0
       0
       0
       0
       0
       0
       0
       0
       0
       0
       0
       0
       0
       0
       0
       0
       0
       0
       0
       0
       0
       0
       0
       0
       0
       0
       0
       0
       0
       0
       1
       0
       0
       0
       0
       0
       0
       0
       0
       0
       0
       0
       0
       0
       1
       0
       1
       0
       0
       0
       0
       0
       0
       1
       0
       0
       0
       0
       0
       0
       0
       0
       0
       0
       0
       0
       0
       0
       1
       0
       0
       0
       1
       0
       0
       0
       0
       0
       0
       0
       0
       1
       0
       0
       0
       0
       0
       0
       0
       0
       0
       0
       0
       0
       0
       0
       0
       0
       0
       0
       0
       0
       0
       0
       0
       0
       1
       0
       0
       0
       0
       0
       0
       0
       0
       0
       0
       0
       0
       0
       1
       0
       0
       0
       0
       0
       1
       0
       0
       0
       0
       0
       0
       0
       0
       0
       0
       0
       0
       0
       0
       0
       1
       0
       0
       0
       0
       0
       0
       0
       1
       0
       0
       0
       0
       0
       0
       0
       0
       0
       0
       0
       0
       0
       0
       0
       0
       0
       0
       0
       0
       0
       0
       0
       0
       0
       0
       0
       0
       0
       0
       0
       0
       0
       0
       0
       0
       0
       0
       0
       0
       0
       0
       0
       0
       0
       0
       0
       0
       0
       0
       0
       0
       0
       0
       0
       0
       0
       0
       0
       0
       0
       0
       0
       0
       0
       0
       0
       0
       0
       0
       0
       0
       0
       1
       0
       0
       0
       0
       0
       0
       0
       0
       0
       0
       0
       0
       0
       0
       0
       0
       0
       0
       0
       0
       1
       0
       0
       0
       0
       0
       0
       0
       0
       0
       0
       0
       0
       0
       0
       0
       0
       0
       0
       0
       0
       0
       0
       0
       0
       0
       0
       0
       0
       0
       0
       0
       0
       0
       0
       0
       0
       0
       0
       0
       0
       0
       0
       0
       0
       0
       0
       0
       2
       0
       0
       0
       0
       0
       0
       0
       0
       0
       0
       0
       0
       0
       0
       0
       0
       0
       0
       0
       0
       0
       0
       0
       0
       0
       0
       0
       0
       0
       0
       0
       0
       0
       0
       0
       0
       0
       0
       0
       0
       0
       0
       0
       0
       0
       0
       0
       0
       0
       0
       0
       0
       0
       0
       0
       0
       0
       0
       0
       0
       0
       0
       0
       0
       0
       0
       0
       0
       0
       0
       0
       0
       0
       0
       0
       0
       0
       0
       0
       0
       0
       0
       0
       0
       0
       0
       0
       0
       0
       0
       0
       0
       0
       0
       0
       0
       0
       0
       0
       0
       0
       0
       0
       0
       0
       0
       0
       0
       0
       0
       0
       0
       0
       0
       0
       0
       0
       0
       0
       0
       0
       0
       0
       0
       0
       0
       0
       0
       0
       0
       0
       0
       0
       0
       0
       0
       0
       0
       0
       0
       0
       0
       0
       0
       0
       0
       0
       0
       0
       0
       0
       0
       0
       0
       0
       0
$ROI:
0
$PRESETS:
Real Time
3600
0
$ENER_FIT:
8.931054 0.240803
$MCA_CAL:
3
8.931054E+000 2.408025E-001 6.157388E-008 keV
$SHAPE_CAL:
3
9.658150E+000 -1.618950E-003 2.758845E-007
