$SPEC_ID:
No sample description was entered.
$SPEC_REM:
DET# 1
DETDESC# EPS-140909 Easy-MCA-8k SN 16175454
AP# Maestro Version 7.01
$DATE_MEA:
02/26/2022 13:43:27
$MEAS_TIM:
3594 3600
$DATA:
0 8191
       0
       0
       0
       0
       0
       0
       0
       0
       0
       0
       0
       0
       0
       0
       0
       0
       0
       0
       0
       0
       0
       0
       0
       0
       0
       0
       0
       0
       0
       0
       0
       0
       0
       0
       0
       0
       0
       0
       0
       9
      12
      26
     737
    1580
     568
     427
     346
     328
     372
     405
     371
     395
     347
     353
     324
     332
     344
     357
     399
     422
     473
     400
     386
     375
     377
     332
     357
     394
     355
     334
     311
     328
     321
     277
     306
     338
     335
     305
     345
     339
     329
     337
     304
     330
     348
     336
     340
     369
     336
     299
     353
     352
     380
     346
     371
     395
     377
     346
     341
     383
     422
     387
     394
     433
     428
     446
     480
     482
     494
     482
     551
     518
     545
     563
     648
     663
     725
     812
     822
     883
     919
     900
     856
     923
     983
     919
     879
     903
     861
     822
     825
     825
     775
     899
     941
    1121
    1237
    1538
    1971
    2857
    3549
    4213
    4643
    5166
    5013
    4227
    2874
    1758
    1204
     940
     889
     924
     885
     984
     911
     916
    1077
    1161
    1143
    1216
    1302
    1660
    2036
    2284
    2038
    1827
    1535
    1393
    1403
    1276
    1190
    1094
    1077
    1048
    1050
     995
    1003
    1035
    1058
    1082
    1100
    1168
    1111
    1046
    1130
    1156
    1214
    1281
    1211
    1154
    1221
    1219
    1245
    1293
    1205
    1170
    1139
    1063
    1134
     985
    1069
    1066
    1041
    1078
    1131
    1165
    1123
    1056
    1110
    1083
    1083
    1132
    1055
    1082
    1145
    1093
    1085
    1175
    1103
    1101
    1084
    1140
    1135
    1144
    1088
    1118
    1124
    1099
    1034
    1077
    1126
    1130
    1194
    1177
    1189
    1117
    1172
    1047
    1063
    1068
     977
    1043
     985
    1049
    1047
    1026
    1020
    1042
    1078
    1000
    1015
    1025
    1012
     971
    1030
     971
    1032
     998
    1010
    1004
     928
     949
     965
     990
     990
     940
     978
     973
     938
    1000
     962
     929
     876
     931
     966
     911
     932
     958
     896
     963
     922
     915
     938
     929
     885
     866
     854
     902
     889
     865
     908
     922
     842
     892
     888
     856
     816
     900
     899
     869
     856
     889
     879
     845
     882
     859
     843
     836
     832
     859
     771
     818
     827
     866
     831
     811
     818
     784
     820
     826
     831
     766
     797
     814
     773
     786
     734
     782
     793
     785
     695
     741
     755
     739
     784
     754
     731
     706
     750
     697
     710
     744
     693
     735
     733
     721
     739
     709
     728
     766
     719
     758
     728
     783
     667
     654
     682
     698
     687
     682
     666
     669
     681
     636
     689
     663
     635
     665
     662
     630
     673
     609
     669
     649
     670
     619
     587
     610
     625
     629
     581
     623
     626
     593
     641
     576
     603
     596
     574
     573
     563
     577
     556
     637
     549
     567
     575
     555
     580
     571
     563
     537
     559
     538
     517
     487
     531
     574
     545
     501
     516
     546
     533
     548
     485
     523
     467
     484
     482
     509
     493
     511
     498
     495
     477
     520
     482
     495
     520
     517
     477
     484
     497
     466
     485
     476
     480
     472
     474
     453
     439
     486
     447
     445
     464
     434
     418
     418
     450
     477
     478
     427
     455
     400
     451
     426
     407
     430
     395
     386
     447
     454
     430
     477
     465
     497
     464
     429
     406
     401
     431
     402
     392
     399
     356
     383
     428
     418
     354
     414
     370
     425
     378
     383
     378
     384
     408
     386
     356
     413
     357
     360
     394
     349
     387
     345
     378
     386
     367
     363
     340
     358
     357
     367
     383
     399
     377
     369
     342
     378
     345
     355
     331
     361
     330
     341
     343
     348
     356
     337
     333
     331
     352
     363
     354
     345
     326
     319
     329
     311
     304
     349
     311
     327
     316
     335
     318
     315
     319
     312
     341
     307
     307
     323
     269
     307
     301
     299
     318
     292
     294
     262
     286
     271
     282
     291
     284
     307
     315
     257
     306
     263
     283
     264
     287
     242
     298
     311
     282
     289
     278
     263
     302
     272
     280
     281
     256
     262
     285
     260
     275
     262
     294
     276
     217
     274
     258
     244
     262
     259
     285
     262
     289
     361
     429
     535
     612
     575
     431
     336
     307
     251
     286
     308
     313
     305
     277
     265
     239
     218
     214
     213
     234
     231
     229
     233
     215
     245
     215
     224
     181
     220
     191
     213
     198
     202
     204
     199
     198
     188
     195
     208
     212
     194
     188
     210
     186
     218
     198
     206
     213
     216
     191
     201
     198
     208
     221
     204
     205
     171
     201
     193
     206
     169
     173
     171
     198
     184
     158
     194
     179
     175
     207
     190
     201
     192
     219
     170
     184
     170
     193
     190
     192
     206
     193
     194
     195
     194
     200
     173
     163
     188
     176
     192
     182
     158
     178
     169
     179
     154
     194
     173
     196
     202
     179
     219
     157
     158
     172
     149
     172
     155
     173
     161
     190
     180
     137
     172
     170
     179
     186
     154
     142
     151
     160
     150
     156
     144
     155
     154
     157
     143
     167
     132
     159
     149
     164
     137
     161
     151
     179
     147
     156
     153
     161
     209
     240
     255
     287
     230
     209
     184
     143
     150
     128
     153
     134
     152
     179
     175
     153
     160
     138
     140
     130
     173
     142
     137
     141
     116
     159
     151
     153
     154
     187
     210
     226
     226
     177
     145
     145
     136
     117
     133
     143
     124
     116
     123
     135
     125
     123
     117
     125
     132
     121
     158
     133
     118
     131
     120
     130
     126
     123
     137
     115
     131
     127
     126
     123
     104
     117
      96
     129
     125
     121
     126
     115
     115
     103
     104
     120
      88
     132
     114
     120
     100
     120
     139
     145
     156
     130
     143
     147
     117
     107
     107
     114
     112
     117
     110
     110
     105
     116
     128
     114
     120
     104
     100
     108
     105
     111
     125
     130
     167
     182
     173
     162
     146
      99
     104
     111
     113
     106
     115
     104
      97
     103
      99
     117
     106
      90
      99
     115
      79
      93
     106
     114
      93
      85
      81
     112
      98
     122
      94
     118
     141
     187
     222
     325
     286
     272
     202
     124
     107
      98
      94
      86
      95
      89
     110
      93
      95
     104
      91
      81
     112
      88
      76
      77
      90
      88
      84
      83
      98
      92
      78
      80
      87
      85
     102
      95
      75
      79
      87
      76
     105
      93
      89
      96
      89
     100
      86
      84
      82
      79
      86
      78
     107
      85
      95
      83
      82
      84
      76
      76
      91
      82
     101
      95
      84
      89
      88
      82
      69
      89
      96
      85
      73
      81
      78
      91
      78
      86
     104
      76
      67
     104
      82
      78
      75
      75
      78
      85
      83
      91
      92
      82
      80
      75
      88
      71
      69
      81
      73
      62
      74
      66
      86
      86
      71
      99
      91
      75
      68
      85
      89
      89
      88
      67
      70
      85
      67
      92
      80
      85
      70
      91
      79
      76
      88
      63
      84
      77
      76
      70
      73
      83
      68
      82
      75
      70
      68
      74
      57
      70
      84
      82
      77
      73
      65
     101
      85
      77
      92
      85
      92
      87
      79
      75
      60
      63
      63
      65
      73
      65
      76
      62
      90
      67
      62
      73
      77
      70
      64
      61
      57
      71
      63
      75
      86
      65
      74
      75
      69
      71
      70
      65
      68
      81
      51
      73
      71
      54
      63
      75
      82
      72
      78
      67
      57
      78
      67
      67
      50
      58
      62
      67
      66
      65
      72
      64
      69
      61
      73
      84
      67
      63
      58
      51
      55
      53
      54
      80
      68
      77
      68
      70
      77
      73
      55
      62
      53
      77
      48
      65
      61
      53
      56
      59
      47
      55
      55
      54
      65
      58
      61
      52
      58
      69
      72
      59
      60
      50
      58
      66
      72
      66
      60
      64
      69
      55
      58
      55
      46
      47
      70
      52
      57
      45
      61
      53
      64
      57
      65
      56
      63
      54
      58
      50
      45
      53
      76
      59
      82
      80
      83
      80
      88
      75
      55
      53
      58
      52
      58
      58
      42
      63
      60
      61
      55
      54
      50
      52
      62
      58
      45
      48
      68
      50
      60
      59
      53
      49
      55
      51
      62
      61
      68
      47
      58
      48
      57
      51
      53
      70
      62
      67
      56
      50
      50
      51
      52
      46
      50
      51
      48
      43
      54
      60
      58
      45
      50
      47
      60
      54
      60
      45
      56
      65
      52
      53
      40
      56
      46
      50
      56
      67
      45
      61
      47
      66
      59
      41
      58
      62
      56
      69
      46
      60
      54
      41
      53
      44
      49
      52
      43
      52
      47
      45
      47
      49
      42
      46
      64
      54
      64
      47
      45
      42
      55
      59
      62
      58
      44
      52
      28
      59
      53
      41
      48
      67
      91
      91
     103
     116
      98
     104
     100
      83
      72
      67
      66
      49
      52
      56
      50
      43
      39
      46
      43
      50
      53
      39
      48
      43
      43
      44
      52
      54
      44
      35
      41
      50
      39
      34
      39
      43
      28
      46
      42
      47
      51
      44
      51
      50
      53
      53
      45
      43
      39
      41
      51
      40
      52
      51
      44
      51
      47
      43
      41
      43
      40
      42
      45
      46
      52
      45
      39
      39
      42
      56
      44
      49
      57
      46
      38
      43
      53
      46
      42
      46
      48
      43
      50
      36
      44
      50
      37
      49
      51
      56
      53
      59
      38
      45
      40
      49
      47
      32
      38
      48
      55
      51
      40
      53
      44
      45
      44
      27
      40
      45
      48
      48
      45
      46
      49
      41
      34
      38
      47
      35
      49
      44
      31
      34
      48
      52
      38
      37
      39
      45
      30
      47
      40
      48
      39
      57
      46
      40
      49
      36
      48
      31
      50
      59
      37
      48
      49
      50
      43
      46
      45
      58
      46
      49
      42
      59
      50
      51
      52
      34
      45
      47
      39
      38
      42
      34
      30
      40
      38
      44
      35
      47
      47
      36
      42
      39
      58
      44
      50
      50
      56
      83
     114
     162
     172
     154
     131
      87
      62
      50
      33
      35
      45
      44
      42
      36
      28
      37
      33
      41
      30
      30
      45
      42
      45
      41
      43
      55
      38
      49
      27
      42
      34
      39
      48
      34
      30
      29
      33
      34
      50
      40
      31
      39
      44
      48
      42
      31
      38
      51
      40
      45
      36
      39
      40
      39
      26
      28
      39
      37
      31
      35
      29
      38
      38
      66
      80
     141
     194
     199
     216
     180
     123
      76
      34
      27
      39
      38
      34
      36
      35
      22
      31
      28
      47
      31
      36
      30
      36
      30
      39
      47
      49
      25
      49
      30
      29
      43
      31
      30
      37
      40
      31
      30
      29
      43
      33
      35
      38
      34
      32
      33
      40
      33
      33
      38
      33
      30
      46
      35
      42
      22
      37
      27
      29
      28
      26
      40
      32
      28
      37
      30
      33
      28
      39
      51
      34
      44
      38
      26
      30
      33
      30
      28
      32
      30
      30
      23
      32
      34
      33
      31
      44
      28
      27
      35
      29
      36
      31
      26
      21
      35
      41
      36
      30
      35
      27
      32
      37
      35
      22
      35
      44
      30
      46
      38
      31
      32
      36
      26
      31
      39
      28
      36
      44
      21
      29
      35
      26
      36
      32
      35
      39
      27
      33
      35
      37
      44
      48
      58
      44
      46
      39
      39
      36
      36
      32
      33
      35
      34
      35
      44
      40
      31
      32
      44
      34
      33
      37
      31
      28
      37
      29
      30
      28
      32
      33
      30
      32
      26
      40
      32
      37
      27
      31
      38
      31
      35
      33
      30
      25
      34
      39
      36
      32
      29
      28
      32
      31
      42
      36
      30
      30
      33
      36
      39
      20
      36
      28
      31
      26
      35
      31
      37
      35
      32
      23
      34
      23
      33
      28
      29
      34
      31
      34
      37
      20
      27
      28
      31
      31
      30
      35
      27
      23
      29
      30
      34
      37
      28
      38
      27
      30
      27
      22
      39
      18
      37
      32
      29
      27
      37
      38
      32
      40
      30
      25
      28
      38
      18
      33
      28
      33
      28
      25
      30
      33
      38
      28
      24
      28
      27
      26
      33
      28
      30
      26
      32
      31
      24
      33
      24
      22
      23
      22
      22
      25
      23
      32
      28
      27
      25
      37
      33
      31
      31
      21
      32
      33
      31
      26
      19
      36
      24
      24
      28
      25
      36
      19
      43
      42
      45
      53
      56
      46
      51
      37
      24
      31
      22
      24
      24
      24
      23
      33
      36
      27
      26
      19
      30
      26
      19
      25
      15
      26
      19
      28
      26
      23
      25
      31
      24
      27
      29
      29
      28
      23
      26
      18
      27
      19
      31
      28
      21
      34
      33
      23
      21
      30
      28
      32
      32
      24
      25
      31
      27
      25
      25
      30
      16
      31
      32
      32
      33
      26
      27
      30
      16
      25
      17
      22
      24
      39
      45
      31
      21
      27
      32
      27
      31
      24
      22
      31
      19
      41
      23
      26
      34
      22
      34
      29
      18
      19
      26
      35
      32
      30
      69
      89
      85
      93
      85
      60
      45
      36
      32
      38
      41
      24
      41
      26
      22
      20
      24
      33
      33
      26
      29
      27
      26
      30
      22
      20
      26
      23
      28
      28
      33
      51
      58
      79
      57
      49
      46
      32
      22
      20
      18
      29
      21
      23
      26
      24
      16
      16
      19
      24
      21
      29
      27
      31
      34
      26
      27
      27
      27
      22
      20
      28
      25
      31
      21
      19
      18
      29
      25
      26
      25
      27
      28
      23
      32
      38
      52
      29
      25
      21
      28
      29
      19
      29
      26
      21
      38
      29
      29
      17
      23
      21
      15
      32
      24
      20
      24
      20
      21
      27
      20
      21
      31
      37
      27
      27
      24
      17
      21
      24
      16
      19
      17
      30
      29
      30
      27
      45
      54
      54
      55
      28
      34
      23
      15
      15
      19
      19
      24
      26
      21
      19
      21
      23
      21
      13
      24
      27
      29
      26
      18
      18
      20
      18
      19
      28
      17
      21
      25
      20
      17
      25
      22
      26
      18
      26
      17
      16
      26
      18
      30
      32
      31
      15
      20
      20
      26
      16
      26
       9
      25
      19
      23
      25
      21
      33
      20
      24
      21
      30
      28
      15
      15
      30
      35
      22
      24
      34
      20
      26
      13
      22
      24
      20
      20
      19
      25
      30
      31
      24
      31
      21
      26
      20
      25
      15
      20
      21
      26
      49
      40
      69
      59
      54
      53
      23
      26
      24
      22
      18
      27
      20
      28
      21
      23
      19
      16
      22
      14
      22
      24
      21
      24
      28
      19
      22
      16
      29
      37
      25
      31
      40
      19
      28
      15
      27
      23
      34
      13
      29
      24
      21
      16
      22
      25
      21
      16
      24
      22
      25
      27
      23
      24
      23
      27
      27
      24
      37
      29
      23
      19
      17
      18
      18
      17
      14
      19
      20
      23
      18
      29
      32
      22
      18
      18
      12
      24
      19
      24
      16
      24
      18
      17
      22
      19
      20
      22
      18
      23
      23
      18
      12
      23
      12
      17
       6
      25
      10
      17
      24
      19
      13
      12
      27
      16
      26
      16
      18
      16
      26
      22
      20
      18
      22
      15
      24
      20
      15
      13
      20
      22
      11
      21
      22
      14
      19
      20
      21
      24
      26
      19
      27
      18
      23
      23
      15
      20
      18
      20
      28
      28
      20
      18
      20
      18
      18
      25
      22
      21
      26
      28
      32
      64
      72
     116
     125
     110
      69
      56
      41
      26
      17
      16
      18
      18
      22
      23
      20
      12
      18
      15
      17
      19
      20
      17
      20
      16
      13
      12
      21
      17
      11
      21
      18
      18
      13
      19
      11
      15
      16
      18
      20
      17
      18
      27
      18
      18
      12
      19
      15
      22
      14
      19
      28
      16
      16
      18
      23
      18
      14
      18
      42
      25
      24
      22
      21
      18
      13
      10
      20
      15
      13
      13
      14
       9
      23
      14
      20
      16
      15
      14
      15
      21
      13
      21
      20
      28
      21
      20
      14
      15
      23
      26
      29
      20
      18
      20
      24
      23
      17
      21
      16
      25
      20
      18
      12
      17
      15
      22
      17
      19
      18
      18
      14
      20
      24
      17
      11
      20
      14
      20
      20
      20
      25
      18
      14
      16
      15
      19
      16
      24
      10
      19
      15
      30
      34
      31
      33
      38
      47
      32
      21
      18
      16
      21
      24
      35
      58
      55
      59
      61
      45
      43
      25
      21
      22
      22
      16
      17
      20
      21
      12
      13
      21
      16
      16
      18
      20
      15
      21
      18
      16
      18
      13
      21
      16
      20
      15
      23
      22
      22
      23
      18
      21
      19
      15
      26
      15
      15
      14
       7
      28
      14
      22
      22
      14
      16
      22
      18
      15
      20
      16
      17
      11
      25
      14
      20
      17
      16
      17
      21
      23
      15
      13
      14
      21
      20
      11
      14
      17
      15
      22
      13
      17
      16
      17
      16
      13
      18
      18
      19
      23
      20
      13
      16
      16
      16
      15
      11
      12
      10
      14
      17
      14
      19
      13
      18
      23
      15
      21
      17
      14
      19
      16
      22
       6
      17
      17
      23
      12
      12
       4
      16
      14
      23
      13
      15
       7
      23
      25
      22
      12
      14
      13
      14
      19
      10
      21
      15
      10
      15
      19
      19
      20
      22
      19
      17
      19
      18
      19
      21
      13
      18
      25
      15
      17
      14
      17
      11
      17
      14
      21
      14
      17
      14
      17
      16
      11
      21
      17
      17
      16
      20
      15
      11
      12
      15
      20
      17
      20
      16
      16
      11
      10
      12
      14
      22
      24
      19
      15
      17
      15
      25
       9
      18
      17
      23
      21
      16
       8
      15
      13
      13
      15
      17
      17
      13
      21
      21
      14
      16
      18
      10
      20
      19
      15
      17
      14
      14
      17
      15
      17
      15
      19
      16
      13
      22
       8
      14
      13
      12
      17
      10
      20
      20
      12
      21
      13
      19
      21
      16
      18
      12
      14
      15
      14
      11
      20
      24
      11
      17
      19
      15
      11
      17
      13
      13
      21
      18
      15
      11
      14
       8
      12
      20
      16
      16
      10
      16
      20
      14
      25
      19
      18
      19
       9
      16
      11
       8
      13
      10
      16
      20
      21
      17
      24
      17
      15
      14
      22
      12
      16
      19
      21
      17
      20
      16
      19
      16
      14
      17
       9
      17
      13
      14
      18
      16
      17
       6
      20
      17
      17
      22
      14
      11
      15
      17
      27
      15
      25
      23
      24
      16
      15
      14
      14
      18
      18
      13
      16
      21
      10
      17
       8
      17
      17
      16
      22
      12
      17
       8
      16
      15
      16
      20
      21
      13
      16
      11
      19
       9
      11
      12
      16
       8
      16
      13
      20
      14
      19
      13
      17
      21
      24
      20
      18
      16
      16
      10
      20
      14
      26
      29
      28
      43
      40
      44
      29
      36
      22
      19
      22
      27
      46
      40
      65
      57
      71
      59
      43
      35
      26
      10
      19
      15
      16
      13
      20
      15
      18
      17
       9
      16
      17
      18
      24
      19
      16
      16
      19
      19
      18
      16
      16
      16
      21
      12
      14
      21
      19
      15
      12
      20
      18
      17
      20
      19
      22
      18
      15
      20
      18
      12
      17
      18
      16
      14
      20
      16
      26
      15
      14
      15
      19
      19
      12
      11
       8
      15
      21
       7
      10
       8
      21
      11
      13
      16
      13
      19
      16
      11
      14
      10
      18
      14
      24
      12
      25
      20
      15
      12
      24
      25
      15
      26
      16
      15
      28
      21
      13
      22
      21
      18
      10
      19
      13
      13
      19
      26
      16
      16
      18
      11
      15
      23
      12
      15
      15
      20
      29
      13
      15
      22
      12
      17
      15
      20
      22
      12
      13
      13
      17
      15
      18
      43
      30
      31
      42
      54
      45
      35
      38
      22
      16
      18
      13
      15
      19
      14
      13
      16
      16
      12
      14
      19
      17
      18
      16
      21
      12
      22
      13
      16
      23
      13
      18
      18
      13
      12
      16
      15
      12
      13
      16
      13
      12
      22
      13
      18
      12
      17
      29
      13
       9
      20
      21
      21
      15
      12
      19
      22
      16
      14
      17
      20
      17
      10
      23
      16
      23
      16
      17
       8
       6
      15
      14
      11
      14
      19
      12
      18
      12
      17
      22
      14
      19
      22
      12
      25
      14
      15
      21
      26
      16
      17
      20
      12
      10
      16
      10
      16
      15
      19
      16
      17
      17
      18
      12
      25
      16
      11
      15
      14
      21
      11
      18
      14
      19
      18
      18
      28
      16
      21
      11
      21
      15
      17
      16
      15
      13
      16
      15
      16
      23
      20
      15
      14
      25
      12
      19
       8
      15
      19
      23
      25
      19
       9
      17
      18
      23
      22
      13
      14
      24
      22
      12
      10
      16
      20
      11
      19
      21
      27
      14
      19
      23
      20
      17
      34
      30
      33
      26
      22
      34
      22
      20
      22
      11
      16
      19
      12
      15
      11
      12
      17
      16
      20
      16
      15
      13
      13
      16
      23
      13
      13
      21
      15
       6
      16
      11
      19
       8
      18
      12
      14
      11
      17
      15
      12
      15
      16
       8
      14
      13
       5
      11
      12
       9
       9
      11
      16
      18
       8
       7
       5
       7
       9
      16
      22
      16
      13
      16
      14
      12
       7
      12
      13
      10
      12
      13
      12
      13
      14
      16
       7
      16
      14
      14
      16
       9
      12
       8
      12
       9
      17
      13
      14
      10
       9
      10
      10
      11
      13
      15
      10
      11
       8
      10
       9
      12
      18
       5
      16
      12
       8
      17
      16
      15
      15
      12
      11
      11
       9
      16
      14
       8
       8
      12
      10
       8
      15
      16
       9
      15
       7
      10
       9
       8
      14
      12
       8
      10
      10
      11
       9
      11
      12
      12
      11
      11
      10
      13
       8
      11
       7
      12
       9
      10
       5
       8
      11
      10
      14
       9
      18
       5
      14
       8
       4
      14
       7
       4
      10
      11
      13
       9
       9
       7
       8
      16
      12
       9
       5
       7
       6
       5
      13
      16
      12
      15
       8
      11
      17
       7
      13
       7
      17
       9
       9
       7
      10
       9
      12
       8
       9
       8
      12
       8
       7
      10
       8
       8
      11
       9
       7
       4
       6
       9
       7
       6
       8
       9
       9
       6
       8
       9
       4
       5
       6
       7
       7
       8
       8
       7
       7
      11
       8
       9
       7
       7
      22
      17
      15
      17
      36
      37
      35
      29
      23
      14
       5
      12
       9
      12
       9
      11
       8
       8
       7
       5
       8
       4
      10
       9
       2
       3
      12
       6
       8
       2
       6
       6
       9
       7
       7
       2
       7
      11
       7
       9
       3
       8
       6
       4
       8
       3
       9
       8
       6
       6
       8
       7
       7
       8
       4
       6
       4
       8
       8
       4
       6
       5
       9
       7
       6
      10
       5
      11
       7
       5
       8
       8
       7
       6
       7
       6
       8
       3
       6
       4
       2
       9
       5
       9
       5
       7
       8
       5
       6
       6
       2
       3
       8
       6
       5
       6
       9
       7
       6
       4
       6
       7
       4
       6
      11
       8
      14
      11
      10
       1
       5
       6
       6
       6
       8
      11
      11
      18
      16
      15
      15
      10
       4
       9
       6
       5
       4
       6
       6
       5
       6
       8
       7
       7
      10
       8
      14
       6
       8
       3
       3
       7
       5
       3
       5
       8
       4
       5
       6
       4
       3
       2
      10
      10
       5
       6
       8
       2
       7
       1
       4
       3
       7
       4
       7
       4
       6
       8
      12
       6
       7
       7
       3
       6
      12
       5
       6
      11
       8
       8
       5
       8
       9
       3
       3
       6
       6
       8
       3
      11
       8
       7
       5
       5
      11
      13
      12
       2
       4
       6
       4
       4
       5
       4
       5
       5
       8
      10
       7
       6
       4
       7
       5
       9
       5
       6
       4
       2
       2
      13
       5
       6
       5
       3
       4
       7
       7
       6
       4
       6
       5
       5
       7
       7
       5
       7
       5
       5
       5
       4
       9
       4
      12
       7
       5
      11
       4
       4
       3
       5
       8
       6
       5
       7
      12
       8
       7
       3
       7
       5
       5
      10
       6
       6
       6
       5
       4
       3
       9
       5
       5
       4
       7
      10
       6
       6
       4
       7
       3
       3
       5
       3
       6
       2
       5
       2
       3
       7
       8
       8
       5
       4
       7
       5
       7
       6
       7
       3
       6
       7
       2
       7
       7
       6
       4
       9
       9
       6
      10
       6
       7
      10
       5
       8
       5
       7
      10
       9
      15
      33
      73
     108
     208
     331
     406
     451
     364
     328
     191
      96
      38
      23
      11
       3
       3
       1
       5
       4
       5
       4
       2
       6
       3
       3
       5
       3
       3
       2
       4
       4
       4
       7
       9
       2
       4
       2
       2
       3
       4
       4
       5
       6
       3
       4
       3
       3
       5
       5
       0
       1
       5
       5
       5
       4
       6
       1
       2
       2
       2
       1
       5
       3
       4
       3
       1
       4
       2
       5
       2
       5
       2
       3
       3
       5
       1
       3
       3
       5
       4
       4
       3
       4
       4
       2
       2
       2
       3
       5
       6
       2
       4
       7
       7
       6
       7
       4
       1
       8
       2
       4
       6
       4
       3
       5
       5
       6
       3
       9
       3
       6
       7
       6
       2
       7
       1
       3
       3
       4
       4
       4
       1
       3
       4
       9
      12
       7
       5
       9
       9
       5
       5
       2
       9
       3
       3
       3
       4
       8
       4
       1
       6
       3
       2
       2
       3
       2
       6
       1
       4
       7
       2
       3
       3
       5
       0
       3
       1
       3
       4
       4
       3
       5
       2
       4
       0
       7
       3
       3
       6
       1
       4
       6
       2
       3
       3
       5
       2
       3
       2
       3
       3
       2
       1
       4
       2
       6
      10
       4
       3
       4
       4
       7
       3
       0
       6
       4
       1
       2
       8
       6
       5
       1
       5
       6
       0
       1
       5
       5
       3
       7
       5
       5
       4
       2
       1
       5
       4
       3
       5
       3
       3
       2
       2
       3
       6
       4
       8
       2
       2
       2
       1
       3
       1
       4
       5
       4
       2
       3
       2
       2
       3
       2
       6
       8
       3
       5
       2
       5
       6
       6
       2
       1
       3
       4
       0
       7
       3
       4
       4
       1
       7
       4
       3
       5
       3
       1
       0
       2
       2
       2
       3
       4
       2
       5
       2
       1
       1
       3
       0
       1
       2
       3
       1
       2
       5
       0
       2
       2
       2
       4
       1
       4
       4
       1
       3
       1
       1
       4
       2
       2
       9
       5
       5
       6
       4
       4
       1
       3
       1
       2
       5
       4
       1
       4
       4
       2
       2
       5
       1
       9
      10
      16
      10
      15
      14
       7
       7
       5
       2
       7
      11
      16
      16
      25
      18
       8
       6
       6
       1
       5
       2
       3
       2
       2
       4
       3
       4
       6
       5
       2
       2
       2
       1
       2
       4
       1
       1
       2
       2
       2
       5
       1
       2
       4
       5
       3
       2
       2
       2
       2
       4
       0
       4
       0
       0
       4
       4
       4
       0
       1
       0
       3
       2
       2
       0
       4
       1
       3
       2
       1
       6
       2
       2
       2
       4
       6
       4
       3
       3
       4
       4
       5
       9
       6
       5
       4
       2
       7
       5
       3
       2
       1
       1
       2
       2
       1
       3
       6
       1
       1
       1
       2
       4
       2
       4
       4
       6
       9
       6
       8
       3
       5
       1
       2
       2
       0
       3
       4
       4
       3
       2
       2
       3
       3
       3
       6
       3
       2
       0
       3
       4
       1
       2
       0
       2
       6
       1
       2
       3
       3
       1
       6
       1
       7
       0
       0
       3
       2
       4
       3
       2
       3
       2
       2
       2
       2
       1
       3
       3
       3
       3
       4
       3
       1
       3
       1
       4
       0
       0
       2
       3
       4
       2
       0
       3
       3
       2
       2
       2
       5
       3
       3
       3
       3
       6
       3
       2
       4
       2
       2
       4
       1
       3
       2
       2
       1
       3
       2
       4
       4
       1
       5
       3
       4
       2
       2
       4
       0
       4
       1
       4
       2
       2
       0
       1
       2
       1
       3
       2
       3
       3
       3
       2
       4
       4
       3
       4
       7
       0
       2
       1
       1
       2
       5
       1
       4
       3
       3
       0
       1
       3
       3
       4
       3
       0
       0
       4
       4
       1
       0
       2
       3
       0
       4
       3
       4
       6
       2
       4
       4
       1
       4
       2
       3
       3
       6
       4
       1
       1
       2
       3
       2
       3
       2
       4
       2
       5
       4
       1
       2
       2
       3
       1
       1
       4
       1
       3
       2
       2
       2
       3
       1
       1
       3
       1
       1
       3
       1
       0
       2
       1
       0
       2
       1
       1
       0
       1
       2
       2
       1
       3
       3
       5
       2
       1
       4
       4
       2
       5
       1
       4
       3
       4
       1
       2
       0
       5
       1
       3
       3
       1
       3
       3
       2
       3
       2
       1
       3
       1
       4
       1
       1
       2
       2
       2
       3
       1
       1
       0
       5
       1
       5
       4
       8
       9
      10
      13
       8
       4
       3
       2
       4
       6
       1
       2
       0
       1
       1
       3
       1
       3
       4
       2
       1
       2
       2
       2
       0
       0
       1
       2
       1
       4
       1
       0
       2
       3
       4
       2
       1
       2
       4
       1
       2
       1
       2
       2
       1
       0
       2
       3
       3
       2
       2
       4
       2
       2
       3
       1
       4
       4
       1
       2
       1
       2
       3
       0
       3
       3
       3
       0
       2
       1
       3
       0
       0
       1
       1
       2
       4
       2
       2
       2
       0
       3
       5
       2
      18
      13
      22
      26
      35
      29
      28
      23
      20
      13
       5
       5
       1
       1
       1
       3
       0
       3
       2
       4
       1
       0
       1
       3
       1
       2
       4
       2
       3
       3
       0
       1
       0
       2
       4
       0
       2
       3
       2
       0
       0
       2
       8
       4
       2
       1
       2
       2
       3
       4
       1
       2
       0
       1
       1
       6
       2
       2
       0
       1
       6
       1
       4
       2
       1
       2
       4
       2
       0
       2
       2
       2
       0
       0
       2
       1
       1
       2
       0
       2
       5
       1
       1
       2
       3
       1
       2
       2
       1
       2
       1
       1
       3
       1
       0
       1
       4
       2
       4
       0
       1
       2
       2
       2
       4
       0
       3
       3
       0
       1
       0
       0
       0
       5
       4
       2
       2
       4
       3
       2
       1
       1
       1
       1
       2
       2
       3
       1
       0
       1
       1
       2
       2
       3
       3
       1
       4
       3
       1
       3
       0
       1
       3
       2
       3
       4
       1
       0
       2
       4
       3
       1
       1
       2
       1
       0
       1
       0
       1
       1
       5
       2
       2
       0
       1
       4
       1
       2
       0
       1
       1
       0
       1
       4
       4
       1
       2
       2
       4
       3
       3
       2
       0
       3
       3
       3
       0
       4
       9
       0
       1
       3
       1
       4
       3
       2
       3
       3
       2
       2
       3
       2
       1
       0
       1
       3
       1
       3
       4
       5
       8
       8
       7
       4
       7
       3
       3
       4
       4
       2
       0
       1
       3
       2
       2
       3
       1
       1
       2
       3
       2
       0
       2
       2
       2
       3
       1
       2
       2
       4
       3
       2
       3
       1
       2
       1
       1
       3
       0
       2
       6
       0
       4
       1
       5
       2
       0
       1
       0
       1
       0
       2
       2
       0
       1
       4
       3
       3
       1
       2
       4
       1
       2
       3
       2
       3
       1
       2
       1
       2
       1
       2
       2
       1
       1
       1
       3
       2
       2
       0
       3
       2
       1
       3
       1
       2
       0
       3
       1
       1
       4
       1
       3
       1
       1
       2
       1
       2
       1
       2
       1
       4
       1
       5
       1
       3
       1
       2
       3
       1
       3
       1
       3
       4
       2
       3
       3
       2
       2
       4
       2
       3
       2
       2
       0
       5
       4
       2
       0
       1
       1
       4
       0
       0
       0
       3
       0
       0
       2
       4
       2
       6
       0
       1
       2
       2
       2
       1
       3
       2
       1
       2
       1
       0
       2
       2
       2
       3
       1
       3
       2
       2
       2
       1
       2
       1
       1
       1
       1
       1
       1
       3
       1
       0
       2
       0
       0
       3
       1
       0
       6
       1
       3
       2
       3
       1
       1
       0
       2
       2
       0
       0
       3
       1
       4
       1
       3
       1
       2
       1
       1
       1
       0
       1
       0
       1
       4
       2
       2
       2
       3
       2
       0
       1
       2
       4
       0
       0
       0
       1
       3
       1
       2
       0
       4
       3
       4
       7
       0
       2
       2
       3
       3
       0
       2
       2
       2
       1
       3
       2
       2
       0
       3
       3
       5
       4
       4
       2
       2
       0
       0
       3
       2
       1
       1
       2
       3
       2
       2
       1
       5
       0
       2
       2
       3
       1
       0
       4
       1
       0
       3
       1
       4
       1
       0
       1
       1
       5
       5
       2
       0
       3
       0
       3
       3
       3
       1
       1
       2
       1
       1
       1
       3
       0
       1
       1
       2
       0
       2
       2
       0
       2
       2
       2
       1
       2
       2
       3
       0
       2
       3
       2
       2
       1
       1
       2
       2
       6
       4
       4
       0
       0
       2
       0
       2
       0
       1
       1
       2
       0
       3
       1
       1
       3
       0
       0
       3
       2
       1
       1
       2
       2
       1
       0
       2
       2
       0
       2
       0
       2
       3
       2
       1
       0
       1
       2
       2
       0
       5
       0
       5
       1
       3
       0
       2
       1
       1
       3
       4
       0
       0
       3
       2
       1
       4
       0
       4
       2
       2
       3
       0
       3
       1
       3
       0
       0
       4
       2
       1
       2
       1
       1
       0
       1
       2
       0
       0
       1
       3
       0
       0
       1
       2
       0
       1
       1
       4
       2
       3
       2
       0
       3
       1
       1
       1
       0
       2
       2
       4
       2
       1
       1
       4
       1
       0
       1
       2
       5
       0
       4
       2
       1
       2
       2
       3
       2
       1
       0
       1
       2
       1
       3
       0
       2
       2
       2
       1
       1
       3
       2
       1
       0
       2
       4
       1
       2
       1
       2
       2
       0
       2
       3
       0
       2
       1
       1
       0
       1
       1
       1
       2
       3
       1
       1
       1
       0
       2
       1
       0
       1
       0
       4
       1
       3
       3
       1
       4
       1
       2
       0
       3
       1
       0
       0
       3
       1
       2
       3
       2
       1
       1
       0
       0
       2
       2
       0
       1
       1
       5
       2
       0
       2
       0
       1
       0
       3
       3
       3
       2
       1
       3
       2
       2
       0
       0
       0
       4
       1
       2
       2
       0
       2
       3
       1
       1
       1
       2
       1
       1
       0
       3
       1
       1
       2
       2
       1
       1
       1
       1
       1
       3
       1
       3
       1
       1
       2
       1
       1
       1
       0
       0
       2
       2
       1
       3
       2
       2
       0
       3
       0
       3
       4
       2
       0
       1
       3
       1
       1
       1
       0
       1
       1
       2
       1
       2
       0
       1
       2
       1
       2
       1
       0
       1
       1
       1
       1
       1
       2
       2
       0
       1
       1
       2
       1
       1
       3
       1
       0
       3
       2
       2
       1
       3
       1
       1
       0
       2
       1
       1
       1
       4
       2
       2
       1
       3
       1
       2
       2
       1
       1
       2
       2
       1
       3
       3
       6
       7
       8
       8
       4
      12
       5
       6
       5
       2
      10
       7
       3
       5
       1
       2
       3
       1
       2
       0
       0
       1
       2
       1
       1
       4
       2
       2
       0
       2
       0
       0
       2
       3
       0
       3
       2
       3
       2
       6
       5
       5
       2
       1
       2
       3
       6
       3
       1
       1
       1
       3
       0
       3
       0
       2
       0
       0
       0
       2
       1
       2
       2
       0
       3
       2
       2
       2
       2
       2
       0
       1
       1
       1
       2
       1
       2
       1
       2
       1
       1
       2
       0
       0
       2
       1
       1
       4
       3
       4
       0
       3
       3
       2
       1
       2
       1
       2
       2
       2
       3
       2
       5
       0
       0
       1
       0
       3
       3
       5
       2
       1
       1
       3
       0
       1
       2
       0
       1
       2
       1
       1
       2
       3
       2
       3
       2
       4
       1
       2
       2
       1
       2
       1
       0
       3
       5
       1
       2
       0
       3
       0
       0
       1
       2
       1
       1
       3
       2
       0
       1
       2
       3
       1
       3
       1
       1
       0
       1
       1
       2
       1
       1
       0
       3
       1
       1
       2
       2
       4
       1
       2
       1
       2
       0
       2
       2
       2
       2
       3
       2
       0
       3
       0
       3
       2
       3
       2
       1
       0
       1
       1
       0
       1
       0
       1
       0
       1
       1
       0
       2
       0
       1
       3
       2
       4
       1
       4
       2
       1
       1
       0
       1
       2
       0
       2
       1
       3
       0
       1
       0
       1
       7
       3
       1
       1
       4
       1
       2
       2
       2
       1
       2
       6
       4
       1
       1
       2
       1
       0
       1
       2
       2
       0
       2
       0
       1
       1
       1
       3
       5
       4
       5
       9
      13
      12
       5
       8
       9
       6
       4
       1
       1
       4
       2
       3
       2
       3
       5
       1
       1
       1
       3
       1
       2
       1
       3
       1
       1
       3
       0
       3
       0
       2
       1
       3
       2
       1
       1
       2
       1
       1
       1
       5
       1
       5
       1
       1
       0
       3
       2
       1
       3
       1
       1
       3
       3
       0
       3
       1
       2
       2
       4
       1
       1
       2
       4
       0
       0
       1
       1
       1
       0
       4
       1
       2
       2
       1
       1
       2
       1
       4
       3
       2
       3
       2
       2
       2
       1
       1
       1
       4
       1
       0
       1
       3
       1
       0
       1
       1
       3
       4
       1
       0
       3
       0
       2
       0
       0
       4
       2
       0
       4
       3
       3
       2
       3
       4
       1
       0
       1
       1
       0
       3
       1
       1
       4
       1
       2
       3
       1
       2
       1
       2
       2
       1
       4
       1
       3
       3
       2
       3
       4
       0
       1
       1
       0
       1
       3
       0
       2
       1
       1
       4
       0
       2
       0
       1
       1
       2
       2
       2
       4
       2
       1
       2
       0
       1
       2
       2
       1
       1
       4
       1
       3
       3
       1
       2
       2
       3
       1
       1
       0
       3
       4
       0
       1
       1
       3
       2
       1
       4
       3
       2
       2
       0
       5
       2
       3
       1
       2
       0
       3
       1
       5
       0
       3
       0
       2
       2
       0
       1
       3
       2
       3
       3
       0
       5
       3
       3
       1
       2
       3
       3
       4
       4
       1
       1
       4
       2
       2
       1
       4
       1
       2
       3
       0
       1
       2
       2
       0
       1
       1
       0
       1
       2
       2
       3
       0
       0
       2
       3
       2
       4
       1
       3
       6
       1
       2
       2
       1
       0
       0
       0
       1
       2
       5
       0
       1
       3
       0
       0
       2
       2
       4
       1
       2
       2
       2
       2
       3
       2
       2
       2
       4
       2
       3
       1
       0
       1
       2
       3
       1
       1
       2
       0
       0
       3
       1
       2
       3
       4
       2
       2
       6
       3
       1
       1
       4
       2
       3
       1
       5
       2
       2
       3
       1
       2
       4
       3
       1
       1
       1
       2
       0
       2
       4
       2
       3
       5
       3
       1
       2
       1
       3
       3
       3
       1
       1
       2
       2
       4
       5
       4
       2
       2
       1
       1
       4
       4
       1
       3
       2
       2
       3
       2
       3
       3
       2
       2
       3
       3
       3
       3
       1
       5
       3
       2
       2
       0
       1
       0
       4
       1
       3
       3
       0
       2
       2
       6
       3
       3
       2
       1
       3
       4
       5
       3
       1
       0
       1
       3
       1
       5
       4
       3
       0
       2
       1
       3
       1
       1
       4
       0
       1
       2
       5
       4
       3
       3
       2
       4
       1
       3
       0
       0
       2
       5
       2
       1
       3
       0
       2
       0
       3
       2
       2
       2
       5
       4
       1
       2
       3
       2
       1
       1
       3
       2
       3
       1
       1
       1
       4
       3
       2
       3
       3
       3
       3
       3
       2
       3
       4
       1
       1
       2
       1
       2
       1
       2
       3
       5
       0
       0
       2
       2
       2
       0
       1
       5
       3
       1
       0
       0
       1
       6
       2
       0
       1
       2
       0
       2
       0
       0
       2
       3
       1
       2
       1
       3
       0
       1
       0
       0
       0
       3
       1
       0
       3
       0
       2
       0
       2
       1
       0
       0
       1
       2
       3
       2
       4
       2
       1
       0
       1
       0
       1
       1
       1
       1
       2
       4
       0
       5
       1
       0
       4
       3
       2
       0
       1
       1
       1
       0
       2
       1
       1
       0
       3
       1
       1
       1
       1
       2
       2
       2
       1
       0
       2
       1
       2
       0
       0
       1
       0
       0
       2
       1
       0
       0
       1
       1
       2
       0
       1
       0
       1
       2
       5
       2
       2
       0
       2
       2
       2
       1
       2
       1
       1
       0
       0
       2
       1
       0
       1
       1
       0
       6
       1
       1
       1
       1
       1
       2
       1
       0
       0
       2
       1
       1
       0
       2
       0
       0
       0
       0
       3
       3
       4
       3
       3
       3
       6
       4
       2
       5
       1
       0
       0
       2
       2
       4
       2
       2
       3
       1
       1
       1
       3
       0
       1
       0
       1
       0
       0
       0
       1
       0
       0
       1
       1
       2
       3
       0
       0
       2
       0
       0
       0
       0
       1
       0
       2
       2
       2
       2
       0
       1
       0
       3
       1
       0
       1
       1
       0
       0
       0
       2
       1
       3
       0
       0
       0
       0
       3
       1
       0
       1
       1
       0
       0
       2
       1
       3
       2
       0
       0
       2
       0
       2
       0
       1
       1
       2
       0
       1
       1
       0
       1
       0
       1
       0
       1
       0
       1
       2
       0
       1
       1
       2
       1
       0
       0
       0
       0
       0
       2
       0
       1
       0
       0
       2
       1
       1
       1
       0
       0
       0
       0
       2
       0
       0
       0
       0
       0
       0
       1
       0
       1
       0
       0
       1
       1
       1
       0
       1
       0
       0
       0
       2
       1
       1
       0
       0
       0
       0
       0
       2
       0
       0
       0
       0
       1
       1
       1
       0
       1
       0
       2
       0
       0
       0
       0
       1
       0
       1
       2
       0
       0
       0
       0
       2
       0
       0
       0
       1
       0
       0
       1
       2
       2
       0
       2
       0
       0
       0
       0
       0
       0
       1
       0
       0
       0
       0
       0
       0
       0
       0
       2
       0
       0
       0
       0
       1
       0
       1
       0
       0
       0
       0
       0
       0
       1
       2
       0
       0
       1
       1
       1
       1
       0
       0
       0
       0
       2
       0
       2
       0
       0
       0
       1
       0
       2
       0
       1
       0
       1
       0
       0
       1
       0
       0
       0
       1
       1
       1
       0
       0
       0
       0
       0
       0
       1
       0
       0
       2
       0
       0
       0
       0
       0
       2
       0
       0
       0
       0
       0
       0
       1
       0
       2
       0
       0
       0
       0
       0
       0
       0
       0
       0
       0
       0
       0
       0
       0
       0
       0
       1
       0
       0
       0
       0
       0
       0
       0
       0
       0
       0
       1
       1
       1
       0
       0
       1
       0
       1
       0
       0
       1
       0
       1
       1
       0
       1
       0
       0
       2
       0
       0
       0
       1
       0
       0
       0
       0
       2
       0
       1
       1
       0
       0
       1
       0
       0
       0
       0
       1
       0
       0
       0
       0
       0
       0
       0
       0
       0
       1
       0
       0
       0
       0
       0
       1
       0
       0
       0
       0
       0
       0
       1
       0
       1
       0
       0
       0
       1
       0
       0
       0
       0
       1
       0
       0
       0
       0
       2
       0
       1
       0
       0
       0
       0
       0
       0
       0
       0
       1
       2
       0
       0
       0
       0
       2
       1
       1
       2
       0
       0
       0
       4
       0
       0
       0
       0
       0
       2
       0
       0
       0
       1
       2
       7
       9
      22
      28
      51
      50
      59
      51
      49
      50
      37
      13
       9
      13
       1
       1
       1
       0
       0
       0
       1
       0
       0
       0
       0
       0
       0
       0
       0
       0
       0
       0
       0
       1
       0
       0
       0
       0
       0
       0
       0
       0
       0
       0
       0
       0
       0
       0
       0
       0
       0
       0
       0
       0
       0
       0
       0
       0
       0
       0
       0
       0
       0
       1
       0
       0
       0
       0
       0
       0
       0
       0
       0
       0
       0
       0
       0
       0
       0
       1
       0
       0
       0
       0
       0
       1
       0
       0
       0
       0
       0
       0
       0
       0
       1
       0
       0
       0
       1
       0
       0
       0
       0
       0
       0
       0
       1
       0
       0
       0
       0
       0
       0
       0
       0
       0
       0
       0
       0
       0
       0
       0
       0
       0
       1
       0
       0
       0
       0
       0
       0
       0
       0
       0
       0
       0
       0
       0
       0
       0
       0
       0
       0
       1
       0
       0
       0
       0
       0
       0
       0
       0
       0
       0
       0
       0
       0
       0
       0
       0
       0
       0
       0
       0
       0
       0
       0
       0
       0
       0
       0
       0
       0
       0
       0
       0
       0
       0
       0
       0
       0
       0
       0
       0
       1
       0
       0
       0
       0
       0
       0
       1
       0
       0
       0
       0
       0
       0
       0
       0
       0
       0
       0
       0
       0
       0
       0
       0
       0
       0
       0
       0
       0
       0
       0
       0
       0
       0
       1
       1
       0
       0
       0
       0
       0
       0
       0
       0
       0
       0
       0
       0
       0
       0
       0
       0
       0
       0
       0
       0
       0
       0
       0
       0
       0
       0
       0
       0
       0
       0
       0
       0
       0
       0
       0
       0
       0
       0
       0
       0
       0
       0
       0
       0
       0
       0
       0
       1
       0
       0
       0
       0
       0
       0
       0
       0
       0
       0
       0
       0
       0
       0
       0
       1
       0
       0
       0
       0
       0
       0
       0
       0
       0
       0
       0
       0
       0
       0
       0
       0
       0
       0
       0
       0
       0
       0
       0
       0
       0
       0
       0
       0
       0
       0
       0
       0
       0
       0
       0
       0
       0
       0
       0
       0
       0
       0
       0
       0
       0
       0
       0
       0
       0
       0
       0
       0
       0
       0
       0
       0
       0
       0
       1
       0
       0
       0
       0
       0
       0
       0
       1
       0
       0
       0
       0
       0
       0
       0
       0
       0
       0
       0
       0
       0
       0
       0
       0
       0
       0
       0
       0
       0
       0
       0
       0
       0
       1
       0
       0
       0
       0
       0
       1
       0
       0
       0
       0
       0
       0
       1
       0
       0
       0
       1
       0
       0
       0
       0
       0
       0
       0
       0
       0
       0
       0
       0
       1
       0
       0
       0
       0
       0
       0
       0
       0
       0
       0
       1
       0
       0
       0
       0
       0
       0
       0
       0
       0
       0
       0
       0
       0
       0
       0
       0
       0
       0
       0
       0
       0
       0
       0
       0
       0
       0
       0
       0
       0
       0
       0
       0
       0
       0
       0
       1
       0
       0
       0
       0
       1
       0
       0
       0
       0
       0
       0
       0
       0
       0
       0
       0
       0
       0
       0
       0
       0
       0
       0
       0
       0
       0
       0
       0
       0
       0
       1
       0
       0
       0
       0
       0
       0
       0
       0
       0
       0
       0
       0
       0
       0
       0
       0
       0
       0
       0
       0
       0
       0
       0
       0
       0
       0
       0
       2
       0
       0
       0
       0
       0
       0
       0
       0
       0
       0
       0
       0
       0
       0
       0
       0
       0
       0
       0
       0
       0
       0
       0
       0
       0
       0
       0
       0
       0
       0
       0
       0
       0
       0
       0
       1
       0
       0
       0
       0
       0
       0
       0
       0
       0
       0
       0
       0
       0
       0
       1
       0
       0
       0
       0
       0
       0
       0
       0
       0
       0
       0
       0
       0
       0
       0
       0
       0
       1
       0
       0
       0
       0
       0
       0
       0
       0
       0
       0
       0
       0
       0
       0
       0
       0
       0
       0
       0
       0
       0
       0
       0
       0
       0
       0
       0
       0
       0
       0
       1
       0
       0
       0
       0
       0
       0
       0
       0
       0
       0
       0
       0
       0
       0
       0
       0
       1
       0
       0
       0
       1
       0
       0
       0
       0
       0
       0
       1
       0
       0
       0
       0
       0
       0
       0
       0
       0
       0
       0
       0
       0
       0
       0
       0
       0
       0
       0
       0
       0
       0
       0
       0
       0
       0
       0
       0
       0
       0
       0
       0
       0
       0
       0
       1
       0
       0
       0
       0
       0
       0
       0
       0
       0
       0
       0
       0
       0
       0
       0
       0
       0
       0
       0
       0
       0
       1
       0
       1
       0
       0
       0
       0
       0
       0
       0
       0
       0
       0
       0
       0
       0
       0
       0
       0
       0
       1
       0
       0
       0
       0
       0
       0
       0
       0
       0
       0
       0
       0
       0
       0
       0
       1
       0
       0
       0
       0
       0
       0
       0
       0
       0
       0
       0
       0
       1
       0
       0
       0
       0
       0
       0
       0
       0
       0
       0
       0
       0
       0
       1
       0
       0
       0
       0
       0
       0
       0
       0
       0
       0
       0
       0
       0
       0
       0
       0
       0
       0
       0
       0
       0
       0
       0
       0
       0
       0
       0
       2
       0
       0
       0
       0
       0
       0
       0
       1
       0
       0
       0
       0
       0
       0
       0
       0
       0
       0
       0
       0
       0
       0
       0
       0
       0
       0
       0
       0
       0
       0
       0
       0
       0
       0
       0
       0
       0
       0
       0
       0
       0
       0
       0
       0
       1
       0
       0
       0
       0
       0
       0
       0
       0
       0
       0
       0
       0
       0
       0
       0
       0
       0
       0
       0
       0
       0
       0
       0
       0
       0
       0
       0
       0
       0
       0
       0
       0
       0
       0
       0
       0
       0
       0
       0
       0
       0
       0
       0
       0
       0
       0
       0
       0
       0
       0
       0
       0
       0
       0
       0
       0
       0
       0
       0
       0
       0
       0
       0
       0
       0
       0
       0
       0
       0
       0
       1
       0
       0
       0
       0
       1
       0
       0
       0
       0
       0
       1
       0
       0
       0
       0
       0
       0
       0
       0
       0
       0
       0
       0
       0
       0
       0
       0
       0
       0
       0
       1
       0
       0
       0
       0
       0
       0
       1
       0
       0
       0
       0
       0
       0
       0
       0
       0
       0
       0
       0
       0
       0
       0
       0
       0
       0
       0
       0
       0
       0
       0
       0
       0
       0
       0
       0
       0
       0
       0
       0
       0
       0
       0
       0
       0
       0
       0
       0
       0
       0
       0
       0
       0
       0
       0
       0
       0
       0
       1
       0
       0
       0
       0
       0
       0
       0
       0
       0
       0
       0
       0
       0
       0
       0
       0
       0
       0
       0
       0
       0
       0
       0
       0
       0
       0
       0
       0
       0
       0
       0
       0
       0
       0
       0
       0
       0
       0
       0
       0
       0
       0
       0
       0
       0
       0
       0
       0
       1
       0
       0
       0
       0
       0
       0
       0
       0
       0
       0
       0
       0
       0
       0
       0
       0
       0
       0
       1
       0
       0
       0
       0
       0
       0
       0
       0
       0
       1
       0
       0
       0
       0
       0
       0
       0
       0
       0
       0
       0
       0
       0
       0
       0
       0
       2
       0
       0
       0
       0
       0
       0
       0
       0
       0
       0
       0
       0
       0
       0
       0
       0
       0
       1
       0
       0
       0
       0
       0
       0
       0
       1
       1
       0
       0
       0
       0
       0
       0
       0
       0
       0
       0
       0
       0
       1
       0
       0
       0
       0
       0
       0
       0
       0
       0
       0
       0
       0
       0
       0
       0
       0
       0
       0
       0
       0
       0
       0
       0
       0
       0
       0
       0
       0
       1
       0
       0
       0
       0
       0
       0
       0
       0
       0
       0
       0
       0
       0
       0
       0
       0
       0
       0
       0
       0
       0
       0
       0
       0
       0
       0
       0
       0
       0
       0
       0
       0
       0
       0
       0
       0
       0
       0
       0
       0
       0
       0
       0
       0
       0
       0
       0
       0
       0
       0
       0
       0
       0
       0
       0
       0
       0
       0
       0
       0
       0
       0
       0
       0
       0
       0
       0
       0
       1
       0
       0
       0
       0
       0
       0
       0
       0
       0
       0
       0
       0
       0
       0
       0
       0
       1
       0
       0
       0
       0
       0
       1
       0
       0
       0
       0
       0
       0
       0
       0
       0
       0
       0
       0
       0
       0
       0
       0
       0
       0
       0
       0
       1
       0
       0
       0
       0
       0
       0
       0
       0
       0
       0
       0
       0
       0
       0
       0
       0
       0
       0
       0
       0
       0
       0
       0
       0
       0
       0
       0
       0
       0
       0
       0
       0
       0
       0
       0
       0
       0
       0
       0
       0
       0
       0
       0
       0
       1
       0
       0
       0
       0
       0
       0
       0
       0
       0
       0
       0
       0
       0
       1
       0
       0
       0
       0
       0
       0
       0
       0
       0
       0
       0
       0
       0
       0
       0
       0
       0
       0
       0
       0
       0
       1
       0
       0
       0
       0
       0
       0
       0
       0
       0
       0
       0
       0
       0
       0
       0
       0
       0
       0
       0
       0
       0
       0
       0
       0
       0
       0
       0
       0
       0
       0
       0
       0
       0
       0
       0
       0
       0
       0
       0
       0
       0
       0
       0
       0
       0
       0
       0
       0
       0
       0
       0
       0
       0
       0
       0
       0
       0
       0
       0
       0
       0
       0
       0
       0
       0
       1
       0
       0
       0
       0
       0
       0
       0
       0
       0
       0
       0
       0
       0
       0
       0
       0
       0
       0
       0
       0
       0
       1
       0
       0
       0
       0
       0
       0
       0
       0
       0
       0
       0
       0
       0
       0
       0
       0
       0
       0
       0
       0
       0
       1
       0
       0
       0
       0
       0
       0
       0
       0
       0
       0
       0
       0
       0
       0
       0
       0
       0
       0
       0
       0
       0
       0
       0
       0
       0
       0
       0
       0
       0
       0
       0
       0
       0
       0
       0
       0
       0
       0
       0
       0
       0
       0
       0
       0
       0
       0
       1
       1
       1
       0
       0
       0
       0
       0
       0
       0
       0
       0
       0
       0
       0
       0
       1
       0
       0
       0
       0
       0
       0
       0
       0
       0
       0
       0
       0
       0
       0
       0
       0
       0
       1
       0
       0
       0
       0
       0
       0
       0
       0
       0
       0
       0
       0
       0
       0
       0
       0
       0
       0
       0
       0
       0
       0
       0
       0
       0
       0
       0
       0
       0
       0
       0
       0
       0
       0
       0
       0
       0
       0
       0
       0
       0
       0
       0
       0
       0
       0
       0
       0
       0
       0
       0
       0
       0
       0
       0
       0
       0
       0
       0
       0
       0
       0
       0
       0
       0
       0
       0
       0
       0
       0
       0
       0
       0
       0
       0
       0
       0
       0
       0
       0
       0
       0
       0
       0
       0
       0
       0
       0
       0
       0
       0
       0
       0
       0
       0
       0
       0
       0
       0
       0
       0
       0
       0
       0
       0
       0
       0
       0
       0
       0
       0
       0
       0
       0
       0
       0
       0
       0
       0
       0
       0
       0
       0
       0
       0
       0
       0
       0
       0
       0
       0
       0
       0
       0
       0
       0
       0
$ROI:
0
$PRESETS:
Real Time
3600
0
$ENER_FIT:
8.931054 0.240803
$MCA_CAL:
3
8.931054E+000 2.408025E-001 6.157388E-008 keV
$SHAPE_CAL:
3
9.658150E+000 -1.618950E-003 2.758845E-007
