$SPEC_ID:
No sample description was entered.
$SPEC_REM:
DET# 1
DETDESC# EPS-140909 Easy-MCA-8k SN 16175454
AP# Maestro Version 7.01
$DATE_MEA:
02/27/2022 20:43:26
$MEAS_TIM:
3594 3600
$DATA:
0 8191
       0
       0
       0
       0
       0
       0
       0
       0
       0
       0
       0
       0
       0
       0
       0
       0
       0
       0
       0
       0
       0
       0
       0
       0
       0
       0
       0
       0
       0
       0
       0
       0
       0
       0
       0
       0
       0
       0
       0
       2
      13
      33
     667
    1262
     474
     400
     310
     307
     321
     320
     345
     352
     316
     344
     332
     352
     340
     370
     387
     387
     436
     407
     435
     327
     339
     290
     352
     355
     382
     359
     374
     292
     328
     339
     327
     337
     300
     318
     308
     337
     339
     331
     340
     331
     344
     335
     340
     339
     349
     326
     316
     340
     356
     366
     350
     347
     361
     393
     344
     371
     404
     421
     377
     402
     416
     462
     457
     409
     488
     484
     462
     500
     501
     594
     565
     631
     725
     710
     827
     848
     815
     862
     892
     849
     845
     859
     868
     825
     849
     873
     833
     817
     763
     881
     805
     868
     900
    1075
    1365
    2034
    3028
    3867
    4398
    5072
    5094
    4199
    2841
    1626
    1076
     931
     926
     883
     926
     903
     920
     932
     916
    1014
    1065
    1092
    1267
    1606
    1967
    2238
    2120
    1756
    1463
    1424
    1381
    1327
    1160
    1082
    1087
    1061
    1065
    1017
    1060
    1036
    1032
    1048
    1094
    1191
    1107
    1149
    1188
    1156
    1193
    1196
    1334
    1251
    1099
    1185
    1188
    1333
    1166
    1123
    1144
    1091
    1081
    1080
    1082
    1072
    1139
    1081
    1105
    1113
    1113
    1092
    1068
    1101
    1099
    1141
    1178
    1121
    1101
    1056
    1135
    1158
    1192
    1161
    1087
    1093
    1101
    1063
    1037
    1122
    1082
    1070
    1056
    1033
    1089
    1162
    1174
    1134
    1132
    1049
    1058
    1050
    1034
    1072
    1038
     999
    1016
     987
    1019
    1039
    1045
     979
    1018
    1051
    1070
    1020
    1003
    1022
     936
    1016
    1040
    1016
    1000
     983
     980
     985
    1004
     931
     961
     939
     962
     935
     967
     926
     908
     954
     957
    1008
     922
     933
     953
     921
     937
     889
     936
     976
     914
     970
     869
     905
     893
     882
     904
     868
     904
     839
     901
     890
     893
     862
     856
     877
     861
     783
     852
     850
     796
     868
     821
     840
     868
     861
     857
     875
     797
     798
     803
     830
     815
     840
     749
     826
     761
     806
     796
     791
     815
     806
     844
     777
     848
     736
     701
     780
     802
     746
     747
     637
     740
     792
     762
     736
     778
     758
     742
     656
     668
     748
     748
     699
     691
     685
     708
     669
     668
     759
     699
     698
     661
     653
     688
     706
     660
     651
     637
     615
     655
     614
     654
     644
     604
     624
     654
     616
     684
     653
     633
     652
     615
     602
     612
     594
     582
     589
     625
     626
     592
     596
     611
     568
     558
     586
     602
     533
     582
     580
     557
     549
     560
     596
     565
     511
     562
     536
     526
     555
     553
     548
     568
     566
     519
     518
     552
     524
     504
     504
     519
     533
     534
     506
     490
     497
     532
     498
     469
     514
     487
     491
     497
     491
     515
     480
     471
     487
     458
     410
     477
     476
     460
     459
     474
     436
     488
     478
     448
     461
     448
     470
     460
     486
     413
     466
     433
     440
     451
     427
     440
     469
     448
     442
     417
     411
     417
     456
     449
     453
     449
     484
     500
     509
     447
     450
     386
     420
     391
     385
     352
     373
     386
     400
     419
     392
     357
     382
     379
     382
     379
     359
     375
     379
     376
     366
     415
     372
     383
     390
     374
     354
     400
     359
     379
     420
     372
     351
     384
     350
     365
     370
     403
     394
     395
     379
     342
     350
     341
     336
     352
     318
     334
     301
     326
     337
     307
     314
     336
     354
     349
     374
     364
     331
     353
     304
     360
     297
     322
     324
     323
     309
     342
     297
     288
     299
     331
     294
     332
     341
     291
     293
     308
     301
     303
     289
     312
     311
     283
     321
     274
     322
     263
     274
     299
     290
     282
     280
     296
     325
     289
     262
     265
     298
     246
     238
     296
     276
     260
     288
     282
     258
     231
     258
     254
     291
     271
     255
     279
     288
     312
     246
     260
     253
     265
     272
     230
     245
     271
     259
     279
     353
     419
     556
     594
     551
     446
     330
     269
     241
     303
     293
     322
     307
     249
     284
     225
     227
     227
     230
     236
     241
     221
     216
     219
     233
     249
     214
     234
     200
     244
     223
     211
     204
     217
     191
     200
     193
     194
     188
     191
     188
     203
     222
     199
     211
     205
     192
     215
     208
     209
     197
     207
     181
     194
     175
     178
     201
     186
     195
     187
     216
     192
     188
     189
     184
     190
     189
     194
     180
     187
     188
     185
     177
     168
     214
     189
     176
     188
     190
     216
     183
     247
     200
     179
     198
     177
     200
     173
     190
     162
     155
     195
     157
     175
     176
     166
     179
     182
     171
     184
     163
     168
     157
     164
     159
     174
     181
     148
     175
     179
     169
     171
     147
     174
     176
     178
     151
     153
     157
     145
     159
     160
     161
     150
     163
     146
     175
     156
     147
     157
     167
     148
     159
     145
     137
     149
     158
     138
     153
     168
     141
     172
     223
     265
     278
     290
     216
     193
     168
     161
     127
     137
     164
     145
     143
     134
     152
     161
     164
     155
     114
     136
     110
     125
     145
     127
     135
     152
     154
     143
     159
     169
     175
     233
     200
     177
     142
     134
     130
     150
      97
     118
     120
     115
     109
     126
     127
     125
     127
     128
     134
     121
     125
     125
     125
     123
     109
     111
     127
     125
     118
     122
     118
     124
     102
     132
     126
     119
     108
     130
     117
     129
     127
     108
     104
     129
     101
     130
     104
     124
     121
     115
     114
     110
     131
     128
     138
     131
     118
     107
     111
     127
     120
     112
     127
     122
     130
     117
     102
     139
     131
     106
     104
      88
     105
     101
     106
     121
     147
     146
     156
     187
     195
     167
     141
     112
      92
     110
     101
      96
      86
     120
     105
      94
     114
     106
     110
     100
      87
     102
     101
      98
     129
     105
     115
     105
     106
     100
      87
     103
     110
     115
     130
     196
     256
     315
     317
     237
     189
     137
      89
     103
     103
      98
      90
     101
      90
      89
     105
     111
      88
      70
     101
      99
      94
      84
      81
      92
      81
      92
      97
      69
      83
      73
      83
      80
      89
      95
      95
      78
      96
      82
      78
      91
      84
     104
      96
      86
      66
      74
      94
      63
      91
      89
      91
      79
      98
      78
      91
      83
      81
      94
      91
      81
      87
      94
      86
      97
      80
      77
      85
      83
      82
      83
      72
      89
      91
      81
      84
      72
      85
      78
      74
     101
      72
      83
      66
      86
     102
      85
      72
      79
      81
      96
      89
      97
      79
      90
      78
      73
      77
      78
      82
      81
      93
      70
      88
      97
      65
      80
      81
      66
      67
      80
      78
      83
      71
      67
      82
      73
      73
      86
      79
      73
      80
      81
      85
      71
      74
      83
      80
      68
      70
      59
      90
      76
      70
      67
      90
      68
      78
      77
      76
      71
      65
      85
      88
      82
      80
      90
      71
      75
      76
      85
      86
      69
      66
      64
      62
      80
      76
      75
      62
      78
      69
      60
      70
      78
      61
      70
      68
      78
      78
      70
      79
      51
      63
      70
      71
      65
      86
      70
      81
      67
      76
      59
      55
      59
      64
      54
      57
      61
      67
      54
      66
      59
      66
      71
      75
      77
      69
      65
      63
      58
      65
      56
      62
      65
      76
      55
      70
      57
      77
      57
      74
      56
      55
      71
      66
      55
      54
      67
      67
      68
      72
      68
      65
      58
      61
      59
      69
      60
      56
      58
      70
      59
      49
      68
      52
      64
      49
      77
      72
      64
      67
      60
      59
      58
      51
      47
      60
      51
      63
      56
      68
      55
      57
      58
      64
      52
      55
      58
      61
      74
      55
      65
      51
      58
      54
      73
      71
      54
      52
      49
      67
      53
      53
      52
      61
      48
      65
      77
      78
      76
      82
      66
      55
      65
      54
      60
      49
      61
      61
      57
      63
      44
      45
      51
      54
      55
      46
      52
      57
      54
      57
      48
      67
      59
      56
      48
      56
      65
      47
      61
      54
      51
      47
      59
      66
      74
      54
      43
      67
      62
      62
      54
      52
      49
      40
      47
      47
      48
      51
      50
      54
      52
      49
      43
      44
      50
      51
      50
      57
      55
      55
      51
      52
      43
      48
      54
      42
      62
      48
      40
      51
      44
      49
      43
      46
      53
      53
      51
      56
      60
      36
      53
      69
      51
      56
      46
      55
      42
      47
      52
      47
      52
      48
      47
      55
      20
      40
      56
      55
      59
      43
      62
      42
      48
      49
      41
      57
      41
      49
      36
      51
      54
      50
      59
      79
      73
     110
     120
     115
     128
     113
      88
      72
      59
      60
      42
      37
      51
      40
      45
      49
      44
      40
      40
      43
      43
      46
      45
      42
      39
      46
      41
      48
      42
      42
      34
      37
      43
      43
      43
      54
      42
      44
      45
      38
      54
      44
      49
      51
      40
      51
      44
      36
      33
      49
      48
      40
      47
      47
      48
      50
      49
      45
      55
      49
      37
      40
      54
      52
      56
      54
      38
      41
      47
      50
      47
      50
      34
      47
      44
      32
      47
      44
      34
      48
      46
      45
      37
      57
      34
      39
      45
      49
      54
      30
      38
      45
      41
      44
      38
      48
      47
      41
      44
      42
      49
      57
      48
      43
      38
      37
      50
      33
      52
      46
      53
      50
      46
      42
      63
      39
      36
      53
      36
      44
      49
      52
      46
      46
      54
      29
      43
      46
      40
      43
      53
      57
      43
      37
      49
      52
      39
      36
      33
      46
      51
      52
      34
      47
      33
      30
      40
      39
      41
      35
      47
      36
      45
      46
      43
      40
      35
      51
      44
      50
      49
      46
      27
      48
      41
      52
      38
      38
      27
      35
      37
      34
      40
      39
      46
      25
      27
      45
      49
      51
      76
     103
     181
     190
     187
     134
      97
      53
      43
      41
      42
      38
      42
      35
      31
      33
      35
      31
      35
      39
      48
      43
      38
      55
      57
      43
      29
      37
      31
      34
      27
      37
      39
      45
      34
      37
      39
      40
      38
      33
      46
      47
      32
      45
      28
      37
      34
      36
      38
      38
      28
      43
      35
      52
      38
      47
      36
      32
      42
      44
      38
      41
      40
      39
      53
      89
     144
     209
     224
     226
     161
      99
      64
      46
      32
      40
      29
      30
      40
      38
      35
      42
      34
      38
      43
      34
      36
      31
      21
      35
      40
      36
      29
      37
      31
      37
      21
      28
      35
      37
      26
      34
      39
      32
      30
      38
      31
      36
      27
      26
      37
      29
      33
      38
      23
      27
      35
      46
      32
      32
      45
      32
      44
      30
      37
      29
      31
      36
      41
      41
      25
      40
      33
      39
      31
      31
      28
      33
      23
      32
      32
      32
      35
      39
      24
      38
      46
      37
      43
      33
      36
      33
      36
      37
      30
      30
      28
      24
      35
      35
      31
      30
      36
      24
      30
      35
      39
      37
      28
      22
      24
      26
      27
      23
      32
      30
      40
      32
      34
      35
      37
      33
      28
      35
      33
      35
      33
      36
      29
      31
      30
      30
      28
      32
      31
      40
      37
      48
      41
      56
      49
      51
      34
      29
      29
      28
      38
      38
      37
      41
      45
      42
      35
      28
      32
      17
      28
      32
      26
      33
      27
      34
      33
      26
      34
      23
      35
      31
      27
      42
      36
      24
      29
      30
      24
      35
      36
      30
      26
      30
      30
      22
      29
      21
      34
      35
      37
      32
      33
      39
      28
      24
      29
      30
      27
      29
      35
      30
      31
      20
      25
      37
      31
      28
      23
      32
      24
      31
      22
      42
      37
      34
      28
      27
      24
      29
      30
      40
      34
      21
      28
      35
      30
      34
      28
      29
      31
      21
      32
      24
      33
      27
      26
      41
      29
      23
      27
      38
      30
      24
      31
      30
      39
      20
      28
      33
      23
      31
      29
      35
      23
      20
      27
      24
      25
      29
      39
      30
      23
      31
      36
      35
      32
      31
      21
      33
      30
      29
      23
      36
      23
      35
      27
      33
      18
      35
      24
      26
      30
      18
      28
      27
      18
      29
      25
      24
      29
      35
      36
      24
      23
      25
      26
      21
      35
      25
      27
      30
      32
      35
      37
      51
      66
      47
      42
      43
      32
      26
      35
      31
      33
      16
      36
      27
      27
      26
      21
      24
      23
      24
      14
      28
      27
      24
      21
      26
      32
      34
      22
      36
      25
      31
      33
      18
      23
      24
      24
      29
      34
      19
      34
      26
      21
      21
      33
      24
      22
      24
      27
      23
      16
      27
      24
      22
      19
      26
      19
      24
      19
      24
      24
      16
      23
      24
      28
      21
      21
      28
      24
      26
      37
      30
      20
      36
      35
      26
      20
      25
      12
      22
      24
      21
      19
      27
      28
      30
      27
      22
      33
      27
      19
      32
      27
      32
      30
      35
      30
      53
      40
      51
      40
      53
      44
      40
      32
      34
      42
      35
      34
      31
      27
      28
      26
      31
      37
      29
      35
      31
      23
      22
      15
      22
      25
      24
      24
      27
      37
      26
      45
      66
      52
      48
      45
      36
      32
      24
      28
      33
      24
      37
      30
      29
      30
      33
      23
      25
      39
      29
      31
      28
      30
      35
      24
      25
      24
      21
      18
      32
      19
      25
      24
      21
      23
      24
      16
      26
      25
      28
      40
      42
      33
      41
      35
      30
      27
      17
      19
      17
      26
      25
      15
      22
      23
      18
      20
      25
      28
      18
      18
      23
      18
      26
      23
      22
      34
      15
      31
      23
      34
      24
      39
      21
      14
      29
      20
      22
      18
      20
      19
      16
      21
      25
      34
      30
      45
      57
      33
      47
      32
      30
      19
      31
      19
      26
      21
      18
      22
      24
      21
      19
      12
      24
      21
      19
      17
      21
      20
      16
      20
      18
      19
      17
      23
      25
      16
      20
      22
      19
      19
      24
      15
      26
      26
      33
      14
      26
      28
      19
      27
      22
      35
      21
      24
      18
      19
      25
      24
      24
      26
      22
      30
      34
      26
      26
      21
      17
      19
      18
      17
      17
      22
      27
      23
      25
      18
      21
      16
      18
      20
      18
      22
      19
      13
      17
      20
      18
      23
      24
      18
      17
      25
      19
      20
      32
      27
      36
      42
      50
      53
      53
      41
      27
      29
      24
      23
      14
      16
      15
      23
      18
      23
      14
      14
      19
      19
      20
      17
      13
      23
      19
      21
      25
      27
      38
      41
      30
      31
      27
      23
      28
      24
      18
      20
      22
      28
      16
      14
      26
      17
      23
      24
      19
      12
      21
      21
      26
      21
      10
      14
      16
      17
      14
      21
      28
      18
      18
      16
      24
      27
      15
      26
      17
      24
      16
      22
      19
      24
      18
      12
      18
      16
      22
      23
      19
      24
      17
      19
      17
      24
      15
      20
      14
      18
      22
      22
      25
      14
      28
      16
      21
      16
      27
      22
      29
      17
      21
      20
      15
      25
      23
      23
      15
      21
      19
      22
      17
      32
      20
      21
      23
      18
      18
      13
      22
      21
      22
      18
      20
      20
      18
      16
      26
      18
      17
      17
      18
      21
      14
      27
      20
      16
      16
      29
      24
      17
      17
      18
      26
      19
      20
      17
      19
      15
      15
      19
      18
      25
      36
      71
      79
     115
     123
     112
      77
      46
      31
      36
      19
      19
      26
      20
      15
      20
      18
      24
      15
      18
      14
      20
      15
      13
      24
      26
      16
      22
      13
      21
      20
      13
      21
      19
      20
      14
      20
      17
      18
      21
      20
      10
      26
      22
      23
      18
      12
      22
      12
      12
       8
      24
      17
      21
      12
      20
      14
      29
      29
      25
      21
      36
      27
      19
      15
      14
      27
      13
      21
      17
      16
      27
      21
      18
      11
      24
      26
      17
      11
      23
      19
      23
      19
      10
      31
      24
      16
      19
      14
      24
      21
      25
      17
      18
      25
      23
      31
      17
      16
      27
      16
      24
      21
      13
      23
      23
      17
      17
      23
      11
      18
      16
      13
      19
      21
      23
      23
      17
      11
      21
      15
      16
      21
      16
      10
      17
      21
      12
      18
      14
      13
      20
      19
      23
       9
      40
      33
      43
      35
      34
      23
      16
      25
      19
      26
      41
      49
      74
      87
      67
      60
      37
      19
      23
      11
      20
      11
      17
      22
      21
      16
      18
      15
      15
      19
      14
      22
      12
      22
      27
      20
      14
      16
      24
       9
      19
      25
      12
      14
      13
      16
      22
      17
      11
       7
      15
      12
      13
      17
      15
      14
      21
      16
      15
      17
      27
      16
      14
      19
      20
      15
      19
      18
      20
      12
       9
      11
      17
      14
       7
      20
      17
      22
      20
      16
      17
      14
      19
      21
      13
      22
      14
      19
      17
      13
      20
      20
      14
      26
      24
      22
      15
      23
      13
       7
      22
      19
      19
      17
      17
      22
      23
      14
      17
      22
      18
      10
      11
      14
      15
      12
      15
      19
      10
      13
      14
       7
      11
      10
      17
      18
      15
      16
      14
      19
      22
      15
      18
      17
       9
       8
      15
      15
      11
      15
      16
      19
      24
      14
       8
      17
      18
      12
      17
      10
      15
      17
      13
      19
      15
      10
      21
      18
      13
      19
       9
      15
      19
      16
      10
      21
      11
      14
      12
      12
      17
      13
      15
      17
      11
      18
      16
      18
      13
      18
      15
      17
       7
      20
      15
      22
      12
      19
      16
      13
      10
      11
      12
      13
      16
      17
      12
      16
      24
      16
      14
      11
      23
      20
      13
      18
      14
      14
      19
      13
      14
      24
      16
      19
      20
      25
      10
      17
      15
      20
      15
      17
      19
      22
      14
      14
      13
      12
      14
      15
      14
       7
      17
      20
      18
      23
      18
      11
      13
      21
      18
      19
      17
      11
       9
      25
      12
      23
      10
      15
      21
      16
      24
      13
      17
      12
      12
      12
      18
      19
      11
      22
      15
      18
      15
      14
      17
      12
      23
      24
      10
      16
      17
      23
      23
      20
      15
      20
       8
      15
      17
      12
      18
      20
      24
      13
      23
      14
      18
      19
      15
      17
      10
      20
      15
      18
      13
       9
      16
      15
      15
      11
      15
      15
      13
      19
      12
      20
      14
      16
      20
      21
      14
      12
      19
      14
      13
      17
       8
      13
      15
      15
      18
      23
      20
      15
      13
      21
      15
      14
      16
      19
      12
      18
      18
      17
       7
      12
      17
      11
      12
      25
      18
      15
      12
      17
      20
      18
      18
      16
      13
      11
      24
      14
      26
      22
      18
      18
       9
      16
      12
      19
      18
      16
      19
      11
      15
      12
      16
      13
      10
      12
      15
      14
      22
      13
      39
      41
      42
      41
      36
      21
      20
      16
      16
      14
      15
      28
      45
      47
      58
      67
      44
      28
      27
      12
      20
      10
      11
      14
      13
      21
      11
      20
      17
      23
      21
      22
      26
      13
      24
      15
      12
      16
      15
      15
      20
      17
      19
      12
      20
      13
      10
      16
      23
      16
      13
      18
      15
      16
      12
      20
      19
      18
      19
      21
      15
      13
      27
      12
      13
      19
      19
      16
      15
      20
      17
      23
      12
      16
      13
      16
      19
      17
      15
      22
      16
      19
      10
      21
      14
      14
      17
      18
      12
      11
      17
      17
      16
      15
      14
      17
      15
      18
      18
      20
      20
      17
      22
      23
      24
      23
      15
      13
      24
      19
      14
      14
      22
      16
      14
      14
      19
      20
      19
      13
      11
      11
      17
      19
      20
      13
      21
       9
      20
      22
      10
      19
      12
      17
      11
      12
      14
      11
      20
      20
      11
      18
      25
      25
      38
      54
      49
      44
      37
      26
      23
      24
      25
      15
      16
      12
      18
      15
      20
      14
      13
      12
      13
      11
      13
      13
      25
      14
      18
       8
      15
      19
      13
      19
      21
      15
      21
      13
      16
      16
      13
      22
      20
      23
      16
      19
      16
      18
      15
      13
      19
      14
      14
      15
      16
      17
       7
      19
      20
      15
      24
      16
      17
      14
      17
      31
      18
      26
      20
      13
      18
      15
      13
      12
      13
      20
      14
      22
      17
      16
      14
      17
      11
      15
      13
       7
      27
      22
      19
      14
      19
      22
      16
      16
      12
      16
      17
      16
      25
      22
      16
      14
      13
      19
      19
      18
      20
      10
      18
      17
      28
      19
      12
      16
      17
      16
      14
      16
      15
      16
      17
      19
      20
      15
      20
      18
      18
      16
      24
      19
      14
      16
      18
      15
      14
      15
      17
      18
      15
      17
      24
      14
      17
      10
      18
      19
      21
      16
      14
      20
      15
      17
      20
      21
      19
      14
      17
      14
      14
      14
      19
      14
      29
      17
      20
      26
      37
      23
      39
      29
      28
      17
      17
      28
      11
      16
      21
      10
      16
      18
      13
      16
      12
      10
      12
      19
      24
      14
      15
      14
      13
      14
      11
      19
      11
      18
      18
      10
      14
      20
      11
      10
      14
      12
      12
      13
      10
      16
      14
      13
       8
      13
      12
      21
       9
      19
      10
      13
       9
       5
      16
      10
       9
       8
      10
      12
      15
      13
       9
       4
      12
      11
      16
       8
      12
       8
      12
      11
      10
      16
       4
      16
       8
      10
       9
       7
       4
       7
      14
       9
       4
      14
       9
       8
      10
      12
      16
      18
      13
      17
       9
       6
       9
      15
      10
       7
      15
       9
      13
       8
       7
      14
       8
      12
      22
      18
      14
      21
      13
       6
      18
       8
      17
       8
       9
      10
      13
       7
      14
       9
       9
       8
       9
      11
      13
      11
      11
      12
       5
       3
      13
      15
       4
      13
       9
      14
       8
      15
      11
       6
       8
      11
       9
      10
       4
       6
       5
       9
      12
       8
      13
      12
       8
       7
       7
      15
       9
       9
      16
       9
      16
       5
      11
      13
       5
      16
      11
       8
      10
       7
       4
       7
       9
      10
       7
       9
      13
       7
       8
       8
      10
      16
       5
      11
      14
      13
       6
      10
       8
      10
      11
      13
       8
       7
      10
      10
      14
       8
       6
       7
       6
       5
       7
       6
      12
       5
       7
       6
       7
       5
      11
       7
       9
       6
       5
       6
       7
      13
       8
       6
       9
      10
       3
       6
       8
       4
       6
      16
      12
      21
      18
      33
      26
      40
      31
      24
      15
      22
      12
       6
       7
       6
       7
       5
       4
       7
       8
       7
       8
       6
       7
       8
       8
       8
       8
       7
       6
       9
       5
       6
       6
      10
       6
       6
       3
       5
       8
       7
       8
       9
       7
       4
       7
       7
       7
       7
      16
       7
      12
       7
      12
       8
      11
       6
       6
       3
       7
       3
       4
       5
      11
       8
       9
      11
       4
       9
       8
      10
       5
      11
       5
       2
       7
       4
       4
       6
       6
       7
       4
       7
      12
       3
       4
      10
       8
       6
       7
       6
       9
       5
      10
       3
       2
       5
       8
       6
       6
       6
       3
       8
       3
       8
       7
       9
       5
       6
      13
       6
       8
       2
       7
       6
       9
       7
      19
      17
      14
       6
       6
       8
       9
       6
       8
       3
       6
       8
      10
       4
       8
       8
       7
       3
       8
       5
       7
       5
       3
       3
       3
       1
       4
       5
       6
       2
       5
       8
       6
       4
       3
       7
       6
       6
       3
       7
       6
       5
       7
       5
       5
       4
       4
       2
       6
       2
       2
       7
       2
       6
       5
       5
       7
       7
       7
       8
       8
       6
       2
       3
       3
       8
       8
       3
       4
       9
       4
       3
       6
       5
       9
      12
      14
       9
      15
      10
       8
       6
       5
       4
       7
      10
       4
       1
       3
       7
       4
       8
       4
       8
       6
       6
       3
       5
       6
       4
       4
       4
       7
       3
       4
       5
       8
       7
       5
      12
       6
       5
       7
       9
       7
       5
       6
       5
      10
       1
       5
       5
       6
       9
       3
       1
       5
       3
       1
       5
       1
       7
       5
       8
       9
       2
       6
      13
       9
       4
       6
       3
       9
       7
       6
       2
       3
       8
       4
       3
       2
       5
       7
       7
       4
       8
       3
       2
       2
       4
       6
       4
       3
       3
       2
       0
       9
       7
       5
       6
       5
       7
       5
       7
       7
       7
       5
       6
       7
       3
       6
       8
       8
       6
       4
       5
       8
       3
       8
       4
       7
       6
       6
       7
       5
       6
       9
       3
       3
       2
      11
       7
      22
      47
      63
     131
     237
     306
     418
     464
     385
     268
     167
      63
      43
      19
       8
       6
       4
       1
       1
       7
       3
       3
       3
       4
       4
       1
       7
       4
       3
       4
       6
       3
       5
       1
       5
       3
       7
       1
       6
       4
       2
       5
       7
       3
       2
       4
       4
       2
       4
       0
       2
       2
       4
       7
       3
       6
       2
       1
       3
       3
       2
       4
       4
       3
       4
       4
       2
       4
       3
       4
       2
       4
       4
       4
       3
       3
       3
       1
       4
       4
       3
       5
       7
       3
       3
       2
       3
       3
       3
       1
       5
       2
       3
       1
       3
       7
       7
       5
       4
       4
       7
       8
       7
       4
       4
       2
       4
       4
       0
       6
       8
       5
       2
       7
       3
       4
       5
       2
       5
       3
       1
       6
       3
       3
      12
       8
       6
       9
       7
       8
       7
       4
       5
       5
       4
       2
       8
       2
       2
       3
       3
       6
       6
       3
       4
       0
       2
       7
       5
       4
       5
       4
       3
       2
       2
       4
       4
       2
       1
       7
       3
       2
       3
       3
       5
       3
       5
       9
       0
       5
       0
       4
       5
       6
       2
       3
       1
       3
       1
       4
       3
       4
       3
       3
       3
       3
       2
       4
       2
       2
       6
       1
       3
       1
       4
       4
       7
       3
       2
       3
       3
       6
       4
       0
       1
       3
       1
       2
       3
       6
       4
       5
       6
       2
       3
       1
       3
       2
       2
       2
       4
       2
       1
       2
       4
       2
       7
       1
       2
       2
       5
       3
       5
       5
       3
       3
       3
       1
       2
       1
       1
       1
       3
       1
       5
       2
       2
       5
       7
       4
       1
       2
       3
       1
       0
       4
       4
       0
       4
       2
       2
       1
       4
       4
       1
       4
       3
       4
       4
       0
       1
       5
       2
       3
       7
       1
       3
       3
       6
       6
       2
       2
       2
       0
       1
       1
       8
       2
       3
       2
       6
       4
       1
       2
       4
       1
       1
       3
       2
       5
       6
       5
       5
       2
       4
       4
       4
       3
       6
       5
       2
       2
       6
       3
       4
       5
       3
       3
       5
       3
       4
       6
       4
      12
      14
      10
       7
       7
       6
       8
       8
       4
      10
       7
      18
      16
      17
      11
       9
       4
       4
       2
       0
       3
       2
       1
       4
       4
       4
       2
       1
       1
       2
       5
       1
       2
       2
       3
       2
       2
       1
       5
       3
       0
       4
       0
       3
       3
       4
       2
       0
       2
       2
       5
       4
       2
       5
       3
       3
       2
       3
       1
       5
       1
       3
       2
       3
       2
       3
       2
       3
       2
       7
       1
       1
       4
       4
       4
       5
       5
       0
       4
       5
       8
       5
       8
       2
       5
       7
       6
       4
       2
       1
       3
       0
       2
       3
       2
       2
       2
       2
       4
       1
       3
       4
       1
       5
       7
       6
       3
       2
       6
       7
       7
       3
       1
       3
       2
       1
       1
       3
       0
       1
       5
       8
       3
       3
       0
       8
       5
       0
       1
       2
       3
       1
       3
       2
       4
       2
       8
       2
       2
       2
       4
       3
       3
       5
       2
       2
       0
       1
       3
       7
       2
       1
       0
       3
       4
       1
       0
       2
       1
       1
       2
       0
       5
       0
       2
       2
       4
       4
       2
       1
       1
       2
       0
       4
       2
       4
       3
       2
       1
       3
       5
       2
       4
       8
       6
       4
       4
       3
       4
       3
       1
       2
       2
       4
       2
       1
       3
       6
       4
       2
       3
       3
       2
       1
       6
       1
       0
       2
       1
       4
       2
       3
       2
       3
       2
       2
       6
       1
       1
       6
       2
       2
       4
       2
       4
       2
       1
       2
       1
       4
       3
       1
       5
       3
       0
       4
       4
       1
       3
       4
       4
       3
       2
       4
       4
       3
       1
       0
       2
       2
       2
       4
       5
       1
       2
       2
       3
       5
       2
       5
       1
       5
       2
       1
       1
       2
       3
       2
       1
       2
       4
       3
       3
       2
       8
       1
       1
       2
       3
       1
       3
       5
       1
       1
       2
       3
       3
       4
       3
       4
       2
       3
       0
       2
       0
       1
       2
       3
       1
       1
       1
       4
       0
       0
       3
       1
       4
       3
       0
       2
       1
       4
       3
       3
       1
       5
       3
       0
       2
       0
       3
       3
       0
       2
       1
       3
       4
       2
       0
       3
       4
       0
       1
       4
       1
       4
       0
       0
       2
       1
       2
       0
       1
       5
       1
       1
       3
       4
       3
       2
       4
       6
       8
       7
       6
      10
       7
       9
       4
       0
       2
       2
       4
       2
       2
       0
       3
       3
       5
       1
       1
       5
       1
       2
       2
       2
       1
       4
       1
       2
       3
       3
       3
       3
       4
       2
       2
       5
       1
       3
       1
       1
       0
       3
       2
       2
       3
       0
       1
       0
       2
       2
       2
       4
       3
       3
       4
       1
       2
       1
       2
       1
       5
       4
       0
       2
       2
       3
       3
       1
       2
       2
       1
       3
       2
       2
       3
       1
       2
       2
       0
       2
       2
       3
       4
       7
      12
      11
      25
      27
      37
      24
      36
      21
      17
      10
       1
       4
       5
       3
       3
       1
       3
       0
       3
       6
       3
       4
       1
       3
       0
       5
       3
       1
       0
       3
       0
       1
       3
       2
       2
       0
       1
       3
       0
       2
       1
       2
       3
       3
       4
       0
       1
       6
       0
       4
       1
       1
       1
       4
       1
       1
       1
       1
       3
       1
       4
       3
       1
       0
       3
       2
       2
       3
       2
       1
       0
       0
       1
       1
       6
       2
       2
       2
       2
       2
       3
       0
       2
       0
       3
       0
       2
       0
       0
       1
       3
       1
       1
       1
       0
       3
       2
       4
       2
       3
       2
       0
       0
       2
       2
       2
       1
       1
       5
       4
       2
       0
       1
       4
       0
       0
       1
       4
       4
       1
       1
       2
       2
       0
       1
       1
       3
       0
       1
       1
       3
       4
       0
       1
       2
       0
       0
       0
       3
       1
       4
       0
       1
       0
       3
       3
       2
       1
       3
       3
       2
       1
       2
       0
       0
       1
       4
       0
       2
       2
       5
       2
       1
       3
       2
       2
       0
       1
       0
       1
       2
       2
       2
       2
       1
       2
       3
       1
       2
       2
       0
       3
       4
       2
       0
       2
       3
       0
       2
       3
       2
       3
       3
       4
       2
       2
       1
       3
       1
       1
       1
       0
       2
       2
       1
       0
       3
       0
       3
       1
       9
       7
       5
       7
       4
       4
       2
       1
       1
       1
       4
       0
       0
       5
       2
       3
       2
       1
       1
       1
       1
       1
       3
       1
       3
       2
       2
       1
       5
       1
       0
       2
       2
       2
       1
       3
       2
       2
       1
       2
       4
       2
       5
       1
       0
       0
       3
       2
       2
       3
       1
       1
       4
       2
       1
       1
       1
       4
       4
       4
       3
       2
       1
       1
       0
       6
       0
       0
       4
       1
       1
       6
       2
       1
       2
       2
       3
       0
       2
       1
       3
       2
       1
       3
       2
       2
       4
       1
       1
       2
       2
       2
       0
       3
       1
       1
       3
       2
       2
       0
       0
       2
       2
       2
       0
       4
       1
       2
       2
       3
       2
       3
       2
       6
       2
       1
       1
       2
       1
       2
       0
       5
       3
       3
       4
       1
       0
       0
       3
       1
       1
       6
       2
       3
       3
       3
       1
       2
       3
       2
       2
       3
       2
       0
       3
       3
       4
       5
       0
       2
       3
       1
       2
       4
       2
       1
       3
       3
       1
       2
       4
       3
       3
       1
       1
       0
       5
       3
       1
       0
       5
       2
       3
       3
       4
       1
       3
       2
       0
       4
       2
       1
       0
       2
       2
       2
       0
       1
       5
       3
       5
       2
       2
       0
       1
       2
       2
       1
       1
       1
       2
       3
       6
       2
       1
       2
       2
       1
       1
       0
       2
       4
       5
       1
       0
       0
       0
       0
       2
       1
       0
       3
       0
       4
       2
       1
       1
       0
       1
       1
       4
       3
       0
       2
       3
       2
       2
       1
       2
       1
       3
       2
       4
       0
       3
       1
       3
       0
       2
       2
       3
       1
       2
       1
       0
       2
       3
       2
       4
       2
       1
       1
       6
       1
       1
       1
       2
       3
       0
       3
       1
       0
       2
       4
       6
       4
       3
       1
       2
       1
       1
       3
       3
       0
       2
       2
       2
       3
       4
       4
       2
       3
       1
       1
       2
       2
       4
       1
       0
       1
       0
       0
       2
       4
       1
       2
       2
       1
       0
       0
       2
       0
       3
       2
       3
       2
       2
       1
       4
       1
       2
       5
       4
       1
       0
       1
       4
       2
       3
       1
       2
       3
       2
       3
       2
       0
       1
       1
       1
       2
       2
       4
       4
       1
       1
       1
       4
       1
       0
       3
       3
       2
       0
       0
       1
       2
       4
       2
       0
       1
       0
       1
       0
       0
       1
       1
       2
       2
       2
       2
       2
       2
       1
       0
       2
       1
       2
       1
       3
       2
       3
       0
       4
       2
       1
       0
       2
       1
       1
       2
       2
       6
       0
       3
       4
       3
       1
       2
       1
       4
       1
       2
       2
       3
       4
       0
       4
       1
       3
       0
       0
       2
       3
       4
       2
       2
       3
       1
       1
       1
       4
       2
       0
       0
       0
       3
       4
       0
       1
       4
       2
       3
       1
       1
       3
       4
       1
       1
       1
       2
       2
       1
       1
       1
       2
       0
       3
       0
       0
       2
       2
       2
       1
       2
       3
       2
       2
       1
       1
       0
       4
       2
       3
       1
       0
       1
       2
       0
       1
       6
       2
       4
       6
       1
       0
       2
       1
       2
       2
       2
       2
       2
       2
       3
       3
       3
       2
       0
       1
       1
       2
       4
       1
       2
       3
       2
       3
       2
       1
       1
       3
       1
       3
       2
       2
       1
       1
       2
       4
       0
       0
       2
       0
       5
       1
       4
       0
       3
       2
       0
       0
       2
       3
       3
       0
       2
       2
       2
       0
       0
       3
       0
       3
       1
       1
       1
       1
       3
       2
       2
       2
       1
       2
       1
       2
       3
       1
       1
       3
       2
       2
       4
       1
       3
       2
       3
       1
       1
       1
       1
       1
       3
       2
       0
       1
       3
       3
       0
       2
       2
       0
       6
       1
       0
       0
       4
       2
       1
       1
       0
       1
       2
       2
       1
       2
       1
       3
       0
       1
       3
       1
       3
       1
       0
       1
       1
       2
       2
       1
       2
       1
       1
       1
       1
       3
       2
       0
       0
       1
       6
       2
       0
       1
       0
       3
       0
       5
       0
       2
       2
       3
       1
       2
       2
       1
       1
       0
       1
       1
       1
       2
       1
       6
       4
       4
       1
       3
      13
      13
      11
       9
      12
      10
       4
       8
       5
       4
       2
       0
       3
       1
       1
       2
       2
       2
       1
       1
       2
       0
       3
       1
       2
       1
       0
       1
       2
       1
       1
       1
       3
       2
       3
       1
       2
       5
       5
       7
       4
       0
       5
       4
       1
       2
       1
       2
       1
       2
       3
       2
       2
       1
       0
       1
       2
       5
       2
       0
       1
       2
       1
       5
       1
       2
       1
       3
       2
       3
       0
       0
       5
       3
       0
       3
       0
       4
       1
       1
       1
       0
       1
       1
       2
       0
       0
       0
       1
       0
       3
       1
       1
       2
       0
       1
       1
       3
       4
       1
       2
       1
       2
       2
       1
       2
       0
       5
       1
       2
       3
       3
       1
       2
       3
       2
       1
       2
       1
       1
       1
       1
       4
       2
       0
       0
       0
       1
       0
       1
       1
       4
       2
       1
       2
       2
       1
       1
       2
       1
       4
       2
       5
       0
       0
       3
       0
       2
       1
       5
       4
       1
       0
       1
       0
       2
       2
       3
       1
       1
       1
       1
       2
       2
       3
       1
       2
       2
       1
       3
       2
       2
       1
       2
       5
       3
       1
       2
       1
       0
       1
       3
       5
       3
       1
       3
       1
       2
       0
       2
       0
       3
       2
       1
       3
       0
       2
       1
       1
       2
       1
       1
       2
       1
       1
       1
       0
       2
       2
       7
       0
       2
       2
       1
       4
       1
       0
       3
       5
       0
       2
       3
       1
       1
       1
       3
       1
       0
       2
       0
       1
       1
       4
       2
       4
       1
       5
       1
       1
       2
       1
       0
       0
       1
       2
       2
       6
       4
       5
       6
       9
       7
      10
      15
       7
      10
       8
       5
       0
       2
       0
       1
       3
       2
       0
       0
       1
       2
       2
       3
       1
       1
       1
       0
       1
       2
       1
       2
       3
       4
       1
       2
       1
       1
       1
       1
       2
       0
       2
       3
       1
       3
       1
       3
       0
       2
       3
       0
       1
       2
       0
       1
       1
       2
       2
       4
       1
       1
       1
       1
       2
       0
       0
       0
       0
       2
       2
       3
       2
       1
       2
       4
       1
       5
       0
       1
       2
       0
       5
       1
       3
       3
       3
       2
       3
       3
       2
       3
       1
       4
       2
       3
       2
       2
       2
       4
       3
       3
       1
       2
       2
       2
       2
       1
       2
       2
       0
       2
       5
       2
       1
       5
       2
       0
       3
       2
       1
       3
       3
       0
       1
       3
       1
       2
       2
       3
       1
       5
       1
       1
       0
       1
       2
       2
       0
       1
       2
       2
       2
       1
       1
       2
       0
       0
       2
       1
       1
       3
       1
       1
       1
       2
       1
       1
       3
       0
       1
       1
       0
       2
       0
       0
       1
       2
       4
       0
       6
       1
       2
       1
       1
       0
       1
       1
       0
       1
       2
       3
       3
       1
       2
       2
       1
       0
       3
       1
       1
       1
       2
       1
       5
       2
       1
       5
       0
       0
       1
       1
       2
       1
       0
       0
       1
       1
       4
       2
       2
       3
       4
       1
       1
       0
       2
       2
       1
       1
       1
       2
       2
       1
       2
       4
       2
       3
       0
       3
       5
       1
       5
       2
       3
       6
       3
       2
       0
       2
       1
       2
       3
       1
       1
       2
       2
       3
       1
       2
       3
       1
       1
       6
       5
       2
       2
       0
       1
       3
       1
       2
       2
       1
       2
       2
       1
       0
       3
       5
       2
       0
       2
       3
       3
       1
       2
       3
       2
       1
       0
       1
       2
       3
       3
       3
       6
       1
       3
       4
       2
       0
       2
       4
       4
       0
       1
       1
       1
       2
       0
       5
       2
       1
       0
       0
       2
       4
       1
       3
       2
       3
       3
       3
       4
       4
       0
       1
       1
       0
       4
       1
       2
       0
       3
       1
       2
       2
       3
       2
       3
       0
       2
       1
       3
       1
       3
       1
       1
       2
       2
       2
       3
       2
       2
       1
       1
       1
       5
       2
       1
       4
       6
       4
       5
       3
       2
       3
       2
       1
       0
       4
       1
       3
       3
       3
       1
       3
       3
       3
       7
       1
       1
       3
       2
       1
       1
       5
       4
       2
       4
       2
       3
       0
       0
       2
       3
       0
       4
       3
       3
       6
       1
       2
       3
       1
       4
       0
       2
       1
       0
       2
       2
       0
       1
       3
       0
       3
       1
       1
       1
       1
       2
       1
       2
       1
       2
       1
       2
       2
       2
       4
       2
       2
       2
       1
       2
       3
       1
       1
       4
       2
       1
       2
       3
       5
       1
       5
       0
       5
       2
       2
       1
       2
       2
       3
       1
       3
       1
       3
       0
       3
       1
       2
       2
       2
       1
       3
       1
       7
       2
       2
       3
       1
       1
       2
       2
       2
       1
       4
       3
       0
       1
       0
       0
       1
       1
       0
       2
       2
       1
       1
       2
       2
       3
       2
       0
       2
       1
       0
       1
       5
       4
       2
       0
       2
       2
       3
       2
       0
       0
       2
       3
       2
       2
       2
       1
       3
       2
       1
       1
       0
       2
       1
       1
       3
       3
       2
       0
       1
       0
       2
       3
       1
       1
       2
       2
       1
       5
       1
       4
       1
       1
       2
       0
       2
       0
       1
       2
       2
       1
       0
       0
       1
       2
       0
       1
       2
       2
       0
       1
       4
       3
       1
       1
       0
       1
       2
       1
       0
       1
       0
       2
       1
       1
       1
       1
       0
       0
       3
       1
       1
       2
       0
       4
       2
       2
       0
       1
       0
       0
       3
       1
       2
       2
       2
       1
       3
       1
       0
       1
       0
       1
       1
       0
       0
       0
       1
       1
       2
       1
       0
       1
       0
       1
       1
       3
       2
       1
       1
       4
       2
       6
       5
       6
       2
       2
       3
       1
       1
       2
       3
       0
       0
       0
       0
       1
       1
       1
       0
       1
       1
       2
       1
       1
       0
       1
       2
       0
       0
       1
       3
       1
       0
       0
       1
       1
       2
       0
       1
       2
       0
       0
       2
       0
       0
       3
       1
       2
       0
       0
       1
       3
       1
       1
       0
       1
       2
       1
       2
       2
       0
       2
       1
       0
       0
       0
       0
       0
       0
       0
       0
       3
       0
       1
       0
       0
       0
       0
       0
       1
       0
       1
       1
       0
       2
       1
       0
       3
       2
       0
       0
       2
       1
       2
       0
       1
       2
       0
       1
       0
       2
       0
       2
       0
       1
       0
       1
       0
       1
       2
       0
       1
       0
       1
       1
       0
       0
       0
       1
       0
       0
       1
       0
       0
       0
       0
       2
       2
       0
       1
       0
       1
       0
       1
       0
       0
       0
       0
       1
       1
       0
       1
       0
       1
       0
       0
       0
       0
       0
       0
       1
       1
       3
       0
       0
       0
       1
       0
       0
       0
       0
       1
       0
       0
       1
       0
       0
       1
       0
       0
       2
       1
       0
       1
       1
       1
       1
       0
       0
       0
       0
       2
       1
       1
       2
       0
       0
       1
       0
       1
       1
       1
       2
       0
       1
       0
       1
       1
       0
       0
       0
       2
       0
       3
       0
       0
       1
       0
       1
       0
       0
       0
       1
       0
       0
       0
       0
       0
       0
       0
       0
       0
       0
       0
       1
       1
       1
       0
       0
       1
       1
       0
       0
       1
       0
       0
       1
       1
       0
       0
       1
       0
       1
       0
       0
       0
       0
       0
       0
       0
       0
       0
       0
       0
       0
       0
       0
       0
       0
       0
       0
       1
       0
       0
       0
       0
       0
       0
       0
       1
       0
       0
       1
       0
       1
       0
       1
       0
       0
       0
       0
       0
       1
       0
       0
       1
       0
       0
       0
       0
       0
       0
       0
       1
       1
       0
       0
       0
       0
       0
       1
       0
       1
       1
       1
       0
       0
       1
       0
       0
       0
       0
       1
       0
       0
       0
       0
       0
       0
       1
       1
       1
       0
       0
       0
       0
       0
       0
       1
       0
       0
       0
       0
       0
       0
       0
       0
       1
       1
       0
       0
       0
       0
       1
       0
       1
       0
       0
       0
       0
       0
       0
       0
       0
       0
       0
       0
       0
       0
       1
       1
       1
       0
       0
       0
       0
       0
       0
       0
       1
       0
       0
       0
       0
       0
       1
       0
       0
       1
       0
       0
       0
       0
       2
       0
       0
       0
       0
       0
       0
       1
       0
       0
       1
       0
       0
       0
       0
       1
       0
       0
       1
       2
       1
       0
       0
       1
       0
       0
       1
       1
       5
       2
      16
      23
      35
      41
      47
      61
      44
      52
      38
      35
      18
      11
       7
       2
       1
       2
       0
       0
       0
       0
       0
       0
       0
       0
       0
       0
       0
       0
       0
       1
       0
       0
       0
       0
       0
       0
       0
       0
       1
       0
       0
       0
       1
       0
       0
       0
       0
       0
       0
       0
       0
       0
       0
       0
       0
       0
       0
       0
       1
       0
       0
       0
       0
       0
       0
       0
       0
       0
       0
       0
       0
       0
       1
       0
       0
       0
       0
       0
       0
       0
       0
       0
       0
       1
       0
       0
       0
       0
       0
       0
       0
       0
       0
       0
       0
       0
       0
       0
       0
       0
       0
       0
       0
       0
       0
       0
       0
       0
       0
       0
       0
       0
       0
       0
       0
       0
       0
       0
       0
       0
       0
       0
       0
       0
       1
       0
       0
       1
       1
       0
       0
       0
       1
       0
       0
       0
       0
       0
       0
       0
       0
       0
       0
       0
       0
       1
       0
       0
       0
       0
       0
       0
       0
       0
       0
       0
       1
       0
       0
       0
       0
       0
       0
       0
       0
       0
       0
       0
       0
       0
       0
       1
       0
       0
       0
       0
       0
       0
       0
       0
       0
       0
       0
       0
       0
       0
       0
       0
       0
       0
       0
       0
       0
       0
       0
       0
       0
       0
       0
       0
       0
       0
       1
       0
       0
       0
       0
       0
       0
       0
       0
       0
       0
       0
       0
       0
       0
       0
       0
       0
       0
       0
       0
       0
       0
       0
       0
       0
       0
       0
       0
       0
       0
       0
       0
       0
       0
       0
       0
       1
       1
       0
       0
       0
       0
       0
       0
       0
       0
       0
       0
       0
       0
       0
       0
       0
       0
       0
       0
       0
       0
       0
       0
       0
       0
       0
       0
       0
       0
       0
       0
       0
       0
       0
       1
       0
       0
       0
       1
       0
       0
       0
       1
       0
       0
       0
       0
       0
       0
       0
       0
       0
       0
       0
       0
       0
       0
       0
       0
       0
       0
       0
       0
       0
       0
       0
       0
       0
       0
       0
       0
       0
       0
       0
       0
       0
       0
       0
       1
       0
       0
       0
       2
       0
       0
       0
       0
       0
       0
       0
       0
       0
       0
       0
       0
       0
       0
       0
       0
       0
       0
       0
       0
       0
       0
       0
       0
       0
       0
       1
       0
       0
       0
       0
       0
       0
       0
       0
       0
       0
       0
       0
       0
       0
       0
       0
       0
       0
       0
       0
       0
       0
       0
       0
       0
       0
       0
       0
       0
       0
       0
       0
       0
       0
       0
       0
       1
       0
       0
       0
       0
       0
       0
       0
       0
       0
       0
       0
       0
       0
       0
       0
       1
       0
       0
       0
       0
       0
       0
       0
       0
       0
       0
       0
       0
       0
       0
       0
       1
       0
       0
       0
       0
       0
       0
       0
       0
       1
       0
       0
       0
       0
       0
       0
       0
       0
       0
       0
       0
       0
       0
       0
       0
       0
       0
       0
       0
       0
       0
       0
       0
       0
       0
       0
       0
       0
       0
       0
       0
       0
       1
       0
       0
       0
       0
       0
       0
       0
       0
       0
       0
       0
       0
       0
       0
       0
       0
       0
       0
       0
       0
       0
       0
       0
       1
       0
       0
       0
       0
       0
       0
       0
       0
       0
       0
       0
       0
       0
       0
       0
       0
       0
       0
       0
       0
       0
       1
       0
       0
       0
       0
       0
       0
       0
       0
       0
       0
       0
       0
       0
       0
       0
       0
       0
       0
       0
       0
       0
       0
       0
       0
       1
       0
       1
       0
       0
       0
       0
       0
       0
       0
       0
       0
       0
       0
       0
       0
       0
       0
       0
       0
       0
       0
       0
       0
       0
       0
       0
       0
       0
       0
       0
       0
       0
       0
       0
       0
       0
       0
       0
       1
       0
       0
       0
       0
       0
       0
       0
       0
       0
       0
       0
       0
       0
       1
       0
       1
       0
       0
       0
       0
       0
       0
       0
       0
       0
       0
       0
       0
       0
       0
       0
       0
       0
       0
       0
       0
       1
       0
       0
       0
       0
       0
       0
       0
       0
       0
       1
       0
       0
       0
       0
       0
       0
       0
       0
       0
       0
       0
       0
       0
       0
       0
       0
       0
       0
       0
       0
       0
       0
       0
       0
       0
       0
       0
       0
       0
       0
       0
       0
       0
       0
       0
       0
       0
       0
       0
       0
       0
       0
       0
       0
       0
       0
       0
       0
       0
       0
       0
       0
       0
       0
       1
       0
       0
       0
       0
       0
       0
       0
       0
       0
       0
       0
       0
       1
       0
       0
       0
       0
       0
       0
       0
       0
       0
       0
       0
       0
       0
       0
       0
       0
       0
       0
       0
       0
       0
       0
       0
       0
       0
       0
       0
       0
       0
       0
       0
       0
       0
       0
       0
       0
       0
       0
       0
       0
       0
       0
       0
       0
       0
       0
       0
       0
       0
       0
       0
       0
       0
       0
       0
       0
       1
       0
       0
       0
       0
       0
       0
       0
       0
       0
       0
       0
       0
       0
       0
       0
       0
       0
       0
       0
       0
       0
       0
       0
       0
       0
       0
       0
       1
       0
       0
       0
       0
       0
       0
       0
       0
       0
       0
       0
       0
       0
       0
       0
       0
       0
       0
       0
       0
       0
       0
       0
       0
       0
       0
       0
       1
       0
       0
       0
       0
       0
       0
       0
       0
       0
       0
       0
       0
       0
       0
       0
       0
       0
       0
       0
       0
       0
       0
       0
       1
       0
       0
       0
       0
       0
       0
       1
       0
       0
       0
       0
       0
       0
       0
       0
       0
       0
       0
       0
       0
       0
       0
       0
       0
       0
       0
       0
       0
       0
       0
       0
       0
       0
       0
       0
       0
       0
       0
       0
       0
       0
       1
       1
       0
       0
       0
       0
       0
       0
       0
       0
       0
       0
       0
       0
       0
       0
       0
       0
       0
       0
       0
       0
       0
       0
       0
       0
       0
       0
       0
       0
       0
       0
       0
       0
       0
       0
       0
       0
       0
       0
       1
       0
       0
       1
       0
       0
       0
       0
       0
       0
       0
       0
       0
       0
       0
       0
       0
       0
       0
       0
       0
       0
       0
       0
       0
       0
       0
       0
       0
       0
       0
       0
       0
       0
       0
       0
       1
       0
       0
       0
       0
       0
       0
       0
       0
       0
       0
       0
       0
       0
       0
       0
       0
       0
       0
       0
       0
       0
       0
       1
       0
       1
       1
       0
       0
       0
       0
       0
       0
       0
       0
       0
       0
       0
       0
       0
       0
       0
       0
       0
       0
       0
       0
       0
       0
       0
       0
       1
       0
       0
       0
       0
       0
       0
       0
       0
       1
       0
       0
       0
       0
       0
       0
       0
       0
       0
       0
       0
       0
       0
       1
       0
       0
       0
       0
       0
       0
       1
       0
       0
       0
       0
       0
       0
       0
       0
       0
       0
       0
       0
       0
       0
       0
       0
       0
       0
       0
       0
       0
       0
       0
       0
       0
       0
       0
       0
       0
       0
       0
       0
       1
       0
       0
       2
       0
       0
       0
       0
       0
       0
       0
       0
       0
       0
       0
       0
       0
       2
       0
       0
       0
       0
       0
       0
       0
       0
       0
       0
       0
       0
       0
       0
       0
       0
       0
       0
       0
       0
       0
       0
       1
       0
       0
       0
       0
       0
       0
       0
       0
       0
       0
       0
       0
       0
       0
       0
       0
       0
       0
       0
       0
       0
       0
       0
       0
       0
       0
       0
       0
       0
       0
       0
       0
       1
       0
       0
       0
       0
       0
       0
       0
       0
       0
       0
       0
       0
       0
       0
       0
       0
       1
       0
       0
       0
       1
       1
       0
       0
       0
       0
       0
       0
       0
       0
       0
       0
       0
       0
       0
       0
       0
       0
       0
       0
       0
       0
       0
       0
       2
       1
       0
       0
       0
       0
       0
       0
       0
       0
       0
       0
       0
       0
       0
       0
       0
       0
       0
       0
       0
       0
       0
       0
       0
       0
       0
       0
       0
       0
       0
       0
       0
       0
       0
       0
       0
       0
       0
       0
       0
       0
       0
       0
       0
       0
       0
       0
       0
       0
       0
       0
       0
       0
       0
       0
       0
       0
       0
       0
       0
       0
       0
       0
       0
       0
       0
       0
       0
       0
       0
       0
       0
       0
       0
       0
       0
       0
       0
       0
       0
       0
       0
       1
       0
       0
       0
       0
       0
       0
       0
       0
       0
       0
       1
       0
       0
       0
       0
       0
       0
       0
       0
       0
       0
       0
       0
       0
       0
       0
       0
       0
       0
       0
       0
       0
       0
       0
       0
       0
       0
       0
       0
       0
       0
       0
       0
       0
       0
       0
       0
       1
       1
       0
       0
       0
       0
       0
       0
       0
       0
       0
       0
       0
       0
       0
       0
       0
       0
       0
       0
       0
       0
       0
       0
       0
       0
       0
       0
       0
       0
       1
       1
       0
       0
       0
       0
       1
       0
       0
       0
       0
       0
       0
       0
       0
       0
       0
       0
       0
       0
       0
       0
       0
       0
       0
       0
       0
       0
       0
       0
       0
       0
       0
       0
       0
       0
       0
       0
       0
       0
       0
       0
       0
       0
       0
       0
       0
       0
       0
       0
       0
       1
       0
       0
       0
       0
       0
       0
       0
       0
       0
       0
       0
       0
       0
       0
       0
       0
       0
       0
       0
       0
       0
       0
       1
       0
       0
       0
       0
       0
       0
       0
       0
       0
       0
       0
       1
       1
       0
       0
       0
       0
       0
       0
       0
       0
       0
       0
       0
       0
       0
       0
       0
       0
       0
       0
       0
       0
       0
       0
       0
       0
       0
       0
       0
       0
       0
       0
       0
       0
       0
       0
       0
       0
       0
       0
       1
       0
       0
       0
       0
       0
       0
       0
       0
       0
       0
       0
       0
       0
       0
       0
       0
       0
       0
       0
       0
       0
       0
       0
       0
       0
       0
       0
       0
       0
       0
       0
       1
       0
       0
       0
       0
       0
       0
       0
       0
       1
       0
       0
       0
       0
       0
       1
       0
       0
       0
       0
       0
       0
       0
       0
       0
       0
       0
       0
       0
       0
       0
       0
       0
       0
       0
       0
       0
       0
       0
       0
       0
       0
       0
       0
       0
       0
       0
       0
       0
       0
       0
       0
       0
       0
       0
       0
       0
       0
       0
       1
       0
       0
       0
       0
       0
       0
       0
       0
       0
       0
       0
       0
       0
       0
       0
       0
       0
       0
       0
       0
       0
       0
       0
       0
       0
       0
       0
       0
       0
       0
       0
       0
       0
       0
       0
       0
       0
       0
       0
       0
       0
       0
       0
       0
       0
       0
       0
       0
       0
       0
       0
       0
       0
       0
       0
       0
       0
       0
       0
       0
       0
       0
       0
       0
       0
       0
       0
       0
       0
       0
       0
       0
       0
       0
       0
       0
       0
       0
       0
       0
       0
       0
       0
       0
       0
       0
       0
       0
       0
       0
       0
       0
       0
       0
       0
       0
       0
       0
       0
       0
       0
       0
       0
       0
       0
       0
       0
       0
       0
       0
       0
       0
       0
       0
       0
       0
       0
       0
       0
       0
       0
       0
       0
       0
       0
       0
       0
       0
       0
$ROI:
0
$PRESETS:
Real Time
3600
0
$ENER_FIT:
8.931054 0.240803
$MCA_CAL:
3
8.931054E+000 2.408025E-001 6.157388E-008 keV
$SHAPE_CAL:
3
9.658150E+000 -1.618950E-003 2.758845E-007
