$SPEC_ID:
No sample description was entered.
$SPEC_REM:
DET# 1
DETDESC# EPS-140909 Easy-MCA-8k SN 16175454
AP# Maestro Version 7.01
$DATE_MEA:
02/26/2022 23:43:27
$MEAS_TIM:
3594 3600
$DATA:
0 8191
       0
       0
       0
       0
       0
       0
       0
       0
       0
       0
       0
       0
       0
       0
       0
       0
       0
       0
       0
       0
       0
       0
       0
       0
       0
       0
       0
       0
       0
       0
       0
       0
       0
       0
       0
       0
       0
       0
       0
       6
       7
      40
     747
    1301
     566
     367
     316
     317
     356
     353
     404
     341
     325
     349
     318
     362
     341
     366
     337
     425
     438
     411
     426
     343
     347
     344
     317
     370
     358
     346
     341
     348
     315
     350
     336
     339
     321
     331
     285
     374
     358
     323
     343
     357
     344
     308
     319
     329
     305
     327
     344
     343
     361
     327
     354
     361
     353
     383
     391
     386
     367
     374
     470
     394
     420
     427
     440
     444
     452
     501
     463
     523
     506
     554
     599
     685
     711
     832
     815
     800
     882
     847
     906
     864
     879
     845
     885
     841
     854
     820
     833
     846
     869
     812
     908
     984
    1090
    1298
    1593
    2384
    3227
    4048
    4474
    4964
    5087
    4275
    2788
    1620
    1111
     872
     857
     881
     900
     895
     906
     882
     990
    1023
    1092
    1116
    1292
    1538
    1986
    2291
    2028
    1732
    1540
    1443
    1389
    1282
    1122
    1054
    1103
    1036
    1059
    1058
     971
    1034
    1032
    1098
    1078
    1141
    1052
    1107
    1111
    1165
    1195
    1249
    1234
    1248
    1142
    1137
    1261
    1245
    1230
    1150
    1074
    1121
    1024
    1104
    1015
    1106
    1058
    1097
    1070
    1085
    1099
    1082
    1100
    1046
    1078
    1093
    1073
    1158
    1086
    1124
    1119
    1095
    1165
    1125
    1098
    1144
    1108
    1159
    1051
    1148
    1102
    1049
    1072
    1096
    1120
    1118
    1162
    1198
    1227
    1071
    1069
    1058
    1042
    1017
    1049
     980
    1008
    1005
    1012
    1096
    1094
    1017
    1011
    1032
     978
     984
    1012
     999
     974
    1001
    1037
     967
     980
    1016
     998
     978
     970
     985
     980
     987
    1033
     969
     923
     978
     914
     931
     951
     956
     980
     976
     935
     923
     922
     932
     852
     876
     936
     927
     845
     910
     909
     904
     873
     905
     902
     888
     979
     870
     869
     940
     868
     882
     861
     853
     904
     866
     811
     841
     798
     788
     856
     814
     808
     835
     863
     855
     834
     814
     833
     786
     769
     811
     806
     837
     796
     784
     826
     852
     804
     767
     786
     773
     753
     757
     743
     740
     721
     772
     712
     795
     717
     713
     768
     731
     695
     735
     737
     714
     725
     690
     719
     645
     669
     711
     712
     702
     669
     689
     675
     698
     653
     666
     648
     652
     661
     716
     665
     634
     650
     635
     682
     641
     637
     652
     629
     636
     589
     642
     627
     578
     580
     591
     608
     648
     601
     566
     576
     595
     646
     638
     587
     569
     590
     586
     583
     587
     638
     599
     568
     528
     547
     559
     553
     537
     530
     569
     540
     512
     532
     531
     541
     535
     546
     550
     527
     524
     527
     512
     511
     494
     490
     571
     497
     515
     496
     450
     466
     464
     513
     499
     467
     466
     491
     438
     513
     509
     462
     471
     463
     450
     469
     469
     462
     461
     478
     463
     457
     496
     470
     436
     431
     426
     412
     485
     450
     418
     484
     441
     383
     466
     409
     425
     409
     424
     429
     409
     449
     485
     458
     504
     426
     427
     422
     389
     425
     391
     372
     409
     394
     347
     404
     417
     397
     403
     402
     367
     393
     367
     407
     365
     396
     407
     384
     365
     367
     370
     360
     369
     345
     338
     437
     379
     400
     341
     369
     398
     378
     359
     369
     351
     394
     348
     326
     348
     352
     360
     336
     357
     336
     330
     341
     357
     329
     312
     324
     355
     347
     354
     395
     298
     341
     334
     308
     353
     291
     330
     333
     340
     279
     307
     298
     319
     279
     319
     313
     288
     318
     326
     303
     323
     301
     310
     313
     299
     273
     285
     300
     296
     278
     286
     286
     307
     268
     288
     263
     285
     297
     269
     280
     303
     265
     255
     259
     289
     286
     306
     289
     269
     265
     273
     276
     266
     262
     281
     261
     262
     270
     246
     283
     251
     248
     250
     286
     256
     227
     269
     282
     333
     411
     580
     636
     548
     429
     311
     298
     259
     280
     326
     303
     289
     278
     251
     232
     242
     244
     216
     206
     211
     229
     196
     226
     210
     235
     227
     233
     240
     205
     198
     211
     214
     197
     217
     216
     224
     240
     195
     205
     218
     229
     191
     189
     213
     188
     230
     208
     207
     165
     201
     195
     204
     190
     196
     168
     185
     223
     194
     217
     198
     185
     222
     186
     178
     180
     194
     173
     190
     164
     140
     185
     170
     173
     165
     193
     204
     196
     190
     176
     189
     194
     182
     182
     177
     190
     158
     154
     168
     185
     162
     151
     158
     178
     175
     168
     168
     178
     185
     185
     150
     170
     181
     179
     149
     156
     148
     176
     171
     162
     161
     177
     161
     161
     147
     152
     141
     172
     134
     130
     133
     175
     166
     139
     159
     162
     154
     164
     155
     162
     159
     155
     159
     167
     152
     151
     160
     163
     164
     153
     173
     177
     211
     237
     302
     248
     244
     185
     154
     144
     145
     136
     141
     158
     140
     150
     166
     158
     129
     150
     131
     150
     144
     125
     140
     140
     129
     132
     121
     139
     133
     176
     213
     202
     209
     146
     134
     125
     114
     142
     127
     126
     108
     125
     141
     114
     140
     130
     140
     145
     134
     132
     120
     129
     129
     126
     112
     108
     145
     120
     119
     116
     114
      89
     118
     136
     130
     116
     110
     123
     115
     133
     126
     114
     129
     119
     137
     111
     112
     100
     124
     109
     116
     112
     131
     132
     133
     143
     132
     125
     114
     138
     119
     105
     126
     114
     116
     120
     111
     122
      97
     102
     103
     132
     105
     104
     101
     118
     112
     139
     148
     180
     162
     166
     159
     115
      96
     101
      89
      95
      96
      95
     108
     112
     100
      88
      98
     111
      97
     104
     103
     115
      86
     120
     104
      99
     105
     109
     120
      88
      96
     116
     144
     182
     275
     330
     316
     257
     186
     115
     107
      98
      89
     100
      87
     103
      95
      83
     122
      82
      96
      95
     109
      88
      81
     100
     100
      84
      99
      80
      94
      75
      94
      83
     103
     101
      92
      80
      80
      84
      78
      93
      94
      73
     101
      80
      75
      71
      80
      83
      85
      84
      81
      91
      77
      77
      79
      80
     103
      75
      65
      90
      99
      88
      69
      85
      86
      97
      94
      74
      88
      77
      78
      66
      79
      88
      88
      72
      78
      66
      88
      84
      86
      90
      76
      94
      79
      82
      83
      80
      98
      75
      66
      86
      87
      86
      80
      75
      89
      78
      79
      78
      78
      90
      80
      81
      79
      73
      87
      83
      66
      79
      65
      88
      81
      88
      82
      81
      79
      54
      77
      69
      81
      83
      78
      86
      71
      85
      73
      84
      83
      83
      85
      79
      72
      86
      64
      78
      56
      67
      85
      68
      69
      56
      86
      62
      68
      68
      78
      79
      76
      89
      75
      76
      83
      71
      64
      56
      67
      67
      70
      54
      60
      82
      67
      72
      84
      79
      75
      83
      69
      82
      85
      76
      73
      62
      72
      73
      73
      67
      88
      60
      81
      58
      73
      79
      56
      61
      70
      73
      77
      54
      64
      65
      75
      67
      55
      61
      59
      54
      66
      78
      64
      67
      72
      80
      74
      60
      67
      52
      64
      49
      59
      69
      75
      50
      72
      66
      69
      67
      82
      76
      58
      78
      51
      58
      64
      66
      69
      56
      58
      50
      53
      70
      61
      54
      59
      77
      71
      68
      60
      55
      58
      64
      65
      60
      60
      59
      63
      69
      65
      73
      67
      68
      68
      66
      68
      57
      68
      56
      65
      76
      56
      61
      70
      64
      62
      49
      54
      63
      55
      58
      63
      58
      54
      63
      66
      44
      40
      60
      79
      77
      74
      83
      72
      66
      61
      53
      61
      67
      57
      48
      60
      47
      55
      64
      58
      51
      52
      59
      54
      61
      62
      61
      59
      48
      62
      49
      44
      60
      52
      71
      50
      55
      64
      59
      39
      48
      49
      47
      56
      67
      44
      57
      49
      65
      52
      59
      49
      47
      53
      51
      48
      43
      47
      50
      59
      44
      51
      40
      50
      51
      62
      59
      50
      53
      54
      59
      62
      59
      45
      65
      64
      61
      52
      55
      58
      49
      60
      47
      55
      35
      56
      63
      51
      49
      54
      55
      62
      59
      39
      48
      46
      43
      50
      49
      66
      50
      40
      47
      42
      42
      60
      53
      44
      53
      51
      48
      48
      50
      73
      56
      50
      57
      44
      44
      60
      77
      75
      82
      87
     115
     124
     119
      84
      87
      66
      57
      69
      49
      62
      45
      46
      53
      49
      42
      49
      63
      55
      48
      34
      42
      57
      44
      53
      61
      46
      57
      42
      41
      40
      56
      41
      42
      52
      40
      46
      49
      41
      50
      55
      49
      62
      47
      55
      49
      41
      48
      45
      49
      55
      48
      51
      39
      42
      43
      49
      43
      52
      37
      39
      49
      49
      54
      43
      47
      44
      35
      64
      45
      42
      59
      44
      35
      37
      58
      40
      48
      41
      41
      42
      42
      46
      45
      33
      47
      59
      37
      37
      46
      56
      55
      46
      45
      62
      45
      47
      47
      41
      43
      45
      48
      42
      39
      47
      39
      45
      54
      31
      42
      53
      44
      35
      50
      48
      52
      35
      45
      51
      45
      46
      51
      43
      56
      46
      47
      46
      48
      38
      40
      52
      45
      45
      36
      42
      28
      40
      51
      46
      42
      39
      49
      43
      36
      39
      37
      51
      45
      44
      45
      40
      42
      54
      45
      43
      38
      38
      41
      47
      47
      42
      35
      37
      46
      36
      37
      37
      39
      45
      44
      37
      37
      52
      41
      49
      31
      51
      44
      62
      69
     101
     156
     182
     170
     148
      92
      59
      49
      35
      49
      35
      45
      40
      33
      45
      40
      39
      43
      35
      33
      35
      37
      36
      49
      28
      44
      47
      37
      43
      33
      48
      28
      37
      43
      28
      31
      43
      43
      44
      34
      36
      43
      58
      46
      38
      30
      36
      48
      39
      33
      40
      46
      37
      33
      28
      26
      34
      46
      51
      30
      38
      40
      52
      49
      82
     125
     167
     221
     206
     171
     114
      64
      36
      34
      29
      31
      46
      36
      28
      19
      42
      31
      39
      45
      43
      40
      32
      37
      27
      38
      25
      36
      35
      29
      44
      48
      33
      31
      33
      34
      31
      32
      31
      44
      37
      35
      41
      36
      28
      27
      35
      28
      32
      32
      32
      30
      30
      34
      45
      40
      37
      40
      34
      37
      30
      36
      33
      31
      37
      32
      25
      46
      35
      29
      29
      29
      40
      32
      31
      30
      33
      31
      29
      30
      36
      27
      34
      32
      44
      38
      36
      31
      38
      32
      43
      32
      27
      33
      36
      26
      35
      30
      32
      38
      27
      27
      26
      40
      36
      26
      38
      37
      26
      38
      28
      31
      40
      24
      34
      31
      33
      37
      32
      30
      19
      26
      36
      27
      38
      40
      36
      31
      32
      27
      36
      43
      52
      58
      48
      53
      40
      40
      38
      36
      30
      41
      44
      36
      37
      25
      34
      29
      32
      24
      35
      32
      29
      33
      26
      23
      38
      18
      32
      33
      31
      31
      29
      28
      34
      41
      42
      40
      32
      37
      24
      30
      22
      40
      27
      30
      28
      23
      35
      28
      31
      32
      28
      26
      32
      35
      26
      36
      22
      32
      37
      22
      35
      31
      26
      30
      26
      32
      36
      29
      26
      18
      26
      35
      34
      23
      24
      36
      23
      28
      30
      28
      29
      38
      33
      26
      31
      20
      22
      33
      39
      34
      30
      31
      30
      31
      30
      30
      22
      32
      23
      27
      22
      26
      29
      36
      23
      29
      31
      39
      34
      29
      24
      24
      34
      37
      30
      25
      41
      27
      22
      24
      29
      36
      22
      37
      23
      26
      30
      25
      28
      26
      28
      34
      35
      22
      30
      34
      23
      23
      23
      32
      33
      23
      19
      38
      23
      24
      34
      21
      25
      36
      28
      30
      30
      30
      36
      23
      25
      22
      31
      18
      39
      24
      43
      46
      56
      63
      56
      67
      41
      30
      26
      31
      27
      36
      19
      20
      23
      23
      17
      30
      33
      25
      27
      28
      27
      25
      24
      27
      27
      25
      33
      19
      35
      30
      36
      29
      25
      27
      29
      25
      22
      30
      26
      39
      19
      41
      19
      26
      22
      30
      33
      18
      20
      23
      34
      40
      27
      26
      25
      19
      23
      35
      22
      38
      27
      26
      23
      30
      26
      19
      35
      18
      27
      29
      24
      34
      27
      31
      32
      28
      28
      26
      38
      24
      26
      22
      22
      30
      26
      28
      19
      19
      29
      31
      30
      22
      36
      32
      49
      33
      67
      63
      66
      70
      46
      43
      54
      37
      42
      37
      43
      27
      24
      24
      24
      25
      29
      39
      28
      26
      23
      33
      21
      20
      31
      15
      21
      38
      26
      36
      46
      54
      69
      49
      56
      46
      44
      34
      29
      27
      22
      26
      18
      32
      26
      29
      22
      26
      25
      34
      28
      39
      20
      27
      30
      17
      16
      16
      25
      23
      29
      22
      26
      29
      26
      19
      25
      22
      30
      33
      29
      24
      29
      36
      28
      49
      37
      37
      26
      21
      17
      27
      20
      19
      29
      28
      21
      34
      27
      18
      22
      27
      25
      26
      28
      20
      15
      35
      17
      22
      22
      31
      31
      44
      26
      29
      24
      19
      22
      19
      26
      20
      19
      23
      30
      39
      46
      50
      55
      44
      39
      32
      25
      26
      22
      20
      27
      17
      22
      25
      15
      20
      18
      22
       7
      18
      25
      19
      24
      20
      25
      22
      19
      18
      28
      22
      26
      22
      28
      32
      23
      15
      19
      21
      21
      15
      17
      31
      21
      20
      22
      24
      23
      32
      13
      16
      16
      32
      20
      17
      19
      18
      30
      28
      14
      24
      23
      22
      16
      19
      20
      22
      21
      30
      22
      20
      29
      16
      29
      23
      22
      23
      20
      22
      18
      14
      24
      15
      26
      18
      21
      18
      21
      21
      18
      31
      33
      15
      35
      29
      46
      53
      45
      44
      31
      21
      24
      28
      19
      15
      20
      23
      21
      21
      20
      18
      15
      24
      23
      22
      23
      18
      18
      21
      30
      31
      36
      48
      43
      34
      31
      18
      20
      25
      17
      17
      25
      27
      13
      18
      22
      34
      18
      19
      16
      18
      15
      22
      26
      23
      18
      17
      29
      21
      31
      27
      21
      26
      24
      15
      17
      15
      15
      14
      16
      23
      23
      16
      22
      22
      14
      13
      21
      20
      19
      26
      15
      20
      16
      26
      14
      26
      15
      19
      18
      25
      18
      19
      19
      17
      28
      19
      19
      25
      12
      17
      24
      21
      10
      17
      21
      17
      20
      22
      18
      27
      28
      15
      12
      17
      24
      24
      13
      17
      20
      14
      19
      20
      17
      29
      19
      28
      25
      22
      26
      18
      16
      24
      24
      25
      29
      19
      17
      21
      18
      14
      15
      20
      16
      15
      19
      17
      22
      19
      25
      20
      13
      27
      25
      24
      37
      64
      65
     102
     101
     111
      74
      51
      29
      23
      25
      15
      12
      19
      13
      19
      24
      24
      11
      14
      10
      11
      15
      16
      17
      22
      18
      27
      23
      12
      14
      21
      21
      17
      17
      28
      17
      16
      18
      17
      16
      10
      13
      12
      24
      19
      17
      19
      17
      17
      22
      17
      18
      21
      18
      19
      15
      27
      21
      23
      32
      33
      27
      24
      16
      19
      15
      16
      20
      16
      13
      24
      22
      21
      18
      17
      24
      18
      13
       9
      12
       9
      16
      25
      26
      21
      27
      19
      22
      19
      16
      23
      15
      20
      13
      26
      24
      22
      22
      24
      20
      20
      16
      22
      17
      20
      12
      20
      16
      17
      17
      14
      12
      20
      13
      21
      20
      10
      26
      10
      14
      18
      20
      16
      15
      15
      20
      17
      11
      12
      13
      22
      17
      18
      34
      14
      36
      41
      36
      29
      26
      19
      16
      28
      25
      41
      59
      71
      71
      65
      56
      46
      21
      26
      17
      22
       7
      15
      18
      12
      15
      19
      13
      12
      11
      28
      18
      16
      22
      10
      21
      28
      15
      14
      25
      19
      12
      16
      13
      21
      14
      17
      15
      18
      18
      23
      19
      14
      12
      15
      17
      18
      25
      19
      16
      18
      17
      18
      17
      17
      12
      13
      15
      18
      16
      11
      12
      16
      19
      24
      26
      17
      20
      14
      28
      22
      15
      13
      10
      24
      14
      11
      16
      20
      17
      20
      22
      15
      16
      19
      15
      29
      19
      19
      14
      18
      25
      18
      16
      18
      11
      14
      20
      17
      18
      21
      21
      12
      17
      15
      14
      20
       8
      16
      13
      17
      18
      17
      18
      11
      21
      18
      18
      13
      14
      16
      16
      23
      11
      19
      17
      17
      11
      21
      14
      19
      15
      17
      14
      20
      11
      20
      18
      14
      18
      16
      16
      11
      17
      16
      18
      16
      23
      14
      15
      17
      13
      11
      21
      16
      24
      17
      18
      18
      16
      28
      13
      18
      20
      18
      19
      21
      11
      20
      16
      14
      15
      18
      24
      15
      17
      19
      20
      17
      15
       9
      21
      14
      19
      15
      15
      18
      19
      10
      18
      21
      21
      20
      22
      22
      15
      14
      13
      10
      13
      13
      18
      16
      22
      24
      14
      17
      21
      14
      20
      19
      14
      21
      17
      16
      12
      15
      13
      13
      12
      16
      22
      14
      15
      14
      20
      15
      27
      14
      16
      15
      11
      13
      21
      14
      24
      13
      19
      12
      16
      12
      20
      16
      13
      10
      17
      16
      11
      14
      12
      14
      17
      16
      11
      20
      19
      16
      13
      17
       8
      10
      13
      19
      16
      18
      15
      16
      15
      17
      11
      17
      20
      25
      19
      11
      24
      20
      14
      14
      18
      23
      14
      21
      14
      12
      15
      13
      15
      18
      19
      16
      13
      20
      21
      15
      15
      12
      17
      13
      20
      22
      21
      23
      27
      18
      19
      17
      15
      18
      16
      18
      19
       9
      15
      16
      19
       9
      22
      13
      18
      19
      14
      10
      20
      15
      13
      17
      11
      21
      16
      20
      18
      16
       9
      19
      16
      16
      12
      22
      11
      19
      11
      14
      19
      17
      11
      12
      14
      11
      11
      19
      15
      16
      16
      17
      12
      21
      13
      14
      14
      14
      16
      15
      19
      24
      25
      42
      35
      48
      42
      33
      28
      14
      18
      29
      20
      31
      27
      57
      68
      74
      62
      61
      22
      29
      20
      17
      13
      25
      16
      17
      12
      14
      15
      24
      14
      15
      23
      17
      15
      12
       8
      16
      20
      23
      13
      14
      23
      12
      12
      11
      19
      18
      13
      14
      13
      17
      17
      18
      16
      14
      22
      13
      15
      12
      11
      13
      15
      13
      15
      14
      18
      19
      17
      13
      15
      14
      14
      19
      10
      11
      13
      15
      12
      10
      13
      15
      17
      15
      18
      20
      12
      15
       9
      12
      26
      20
      10
      18
       9
      22
      11
      24
      18
      21
      12
      19
      18
      21
      18
      13
      18
      15
      19
      13
      14
      15
      14
      15
      25
      12
      13
      12
      15
      13
      15
      18
      15
      22
      20
      20
      15
      15
      13
      19
      11
      13
      13
      13
      22
      17
      10
      13
      13
      18
      16
      14
       9
      18
      32
      38
      48
      54
      51
      41
      29
      19
      13
      19
      12
      18
      13
       8
      15
      10
      18
      18
      17
      19
      16
      17
      17
      12
      16
      18
      20
      12
      22
      11
      18
      14
      21
      17
      15
      15
      13
      19
       7
      13
      10
      10
      23
      23
      18
      19
      15
      20
      15
      16
      13
      18
      23
      13
      14
      10
      12
      17
      15
      16
      13
      19
      15
      12
      18
      22
      23
      20
      20
      15
      18
      14
       8
      18
      13
      10
      19
      24
      15
      16
      22
      16
      22
       8
      19
      17
      17
      14
      21
      17
      24
      10
      23
      16
      19
      17
      20
      19
      20
      20
      20
      17
      17
      17
      20
      15
      17
      12
       9
      12
      14
      14
      14
      17
      16
      18
      17
      20
      25
      17
      15
      13
      23
      10
      14
      15
      21
      17
      13
      16
      17
      21
       9
      22
      15
      26
      18
      11
      17
      23
      14
      15
      20
      15
      19
      20
      17
      15
      16
      18
      16
      16
      17
      23
      14
      17
      15
      16
      13
      16
      17
      20
      29
      34
      37
      37
      26
      32
      27
      21
      23
      19
      17
      13
      21
      19
      10
      10
      16
      15
      11
      15
      12
      12
      11
      14
      12
      16
      12
      22
      16
      17
      13
      15
      12
      16
      14
      13
       8
      14
      13
      15
      11
       8
      15
      21
      12
      13
      17
      11
      14
      21
      11
      19
      10
      13
      10
      10
      12
      11
      12
      11
       9
      11
      13
      11
      19
       5
      12
      10
      16
       8
      12
      14
       8
      11
      13
       9
      12
      10
      11
      12
      13
       6
      18
      18
      15
       9
       6
      17
      14
       8
      18
       7
      16
      13
      10
       7
      13
      13
      15
       8
      15
      14
       9
      13
      10
      13
      12
      12
      14
      12
      19
      11
      14
      15
      12
      10
      20
      10
       8
      18
      12
       9
      13
      12
       5
      17
       9
      10
       8
      11
       7
       9
      11
      10
       9
      13
       7
       9
      17
      15
       7
       9
       9
       8
       4
      15
       9
      10
      14
       9
      12
       4
      14
       9
      12
      10
      14
      10
      14
      11
       7
       6
      11
      12
       7
       8
      11
       9
      12
      17
       5
       8
      10
       5
       9
      12
       5
      12
       8
       9
       8
       8
      10
      15
       8
       8
       7
       7
       7
      11
      10
      10
       6
       9
      12
       5
       6
       5
       8
       5
       7
      10
       7
      14
       4
       8
       9
      10
       8
      10
       5
       8
       8
       8
       6
       7
       6
      13
       6
       3
      15
       8
       6
       3
      13
       6
       3
       9
       4
      11
      10
       7
       9
      12
      15
      23
      34
      30
      47
      34
      22
      17
      22
      12
       9
       4
      12
       2
       5
      10
       7
       6
       8
       9
       4
       9
      10
       6
       7
      11
       4
       9
       7
       9
       7
       8
       6
       4
       6
       9
       6
       5
       7
       7
       7
       7
       8
      12
      10
       5
      10
      10
       9
       4
       7
       9
       1
       5
       3
       9
       6
       8
       0
       5
       9
       6
       6
       8
       4
       6
       6
      12
       7
       6
       6
       7
      12
      10
       5
       7
       8
       4
       8
       7
       6
       4
       7
       7
       6
       9
      10
       9
       9
       8
       8
       3
       4
       5
       4
       4
       4
       9
       7
       1
       4
       9
       9
       7
       8
       2
       6
       2
       3
       4
       7
       6
       8
       8
      15
      10
      17
      11
      12
      14
       4
       9
       2
       8
       5
       7
       8
       5
       8
       1
       8
       7
       5
       9
       6
      10
       8
       6
       6
       5
       4
      10
       6
       5
       6
       6
       5
       8
       7
       9
       4
       4
      10
       5
       6
       6
       7
       5
       5
       2
       4
       3
       5
       7
       7
       9
       7
       5
       1
       4
       7
       9
       9
       4
      10
      10
       7
      11
       6
       6
       9
       4
       8
       3
       4
       3
       4
       5
      12
      10
       9
       8
      14
       5
      11
       6
       8
       4
       4
       9
       8
       4
       8
       5
       6
       6
       3
       8
       4
       6
       2
       3
       3
       6
       7
       5
       3
       8
       1
       6
       2
       5
       3
       6
       4
       4
       3
       6
       9
       4
       6
       7
       6
       3
       7
       6
       6
       2
       2
       5
       6
       8
       5
       6
       4
       2
       4
       5
      13
       7
       7
       6
       6
       7
       4
       5
       5
       4
      12
       3
       5
       3
       8
       4
       5
       3
       2
       5
       9
       5
       5
       8
       1
       4
       3
       9
       3
       5
      13
      12
       4
       8
       7
       6
       4
       6
       5
      11
       5
       6
       3
       7
       4
       4
       6
       5
       6
       5
       3
       1
       8
       5
       4
       3
       5
       4
       4
       9
       6
       9
       7
       8
      13
       8
       6
       6
       9
      20
      26
      66
     144
     208
     304
     406
     452
     363
     296
     189
      83
      42
      14
      10
       3
       4
       0
       3
       2
       5
       7
       5
       3
       1
       3
       5
       6
       2
       0
       4
       5
       5
       2
       4
       5
       3
       3
       5
       2
       0
       3
       3
       5
       3
       3
       3
       3
       8
       0
       4
       6
       1
       3
       3
       7
       4
       2
       2
       3
       3
       3
       2
       4
       2
       6
       4
       0
       4
       3
       5
       3
       3
       6
       4
       4
       3
       3
       5
       1
       3
       4
       2
       1
       6
       2
       3
       6
       6
       6
       2
       7
       1
       9
       7
       8
       6
       4
       2
       3
       8
       5
       5
       3
       2
       4
       4
       5
       5
       5
       2
       4
       5
       4
       5
       3
       3
       4
       3
       4
       6
       1
       5
       5
       3
       3
       8
      11
       8
       7
       6
       3
       4
       5
       4
       6
       3
       6
       1
       5
       3
       2
       1
       5
       1
       3
       1
       9
       1
       2
       3
       4
       4
       2
       4
       3
       4
       5
       3
       4
       3
       4
       2
       2
       4
       1
       2
       5
       2
       5
       6
       3
       5
       3
       2
       5
       5
       4
       8
       7
       2
       3
       6
       5
       6
       2
       4
       4
       4
       0
       2
       2
       1
       2
       3
       2
       6
       4
       4
       5
       7
       5
       2
       1
       3
       2
       1
       2
       6
       5
       1
       0
       5
       3
       3
       4
       5
       3
       1
       3
       4
       1
       4
       1
       1
       5
       1
       3
       2
       1
       5
       3
       1
       1
       1
       4
       1
       4
       3
       2
       1
       4
       2
       1
       2
       0
       4
       2
       3
       5
       1
       0
       1
       1
       3
       3
       3
       1
       4
       3
       4
       0
       3
       3
       4
       1
       2
       3
       1
       4
       2
       1
       2
       4
       4
       3
       2
       3
       5
       3
       0
       4
       0
       1
       1
       4
       3
       3
       4
       2
       2
       2
       2
       1
       5
       3
       3
       4
       4
       4
       2
       0
       4
       3
       3
       7
       3
       4
       2
       3
       3
       6
       3
       3
       3
       0
       5
       2
       2
       2
       5
       8
       4
       7
      11
       7
       8
       9
       5
       5
       4
       7
      11
       7
      16
      13
      19
      14
      13
       7
       4
       3
       4
       4
       7
       2
       3
       3
       4
       4
       5
       5
       6
       2
       1
       3
       1
       1
       2
       7
       4
       1
       2
       3
       3
       5
       8
       2
       1
       3
       2
       2
       3
       5
       3
       6
       3
       3
       8
      11
       4
       3
       3
       2
       2
       3
       4
       1
       3
       1
       2
       3
       4
       4
       3
       3
       1
       2
       2
       5
       1
       3
       7
       7
       8
       2
       4
       9
       3
       6
       5
       1
       1
       3
       2
       2
       2
       1
       1
       6
       1
       3
       6
       5
       3
       1
       4
       2
      11
       7
       5
       8
       7
       6
       3
       3
       2
       4
       1
       2
       3
       3
       3
       2
       1
       1
       4
       3
       4
       3
       1
       3
       4
       2
       5
       4
       4
       3
       1
       1
       0
       3
       2
       4
       3
       2
       6
       4
       2
       2
       3
       4
       3
       2
       1
       3
       2
       2
       1
       1
       1
       1
       3
       1
       2
       1
       0
       2
       5
       5
       2
       3
       0
       1
       4
       2
       2
       3
       5
       1
       4
       3
       1
       6
       5
       5
       4
       9
       1
       5
       2
       2
       1
       3
       1
       1
       3
       1
       4
       1
       3
       5
       2
       3
       3
       1
       4
       2
       1
       1
       1
       5
       1
       0
       2
       5
       1
       2
       1
       1
       2
       3
       4
       3
       2
       0
       1
       4
       3
       1
       1
       3
       3
       0
       2
       1
       2
       1
       2
       1
       0
       3
       1
       1
       3
       4
       1
       0
       0
       2
       1
       2
       2
       4
       3
       1
       5
       8
       0
       1
       4
       5
       2
       2
       3
       1
       5
       2
       3
       1
       2
       5
       1
       1
       2
       5
       3
       2
       3
       2
       1
       1
       2
       3
       4
       4
       1
       2
       0
       1
       1
       2
       4
       4
       1
       4
       1
       0
       1
       1
       1
       2
       1
       3
       1
       2
       3
       0
       2
       2
       4
       2
       2
       3
       2
       2
       1
       4
       3
       1
       3
       3
       2
       3
       0
       1
       1
       3
       0
       7
       4
       4
       2
       0
       3
       2
       2
       2
       2
       3
       0
       1
       2
       2
       5
       1
       1
       3
       5
       1
       2
       3
       1
       2
       5
       4
       7
      12
       9
       6
       4
       6
       3
       2
       3
       0
       2
       0
       4
       1
       2
       1
       4
       3
       2
       1
       2
       2
       2
       3
       3
       1
       4
       5
       5
       5
       1
       0
       1
       3
       2
       4
       2
       2
       2
       1
       4
       5
       2
       2
       3
       3
       1
       3
       0
       1
       1
       4
       2
       2
       2
       2
       1
       1
       2
       3
       1
       2
       2
       4
       1
       2
       2
       2
       4
       1
       2
       3
       6
       3
       2
       2
       2
       2
       2
       1
       3
       7
       6
       6
      10
      20
      31
      55
      46
      27
      31
      16
      14
       6
       7
       5
       0
       2
       4
       0
       3
       1
       1
       2
       2
       3
       3
       1
       4
       1
       1
       1
       5
       2
       0
       5
       0
       1
       1
       1
       1
       0
       4
       1
       1
       3
       2
       1
       2
       2
       0
       1
       4
       2
       1
       2
       0
       0
       3
       1
       4
       3
       2
       2
       1
       2
       3
       5
       0
       1
       1
       4
       3
       2
       2
       0
       1
       4
       4
       2
       1
       3
       0
       1
       3
       1
       2
       3
       1
       1
       1
       1
       1
       1
       0
       7
       3
       2
       1
       4
       1
       1
       2
       2
       3
       1
       2
       1
       3
       2
       2
       2
       0
       3
       3
       3
       2
       2
       2
       1
       4
       4
       4
       1
       1
       2
       6
       2
       3
       1
       3
       4
       2
       5
       5
       1
       1
       3
       3
       3
       3
       0
       2
       4
       3
       1
       0
       2
       0
       1
       0
       1
       1
       1
       1
       3
       4
       1
       5
       4
       2
       2
       1
       2
       2
       2
       2
       2
       0
       1
       1
       0
       1
       1
       1
       2
       1
       1
       4
       1
       1
       3
       2
       1
       1
       1
       1
       3
       1
       3
       1
       2
       2
       2
       0
       1
       2
       2
       2
       4
       2
       0
       3
       2
       0
       1
       1
       2
       4
       4
       3
       6
       0
       3
       6
       6
       5
       1
      10
       4
       2
       2
       4
       2
       1
       4
       0
       2
       2
       3
       2
       1
       4
       3
       1
       2
       4
       0
       0
       1
       1
       3
       1
       2
       4
       2
       4
       1
       2
       3
       2
       1
       4
       1
       1
       3
       1
       0
       1
       0
       4
       4
       2
       2
       2
       1
       1
       5
       2
       4
       0
       0
       3
       2
       1
       1
       1
       2
       5
       1
       2
       2
       2
       2
       3
       0
       3
       3
       1
       3
       0
       1
       2
       0
       2
       2
       5
       2
       3
       1
       1
       1
       2
       0
       2
       1
       0
       3
       0
       3
       1
       5
       4
       2
       2
       2
       1
       1
       2
       0
       0
       3
       0
       1
       2
       1
       3
       0
       4
       0
       4
       4
       1
       0
       3
       3
       1
       2
       5
       2
       3
       2
       4
       2
       0
       4
       3
       2
       3
       2
       1
       2
       2
       1
       1
       4
       1
       1
       0
       1
       1
       1
       3
       3
       0
       3
       1
       0
       1
       0
       4
       2
       6
       1
       1
       1
       0
       3
       4
       0
       2
       2
       2
       0
       1
       2
       1
       1
       3
       2
       1
       3
       2
       0
       3
       2
       1
       3
       2
       1
       3
       1
       0
       1
       1
       1
       2
       1
       3
       3
       2
       0
       2
       0
       3
       4
       2
       2
       1
       3
       1
       3
       1
       2
       2
       2
       0
       1
       4
       2
       0
       2
       1
       8
       2
       1
       2
       1
       3
       1
       1
       2
       1
       4
       3
       2
       2
       1
       2
       0
       1
       5
       0
       2
       3
       5
       3
       3
       1
       1
       2
       2
       1
       1
       2
       1
       1
       3
       2
       1
       4
       1
       1
       5
       5
       2
       1
       1
       2
       4
       2
       3
       3
       4
       1
       0
       2
       0
       2
       2
       1
       1
       0
       2
       3
       3
       1
       0
       0
       3
       2
       4
       2
       2
       1
       2
       0
       4
       0
       1
       0
       4
       2
       0
       0
       2
       1
       4
       2
       0
       4
       1
       5
       2
       0
       2
       2
       1
       2
       4
       2
       3
       2
       1
       1
       2
       3
       2
       4
       1
       2
       5
       1
       1
       2
       0
       1
       1
       4
       1
       2
       1
       2
       2
       1
       2
       2
       2
       1
       0
       2
       2
       1
       1
       3
       1
       1
       3
       2
       3
       1
       0
       1
       2
       2
       1
       1
       0
       3
       3
       3
       1
       3
       0
       0
       2
       3
       4
       0
       3
       1
       1
       6
       1
       0
       1
       4
       1
       1
       3
       1
       2
       1
       1
       3
       0
       3
       3
       3
       1
       1
       1
       1
       4
       2
       2
       1
       2
       1
       1
       0
       1
       1
       2
       2
       2
       2
       1
       1
       3
       1
       0
       2
       4
       0
       0
       2
       2
       3
       4
       0
       2
       2
       3
       3
       0
       2
       1
       2
       3
       0
       0
       3
       0
       1
       0
       2
       3
       3
       3
       1
       3
       1
       2
       1
       4
       1
       2
       3
       3
       2
       1
       0
       4
       0
       1
       1
       4
       2
       3
       0
       1
       1
       1
       1
       4
       0
       1
       0
       0
       1
       1
       3
       2
       3
       3
       4
       2
       1
       1
       0
       1
       1
       1
       1
       1
       0
       3
       2
       1
       1
       1
       3
       3
       2
       3
       3
       3
       2
       1
       1
       0
       0
       1
       2
       1
       1
       3
       1
       2
       4
       0
       2
       0
       2
       2
       2
       1
       5
       0
       0
       0
       3
       1
       1
       2
       1
       2
       4
       0
       1
       0
       1
       1
       3
       4
       1
       1
       0
       4
       0
       2
       0
       0
       0
       1
       1
       0
       3
       2
       1
       1
       2
       1
       2
       0
       1
       1
       2
       3
       1
       1
       0
       1
       0
       1
       4
       2
       1
       1
       3
       4
       0
       2
       2
       3
       2
       1
       3
       0
       0
       2
       0
       1
       2
       0
       3
       2
       1
       3
       0
       1
       2
       0
       4
       3
       0
       1
       3
       2
       3
       3
       1
       0
       1
       3
       1
       2
       0
       0
       1
       0
       2
       4
       4
       3
       1
       2
       0
       0
       1
       0
       1
       5
       3
       4
       4
       4
       4
       6
       5
      14
       7
       4
       4
      10
       8
       5
       4
       6
       0
       1
       6
       2
       0
       0
       5
       1
       2
       1
       2
       4
       0
       1
       0
       3
       1
       2
       2
       1
       0
       4
       2
       0
       0
       4
       2
       3
       6
       4
       2
       6
       2
       3
       1
       1
       1
       2
       2
       4
       3
       5
       2
       2
       2
       5
       2
       4
       3
       2
       0
       1
       3
       1
       2
       0
       2
       3
       0
       1
       5
       1
       2
       2
       2
       0
       2
       3
       3
       1
       0
       1
       3
       3
       1
       1
       1
       0
       4
       3
       2
       2
       2
       0
       2
       0
       1
       1
       4
       4
       1
       1
       3
       4
       0
       1
       4
       1
       4
       1
       3
       2
       0
       3
       1
       2
       3
       1
       3
       1
       4
       1
       1
       0
       1
       1
       4
       1
       3
       1
       1
       1
       1
       0
       4
       3
       2
       3
       3
       1
       1
       1
       1
       2
       2
       0
       2
       2
       3
       4
       3
       1
       2
       1
       2
       1
       1
       7
       2
       2
       0
       0
       2
       3
       3
       4
       1
       1
       2
       4
       2
       0
       4
       1
       2
       3
       2
       1
       0
       0
       2
       2
       1
       1
       0
       2
       1
       3
       0
       2
       0
       2
       0
       1
       0
       0
       1
       0
       0
       2
       4
       3
       3
       0
       0
       2
       2
       2
       3
       0
       4
       1
       1
       1
       2
       2
       2
       3
       1
       1
       2
       1
       4
       1
       0
       2
       4
       2
       0
       0
       1
       3
       2
       2
       4
       0
       1
       2
       1
       2
       2
       1
       1
       1
       1
       3
       4
       2
       3
      10
       6
       9
       8
       8
       6
       8
       5
       5
       2
       1
       0
       3
       4
       4
       1
       2
       2
       0
       1
       1
       1
       2
       0
       3
       3
       0
       4
       1
       3
       0
       3
       2
       3
       0
       1
       1
       3
       1
       2
       2
       2
       2
       3
       0
       1
       3
       2
       2
       4
       3
       3
       2
       3
       1
       3
       0
       1
       1
       1
       1
       1
       2
       4
       0
       3
       1
       6
       6
       0
       2
       3
       2
       0
       2
       0
       3
       0
       0
       2
       3
       1
       3
       1
       2
       3
       1
       2
       2
       1
       2
       0
       3
       2
       2
       0
       5
       4
       0
       1
       2
       1
       2
       0
       0
       3
       2
       0
       4
       2
       1
       0
       2
       4
       1
       0
       3
       1
       1
       2
       2
       1
       2
       4
       1
       1
       0
       3
       1
       3
       3
       1
       0
       0
       3
       2
       2
       1
       2
       3
       2
       1
       2
       2
       0
       1
       1
       1
       3
       4
       0
       2
       2
       0
       1
       3
       2
       3
       2
       1
       2
       1
       2
       9
       0
       1
       1
       2
       1
       1
       1
       2
       0
       3
       1
       4
       0
       2
       3
       0
       2
       0
       2
       2
       1
       3
       0
       2
       0
       3
       0
       1
       0
       5
       2
       3
       2
       0
       2
       3
       3
       1
       3
       4
       0
       1
       2
       0
       0
       1
       3
       1
       3
       1
       1
       1
       2
       1
       1
       3
       0
       3
       2
       2
       3
       5
       0
       1
       1
       1
       2
       3
       1
       3
       2
       0
       3
       5
       2
       1
       2
       3
       1
       0
       0
       0
       6
       1
       4
       3
       1
       4
       1
       1
       0
       2
       1
       1
       1
       0
       3
       0
       1
       2
       3
       3
       1
       1
       1
       1
       4
       3
       3
       3
       1
       2
       1
       3
       2
       1
       0
       2
       2
       2
       1
       1
       0
       1
       0
       2
       4
       1
       1
       0
       1
       4
       1
       1
       3
       5
       4
       1
       3
       1
       2
       4
       3
       2
       2
       3
       4
       1
       1
       1
       0
       1
       3
       3
       0
       5
       5
       1
       2
       2
       1
       1
       2
       5
       3
       2
       2
       4
       2
       4
       0
       1
       2
       2
       2
       4
       1
       0
       0
       1
       2
       3
       3
       2
       0
       0
       1
       2
       2
       2
       4
       3
       1
       0
       1
       1
       3
       2
       3
       1
       2
       3
       1
       4
       3
       0
       2
       1
       0
       2
       1
       2
       1
       2
       1
       3
       5
       5
       2
       1
       0
       3
       4
       1
       1
       1
       2
       2
       1
       4
       0
       2
       2
       3
       4
       0
       4
       3
       2
       1
       3
       2
       3
       1
       0
       1
       2
       5
       0
       4
       1
       3
       1
       5
       1
       6
       3
       1
       3
       4
       3
       0
       2
       0
       2
       0
       0
       2
       3
       2
       2
       3
       2
       1
       2
       1
       2
       1
       1
       0
       5
       2
       2
       0
       0
       1
       1
       1
       1
       1
       4
       0
       4
       2
       1
       0
       3
       0
       0
       2
       3
       2
       2
       3
       1
       1
       3
       1
       0
       0
       1
       1
       0
       2
       2
       2
       2
       0
       0
       6
       2
       2
       1
       4
       0
       1
       0
       1
       0
       1
       2
       0
       3
       3
       1
       1
       3
       0
       0
       2
       1
       0
       1
       0
       2
       1
       2
       1
       0
       3
       2
       2
       2
       0
       2
       1
       0
       1
       1
       1
       1
       1
       0
       2
       0
       2
       0
       1
       2
       2
       0
       1
       0
       0
       0
       1
       3
       0
       1
       1
       3
       0
       1
       2
       0
       2
       0
       1
       2
       0
       2
       3
       2
       2
       0
       1
       2
       2
       1
       1
       3
       5
       1
       1
       0
       1
       2
       1
       1
       3
       1
       1
       1
       1
       0
       3
       0
       1
       0
       1
       1
       1
       1
       3
       1
       1
       0
       0
       0
       0
       3
       2
       2
       1
       1
       4
       0
       0
       1
       0
       2
       4
       2
       1
       5
       1
       2
       9
       0
       1
       2
       0
       1
       1
       0
       0
       1
       1
       0
       1
       1
       0
       1
       0
       1
       1
       1
       0
       3
       0
       0
       0
       0
       2
       2
       1
       2
       2
       3
       0
       2
       1
       0
       1
       1
       1
       1
       1
       1
       0
       0
       0
       0
       0
       1
       1
       1
       0
       0
       1
       1
       2
       0
       1
       0
       0
       0
       0
       1
       2
       0
       2
       1
       2
       1
       1
       2
       1
       0
       2
       1
       0
       0
       4
       1
       1
       1
       2
       2
       1
       2
       4
       1
       2
       0
       1
       0
       1
       0
       1
       0
       0
       2
       1
       0
       2
       1
       0
       0
       3
       0
       1
       0
       1
       0
       0
       1
       1
       0
       0
       1
       0
       0
       1
       1
       3
       1
       1
       1
       2
       0
       0
       0
       0
       0
       0
       0
       1
       0
       0
       3
       0
       0
       0
       0
       1
       0
       0
       1
       0
       1
       1
       1
       0
       0
       2
       0
       0
       0
       1
       2
       1
       0
       0
       2
       0
       1
       0
       0
       0
       1
       0
       1
       1
       0
       0
       1
       0
       1
       0
       0
       0
       0
       2
       1
       1
       0
       1
       1
       1
       0
       0
       0
       0
       0
       0
       0
       0
       0
       0
       0
       1
       1
       0
       0
       0
       0
       0
       0
       0
       0
       1
       0
       1
       0
       1
       0
       0
       0
       0
       0
       0
       0
       0
       0
       0
       0
       0
       0
       1
       0
       0
       0
       0
       1
       0
       0
       2
       0
       0
       1
       0
       0
       1
       1
       0
       0
       0
       0
       0
       0
       2
       2
       0
       0
       0
       0
       1
       0
       0
       0
       0
       0
       0
       0
       0
       0
       0
       0
       0
       0
       0
       1
       1
       0
       0
       1
       0
       1
       0
       0
       0
       0
       1
       0
       0
       0
       1
       0
       0
       0
       0
       0
       0
       0
       0
       0
       0
       1
       0
       0
       0
       1
       1
       0
       0
       0
       1
       0
       0
       0
       0
       1
       0
       0
       0
       0
       1
       0
       0
       1
       0
       0
       0
       0
       1
       1
       0
       0
       1
       1
       1
       1
       1
       0
       0
       0
       0
       0
       0
       1
       0
       0
       0
       2
       0
       0
       0
       1
       1
       0
       1
       1
       0
       0
       0
       1
       0
       0
       0
       1
       0
       0
       0
       1
       1
       0
       1
       0
       0
       1
       1
       1
       1
       0
       0
       0
       0
       1
       1
       0
       0
       0
       1
       0
       0
       0
       1
       1
       0
       0
       0
       0
       0
       1
       0
       0
       0
       0
       1
       2
       0
       2
       0
       1
       0
       2
       0
       0
       1
       1
       1
       1
       1
       1
       7
       9
       7
      20
      30
      42
      48
      70
      50
      51
      48
      33
      25
      15
       5
       2
       1
       0
       0
       0
       0
       0
       0
       0
       0
       0
       0
       0
       1
       0
       0
       0
       0
       0
       0
       0
       0
       0
       0
       0
       0
       0
       0
       0
       0
       0
       0
       0
       0
       0
       0
       0
       0
       0
       0
       0
       0
       0
       0
       0
       1
       0
       0
       0
       0
       0
       0
       0
       0
       0
       0
       0
       0
       0
       0
       0
       0
       0
       0
       0
       0
       0
       0
       0
       0
       0
       0
       0
       0
       0
       0
       0
       0
       0
       0
       0
       1
       0
       0
       0
       0
       0
       0
       0
       0
       0
       0
       0
       0
       0
       0
       0
       0
       0
       0
       0
       0
       0
       0
       0
       0
       0
       0
       0
       0
       0
       0
       0
       0
       0
       0
       0
       0
       0
       0
       0
       0
       0
       0
       0
       0
       0
       0
       0
       0
       0
       0
       0
       0
       0
       0
       0
       0
       0
       0
       0
       0
       0
       0
       0
       0
       1
       0
       0
       0
       0
       0
       0
       0
       0
       0
       0
       0
       0
       0
       0
       0
       0
       0
       0
       0
       0
       0
       0
       0
       0
       0
       0
       1
       0
       0
       0
       0
       0
       0
       0
       0
       0
       0
       0
       0
       0
       0
       0
       0
       0
       1
       0
       1
       0
       0
       0
       0
       1
       0
       0
       0
       0
       1
       1
       0
       0
       0
       0
       0
       0
       0
       0
       0
       0
       0
       0
       0
       0
       0
       0
       0
       0
       0
       0
       0
       0
       0
       0
       0
       0
       0
       0
       0
       0
       0
       0
       0
       1
       0
       0
       0
       0
       0
       0
       0
       0
       0
       0
       0
       1
       1
       0
       0
       0
       0
       0
       0
       0
       0
       0
       0
       0
       0
       1
       0
       0
       0
       0
       0
       0
       0
       0
       0
       0
       0
       0
       0
       1
       0
       0
       0
       0
       0
       0
       0
       0
       0
       0
       0
       0
       0
       0
       0
       0
       0
       0
       0
       0
       0
       0
       0
       0
       0
       0
       0
       0
       0
       0
       0
       0
       0
       0
       0
       0
       0
       0
       0
       0
       0
       0
       0
       0
       0
       0
       0
       0
       0
       0
       0
       0
       0
       0
       1
       0
       0
       0
       1
       0
       0
       0
       0
       0
       1
       0
       1
       0
       0
       0
       0
       1
       0
       0
       0
       0
       0
       0
       0
       1
       0
       0
       0
       0
       0
       0
       1
       0
       0
       0
       0
       0
       0
       0
       0
       0
       0
       0
       0
       0
       0
       0
       0
       0
       0
       0
       0
       0
       0
       0
       0
       0
       0
       0
       0
       0
       0
       0
       0
       0
       0
       0
       0
       0
       0
       0
       0
       1
       0
       0
       0
       0
       0
       0
       0
       0
       0
       0
       0
       0
       0
       0
       0
       0
       0
       0
       0
       0
       0
       0
       0
       0
       0
       0
       0
       0
       0
       0
       0
       0
       0
       0
       0
       0
       0
       0
       0
       1
       0
       0
       0
       0
       0
       0
       0
       0
       0
       0
       1
       0
       0
       0
       0
       0
       0
       0
       0
       0
       0
       0
       0
       0
       0
       0
       1
       0
       0
       0
       0
       0
       0
       0
       0
       0
       0
       0
       0
       0
       0
       0
       0
       0
       0
       0
       0
       0
       0
       0
       0
       0
       1
       0
       0
       0
       0
       0
       0
       0
       0
       0
       2
       0
       0
       1
       0
       0
       0
       0
       0
       0
       0
       0
       0
       0
       0
       0
       0
       0
       1
       0
       0
       0
       0
       0
       1
       0
       0
       0
       0
       0
       0
       0
       1
       0
       0
       1
       0
       0
       0
       0
       0
       0
       0
       0
       0
       0
       0
       0
       0
       0
       0
       0
       0
       0
       0
       0
       0
       0
       0
       0
       0
       1
       0
       0
       0
       1
       0
       0
       0
       0
       0
       0
       0
       0
       0
       0
       0
       0
       0
       0
       0
       0
       0
       0
       0
       0
       0
       0
       0
       0
       0
       0
       0
       0
       0
       0
       0
       0
       0
       0
       0
       0
       0
       0
       0
       0
       0
       1
       0
       1
       0
       0
       0
       0
       0
       0
       0
       0
       0
       0
       0
       0
       1
       0
       0
       0
       0
       0
       0
       0
       0
       0
       0
       0
       0
       0
       0
       0
       0
       0
       0
       1
       0
       0
       0
       0
       1
       0
       0
       0
       0
       0
       0
       0
       1
       0
       0
       0
       0
       0
       0
       0
       0
       0
       0
       1
       0
       0
       0
       0
       0
       0
       0
       0
       0
       0
       0
       1
       0
       1
       0
       0
       0
       0
       0
       0
       0
       0
       0
       0
       0
       0
       0
       0
       0
       1
       0
       0
       0
       0
       0
       0
       1
       0
       0
       0
       0
       0
       0
       0
       0
       0
       0
       0
       0
       0
       0
       0
       0
       0
       0
       0
       0
       0
       0
       0
       0
       0
       0
       0
       0
       0
       0
       0
       0
       0
       0
       0
       0
       0
       0
       0
       0
       0
       0
       1
       0
       0
       0
       0
       0
       0
       0
       0
       0
       0
       0
       0
       0
       0
       1
       0
       0
       0
       0
       0
       0
       0
       0
       0
       1
       0
       0
       0
       0
       0
       0
       0
       0
       0
       0
       0
       0
       0
       0
       0
       1
       0
       0
       0
       0
       0
       0
       0
       0
       0
       0
       1
       0
       0
       0
       0
       0
       0
       0
       0
       0
       0
       0
       0
       0
       0
       0
       0
       0
       0
       0
       0
       0
       0
       0
       0
       0
       1
       0
       0
       0
       0
       1
       0
       0
       0
       0
       0
       0
       0
       0
       0
       0
       0
       0
       0
       0
       0
       0
       0
       0
       0
       0
       0
       0
       0
       0
       0
       0
       0
       0
       0
       0
       0
       0
       0
       0
       0
       0
       0
       0
       0
       0
       0
       1
       0
       0
       0
       0
       0
       0
       0
       0
       0
       0
       0
       0
       0
       0
       0
       0
       0
       0
       0
       1
       0
       0
       0
       0
       0
       0
       1
       0
       0
       1
       1
       0
       0
       0
       0
       0
       0
       0
       0
       0
       0
       0
       0
       0
       0
       0
       0
       2
       0
       0
       0
       0
       0
       0
       0
       0
       0
       0
       0
       0
       0
       0
       0
       0
       0
       0
       0
       0
       0
       0
       0
       0
       0
       0
       0
       0
       0
       0
       0
       0
       0
       0
       0
       0
       0
       0
       0
       0
       0
       0
       0
       0
       0
       0
       0
       0
       0
       0
       0
       0
       0
       0
       0
       0
       0
       0
       0
       0
       0
       0
       0
       0
       0
       0
       0
       0
       0
       0
       0
       0
       0
       0
       0
       0
       0
       0
       0
       0
       0
       0
       1
       0
       0
       0
       0
       0
       0
       0
       0
       0
       0
       0
       0
       1
       0
       0
       0
       0
       0
       0
       0
       0
       0
       0
       0
       0
       0
       0
       0
       0
       0
       0
       0
       0
       0
       0
       0
       0
       0
       0
       0
       0
       0
       0
       0
       0
       0
       0
       0
       0
       0
       0
       0
       0
       0
       1
       0
       0
       0
       0
       0
       0
       0
       0
       0
       0
       0
       0
       0
       0
       0
       0
       0
       1
       0
       0
       0
       0
       0
       0
       0
       0
       0
       0
       0
       0
       0
       0
       0
       1
       0
       0
       0
       0
       0
       0
       0
       0
       0
       0
       0
       0
       0
       0
       0
       0
       0
       0
       0
       0
       0
       0
       0
       0
       1
       0
       0
       0
       0
       0
       0
       0
       0
       0
       0
       0
       0
       0
       0
       0
       0
       0
       0
       0
       0
       1
       0
       0
       0
       0
       0
       0
       0
       0
       0
       0
       0
       0
       1
       0
       0
       0
       0
       0
       0
       0
       1
       0
       0
       0
       1
       0
       0
       0
       0
       0
       0
       0
       0
       0
       0
       0
       0
       0
       0
       0
       0
       0
       0
       0
       0
       0
       0
       0
       0
       0
       0
       1
       0
       0
       0
       0
       0
       0
       0
       0
       0
       0
       0
       0
       0
       0
       0
       0
       0
       0
       0
       0
       0
       0
       0
       0
       0
       0
       0
       0
       0
       0
       0
       0
       0
       0
       0
       0
       0
       0
       0
       0
       0
       0
       0
       0
       0
       0
       0
       0
       0
       0
       0
       0
       0
       0
       0
       0
       0
       0
       0
       0
       0
       0
       0
       0
       0
       0
       0
       0
       1
       0
       0
       0
       0
       0
       1
       0
       0
       0
       0
       0
       0
       0
       0
       0
       0
       0
       0
       0
       0
       0
       0
       0
       0
       0
       0
       0
       0
       0
       0
       0
       0
       0
       0
       0
       0
       0
       1
       0
       0
       0
       0
       0
       0
       0
       0
       0
       0
       0
       0
       0
       0
       0
       0
       0
       0
       1
       0
       0
       0
       0
       0
       0
       0
       0
       0
       0
       0
       0
       0
       0
       0
       0
       0
       0
       0
       0
       0
       0
       0
       0
       0
       0
       0
       0
       0
       0
       0
       0
       0
       0
       0
       0
       0
       0
       0
       0
       0
       0
       0
       0
       0
       0
       1
       1
       0
       0
       0
       0
       0
       0
       0
       0
       0
       0
       1
       0
       0
       0
       1
       0
       0
       0
       0
       0
       0
       0
       0
       0
       0
       0
       0
       1
       0
       0
       0
       0
       0
       0
       0
       1
       0
       0
       0
       0
       0
       0
       0
       0
       0
       0
       0
       0
       0
       0
       0
       0
       0
       0
       0
       0
       0
       0
       0
       0
       1
       0
       0
       0
       0
       0
       0
       0
       0
       0
       0
       0
       0
       0
       0
       0
       0
       0
       0
       0
       0
       1
       0
       0
       0
       0
       0
       0
       0
       0
       0
       0
       0
       0
       0
       0
       0
       0
       0
       0
       0
       0
       0
       0
       0
       0
       0
       0
       0
       0
       0
       0
       0
       0
       0
       0
       0
       0
       0
       0
       1
       0
       0
       0
       0
       0
       0
       0
       0
       0
       0
       0
       0
       0
       0
       0
       0
       0
       0
       0
       0
       0
       0
       0
       0
       0
       0
       0
       1
       0
       0
       0
       0
       0
       0
       0
       0
       0
       0
       0
       0
       0
       1
       0
       0
       0
       0
       0
       0
       0
       0
       0
       0
       0
       0
       0
       0
       0
       0
       0
       0
       0
       0
       0
       0
       0
       0
       0
       0
       0
       0
       0
       0
       0
       0
       0
       0
       0
       0
       0
       0
       0
       0
       0
       0
       0
       0
       0
       0
       0
       0
       0
       0
       0
       0
       0
       0
       0
       0
       0
       0
       0
       0
       0
       0
       0
       0
       0
       0
       0
       0
       0
       0
       0
       0
       0
       0
       0
       0
       0
       0
       0
       0
       0
       0
       0
       0
       0
       0
       0
       0
       0
       0
       0
       0
       0
       0
       0
       0
       0
       0
       0
       0
       0
       0
       0
       0
       0
       0
       0
       0
       0
       0
       0
       0
       0
       0
       0
       0
       0
       0
       0
       0
       0
       0
       0
       0
       0
       0
       0
       0
       0
       0
       0
       0
$ROI:
0
$PRESETS:
Real Time
3600
0
$ENER_FIT:
8.931054 0.240803
$MCA_CAL:
3
8.931054E+000 2.408025E-001 6.157388E-008 keV
$SHAPE_CAL:
3
9.658150E+000 -1.618950E-003 2.758845E-007
