$SPEC_ID:
No sample description was entered.
$SPEC_REM:
DET# 1
DETDESC# EPS-140909 Easy-MCA-8k SN 16175454
AP# Maestro Version 7.01
$DATE_MEA:
02/25/2022 21:43:27
$MEAS_TIM:
3593 3600
$DATA:
0 8191
       0
       0
       0
       0
       0
       0
       0
       0
       0
       0
       0
       0
       0
       0
       0
       0
       0
       0
       0
       0
       0
       0
       0
       0
       0
       0
       0
       0
       0
       0
       0
       0
       0
       0
       0
       0
       0
       0
       1
       2
       9
      43
    1061
    2238
    1003
     728
     590
     517
     481
     483
     489
     443
     418
     416
     393
     376
     344
     360
     413
     403
     445
     479
     419
     407
     358
     363
     337
     368
     376
     349
     379
     358
     293
     355
     339
     336
     405
     396
     446
     407
     319
     361
     337
     382
     347
     335
     350
     364
     356
     373
     387
     383
     390
     390
     402
     402
     431
     398
     395
     425
     413
     426
     457
     463
     449
     489
     489
     526
     517
     556
     564
     651
     680
     710
     731
     855
     913
     986
    1072
    1042
    1098
    1072
    1125
    1027
    1032
    1110
     995
    1000
     989
     973
     949
     954
     980
    1113
    1322
    1830
    2396
    3030
    3867
    4774
    5355
    5782
    5657
    5579
    5241
    4455
    3122
    1960
    1296
    1032
     934
     891
     906
     940
     990
    1048
    1298
    1551
    1712
    1868
    1803
    1872
    2208
    2375
    2317
    1829
    1645
    1481
    1381
    1294
    1203
    1199
    1063
    1030
    1019
    1077
    1107
    1028
    1128
    1142
    1076
    1136
    1162
    1152
    1158
    1192
    1221
    1238
    1226
    1198
    1223
    1199
    1214
    1285
    1267
    1146
    1123
    1093
    1151
    1077
    1087
    1067
    1128
    1094
    1011
    1111
    1142
    1090
    1108
    1124
    1183
    1144
    1184
    1123
    1121
    1103
    1167
    1215
    1137
    1148
    1075
    1126
    1185
    1154
    1114
    1148
    1131
    1071
    1061
    1145
    1132
    1219
    1330
    1406
    1429
    1245
    1220
    1148
    1047
    1041
    1060
    1004
    1048
    1021
    1088
    1053
    1047
    1014
    1034
    1069
    1018
     997
     995
     995
    1012
     993
    1047
    1072
    1005
     999
    1017
    1036
     977
    1078
     960
     978
     957
     955
     999
     987
     988
     985
    1016
     912
     932
     980
     909
     894
     932
     973
     872
     976
     973
     849
     902
     990
     911
     900
     938
     892
     892
     926
     895
     853
     879
     836
     881
     883
     851
     898
     842
     889
     842
     878
     853
     849
     882
     873
     824
     834
     848
     813
     848
     833
     833
     831
     865
     843
     836
     832
     804
     795
     777
     825
     830
     758
     800
     767
     765
     735
     769
     766
     764
     755
     761
     733
     711
     738
     696
     687
     737
     722
     739
     721
     797
     724
     685
     758
     831
     861
     970
    1080
    1084
     929
     851
     764
     649
     714
     697
     649
     704
     686
     680
     625
     609
     655
     671
     680
     659
     663
     677
     631
     627
     607
     650
     642
     616
     610
     599
     653
     617
     617
     598
     588
     562
     561
     599
     599
     577
     548
     584
     615
     577
     571
     592
     515
     567
     556
     519
     537
     555
     522
     574
     527
     537
     553
     566
     526
     536
     578
     518
     553
     593
     517
     499
     496
     494
     498
     480
     518
     473
     519
     487
     475
     502
     472
     546
     459
     498
     483
     503
     490
     504
     464
     487
     501
     466
     473
     483
     454
     470
     431
     467
     439
     468
     438
     437
     432
     496
     466
     463
     433
     478
     443
     421
     444
     443
     432
     461
     460
     435
     431
     451
     501
     490
     553
     483
     442
     421
     431
     421
     413
     395
     386
     419
     423
     416
     395
     427
     433
     402
     376
     369
     379
     370
     404
     361
     394
     368
     347
     392
     381
     373
     409
     381
     391
     410
     389
     363
     391
     418
     383
     390
     376
     398
     413
     379
     384
     342
     397
     374
     389
     363
     346
     375
     390
     366
     346
     355
     346
     341
     376
     414
     376
     339
     334
     336
     355
     343
     342
     308
     307
     338
     309
     327
     293
     316
     345
     307
     296
     316
     306
     326
     301
     328
     320
     324
     339
     299
     292
     300
     321
     311
     302
     338
     285
     296
     289
     301
     275
     270
     285
     298
     278
     310
     303
     253
     304
     273
     276
     259
     286
     287
     288
     288
     302
     267
     269
     272
     276
     291
     283
     252
     288
     252
     282
     270
     306
     274
     261
     274
     269
     289
     356
     420
     490
     585
     558
     448
     359
     301
     287
     347
     318
     284
     273
     294
     251
     226
     219
     250
     233
     218
     239
     236
     253
     243
     207
     187
     244
     240
     212
     194
     244
     203
     228
     210
     215
     189
     195
     236
     195
     203
     233
     196
     215
     204
     223
     204
     196
     215
     212
     209
     208
     208
     210
     208
     238
     209
     221
     213
     210
     197
     184
     190
     178
     195
     192
     235
     208
     210
     216
     188
     198
     198
     192
     191
     187
     196
     221
     185
     178
     205
     215
     219
     216
     219
     217
     180
     165
     172
     190
     192
     176
     191
     187
     176
     193
     182
     163
     185
     179
     189
     193
     170
     187
     173
     167
     192
     176
     192
     166
     157
     185
     167
     159
     165
     171
     163
     185
     178
     177
     176
     154
     173
     168
     137
     166
     159
     174
     147
     155
     176
     154
     156
     152
     144
     155
     150
     169
     175
     155
     153
     171
     169
     194
     251
     266
     247
     218
     178
     166
     147
     140
     139
     157
     152
     169
     190
     164
     169
     174
     159
     160
     126
     139
     130
     147
     136
     154
     125
     132
     165
     141
     186
     196
     230
     210
     179
     129
     142
     132
     152
     128
     144
     107
     134
     121
     110
     155
     134
     124
     120
     124
     125
     141
     140
     133
     122
     135
     118
     126
     140
     121
     130
     159
     126
     144
     129
     116
     104
     128
     130
     109
     131
     119
     116
     133
     121
     125
     129
     133
     124
     126
     150
     132
     135
     127
     142
     156
     147
     136
     131
     139
     112
     134
     120
     122
     120
     124
     126
     131
     124
     122
     129
     110
     126
     106
     114
     114
     107
     127
     137
     182
     147
     191
     181
     140
     124
      96
     119
     129
     126
     111
     114
     122
     110
     121
     112
     116
     113
     116
     115
     107
      92
     101
     100
     124
      98
     114
      93
     102
     128
     103
     113
     155
     201
     252
     329
     315
     278
     202
     154
     110
      88
     116
      99
      85
     101
     104
      95
      86
     102
      98
      93
     107
      89
      95
     103
      95
      98
      81
      96
      97
     100
      82
      90
      94
     101
      84
      93
      83
     105
      95
     108
      78
      90
      84
     103
     105
      93
      87
      86
     102
      85
      98
      86
      91
      79
     102
      81
      92
     105
      98
      95
      82
      95
      87
      88
     100
      72
      79
      85
      99
      71
      89
      93
      96
      89
      90
      94
      85
      71
      94
      88
      72
      80
      76
      94
      79
      91
      69
      78
     104
      94
      80
      91
      84
      82
      89
      87
      87
     107
      80
      84
      78
      76
      92
      71
      88
      83
      84
      71
      94
      72
      91
      73
      87
      67
      79
      85
      66
      79
      82
      80
      74
      71
      74
      86
      76
      86
      98
      91
      94
      97
      78
      70
      85
      89
      86
      79
      87
      67
      71
      74
      70
      80
      75
      93
      72
      78
      72
      99
      90
      92
      60
      88
      91
      78
      78
      91
      68
      71
      64
      72
      82
      83
      70
      77
      72
      74
      56
      62
      76
      85
      74
      89
      61
      71
      68
      71
      72
      71
      77
      64
      72
      70
      58
      76
      67
      65
      77
      73
      71
      77
      54
      66
      66
      75
      78
      60
      72
      81
      72
      78
      63
      70
      71
      67
      55
      68
      74
      73
      64
      88
      77
      75
      69
      69
      64
      57
      61
      57
      99
      72
      74
      77
      83
      77
      56
      75
      88
      77
      69
      59
      62
      73
      64
      60
      73
      56
      47
      72
      57
      68
      83
      79
      77
      59
      68
      56
      63
      61
      77
      59
      58
      65
      76
      57
      65
      61
      67
      66
      72
      70
      66
      56
      75
      70
      44
      65
      53
      78
      59
      66
      44
      49
      78
      66
      71
      60
      55
      59
      89
      75
      89
      82
      72
      82
      69
      65
      53
      67
      64
      65
      48
      55
      66
      56
      59
      61
      69
      58
      83
      94
      70
      42
      50
      72
      52
      50
      58
      62
      66
      63
      63
      61
      57
      62
      57
      47
      68
      40
      68
      51
      61
      56
      40
      70
      71
      78
      72
      62
      69
      57
      51
      59
      63
      52
      61
      61
      68
      61
      57
      82
      45
      64
      72
      71
      68
      65
      55
      63
      54
      69
      67
      56
      48
      57
      56
      56
      73
      48
      50
      58
      61
      54
      59
      43
      61
      65
      56
      62
      48
      54
      61
      64
      57
      57
      59
      59
      49
      59
      57
      47
      56
      49
      56
      68
      52
      60
      50
      53
      54
      55
      63
      57
      58
      88
      98
     104
     144
     161
     211
     241
     228
     218
     204
     160
     130
      83
      74
      89
      49
      63
      58
      49
      57
      42
      56
      50
      50
      51
      52
      45
      46
      54
      45
      42
      62
      43
      58
      58
      54
      67
      53
      53
      53
      43
      49
      48
      45
      47
      43
      49
      55
      50
      59
      45
      56
      42
      51
      46
      56
      50
      65
      50
      49
      48
      55
      49
      59
      55
      62
      54
      45
      52
      62
      61
      60
      42
      46
      54
      60
      46
      42
      47
      62
      48
      51
      55
      41
      49
      47
      55
      49
      59
      64
      49
      40
      59
      46
      52
      33
      53
      54
      43
      50
      44
      65
      48
      29
      51
      53
      70
      51
      49
      38
      40
      49
      43
      54
      59
      41
      47
      43
      43
      48
      37
      46
      52
      54
      49
      45
      36
      65
      49
      44
      49
      45
      39
      47
      56
      56
      45
      48
      50
      52
      41
      54
      43
      40
      59
      43
      44
      57
      51
      49
      57
      49
      59
      48
      51
      67
      49
      62
      61
      54
      50
      40
      40
      52
      52
      55
      46
      41
      33
      56
      61
      51
      50
      48
      49
      54
      37
      42
      53
      35
      45
      36
      44
      76
      89
     134
     161
     185
     161
     158
     102
      74
      39
      55
      54
      52
      46
      45
      42
      32
      40
      50
      35
      45
      39
      50
      40
      21
      50
      37
      42
      36
      45
      45
      39
      41
      44
      39
      50
      43
      34
      40
      37
      50
      35
      30
      40
      36
      44
      53
      44
      38
      27
      42
      51
      36
      56
      42
      41
      50
      40
      52
      45
      54
      46
      45
      42
      54
      60
      66
     142
     190
     227
     232
     186
     130
      66
      66
      54
      44
      52
      42
      38
      39
      40
      35
      31
      43
      39
      42
      48
      43
      35
      37
      36
      42
      39
      39
      44
      54
      34
      39
      38
      39
      36
      44
      44
      31
      34
      42
      25
      36
      33
      39
      37
      33
      47
      36
      43
      36
      56
      43
      46
      37
      52
      38
      35
      42
      33
      34
      37
      36
      39
      40
      36
      31
      28
      44
      38
      38
      38
      48
      40
      43
      38
      36
      28
      37
      37
      46
      42
      45
      36
      44
      35
      34
      33
      31
      32
      32
      43
      49
      42
      50
      28
      38
      32
      32
      36
      40
      45
      34
      28
      38
      41
      36
      32
      34
      41
      36
      33
      42
      36
      54
      30
      43
      46
      28
      42
      35
      36
      29
      39
      33
      33
      42
      32
      36
      49
      37
      47
      44
      48
      65
      57
      50
      40
      45
      45
      38
      47
      35
      42
      42
      36
      32
      36
      31
      31
      37
      36
      40
      25
      25
      35
      33
      26
      34
      32
      34
      36
      33
      35
      42
      39
      35
      34
      38
      26
      29
      25
      39
      31
      31
      31
      30
      26
      38
      32
      27
      33
      40
      29
      29
      35
      29
      36
      33
      28
      32
      32
      36
      41
      46
      33
      30
      34
      51
      33
      30
      27
      29
      31
      34
      33
      31
      40
      27
      36
      28
      31
      28
      28
      25
      27
      33
      41
      36
      39
      30
      30
      26
      38
      31
      29
      30
      21
      31
      29
      28
      28
      42
      61
      66
      83
      81
      80
      72
      68
      51
      32
      38
      37
      37
      33
      32
      28
      38
      36
      28
      30
      36
      39
      23
      26
      30
      31
      33
      33
      38
      31
      31
      20
      27
      28
      29
      35
      36
      39
      35
      27
      27
      32
      35
      24
      30
      34
      25
      29
      28
      37
      28
      31
      28
      31
      24
      28
      28
      26
      38
      32
      32
      33
      35
      48
      41
      64
      64
      40
      43
      46
      27
      31
      29
      24
      36
      32
      28
      37
      25
      30
      26
      26
      30
      32
      20
      30
      33
      30
      21
      24
      32
      20
      32
      31
      25
      28
      32
      27
      40
      39
      32
      38
      33
      33
      25
      42
      23
      36
      21
      27
      25
      19
      30
      28
      31
      45
      31
      29
      19
      27
      24
      32
      36
      25
      29
      23
      28
      26
      25
      25
      31
      28
      27
      31
      30
      29
      19
      33
      24
      28
      21
      32
      25
      42
      23
      27
      27
      21
      35
      42
      27
      28
      27
      32
      34
      23
      28
      46
      62
      88
     134
     164
     131
     111
      93
      59
      48
      50
      53
      49
      30
      31
      31
      19
      28
      27
      33
      28
      40
      22
      22
      24
      33
      27
      16
      28
      27
      32
      21
      41
      49
      67
      68
      59
      65
      49
      35
      23
      27
      20
      25
      23
      30
      32
      19
      27
      22
      25
      32
      29
      26
      34
      34
      27
      28
      28
      27
      18
      24
      22
      20
      25
      15
      23
      19
      23
      26
      22
      20
      31
      26
      26
      24
      41
      34
      33
      26
      41
      25
      29
      24
      21
      20
      21
      21
      24
      23
      14
      16
      30
      24
      27
      32
      32
      32
      30
      23
      26
      30
      25
      16
      24
      38
      28
      23
      15
      21
      17
      23
      20
      25
      25
      18
      30
      40
      39
      40
      53
      59
      53
      47
      36
      20
      19
      26
      17
      25
      19
      19
      29
      23
      26
      19
      19
      23
      17
      14
      30
      21
      24
      24
      24
      22
      18
      29
      27
      12
      25
      27
      27
      18
      21
      16
      18
      28
      24
      27
      22
      19
      18
      30
      18
      30
      26
      22
      22
      22
      14
      27
      25
      13
      23
      29
      28
      36
      29
      26
      31
      22
      18
      26
      21
      26
      22
      26
      21
      24
      33
      24
      25
      29
      21
      22
      18
      18
      30
      21
      23
      14
      15
      22
      23
      24
      27
      34
      22
      30
      50
      55
      79
     106
      91
     108
      63
      43
      36
      30
      24
      27
      28
      20
      17
      24
      34
      16
      14
      34
      27
      17
      24
      17
      18
      29
      25
      27
      32
      30
      43
      40
      44
      32
      30
      21
      23
      21
      20
      28
      15
      35
      20
      16
      23
      24
      21
      18
      21
      15
      20
      19
      40
      29
      54
      78
     100
      98
     105
      78
      51
      39
      26
      18
      14
      18
      16
      28
      23
      29
      31
      27
      17
      21
      20
      20
      23
      25
      26
      22
      16
      27
      18
      28
      27
      29
      22
      18
      26
      13
      20
      19
      19
      13
      22
      27
      26
      17
      17
      22
      27
      22
      17
      23
      19
      18
      16
      16
      18
      17
      21
      12
      17
      27
      21
      22
      21
      15
      31
       8
      24
      25
      23
      15
      25
      26
      25
      22
      24
      17
      24
      22
      23
      24
      25
      13
      15
      20
      31
      21
      36
      35
      13
      19
      16
      20
      23
      16
      25
      27
      16
      32
      41
      39
      73
      83
     140
     100
      91
      88
      57
      42
      26
      24
      23
      22
      15
      28
      26
      23
      24
      20
      22
      19
      17
      18
      18
      26
      15
      21
      18
      17
      19
      16
      24
      28
      21
      20
      17
      22
      20
      18
      30
      18
      20
      15
      14
      23
      25
      15
      20
      24
      21
      18
      21
      17
      20
      19
      30
      19
      20
      20
      27
      30
      39
      20
      23
      24
      22
      19
      20
      15
      13
      20
      26
      17
      24
      18
      19
      18
      27
      16
      20
      19
      16
      19
      16
      16
      16
      23
      26
      14
      20
      19
      26
      26
      18
      26
      21
      27
      30
      22
      26
      24
      27
      20
      22
      19
      20
      28
      14
      19
      16
      11
      21
      20
      27
      17
      22
      27
      22
      16
      16
      17
      12
      19
      15
      15
      28
      24
      19
      16
      18
      18
      25
      27
      18
      26
      29
      41
      44
      39
      45
      22
      21
      21
      20
      25
      49
      71
      56
      76
      71
      38
      35
      38
      23
      16
      19
      14
      15
      22
      18
      12
      16
      18
      14
      18
      15
      13
      19
      26
      17
      16
      21
      14
      21
      16
      18
      14
      14
      22
      23
      20
      16
      16
      18
       9
      18
      26
      19
      20
      14
      20
      20
      19
      17
      23
      20
      21
      10
      20
      14
      25
      18
      23
      17
      10
      20
      13
      20
      23
      15
      18
      21
      21
      17
      19
      13
      21
      17
      20
       9
      25
      18
      15
      17
      21
      23
      17
      21
      13
      14
      16
      21
      17
      21
      14
      19
      19
      21
      14
      20
      10
      13
       9
      13
      14
      18
      22
      18
      13
      24
      13
      23
      27
      19
      18
      16
      22
      14
      14
      15
      12
      11
      17
      19
      15
      21
      12
      11
      18
      15
      20
      16
      14
      19
      23
      18
      16
      23
      19
      17
      10
      17
      10
      19
      14
      18
      18
      24
      16
      22
      17
      21
      13
       7
      19
      17
      24
      14
      17
      19
      18
      19
      20
      22
      18
      15
      14
      15
      12
      25
      15
      20
      17
      18
      14
      15
      15
      20
      20
      19
      19
      12
      15
      17
      14
      14
      12
      12
      13
      13
      19
      18
       9
      13
      16
      16
      21
      20
      19
      11
      13
      17
       9
      22
      14
      21
      23
      16
      20
      16
      18
      15
      15
      15
      13
      16
      18
      19
      22
      16
      26
      15
      18
      17
      12
      11
      20
      11
      17
      12
      15
      13
      21
      17
      16
      10
      10
      17
      14
      14
       5
      11
      20
      13
      17
      16
      11
      13
      25
      21
      18
      19
      14
      17
      11
      19
      17
      16
      17
      17
      18
      19
      17
      13
      12
      18
      19
      20
      20
      21
      21
      22
      13
      11
      14
      14
      10
      17
      13
      14
      13
      15
      18
      17
      20
       9
      20
      22
      16
      16
      18
      15
      15
      12
      15
      17
      16
      15
      15
      15
      20
      11
      18
      19
      17
       9
      19
      12
      20
      21
      16
      17
      18
      16
      20
      24
      11
      13
      17
      19
      17
       7
      20
      20
      17
      17
      16
      24
      16
      19
      23
      15
      12
      16
      19
      23
      19
      16
      14
      14
      18
      17
      20
       9
      16
      19
      15
      18
      13
      17
      24
      13
      10
      14
      11
      19
       8
      16
      18
      17
      24
      14
      16
      17
      24
       9
      12
      11
      15
      18
      25
      36
      36
      43
      47
      36
      32
      25
      19
      24
      32
      35
      33
      58
      51
      73
      67
      37
      34
      35
      16
      15
      16
      20
      17
      15
      19
      11
      24
      27
      17
      23
      19
      17
      18
      13
      15
      17
      17
      10
      13
      12
      27
      22
      16
      13
      15
      19
      14
      19
      15
      14
      19
      23
       9
      23
      13
      19
      17
      16
      10
      16
      13
      21
      12
      10
       7
      13
      24
      19
       9
      16
      13
      15
      13
      14
      14
      18
      12
      12
      14
      19
      18
      14
      28
      13
      11
      17
      19
      13
      13
      17
      17
      20
      17
      18
      14
      30
      17
      21
      15
      21
      24
      19
      14
      17
      20
      14
      22
      11
      23
      13
      15
       7
      18
      16
      12
      17
      14
      13
      12
      19
      13
      14
      16
      19
      12
      11
      14
      21
      18
      26
      13
      16
      13
       8
      17
      12
      14
      13
      22
      16
      16
      20
      26
      41
      34
      42
      40
      47
      28
      20
      16
      14
      18
      15
      15
      16
      15
      14
      16
       6
      13
      14
      14
      20
      19
      19
      18
      18
      24
      13
      19
      22
      24
      14
      20
      18
      19
      21
      16
      23
      21
      13
      12
      16
      15
      17
      10
      15
      14
      14
       9
      21
      13
      16
      17
      17
      24
      15
      19
      11
      11
      19
      15
      19
      21
      18
      18
      22
      20
      18
      12
      15
      19
      13
      12
      25
      18
       9
      15
      23
      16
      19
      15
      13
      18
      16
      15
      17
      20
      22
      24
      21
      26
      14
      20
      23
      16
      13
      22
      17
      19
      21
      10
      25
      26
      21
      24
      14
      16
      18
      22
      25
      21
      14
      10
      25
      13
      21
      15
      14
      18
      18
      16
      19
      13
      13
      17
      12
      18
      16
      22
      10
      19
      17
      17
      19
       9
      16
      20
       7
      20
      15
      19
      18
      20
      17
      14
      19
      20
      10
      16
      21
      10
      18
      17
      20
      20
      15
      18
      22
      23
      23
      20
      18
      17
      27
      31
      28
      33
      27
      28
      10
      29
      14
      16
      13
      11
      16
      16
      16
       9
      18
      15
      17
      11
      17
      14
      19
      14
      12
      12
      10
      13
      19
      10
       9
      13
      14
      12
      14
      16
       6
      24
      13
      15
      14
      16
      17
      18
      13
      10
      15
      15
      10
      13
      13
      14
      13
       9
      17
      12
      13
      12
      13
      16
       8
      13
      12
      19
      10
      15
      15
      12
      20
       7
      16
       6
      14
       9
      12
       7
      15
      11
      12
      16
      14
      17
       8
      10
       9
      11
      12
      14
      12
      18
      16
      16
      16
      18
      13
      14
      10
      11
       9
       9
      17
      12
      11
      17
       9
      10
      14
       8
      20
      16
      13
      16
      11
      14
      13
       9
      17
      12
      13
      13
      13
       9
       8
      14
       8
      12
      15
       6
      12
       9
      10
      11
       6
      18
       5
      17
       9
       9
       9
       8
      14
      12
       6
      11
       8
       9
       9
      11
       7
      16
      11
      14
       8
      10
      11
       7
       7
       6
       9
       7
       7
      13
       8
      14
       9
      12
       8
      15
       8
       7
      12
       9
       7
      12
      12
       5
      13
      10
      11
       8
      10
      13
      10
      12
      10
       9
      10
       7
       8
      10
       9
       8
       6
      10
       8
      10
      13
       6
       8
      13
       6
      15
       9
       8
       6
       5
      12
       7
       6
       9
      12
       9
      10
      10
      17
       6
       7
       7
      12
       8
      12
       8
      11
       8
      10
      10
       7
       3
      10
       8
       8
      10
      12
      12
      21
      29
      33
      36
      45
      32
      23
      10
      11
      13
       4
       6
       9
       9
       6
       7
       6
       4
       8
      11
       6
       8
      10
       6
       5
       4
       8
       6
      14
       4
       5
       5
       7
      10
       9
       7
       7
       4
       7
       9
       8
      10
      12
       5
       7
       3
      10
       9
       5
       2
       8
       6
       7
       5
       9
       6
       7
       7
      11
       6
       4
       5
       6
       9
       6
       7
       4
       7
       4
       6
       9
       5
       8
       6
       6
       7
       6
       2
       9
       9
       7
       7
       3
       9
       4
       7
       6
       2
       4
      11
      10
       4
       6
       3
       6
       5
       8
       6
       6
       2
       7
       4
       7
       1
       7
       3
       7
       5
       5
       5
       4
      11
      13
      13
      12
      17
      12
      21
      22
      13
       8
       7
       7
       7
       2
       8
       8
       9
       2
       4
       5
       5
       8
       8
      10
      12
       9
       5
       7
       9
       5
       6
       4
       9
       4
       2
       3
       6
       6
       5
      10
       7
       6
       8
       5
       4
       4
       7
      11
       8
       6
       5
       7
       8
       3
       6
       4
       7
       4
       5
      10
       6
       5
       9
       6
       8
      12
       7
      10
      11
      10
       4
       6
       2
      10
       5
       8
       4
       6
      10
       9
      11
      11
      12
      11
       3
       5
       8
       5
       1
       2
       4
       5
       5
       8
       7
       7
       2
       8
       3
      10
       4
       6
       2
       8
       6
       2
       2
       6
       4
       7
       1
       2
       4
       7
       5
       5
       4
       9
      12
       8
       8
       4
       8
       6
       6
       4
       5
       7
       8
       7
       4
       3
       5
       4
       7
       6
       8
       8
       7
       6
       9
       2
       4
       4
       6
       8
      12
       7
       2
       3
       3
       6
      12
       4
       6
       2
       2
       3
       4
       2
       7
       3
      13
       4
      10
       4
       3
       7
       4
       8
       3
       6
       7
       6
       8
       2
       8
       5
       9
       4
       3
       3
       5
       2
       5
       8
       8
       6
       8
       5
       9
       3
       4
       6
      11
       9
      10
       3
       2
       3
       6
       6
      10
       4
      11
      16
      33
      54
     106
     198
     299
     400
     373
     405
     296
     179
     102
      55
      23
      15
       7
       7
       3
       4
       5
       3
       2
       4
       1
       2
       2
       4
       2
       1
       6
       2
       2
       4
       2
       5
       2
       0
       3
       0
       3
       3
       2
       1
       4
       6
       7
       3
      10
       3
      10
       3
       4
       5
       5
       6
       5
       2
       5
       5
       6
       2
       3
       4
       2
       5
       1
       4
       4
       2
       6
       4
       2
       6
       2
       8
       3
       1
       5
       4
       4
       1
       3
       1
       7
       6
       2
       2
       5
       6
       5
       2
      10
       4
       9
       5
       5
       8
       4
       7
       2
       5
       2
       3
       4
       3
       4
       1
       7
       5
       6
       4
      11
       5
       3
       7
       2
       2
       5
       3
       2
       4
       4
       4
       5
      11
       6
       8
       4
       9
      10
       8
       5
       7
       7
       4
       3
       1
       3
       4
       1
       2
       6
       2
       4
       3
       3
       5
       3
       5
       1
       3
       4
       4
       0
       0
       2
       3
       5
       2
       9
       5
       2
       5
       1
       8
       5
       5
       4
       6
       4
       5
       3
       2
       6
       3
       3
       3
       3
       4
       3
       5
       4
       4
       4
       3
       6
       2
       3
       2
       1
       5
       1
       2
       3
       1
       3
       0
       5
       5
       8
       3
       3
       4
       5
       3
       4
       4
       3
       0
       1
       4
       2
       3
       4
       3
       4
       6
       5
       2
       4
       1
       3
       4
       3
       3
       2
       4
       4
       2
       4
       3
       2
       5
       4
       3
       3
       5
       4
       3
       4
       7
       3
       2
       4
       1
       7
       4
       7
       6
       8
       0
       5
       0
       2
       1
       1
       2
       4
       2
       7
       4
       1
       3
       1
       3
       2
       2
       4
       2
       2
       3
       1
       1
       3
       3
       1
       2
       1
       3
       3
       6
       6
       2
       3
       5
       3
       4
       2
       2
       2
       4
       1
       5
       4
       3
       3
       6
       3
       2
       4
       4
       4
       7
       8
       5
       0
       5
       4
       4
       5
       6
       3
       7
       8
       3
       3
       4
       3
       4
       1
       2
       6
      10
       7
      11
      10
       9
       4
       5
       2
       3
       4
       5
      14
      15
      19
      22
      14
       7
       4
       8
       4
       5
       3
       4
       4
       6
       2
       3
       7
       3
       2
       7
       6
       2
       2
       4
       4
       6
       3
       3
       8
       3
       2
       0
       2
       4
       0
       2
       4
       0
       1
       2
       5
       1
       4
       3
       1
       4
       3
       2
       3
       3
       4
       4
       2
       2
       1
       2
       2
       4
       3
       4
       3
       2
       3
       2
       0
       2
       9
       1
       4
       3
       7
      10
       5
       9
       8
       9
       5
       6
       4
       3
       3
       4
       3
       2
       2
       3
       4
       2
       4
       1
       0
       4
       0
       4
       1
       6
       7
       8
       8
       8
       3
       3
       1
       4
       0
       8
       1
       4
       0
       3
       4
       1
       2
       5
       2
       3
       4
       6
       3
       1
       2
       6
       0
       2
       1
       6
       1
       5
       1
       3
       1
       3
       4
       2
       1
       5
       3
       1
       2
       4
       1
       1
       1
       3
       4
       0
       2
       3
       1
       6
       1
       4
       2
       1
       1
       3
       1
       4
       4
       2
       3
       1
       5
       5
       2
       2
       2
       0
       1
       3
       5
       3
       2
       4
       5
       5
       0
       4
       1
       3
       2
       5
       0
       3
       2
       3
       4
       4
       2
       3
       1
       2
       3
       1
       4
       1
       1
       3
       2
       2
       3
       3
       1
       4
       1
       1
       1
       3
       1
       2
       2
       3
       2
       2
       5
       5
       1
       2
       4
       3
       1
       0
       2
       2
       1
       3
       2
       1
       2
       2
       4
       3
       3
       4
       4
       3
       2
       2
       3
       1
       2
       2
       1
       4
       2
       4
       1
       4
       3
       1
       4
       3
       4
       4
       6
       4
       2
       3
       3
       3
       2
       2
       4
       2
       2
       1
       1
       1
       2
       5
       4
       4
       3
       2
       2
       3
       3
       1
       4
       3
       0
       6
       1
       3
       3
       6
       1
       0
       3
       1
       3
       8
       3
       1
       5
       3
       2
       1
       1
       4
       3
       1
       4
       3
       3
       2
       2
       3
       1
       1
       3
       2
       3
       4
       4
       3
       1
       1
       0
       3
       2
       3
       3
       5
       4
       2
       2
       3
       1
       3
       5
       1
       2
       2
       1
       4
       2
       2
       2
       1
       4
       3
      16
       9
      12
       9
       9
       9
       6
       4
       2
       4
       4
       1
       1
       3
       3
       3
       2
       2
       2
       4
       4
       2
       1
       4
       2
       1
       4
       1
       1
       4
       0
       6
       3
       3
       6
       2
       0
       3
       1
       2
       5
       1
       3
       1
       2
       4
       2
       2
       1
       1
       1
       0
       1
       2
       1
       3
       2
       2
       0
       2
       0
       2
       1
       1
       4
       2
       3
       2
       2
       1
       1
       0
       2
       2
       3
       5
       2
       1
       2
       1
       4
       3
       6
       4
      10
      14
      23
      26
      30
      45
      38
      25
      15
      11
       7
       5
       1
       5
       3
       4
       3
       3
       5
       1
       3
       2
       3
       1
       0
       3
       8
       3
       4
       2
       3
       1
       2
       1
       1
       0
       3
       4
       3
       0
       3
       4
       3
       1
       2
       0
       3
       2
       1
       2
       2
       1
       4
       1
       4
       1
       0
       4
       2
       1
       4
       3
       1
       0
       2
       2
       0
       1
       3
       4
       0
       2
       1
       2
       4
       2
       2
       4
       3
       6
       4
       2
       0
       1
       3
       4
       2
       0
       3
       0
       4
       1
       1
       1
       3
       3
       0
       1
       2
       4
       6
       2
       0
       0
       7
       5
       3
       2
       3
       1
       3
       4
       2
       0
       3
       2
       5
       3
       0
       5
       3
       0
       1
       1
       0
       1
       3
       2
       1
       1
       1
       0
       2
       2
       2
       3
       4
       4
       4
       3
       3
       2
       5
       3
       2
       1
       2
       1
       1
       1
       0
       2
       2
       1
       3
       1
       0
       1
       2
       1
       0
       1
       2
       0
       1
       2
       2
       1
       1
       1
       0
       1
       0
       6
       4
       4
       0
       3
       2
       0
       2
       1
       2
       2
       2
       0
       0
       2
       3
       3
       5
       2
       1
       2
       2
       2
       2
       0
       1
       2
       0
       3
       2
       1
       0
       3
       2
       3
       2
       6
       8
       3
       9
       3
       6
       5
       1
       0
       3
       1
       2
       2
       1
       2
       2
       1
       1
       3
       1
       2
       0
       1
       2
       2
       3
       1
       2
       1
       3
       2
       1
       4
       4
       2
       2
       2
       4
       2
       2
       3
       2
       3
       3
       1
       2
       2
       5
       1
       4
       3
       2
       4
       5
       3
       1
       2
       3
       1
       1
       1
       3
       3
       2
       1
       0
       1
       3
       3
       1
       1
       1
       4
       3
       3
       0
       0
       3
       2
       5
       4
       0
       1
       0
       3
       1
       2
       1
       1
       1
       0
       1
       3
       4
       2
       2
       0
       4
       1
       5
       2
       3
       1
       1
       4
       0
       2
       3
       0
       3
       4
       1
       2
       2
       5
       0
       2
       3
       2
       1
       2
       0
       2
       3
       3
       1
       0
       4
       2
       3
       4
       1
       4
       0
       3
       5
       1
       0
       3
       2
       2
       1
       0
       1
       0
       1
       1
       0
       1
       1
       5
       1
       5
       2
       1
       0
       2
       2
       0
       1
       1
       1
       2
       5
       6
       3
       0
       1
       2
       2
       3
       1
       3
       2
       3
       2
       2
       0
       2
       4
       2
       4
       2
       1
       1
       3
       2
       1
       0
       2
       2
       2
       1
       2
       4
       2
       0
       3
       4
       1
       2
       3
       2
       4
       4
       3
       8
       3
       3
       1
       2
       3
       1
       1
       0
       4
       3
       1
       2
       2
       3
       1
       3
       2
       1
       0
       1
       1
       0
       1
       1
       3
       4
       1
       1
       3
       0
       2
       6
       2
       3
       3
       2
       1
       1
       1
       0
       0
       3
       3
       1
       0
       5
       3
       2
       2
       0
       4
       3
       4
       2
       4
       3
       1
       0
       5
       1
       1
       5
       1
       1
       3
       1
       5
       3
       3
       3
       1
       3
       3
       1
       0
       2
       2
       4
       4
       3
       3
       0
       3
       2
       0
       2
       2
       6
       2
       2
       1
       0
       3
       3
       1
       1
       0
       0
       1
       2
       2
       0
       2
       4
       3
       0
       5
       0
       1
       3
       4
       2
       0
       0
       2
       2
       3
       0
       4
       2
       0
       2
       1
       2
       1
       3
       2
       4
       1
       2
       2
       2
       4
       1
       0
       2
       2
       3
       1
       0
       4
       4
       3
       3
       3
       1
       1
       2
       4
       2
       1
       4
       1
       4
       4
       3
       2
       4
       3
       0
       1
       2
       2
       1
       0
       0
       2
       1
       2
       1
       5
       1
       1
       0
       0
       2
       1
       1
       1
       3
       1
       4
       1
       1
       2
       0
       3
       0
       2
       1
       2
       2
       5
       2
       0
       3
       3
       2
       1
       1
       1
       4
       3
       1
       3
       5
       1
       1
       2
       2
       3
       0
       0
       0
       4
       2
       1
       1
       2
       2
       4
       2
       1
       3
       1
       3
       2
       4
       1
       0
       1
       4
       1
       2
       2
       0
       3
       3
       3
       0
       1
       0
       2
       1
       4
       3
       4
       3
       2
       0
       4
       1
       4
       1
       2
       2
       3
       4
       1
       3
       3
       1
       2
       2
       2
       0
       0
       3
       5
       2
       0
       2
       0
       1
       3
       1
       1
       3
       3
       1
       1
       1
       1
       2
       0
       2
       4
       2
       2
       2
       1
       1
       2
       1
       1
       1
       0
       2
       2
       1
       2
       0
       2
       4
       1
       3
       4
       1
       1
       2
       2
       2
       2
       3
       1
       1
       0
       1
       2
       3
       1
       0
       2
       3
       2
       6
       1
       0
       3
       1
       3
       1
       3
       4
       1
       1
       0
       1
       1
       1
       4
       2
       0
       2
       1
       2
       1
       2
       1
       1
       1
       0
       1
       2
       2
       1
       0
       0
       0
       3
       1
       1
       3
       0
       0
       0
       2
       2
       1
       1
       1
       2
       3
       1
       2
       1
       2
       0
       3
       3
       0
       4
       0
       0
       2
       1
       3
       2
       2
       3
       1
       2
       0
       0
       1
       1
       1
       3
       4
       3
       2
       3
       1
       0
       0
       3
       1
       1
       1
       0
       1
       4
       1
       2
       2
       1
       1
       0
       1
       3
       1
       1
       1
       0
       2
       3
       3
       3
       6
       3
       5
      14
      12
      10
       7
       7
       7
       7
       6
       6
       4
       2
       2
       0
       1
       2
       2
       2
       0
       1
       0
       1
       0
       0
       1
       3
       1
       2
       0
       4
       1
       1
       6
       2
       2
       2
       1
       3
       2
       2
       2
       2
       5
       1
       0
       3
       0
       0
       1
       3
       3
       3
       2
       2
       0
       1
       0
       2
       3
       1
       1
       3
       2
       4
       3
       1
       0
       4
       0
       2
       5
       2
       4
       3
       1
       0
       2
       3
       0
       2
       2
       2
       0
       1
       2
       1
       5
       2
       2
       3
       0
       5
       4
       4
       2
       2
       3
       0
       1
       0
       0
       2
       1
       1
       0
       1
       3
       1
       0
       0
       2
       3
       2
       1
       0
       6
       0
       5
       1
       2
       1
       2
       1
       1
       1
       1
       1
       0
       2
       0
       2
       1
       1
       0
       1
       2
       1
       2
       0
       0
       2
       1
       0
       2
       2
       3
       3
       3
       1
       2
       0
       1
       2
       1
       3
       2
       1
       3
       1
       2
       2
       2
       1
       1
       2
       0
       2
       2
       6
       5
       0
       2
       3
       4
       1
       2
       1
       0
       2
       1
       2
       0
       1
       3
       1
       1
       2
       2
       3
       1
       0
       3
       3
       2
       1
       1
       2
       0
       1
       4
       0
       0
       2
       3
       2
       3
       3
       1
       3
       2
       0
       1
       0
       2
       2
       3
       2
       1
       1
       3
       2
       0
       1
       2
       2
       2
       3
       0
       3
       1
       1
       1
       0
       2
       3
       3
       0
       3
       1
       1
       3
       1
       6
       3
       0
       1
       4
       1
       4
       1
       7
       7
      12
       8
      11
       8
      12
       7
       4
       5
       2
       1
       1
       2
       2
       1
       4
       2
       4
       2
       2
       1
       2
       3
       1
       2
       1
       4
       1
       1
       1
       1
       2
       3
       0
       2
       2
       1
       1
       0
       1
       3
       4
       2
       1
       1
       2
       5
       1
       0
       1
       4
       0
       1
       0
       3
       0
       1
       2
       0
       2
       3
       0
       0
       0
       2
       4
       2
       3
       0
       1
       0
       3
       0
       3
       1
       1
       5
       2
       2
       0
       2
       2
       0
       4
       3
       2
       2
       4
       2
       1
       2
       3
       5
       1
       3
       1
       4
       1
       0
       2
       2
       1
       0
       0
       1
       1
       5
       1
       1
       2
       2
       1
       3
       2
       1
       2
       4
       3
       3
       1
       1
       0
       4
       0
       0
       3
       1
       0
       0
       1
       1
       2
       1
       1
       2
       5
       1
       1
       1
       2
       2
       2
       3
       0
       1
       0
       2
       2
       2
       1
       2
       2
       2
       1
       4
       2
       1
       0
       0
       0
       0
       2
       4
       2
       2
       2
       1
       3
       5
       0
       1
       1
       2
       0
       0
       1
       2
       4
       3
       0
       3
       3
       1
       1
       3
       1
       1
       1
       2
       4
       2
       2
       3
       3
       7
       1
       3
       1
       1
       0
       3
       2
       2
       3
       3
       1
       1
       0
       2
       3
       2
       3
       1
       2
       2
       0
       3
       2
       2
       1
       0
       2
       1
       4
       0
       3
       2
       5
       0
       4
       2
       4
       4
       1
       0
       2
       1
       2
       1
       4
       2
       2
       3
       2
       4
       2
       4
       2
       3
       3
       0
       3
       2
       2
       1
       1
       2
       3
       2
       1
       3
       2
       3
       0
       1
       1
       3
       3
       3
       2
       4
       4
       0
       3
       0
       1
       2
       2
       2
       3
       2
       1
       3
       2
       1
       3
       1
       4
       3
       0
       7
       4
       3
       3
       1
       1
       1
       1
       3
       3
       0
       3
       4
       3
       1
       1
       1
       1
       1
       2
       0
       3
       2
       3
       2
       1
       1
       2
       4
       0
       4
       0
       6
       5
       4
       5
       1
       3
       1
       2
       1
       4
       2
       0
       3
       1
       2
       2
       5
       5
       2
       3
       2
       1
       3
       3
       4
       2
       2
       2
       5
       2
       1
       0
       2
       3
       2
       1
       1
       2
       4
       4
       0
       1
       2
       1
       5
       3
       4
       5
       0
       2
       0
       3
       3
       3
       0
       0
       1
       2
       2
       0
       3
       2
       2
       1
       2
       2
       0
       3
       1
       2
       1
       4
       1
       3
       2
       2
       3
       2
       3
       1
       4
       0
       2
       1
       2
       4
       3
       4
       2
       0
       2
       2
       5
       3
       3
       6
       2
       3
       2
       3
       2
       2
       1
       2
       4
       4
       0
       1
       1
       3
       1
       1
       0
       2
       1
       1
       2
       2
       1
       1
       3
       3
       2
       2
       3
       2
       3
       0
       2
       1
       4
       3
       1
       1
       2
       1
       0
       2
       2
       2
       2
       1
       1
       2
       2
       5
       3
       2
       0
       0
       2
       1
       2
       1
       3
       3
       2
       4
       1
       0
       1
       0
       0
       1
       0
       2
       0
       3
       0
       1
       1
       1
       0
       0
       2
       0
       1
       1
       0
       1
       3
       3
       2
       2
       3
       0
       2
       0
       4
       0
       3
       0
       0
       0
       1
       3
       0
       0
       3
       2
       5
       1
       0
       0
       3
       2
       1
       1
       0
       1
       1
       2
       1
       1
       0
       2
       3
       1
       3
       2
       3
       1
       0
       2
       2
       1
       2
       0
       1
       3
       3
       1
       2
       0
       0
       3
       0
       1
       1
       1
       2
       0
       3
       2
       0
       1
       1
       1
       0
       3
       2
       0
       2
       1
       3
       1
       1
       0
       4
       3
       0
       2
       2
       1
       1
       0
       3
       0
       0
       0
       1
       1
       1
       0
       4
       3
       1
       1
       3
       0
       0
       1
       2
       1
       3
       1
       2
       6
       0
       6
       2
       2
       2
       3
       4
       1
       4
       0
       1
       0
       1
       2
       1
       1
       0
       3
       3
       1
       0
       0
       2
       2
       2
       0
       2
       1
       1
       1
       0
       1
       1
       1
       1
       0
       0
       2
       0
       2
       0
       0
       2
       0
       1
       2
       1
       1
       0
       1
       0
       0
       1
       0
       1
       0
       1
       1
       0
       2
       1
       1
       0
       2
       0
       0
       1
       0
       1
       3
       0
       0
       1
       0
       1
       0
       1
       0
       0
       0
       0
       1
       2
       1
       2
       1
       0
       2
       3
       0
       0
       1
       0
       0
       0
       0
       1
       0
       0
       0
       0
       0
       0
       0
       0
       1
       1
       2
       0
       0
       0
       0
       1
       0
       2
       0
       0
       0
       1
       0
       1
       0
       0
       1
       3
       0
       1
       0
       0
       0
       0
       0
       1
       1
       1
       0
       1
       0
       0
       1
       0
       0
       0
       0
       0
       0
       1
       1
       0
       0
       0
       1
       1
       1
       0
       0
       1
       1
       0
       1
       1
       0
       0
       0
       0
       0
       0
       0
       0
       1
       0
       0
       0
       1
       1
       0
       0
       0
       1
       0
       0
       0
       1
       0
       0
       2
       0
       0
       1
       1
       0
       2
       0
       1
       0
       1
       0
       0
       0
       0
       0
       0
       1
       0
       1
       2
       0
       0
       1
       0
       1
       0
       0
       0
       0
       0
       0
       0
       0
       0
       0
       0
       0
       0
       1
       0
       0
       0
       0
       0
       0
       1
       0
       2
       0
       0
       0
       0
       0
       0
       1
       0
       1
       1
       0
       0
       0
       0
       1
       0
       1
       0
       0
       0
       0
       1
       0
       0
       0
       2
       0
       0
       0
       1
       0
       0
       0
       0
       0
       2
       0
       1
       0
       0
       0
       0
       0
       0
       0
       0
       0
       0
       1
       2
       0
       0
       2
       2
       0
       0
       0
       0
       0
       0
       0
       0
       0
       0
       0
       1
       0
       1
       0
       0
       0
       0
       0
       0
       1
       0
       0
       0
       0
       0
       0
       0
       1
       1
       2
       0
       1
       0
       1
       1
       0
       1
       0
       0
       1
       1
       0
       0
       0
       0
       0
       0
       0
       0
       1
       0
       1
       0
       0
       0
       1
       0
       0
       1
       0
       0
       0
       0
       0
       0
       0
       0
       0
       0
       0
       1
       0
       0
       1
       0
       0
       0
       0
       0
       2
       0
       0
       1
       0
       0
       1
       0
       0
       0
       0
       0
       1
       0
       1
       1
       1
       0
       0
       0
       1
       0
       0
       0
       0
       0
       0
       0
       0
       0
       1
       1
       1
       0
       0
       1
       0
       2
       1
       0
       3
       7
      10
      13
      23
      33
      40
      56
      51
      69
      55
      33
      30
      16
      13
       5
       5
       0
       1
       0
       0
       0
       0
       0
       0
       0
       0
       0
       0
       0
       0
       0
       0
       0
       0
       0
       0
       0
       0
       0
       0
       0
       0
       0
       0
       0
       0
       0
       0
       0
       0
       0
       0
       0
       0
       0
       0
       0
       0
       0
       0
       0
       0
       0
       0
       0
       0
       0
       0
       0
       0
       0
       0
       0
       0
       0
       1
       0
       0
       0
       0
       0
       0
       0
       0
       0
       0
       0
       0
       0
       0
       0
       0
       0
       0
       0
       0
       0
       0
       0
       0
       0
       0
       0
       0
       0
       0
       0
       0
       0
       0
       0
       0
       0
       0
       0
       1
       0
       0
       0
       0
       0
       0
       0
       0
       0
       0
       0
       0
       1
       0
       0
       0
       0
       0
       0
       0
       0
       0
       0
       0
       0
       1
       0
       1
       0
       0
       0
       0
       1
       0
       0
       0
       0
       0
       1
       0
       0
       0
       0
       0
       0
       0
       0
       0
       0
       0
       0
       0
       0
       0
       0
       0
       0
       0
       0
       0
       0
       0
       0
       0
       0
       1
       0
       0
       0
       0
       0
       0
       0
       0
       0
       0
       0
       0
       1
       0
       0
       1
       0
       0
       0
       1
       0
       0
       0
       0
       0
       0
       0
       0
       0
       0
       0
       0
       0
       0
       0
       0
       0
       0
       0
       0
       0
       0
       0
       0
       0
       1
       0
       0
       0
       0
       0
       0
       0
       0
       0
       0
       0
       0
       0
       2
       0
       0
       0
       0
       0
       0
       0
       0
       0
       0
       0
       0
       0
       0
       0
       0
       0
       0
       0
       0
       0
       0
       0
       0
       0
       0
       0
       0
       0
       0
       1
       0
       0
       0
       0
       0
       0
       0
       0
       0
       0
       0
       0
       0
       0
       0
       0
       0
       0
       0
       0
       0
       1
       0
       0
       0
       0
       0
       0
       0
       0
       0
       0
       0
       0
       0
       0
       0
       0
       0
       0
       0
       0
       2
       0
       2
       0
       1
       0
       3
       0
       0
       1
       1
       0
       0
       0
       1
       0
       0
       0
       0
       0
       0
       0
       0
       0
       0
       0
       0
       0
       0
       0
       0
       0
       1
       0
       0
       1
       0
       0
       0
       0
       0
       0
       0
       0
       0
       0
       0
       0
       0
       0
       0
       0
       0
       0
       0
       0
       0
       0
       0
       0
       0
       0
       0
       0
       0
       0
       0
       0
       0
       0
       0
       0
       0
       0
       0
       1
       0
       0
       0
       0
       0
       0
       0
       0
       0
       0
       0
       0
       1
       0
       0
       0
       0
       0
       0
       0
       0
       0
       0
       0
       0
       0
       0
       0
       0
       0
       0
       1
       0
       0
       0
       0
       1
       0
       0
       0
       0
       0
       0
       0
       0
       0
       0
       0
       0
       0
       0
       0
       0
       0
       0
       0
       0
       0
       0
       0
       0
       0
       0
       0
       0
       0
       0
       0
       0
       0
       0
       0
       0
       0
       0
       0
       1
       0
       0
       0
       0
       0
       0
       0
       0
       0
       0
       0
       0
       0
       0
       0
       0
       0
       0
       0
       0
       0
       0
       0
       0
       0
       0
       0
       0
       0
       0
       0
       0
       0
       0
       0
       0
       0
       0
       0
       0
       0
       0
       0
       0
       1
       0
       1
       0
       0
       0
       0
       0
       0
       0
       0
       0
       0
       0
       0
       2
       0
       0
       0
       0
       0
       0
       0
       1
       0
       0
       0
       0
       0
       0
       0
       0
       0
       0
       0
       0
       0
       0
       0
       0
       0
       0
       0
       0
       0
       0
       0
       0
       0
       0
       1
       0
       0
       0
       0
       0
       0
       0
       0
       0
       0
       0
       0
       0
       0
       0
       0
       0
       0
       0
       0
       0
       0
       0
       0
       1
       0
       0
       0
       0
       0
       0
       0
       0
       0
       0
       0
       0
       0
       0
       0
       0
       0
       0
       1
       0
       0
       0
       0
       0
       0
       0
       0
       0
       0
       0
       0
       0
       0
       0
       1
       0
       0
       0
       0
       0
       0
       0
       0
       0
       0
       0
       0
       0
       0
       0
       0
       0
       0
       0
       0
       0
       0
       1
       0
       0
       0
       0
       0
       0
       0
       0
       0
       0
       0
       0
       0
       0
       0
       0
       0
       0
       0
       0
       0
       0
       0
       0
       0
       0
       0
       1
       0
       0
       0
       0
       0
       0
       0
       0
       0
       0
       0
       0
       0
       0
       0
       0
       0
       0
       0
       0
       0
       0
       0
       0
       0
       0
       0
       0
       1
       0
       0
       0
       0
       0
       0
       0
       0
       0
       0
       0
       0
       0
       0
       0
       0
       0
       1
       0
       0
       1
       0
       0
       0
       0
       0
       0
       0
       0
       0
       0
       0
       0
       0
       0
       0
       0
       0
       0
       1
       1
       0
       0
       0
       0
       0
       0
       0
       0
       0
       0
       0
       0
       0
       0
       1
       0
       0
       0
       0
       0
       0
       0
       0
       0
       0
       0
       0
       0
       0
       0
       0
       0
       0
       0
       0
       0
       0
       0
       0
       0
       0
       0
       0
       0
       0
       0
       0
       0
       0
       0
       0
       0
       0
       0
       0
       0
       0
       1
       0
       0
       0
       0
       0
       0
       0
       0
       0
       0
       0
       0
       0
       0
       0
       0
       0
       0
       0
       0
       0
       0
       0
       0
       0
       0
       0
       0
       0
       0
       0
       0
       0
       0
       0
       0
       0
       0
       0
       0
       0
       0
       0
       1
       0
       0
       0
       0
       0
       0
       0
       0
       0
       0
       0
       0
       0
       1
       0
       0
       0
       0
       0
       0
       1
       0
       0
       0
       0
       0
       0
       0
       0
       0
       0
       0
       0
       0
       1
       0
       0
       1
       0
       0
       0
       0
       0
       0
       0
       0
       0
       0
       0
       0
       0
       0
       0
       0
       0
       0
       0
       0
       0
       0
       0
       0
       0
       0
       0
       0
       1
       0
       0
       0
       0
       0
       0
       0
       0
       0
       0
       0
       0
       0
       0
       0
       0
       0
       0
       0
       0
       0
       0
       0
       0
       0
       0
       0
       1
       0
       0
       0
       0
       1
       0
       1
       0
       0
       0
       0
       0
       0
       1
       0
       0
       0
       0
       0
       0
       0
       0
       1
       1
       0
       0
       0
       0
       0
       0
       0
       0
       0
       0
       0
       0
       0
       0
       0
       0
       0
       0
       1
       0
       0
       0
       0
       0
       0
       0
       0
       0
       0
       0
       0
       0
       0
       0
       0
       0
       0
       0
       0
       0
       0
       0
       0
       0
       0
       0
       0
       0
       0
       0
       0
       0
       1
       0
       0
       0
       0
       0
       0
       0
       0
       0
       0
       0
       0
       0
       0
       0
       0
       0
       0
       0
       0
       1
       0
       0
       0
       0
       0
       0
       0
       0
       0
       0
       0
       0
       0
       0
       0
       0
       0
       0
       0
       0
       1
       0
       0
       0
       0
       0
       0
       0
       0
       0
       0
       0
       0
       0
       0
       1
       0
       1
       0
       0
       0
       0
       0
       0
       0
       0
       0
       0
       0
       0
       0
       0
       0
       0
       0
       0
       0
       1
       0
       0
       0
       0
       0
       0
       1
       0
       0
       0
       0
       0
       0
       0
       0
       0
       0
       0
       0
       0
       0
       0
       0
       0
       0
       0
       0
       0
       0
       0
       0
       0
       0
       0
       0
       0
       0
       0
       0
       0
       0
       0
       0
       0
       0
       0
       0
       0
       0
       0
       0
       0
       0
       0
       0
       0
       0
       0
       0
       0
       0
       0
       0
       0
       1
       0
       0
       0
       0
       0
       0
       0
       0
       0
       1
       0
       0
       0
       0
       0
       0
       0
       0
       0
       0
       0
       0
       0
       0
       0
       0
       0
       0
       0
       0
       0
       0
       0
       0
       0
       0
       0
       0
       0
       0
       0
       0
       0
       0
       0
       0
       0
       0
       0
       0
       0
       0
       0
       0
       0
       0
       0
       0
       0
       0
       0
       0
       0
       0
       1
       0
       0
       0
       0
       0
       0
       0
       0
       0
       0
       0
       0
       0
       0
       0
       0
       1
       0
       0
       0
       0
       1
       0
       0
       0
       0
       0
       0
       0
       0
       0
       0
       1
       0
       0
       0
       0
       0
       0
       0
       0
       0
       0
       0
       0
       0
       0
       0
       0
       0
       0
       0
       0
       0
       0
       0
       0
       0
       0
       0
       0
       0
       0
       0
       0
       0
       0
       0
       0
       0
       0
       0
       0
       0
       0
       0
       0
       0
       0
       0
       0
       0
       0
       0
       0
       0
       0
       0
       0
       0
       0
       0
       1
       0
       0
       0
       0
       0
       0
       0
       0
       0
       0
       0
       0
       0
       0
       0
       0
       0
       1
       0
       0
       0
       0
       0
       0
       0
       0
       0
       0
       0
       0
       0
       0
       0
       0
       0
       0
       0
       0
       0
       0
       0
       0
       0
       0
       0
       0
       0
       0
       0
       0
       0
       0
       0
       0
       0
       0
       0
       0
       0
       0
       0
       0
       0
       0
       0
       0
       0
       0
       0
       0
       0
       0
       0
       0
       0
       0
       0
       0
       0
       0
       0
       0
       0
       0
       0
       0
       0
       0
       0
       0
       0
       0
       0
       0
       0
       0
       0
       0
       1
       0
       0
       0
       0
       0
       1
       0
       0
       0
       0
       0
       0
       0
       0
       0
       0
       0
       0
       1
       0
       0
       0
       0
       0
       0
       0
       0
       0
       0
       0
       0
       0
       0
       0
       0
       0
       0
       0
       0
       0
       0
       0
       0
       0
       0
       0
       0
       0
       0
       0
       0
       1
       0
       0
       0
       0
       0
       0
       0
       0
       0
       0
       0
       0
       0
       0
       0
       0
       0
       0
       0
       0
       0
       0
       0
       0
       0
       0
       0
       0
       0
       0
       0
       0
       0
       0
       0
       0
       0
       0
       0
       0
       0
       0
       0
       0
       0
       0
       0
       0
       0
       1
       0
       0
       0
       0
       0
       0
       0
       0
       0
       0
       0
       0
       0
       0
       1
       0
       0
       0
       0
       0
       0
       0
       0
       0
       0
       0
       1
       0
       0
       0
       0
       0
       0
       0
       0
       0
       0
       0
       0
       0
       0
       0
       0
       0
       0
       0
       0
       0
       0
       0
       0
       0
       0
       0
       0
       0
       0
       0
       0
       0
       0
       0
       0
       0
       0
       0
       0
       0
       0
       0
       0
       0
       0
       0
       0
       0
       0
       0
       0
       0
       0
       0
       0
       0
       0
       0
       0
       0
       0
       0
       0
       0
       0
       0
       0
       0
       0
       0
       0
       0
       0
       0
       0
       0
       0
       0
       0
       0
       0
       0
       0
       0
       0
       0
       0
       0
       0
       0
       0
       0
       0
       0
       0
       0
       0
       0
       0
       0
       0
       0
       0
       0
       0
       0
       0
       0
       0
       0
       0
       0
       0
       0
       0
       0
       0
       0
       0
       0
       0
       0
       0
       0
       0
       0
       0
       0
       0
       0
       0
       0
$ROI:
0
$PRESETS:
Real Time
3600
0
$ENER_FIT:
8.931054 0.240803
$MCA_CAL:
3
8.931054E+000 2.408025E-001 6.157388E-008 keV
$SHAPE_CAL:
3
9.658150E+000 -1.618950E-003 2.758845E-007
