$SPEC_ID:
No sample description was entered.
$SPEC_REM:
DET# 1
DETDESC# EPS-140909 Easy-MCA-8k SN 16175454
AP# Maestro Version 7.01
$DATE_MEA:
02/26/2022 10:43:27
$MEAS_TIM:
3594 3600
$DATA:
0 8191
       0
       0
       0
       0
       0
       0
       0
       0
       0
       0
       0
       0
       0
       0
       0
       0
       0
       0
       0
       0
       0
       0
       0
       0
       0
       0
       0
       0
       0
       0
       0
       0
       0
       0
       0
       0
       0
       0
       0
       4
       8
      31
     819
    1517
     606
     437
     349
     360
     357
     372
     406
     368
     355
     343
     342
     359
     370
     334
     380
     384
     451
     462
     416
     375
     349
     375
     356
     336
     350
     354
     330
     342
     349
     310
     309
     343
     321
     295
     336
     344
     337
     331
     352
     375
     320
     341
     337
     327
     374
     371
     352
     330
     352
     318
     337
     392
     401
     371
     378
     423
     386
     374
     378
     441
     430
     444
     496
     468
     485
     485
     472
     530
     609
     618
     661
     720
     777
     799
     889
     869
     956
     876
     899
     871
     934
     914
     964
     817
     838
     860
     915
     878
     888
     874
     968
    1136
    1335
    1677
    2201
    2937
    3832
    4455
    4800
    5163
    5054
    4169
    2901
    1662
    1125
     955
     891
     937
     884
     931
     956
     987
    1106
    1193
    1230
    1385
    1449
    1638
    2142
    2273
    2075
    1790
    1457
    1436
    1362
    1238
    1188
    1100
     953
    1044
     990
    1056
    1059
    1080
    1053
    1095
    1121
    1132
    1093
    1087
    1100
    1148
    1223
    1301
    1234
    1226
    1178
    1134
    1147
    1324
    1262
    1176
    1142
    1067
    1024
    1107
    1084
    1131
    1096
    1056
    1074
    1109
    1090
    1071
    1047
    1149
    1155
    1092
    1118
    1119
    1127
    1112
    1054
    1161
    1219
    1151
    1102
    1120
    1053
     973
    1094
    1176
    1122
    1065
    1092
    1090
    1124
    1169
    1181
    1193
    1168
    1157
    1086
    1042
    1057
    1085
    1081
    1023
     988
    1085
    1076
    1043
    1099
    1043
    1015
    1001
    1007
    1069
    1000
    1019
    1003
    1043
    1029
     997
    1020
     996
     963
     949
     951
     997
     997
     980
    1016
     990
     874
     954
     999
     970
     951
     922
     955
     946
     965
     913
     944
     894
     905
     932
     931
     941
     898
     873
     922
     930
     882
     917
     865
     880
     896
     871
     855
     823
     877
     842
     893
     893
     866
     831
     835
     921
     834
     826
     822
     849
     832
     876
     845
     865
     792
     837
     838
     819
     787
     811
     853
     814
     778
     807
     848
     801
     805
     795
     732
     773
     743
     747
     723
     755
     739
     766
     807
     725
     766
     755
     723
     691
     736
     736
     739
     710
     678
     746
     670
     710
     685
     743
     789
     742
     758
     713
     690
     698
     675
     705
     640
     697
     606
     670
     699
     651
     654
     629
     663
     634
     638
     655
     643
     652
     609
     673
     624
     579
     669
     596
     623
     600
     577
     632
     630
     643
     579
     574
     548
     585
     581
     564
     596
     591
     559
     575
     563
     534
     572
     525
     533
     546
     520
     545
     527
     553
     523
     542
     560
     522
     551
     585
     459
     516
     496
     525
     517
     525
     510
     476
     513
     484
     479
     483
     501
     524
     462
     515
     456
     489
     454
     472
     483
     438
     443
     496
     462
     477
     489
     487
     472
     462
     435
     474
     487
     466
     443
     459
     464
     436
     456
     466
     440
     396
     465
     433
     468
     451
     407
     431
     443
     428
     432
     433
     452
     449
     492
     479
     469
     426
     388
     380
     401
     406
     379
     404
     394
     404
     409
     398
     400
     404
     386
     381
     421
     378
     410
     384
     413
     381
     388
     376
     393
     360
     408
     367
     365
     407
     374
     357
     347
     367
     373
     348
     374
     407
     410
     402
     377
     406
     347
     342
     317
     353
     347
     354
     368
     306
     335
     347
     351
     346
     361
     362
     354
     374
     360
     340
     328
     344
     285
     316
     345
     343
     288
     312
     332
     283
     304
     318
     298
     306
     295
     326
     314
     284
     299
     324
     286
     299
     295
     279
     284
     288
     313
     313
     295
     330
     312
     280
     285
     287
     261
     289
     289
     271
     264
     298
     292
     295
     297
     291
     307
     282
     289
     272
     279
     261
     263
     263
     305
     236
     239
     260
     284
     265
     285
     300
     276
     260
     245
     272
     276
     297
     281
     348
     433
     570
     542
     528
     447
     330
     292
     302
     292
     301
     310
     288
     276
     249
     242
     234
     234
     227
     208
     195
     191
     217
     209
     201
     213
     217
     246
     204
     206
     222
     241
     194
     189
     186
     215
     182
     206
     212
     245
     205
     197
     189
     214
     211
     183
     202
     212
     213
     190
     190
     187
     199
     197
     201
     225
     191
     174
     185
     188
     202
     198
     175
     182
     185
     199
     182
     197
     204
     196
     157
     195
     170
     179
     170
     182
     144
     174
     181
     178
     192
     217
     192
     195
     206
     173
     175
     157
     196
     174
     165
     148
     160
     175
     160
     179
     177
     195
     175
     197
     188
     187
     161
     173
     164
     155
     178
     164
     166
     173
     145
     158
     179
     181
     164
     176
     166
     140
     138
     162
     140
     142
     146
     156
     157
     157
     163
     139
     161
     163
     152
     137
     148
     162
     163
     148
     148
     143
     151
     156
     156
     208
     220
     259
     280
     297
     212
     212
     147
     157
     148
     144
     145
     158
     158
     188
     161
     183
     161
     156
     136
     131
     135
     124
     132
     130
     152
     149
     151
     133
     149
     186
     216
     233
     213
     165
     137
     165
     107
     141
     119
     126
     128
     118
     122
     138
     117
     127
     143
     123
     126
     126
     116
     118
     117
     125
     112
     138
     148
     131
     110
     122
     116
     131
     125
     124
     125
     108
     131
     116
     125
     150
     114
     118
     109
     117
     133
     117
     130
     104
     128
     131
     134
     123
     124
     126
     144
     142
     125
     118
     134
     114
     119
     125
     113
     107
     120
     134
     123
     125
     124
     116
     133
      91
      91
     118
      99
     122
     130
     139
     150
     180
     178
     180
     130
     118
      95
     107
     125
      99
      96
     104
      94
      96
      82
      79
     105
      81
     102
     107
     105
      85
     116
     108
     100
     101
     107
      89
      96
      99
      96
     117
     125
     196
     267
     306
     316
     262
     187
     122
      95
     105
      92
      85
      94
      79
      83
     108
      89
     101
      99
      89
      86
      86
     100
      87
      94
     102
      90
      97
      78
      92
      95
      80
      88
      94
      89
      99
      86
      94
      91
      83
      81
      74
     102
      76
      79
      79
      81
      84
     104
      84
      95
      91
      79
      80
      90
      85
      84
      77
      73
      93
      80
      74
      87
      99
     105
      76
     100
      77
      86
      80
      87
      88
      75
      78
      91
      82
      90
      71
      79
      77
      76
      93
      70
      65
      78
      85
      85
      90
      88
      77
      70
      80
      97
      84
      78
     105
      81
      87
     102
      71
      88
      81
      83
      86
      77
      86
      82
      80
      74
      78
      86
      78
      79
      78
      83
      95
      70
      89
      76
      99
      83
      90
      82
     100
      76
      65
      90
      83
      70
      88
      81
      76
      58
      77
      61
      80
      74
      64
      77
      76
      86
      86
      75
      74
      84
      67
      93
      73
      82
      78
      69
      77
      75
      68
      75
      68
      71
      69
      55
      66
      76
      75
      74
      63
      61
      78
      69
      76
      74
      58
      58
      65
      75
      67
      67
      78
      84
      64
      68
      79
      88
      57
      70
      68
      63
      70
      67
      85
      76
      62
      66
      76
      81
      70
      53
      62
      68
      65
      52
      63
      67
      75
      56
      65
      64
      56
      58
      66
      71
      58
      73
      49
      69
      57
      48
      69
      49
      75
      64
      57
      72
      66
      60
      59
      58
      58
      76
      73
      59
      68
      59
      62
      71
      72
      59
      48
      51
      59
      66
      75
      61
      58
      57
      66
      72
      60
      58
      66
      52
      53
      59
      61
      61
      76
      62
      63
      64
      58
      62
      46
      62
      60
      58
      67
      72
      68
      61
      61
      59
      66
      55
      59
      50
      57
      61
      53
      67
      67
      65
      97
      75
      82
      70
      70
      58
      72
      49
      57
      54
      64
      61
      60
      68
      60
      55
      65
      57
      57
      48
      54
      45
      57
      42
      56
      55
      55
      39
      69
      58
      49
      49
      53
      44
      60
      52
      51
      75
      53
      56
      62
      43
      62
      48
      62
      54
      54
      62
      65
      49
      48
      44
      43
      61
      53
      46
      34
      37
      48
      50
      48
      56
      42
      54
      47
      52
      51
      47
      59
      60
      55
      56
      68
      50
      47
      54
      46
      54
      48
      55
      46
      48
      49
      47
      47
      48
      45
      61
      45
      49
      46
      50
      39
      58
      63
      42
      52
      54
      46
      48
      54
      50
      51
      52
      49
      60
      74
      57
      50
      68
      54
      60
      73
      52
      47
      59
      68
      77
      97
     111
     115
     146
     106
      95
      68
      71
      51
      53
      56
      44
      63
      48
      56
      49
      50
      62
      52
      40
      47
      63
      42
      43
      46
      52
      44
      34
      52
      48
      49
      57
      42
      65
      43
      47
      35
      38
      58
      52
      46
      57
      40
      46
      42
      59
      50
      31
      55
      39
      46
      61
      59
      38
      51
      55
      39
      44
      43
      43
      57
      53
      47
      59
      62
      28
      37
      42
      50
      45
      45
      47
      42
      54
      36
      49
      55
      39
      53
      44
      39
      56
      42
      48
      42
      59
      44
      31
      38
      43
      43
      41
      48
      44
      43
      47
      35
      41
      38
      65
      45
      50
      40
      52
      54
      46
      46
      44
      62
      45
      34
      50
      47
      41
      50
      33
      44
      42
      43
      55
      41
      52
      39
      51
      50
      57
      51
      58
      50
      36
      46
      52
      48
      44
      42
      46
      49
      43
      37
      48
      49
      44
      43
      38
      38
      43
      36
      35
      50
      37
      44
      35
      55
      41
      47
      50
      38
      46
      41
      45
      50
      56
      43
      46
      42
      45
      41
      48
      36
      39
      34
      52
      45
      41
      44
      55
      39
      44
      41
      63
     100
     129
     172
     192
     162
     138
      96
      83
      55
      40
      36
      32
      41
      30
      33
      44
      44
      38
      42
      33
      49
      53
      44
      43
      48
      46
      35
      38
      42
      42
      39
      41
      23
      41
      28
      43
      41
      40
      43
      31
      36
      38
      44
      44
      35
      29
      34
      41
      50
      36
      41
      33
      36
      43
      37
      43
      26
      43
      34
      42
      53
      35
      41
      49
      64
      98
     128
     187
     219
     222
     168
     110
      77
      48
      36
      28
      25
      34
      45
      36
      40
      35
      35
      26
      36
      36
      37
      31
      42
      32
      44
      47
      43
      35
      29
      35
      45
      31
      34
      36
      29
      38
      40
      36
      34
      23
      31
      39
      27
      30
      30
      29
      38
      32
      30
      27
      36
      38
      36
      31
      27
      29
      37
      25
      34
      30
      29
      27
      38
      32
      26
      32
      30
      37
      37
      37
      22
      30
      36
      27
      40
      36
      34
      35
      30
      32
      36
      30
      39
      28
      26
      28
      26
      36
      38
      38
      35
      34
      28
      31
      46
      30
      34
      37
      36
      23
      42
      41
      36
      27
      29
      33
      24
      36
      33
      32
      28
      30
      34
      29
      35
      19
      23
      28
      29
      31
      30
      38
      34
      34
      30
      33
      27
      33
      26
      23
      41
      53
      42
      43
      52
      43
      38
      36
      28
      46
      37
      42
      36
      39
      34
      32
      46
      26
      33
      32
      42
      21
      43
      33
      28
      39
      27
      27
      21
      29
      33
      28
      28
      34
      32
      26
      34
      34
      33
      33
      28
      27
      18
      26
      29
      31
      34
      32
      24
      36
      31
      39
      35
      34
      37
      33
      26
      34
      29
      34
      30
      18
      24
      28
      28
      40
      30
      31
      38
      24
      34
      30
      27
      29
      32
      23
      28
      26
      39
      33
      27
      29
      29
      24
      30
      35
      31
      34
      28
      29
      25
      34
      30
      39
      35
      25
      39
      35
      25
      38
      22
      32
      39
      35
      30
      40
      30
      37
      29
      32
      28
      37
      32
      34
      39
      25
      24
      29
      26
      38
      29
      40
      30
      27
      29
      28
      29
      33
      30
      25
      31
      24
      26
      31
      35
      46
      28
      33
      25
      25
      24
      22
      21
      22
      31
      27
      23
      29
      27
      34
      32
      26
      32
      25
      25
      33
      34
      35
      28
      31
      37
      32
      36
      34
      35
      55
      60
      58
      46
      45
      28
      28
      26
      24
      27
      25
      23
      25
      28
      20
      22
      25
      13
      27
      27
      29
      33
      26
      31
      24
      29
      21
      24
      32
      24
      21
      23
      27
      34
      21
      23
      21
      29
      30
      26
      26
      22
      23
      20
      30
      28
      30
      22
      25
      21
      29
      19
      23
      20
      32
      29
      25
      23
      25
      21
      23
      23
      15
      20
      29
      30
      20
      16
      25
      27
      22
      34
      18
      24
      28
      27
      25
      25
      21
      26
      25
      25
      23
      25
      28
      23
      23
      20
      33
      22
      28
      22
      30
      35
      39
      59
      93
      89
     108
      87
      62
      41
      47
      48
      52
      47
      29
      38
      26
      16
      18
      24
      34
      23
      33
      28
      18
      30
      30
      19
      31
      17
      22
      21
      22
      30
      44
      62
      77
      54
      46
      40
      35
      32
      24
      31
      26
      29
      29
      21
      25
      26
      24
      26
      22
      31
      29
      30
      28
      27
      25
      26
      19
      29
      24
      24
      19
      25
      23
      26
      23
      16
      26
      27
      22
      28
      29
      25
      31
      43
      32
      30
      41
      21
      23
      24
      25
      16
      20
      18
      17
      16
      23
      22
      11
      20
      31
      30
      37
      26
      25
      22
      22
      20
      16
      20
      26
      28
      26
      26
      21
      13
      26
      24
      16
      19
      21
      12
      32
      27
      25
      40
      48
      68
      52
      48
      43
      35
      21
      28
      25
      21
      18
      19
      22
      17
      12
      22
      22
      25
      30
      22
      26
      25
      16
      18
      17
      24
      27
      29
      14
      20
      28
      27
      20
      25
      20
      25
      22
      16
      24
      19
      20
      15
      37
      19
      17
      23
      18
      22
      14
      24
      17
      22
      25
      17
      18
      19
      22
      21
      25
      26
      26
      27
      20
      24
      23
      25
      13
      21
      25
      17
      20
      19
      27
      26
      24
      24
      17
      15
      20
      20
      29
      19
      20
      28
      25
      13
      27
      26
      16
      22
      32
      18
      42
      52
      49
      71
      63
      58
      37
      17
      24
      21
      19
      22
      17
      20
      24
      19
      21
      20
      37
      19
      18
      29
      25
      21
      25
      20
      21
      28
      27
      33
      36
      36
      27
      19
      19
      19
      16
      26
      22
      19
      11
      17
      24
      20
      15
      14
      23
      26
      25
      20
      14
      31
      20
      19
      25
      21
      35
      25
      19
      21
      21
      19
      26
      16
      18
      19
      24
      17
      15
      24
      13
      29
      19
      21
      18
      21
      19
      29
      12
      26
      15
      22
      16
      18
      28
      20
      13
      26
      25
      23
      20
      20
      25
      20
      18
      16
      14
      19
      18
      22
      22
      15
      25
      20
      19
      18
      19
      28
      13
      23
      21
      19
      23
      19
      16
      16
      23
      14
      27
      21
      16
      19
      16
      26
      21
      16
      18
      21
      16
      20
      19
      18
      31
      21
      24
      12
      22
      28
      17
      18
      18
      19
      17
      25
      19
      11
      16
      19
      25
      20
      19
      23
      30
      48
      80
      84
     136
     117
      82
      52
      39
      22
      15
      23
      14
      15
      30
      20
      22
      23
      20
      17
      15
      18
      24
      21
      19
      17
      16
      11
      16
      26
      17
      19
      12
      20
      21
      11
      15
      22
      20
      20
      16
      11
      22
      14
      20
      10
      21
      17
      19
      23
      18
      16
      12
      22
      18
      14
      15
      27
      21
      23
      24
      30
      33
      27
      19
      23
      18
      18
      15
      16
      18
      19
      30
      18
      16
      14
      17
      21
      18
      10
      16
      26
      11
      19
      14
      19
      21
      21
      30
      28
      15
      19
      18
      25
      18
      19
      24
      21
      20
      27
      23
      20
      28
      19
      15
      13
      15
      22
      21
      17
      20
      22
      24
      29
      11
      12
      24
      12
      27
      13
      14
      14
      31
      26
      10
      19
      17
      14
      18
      21
      18
      18
      20
      24
      20
      25
      30
      39
      35
      24
      25
      21
      23
      34
      25
      42
      55
      57
      74
      75
      56
      41
      30
      15
      14
      13
      15
      16
      13
      18
      14
      24
      25
      19
      16
       8
      24
      15
      20
      20
      22
      24
      14
      13
      14
      15
      18
      18
      12
      22
      15
      23
      16
      14
      21
      11
      16
      11
      20
      12
      11
      12
      22
      12
      20
      18
      22
      15
      17
      10
      16
      23
      22
      20
      13
      16
      22
      13
      16
      21
      16
      20
      19
      18
      12
      11
      15
      17
      15
      11
      20
      15
      18
      22
      12
      14
      21
      22
      17
      16
      25
      18
      23
      16
      18
      14
       8
      11
      20
      15
      10
      22
      20
      23
      16
      16
      14
      14
      21
      23
      19
      17
      19
       9
      13
      13
      26
      22
      26
       9
      13
      14
      19
      24
      19
      21
      17
      20
      12
      18
      13
      22
      21
      21
      19
      15
       8
      22
      17
      17
      13
      18
      21
       8
      13
      16
      14
      27
      15
      18
      12
      24
      18
      10
      14
      22
      17
      18
      20
      15
      13
      18
      19
      16
      17
      16
      13
      12
      17
      17
      19
      18
      19
      15
      12
      18
      11
      10
      17
      20
      18
      18
      17
      18
      15
      13
      18
      16
      17
      11
      17
      21
      20
      17
      15
      13
      24
      19
      16
      19
      11
      17
      23
      20
      13
      12
      18
      15
      19
      17
      15
      17
      24
      11
      10
      20
      12
      15
      19
      13
      19
      13
      18
      16
      17
      21
      10
      15
      16
      14
      13
      25
      12
       7
      10
      17
      17
      13
      20
      19
      22
      20
      26
      14
      16
      16
      18
      13
      20
      17
      17
      12
      17
      18
      14
      18
      19
       7
      15
      17
      13
      11
      26
      22
      12
      15
       9
      19
      17
      21
      16
      27
      14
      16
      12
      18
      23
      13
      14
      14
      20
      23
      11
      11
      20
      26
      14
      17
       7
      13
      14
      19
      17
      16
      21
      20
      10
      17
      15
      11
      12
      15
      18
      14
      16
      13
      15
      19
      15
      17
      15
      20
      27
      13
      14
      16
      15
      18
      16
      13
      23
      14
      20
      22
      14
      16
      19
      20
      21
      15
      11
      15
      11
      16
      17
      16
      26
      20
      15
      15
      12
      13
      16
      11
      24
      22
      15
      17
      12
       9
      14
      17
      15
      18
      22
      15
      11
      11
      18
       9
      22
      11
      11
      11
      20
      11
      20
      13
      16
      17
      30
      28
      39
      31
      42
      38
      28
      23
      24
      16
      19
      21
      32
      40
      42
      65
      57
      66
      40
      25
      25
      16
      19
      21
      13
      11
      15
      17
      19
      17
      23
      15
      21
      16
      28
      24
       6
      14
      16
      21
      15
      18
      12
      15
      28
      13
      18
      20
      17
      15
      13
      20
      23
      20
      18
       9
      17
      22
      11
      13
      18
      12
      19
      19
      15
      15
      18
      18
      16
      17
      18
      18
      17
      12
      12
      25
      16
      22
      10
      14
      19
      12
      16
      15
      16
      13
      14
      23
      15
      15
      18
      12
      17
      18
      15
      16
      20
      20
      14
      12
      16
      24
      29
      18
      20
      19
      18
      13
      13
      16
      10
      13
      20
      15
      22
      10
      15
      14
      13
      11
      25
      14
      19
      20
      15
      11
      19
      14
      17
      17
      23
      15
      17
      14
      12
      13
      21
      12
      16
      10
      19
      17
      20
      30
      24
      48
      40
      45
      51
      42
      26
      27
      21
      16
      14
      14
      12
      15
      21
      14
      18
      17
      14
      25
      18
      16
      18
       8
      11
       9
      19
      29
      14
      17
      19
      22
      11
      17
      10
      15
      22
      19
      17
      19
      15
      14
      16
      19
      15
      10
      15
      19
      11
      19
      16
      26
      18
      15
      14
      14
      24
      18
      15
      14
      25
      27
      21
      15
      19
      11
      15
      21
      20
      22
      17
      19
      25
      19
      15
      23
      19
      12
      14
      15
      21
      12
      19
      19
      15
      20
      16
      10
      20
      29
      20
      15
      13
      16
      24
      16
      15
      12
      21
      25
      24
       9
      16
      18
      18
      13
      20
      13
      20
      17
      14
      18
      14
      14
      17
      15
      20
      15
      23
      18
      17
      14
      20
      22
      14
      19
      20
      21
      20
      22
      10
      18
      15
      14
      22
      15
      25
      19
      18
      18
      17
      11
      22
      20
      17
      13
      14
      10
      16
      12
      19
      17
      25
      14
      19
      15
      14
      16
      16
      20
      19
      16
      27
      30
      23
      34
      36
      26
      20
      20
      18
      15
      18
      14
       8
      14
       9
      23
      11
      18
       7
      14
      16
      13
      17
       6
      12
       6
      10
      15
      10
      16
      11
      16
       8
       9
       9
      17
      16
      13
      10
      13
      17
       7
      13
       7
       7
      15
      13
      14
       9
      11
      14
      14
       3
       8
       9
       8
      13
      15
      11
      14
      11
      15
       5
      22
      12
       8
       9
      10
       7
      13
      11
      15
      11
       8
      13
      15
      17
      19
       8
      14
      14
      12
      10
      16
      12
       9
       8
       4
       9
      14
      12
      12
      12
       8
      16
      11
       9
       9
       8
      15
       8
       8
       8
      17
       9
       9
       7
      12
       7
      13
      18
      14
      16
      13
      10
       8
      11
      11
      15
      17
       9
       8
      11
      15
       8
       9
       3
      12
       6
      14
      11
      12
       9
      18
       7
       8
       7
      11
      18
       9
       9
       7
      16
       9
      13
       3
       8
      12
      13
       6
      11
      11
       9
      11
       8
      12
      13
       9
      10
      11
       6
      13
       8
      11
      15
      15
      12
       7
       8
       6
      11
      14
       7
       8
      15
      17
       5
      12
      10
      13
      10
      17
       8
      10
       9
      13
       4
      14
      10
       9
       6
      10
       8
       3
       7
       9
      12
       8
       7
       8
       7
      13
      13
       7
       3
       7
      15
      16
       7
      11
       9
       7
       7
      11
       6
      12
       9
       7
       6
       2
      10
      15
      12
       8
       6
       5
      10
      12
       9
       7
       7
       6
       9
       6
      20
      19
      22
      27
      43
      32
      33
      31
       9
       7
       6
      10
       7
       6
       9
      10
      10
       8
       9
       7
       8
       9
       7
       9
       6
       3
       9
       5
       5
       3
      12
       8
       6
       7
       6
       4
       9
       7
       8
      10
      14
       3
       4
      14
       5
       5
       5
       5
       5
       7
      10
       5
      13
      10
       8
       5
       2
       4
       3
       7
       4
       7
      10
      10
       5
       4
       9
       2
       3
       4
       7
       8
       6
       5
      10
       5
       3
      13
       5
       8
       5
      16
       3
       9
       8
       7
       4
       2
       5
      10
       5
       4
       7
       8
       9
       8
      10
      12
       2
       4
       6
       6
       9
       7
       3
      10
       5
       8
       6
       8
       5
       8
       8
       5
      11
      11
      16
      15
      12
      14
       9
       4
       7
       6
       5
       7
       8
       9
       1
       5
       9
       6
       5
       8
       7
       9
       6
      11
       6
       5
       4
       6
       2
       3
       8
       6
       9
      10
       5
       7
       6
       5
       6
       3
       8
       4
      13
      12
       5
       9
       4
       3
       5
       4
       6
      10
       7
       6
       6
       6
       6
       8
       7
       5
       5
       8
      11
      11
       9
       7
       5
       4
       6
       0
       3
       6
       7
       6
       6
       5
      12
      14
       8
      15
      13
       3
      10
       5
       6
       5
       4
       6
       1
       2
       5
       4
       2
       2
       4
       1
       5
       6
       6
       3
       6
       4
       4
       5
       8
       3
       3
       5
       7
       6
       9
       5
       5
       1
       5
       7
       8
       5
       7
      11
       9
       6
       6
       4
       4
       4
       8
       2
       4
       3
       6
       6
       7
       1
       7
      13
       5
       8
       6
       2
       5
       6
       5
       6
       7
       5
       6
       3
       6
       3
       8
       7
      10
       6
       1
       4
       3
       6
       5
       2
       6
       6
       6
       2
       3
       9
       5
       6
       5
       4
       3
       3
       3
       2
       2
       4
       6
       3
       3
       5
       8
       4
       1
       7
       5
       5
       9
       3
       6
       8
       5
       7
       4
       4
       5
       4
       5
       8
       6
       6
       6
      10
      14
      15
      24
      52
     134
     212
     312
     403
     443
     380
     302
     210
     111
      43
      18
       9
       2
       4
       1
      11
       6
       1
       3
       4
       5
       0
       1
       3
       3
       3
       2
       1
       3
       1
       1
       3
       2
       2
       2
       3
       3
       3
       4
       8
       4
       8
       1
       7
       6
       6
       8
       6
       3
       1
       2
       3
       6
       4
       3
       5
       1
       2
       2
       2
       3
       2
       3
       2
       4
       6
       7
       3
       6
       2
       3
       8
       4
       4
       9
       1
       4
       1
       5
       1
       2
       4
       2
       3
       3
       3
       3
       3
       3
       4
       6
       5
       9
       5
       4
       6
       3
       6
       1
       1
       3
       2
       7
       9
       4
       4
       4
       6
       8
       4
       1
       8
       6
       2
       5
       3
       4
       7
       2
       3
       8
       4
       5
       8
       7
       9
       6
       7
       3
      10
       3
       5
       0
       6
       7
       2
       4
       2
       4
       5
       4
       2
       4
       4
       2
       7
       2
       0
       3
       3
       4
       1
       4
       3
       4
       3
       1
       4
       7
       2
       1
       2
       3
       5
       3
       5
       3
       1
       7
       3
       4
       4
       6
       1
       0
       4
       1
       1
       2
       1
       5
       3
       1
       4
       1
       3
       2
       2
       5
       4
       5
       6
       5
       4
       5
       4
       5
       4
       6
       1
       4
       1
       6
       2
       5
       4
       3
       3
       7
       1
       1
       3
       1
       2
       5
       3
       2
       4
       1
       3
       2
       6
       5
       3
       2
       3
       3
       3
       2
       2
       2
       6
       1
       7
       5
       2
       2
       2
       4
       4
       4
       0
       5
       3
       4
       2
       7
       5
       4
       5
       4
       6
       5
       2
       5
       3
       3
       4
       1
       4
       2
       4
       1
       4
       1
       1
       2
       5
       3
       5
       1
       6
       1
       3
       2
       2
       3
       1
       0
       2
       5
       3
       5
       4
       1
       3
       5
       2
       5
       5
       2
       1
       1
       0
       3
       2
       2
       3
       5
       2
       3
       8
       3
       8
       4
       5
       2
       3
       5
       3
       5
       3
       8
       2
       2
       1
       4
       1
       6
       8
       9
      15
       9
       1
       7
       3
       5
       7
      10
       6
       6
      18
      23
      20
      13
      10
      12
       6
       5
       5
       4
       6
       2
       3
       2
       4
       1
       7
       1
       3
       2
       4
       3
       2
       7
       2
       4
       7
       4
       1
       1
       2
       2
       2
       3
       4
       4
       0
       5
       0
       3
       3
       4
       5
       3
       2
       2
       3
       1
       3
       4
       5
       2
       4
       1
       3
       6
       0
       2
       3
       1
       2
       2
       3
       1
       4
       2
       1
       5
       2
       8
       5
       5
       9
       9
       4
       3
       5
       7
       3
       1
       2
       1
       3
       3
       6
       2
       5
       3
       1
       2
       2
       1
       3
       2
       4
       4
       6
       4
       6
       5
       2
       2
       4
       4
       1
       2
       5
       0
       3
       5
       2
       5
       3
       1
       2
       5
       5
       5
       1
       2
       3
       3
       2
       3
       1
       3
       4
       0
       2
       1
       2
       1
       2
       2
       3
       1
       3
       8
       2
       3
       1
       4
       1
       3
       2
       3
       4
       1
       3
       5
       3
       2
       0
       5
       3
       6
       2
       4
       2
       1
       3
       0
       2
       2
       1
       4
       2
       2
       3
       4
       5
       4
       5
       5
       5
       0
       5
       3
       2
       2
       1
       1
       2
       2
       2
       4
       1
       1
       4
       1
       1
       2
       3
       2
       3
       1
       2
       1
       4
       2
       3
       1
       2
       0
       1
       2
       2
       1
       3
       1
       4
       0
       0
       2
       2
       2
       1
       4
       1
       1
       3
       4
       2
       0
       1
       3
       2
       2
       4
       7
       4
       4
       2
       1
       0
       0
       2
       5
       1
       4
       4
       6
       3
       0
       4
       4
       2
       1
       3
       4
       0
       5
       2
       3
       1
       4
       1
       2
       1
       3
       3
       1
       1
       5
       1
       1
       1
       2
       1
       1
       2
       3
       4
       2
       4
       3
       4
       0
       2
       3
       2
       1
       2
       3
       2
       0
       3
       1
       0
       2
       2
       1
       1
       3
       2
       3
       1
       3
       2
       1
       1
       3
       2
       3
       2
       1
       2
       1
       3
       2
       2
       2
       2
       2
       3
       0
       2
       1
       6
       0
       2
       4
       5
       2
       2
       0
       0
       4
       2
       3
       4
       4
       0
       0
       2
       2
       1
       3
       7
       3
       9
       8
      10
      10
      11
       6
      10
       3
       1
       3
       0
       0
       0
       3
       0
       3
       1
       2
       4
       0
       1
       2
       2
       4
       1
       1
       1
       1
       0
       2
       4
       4
       3
       3
       4
       2
       1
       0
       2
       2
       2
       3
       4
       3
       1
       5
       2
       2
       3
       1
       0
       1
       2
       2
       2
       1
       2
       3
       2
       2
       5
       3
       0
       1
       2
       1
       1
       0
       0
       0
       1
       0
       1
       4
       1
       1
       2
       2
       5
       1
       2
       3
       2
       3
       8
       8
      12
      17
      34
      24
      37
      31
      23
      21
      12
      10
       1
       2
       0
       4
       0
       1
       0
       1
       3
       1
       2
       4
       2
       1
       2
       0
       2
       0
       1
       1
       3
       2
       4
       5
       3
       2
       0
       1
       0
       4
       2
       2
       2
       0
       1
       2
       1
       4
       1
       2
       1
       1
       2
       0
       2
       3
       2
       3
       3
       1
       2
       3
       5
       2
       0
       1
       1
       4
       3
       2
       3
       1
       5
       1
       1
       1
       3
       1
       2
       0
       2
       3
       2
       1
       3
       2
       1
       4
       3
       1
       3
       3
       1
       2
       0
       3
       1
       1
       2
       2
       2
       1
       2
       2
       3
       1
       3
       1
       1
       4
       1
       1
       1
       1
       0
       1
       1
       1
       0
       2
       1
       4
       4
       2
       1
       2
       0
       3
       3
       2
       2
       1
       2
       0
       1
       0
       2
       3
       0
       2
       4
       2
       2
       0
       1
       0
       2
       0
       0
       4
       0
       2
       2
       3
       6
       0
       2
       1
       4
       0
       1
       0
       0
       1
       0
       3
       0
       2
       2
       1
       4
       2
       3
       0
       0
       1
       3
       1
       2
       2
       2
       2
       1
       1
       3
       1
       2
       1
       4
       1
       5
       1
       3
       3
       0
       3
       3
       1
       0
       4
       0
       3
       2
       1
       3
       0
       4
       3
       8
       6
       9
       7
       4
       3
       2
       1
       4
       4
       1
       2
       3
       2
       2
       2
       4
       1
       2
       4
       3
       3
       2
       2
       2
       0
       1
       5
       2
       3
       1
       3
       4
       0
       2
       4
       0
       2
       1
       0
       5
       2
       1
       0
       0
       2
       2
       1
       3
       2
       1
       1
       0
       0
       4
       3
       4
       1
       1
       1
       1
       1
       1
       2
       5
       2
       3
       1
       0
       5
       1
       3
       1
       2
       0
       2
       3
       1
       0
       1
       0
       2
       1
       1
       2
       1
       2
       0
       1
       0
       3
       0
       1
       3
       2
       2
       2
       2
       0
       1
       2
       0
       2
       1
       2
       5
       0
       1
       2
       2
       4
       4
       2
       3
       1
       2
       1
       2
       0
       3
       2
       1
       3
       4
       1
       2
       2
       2
       1
       2
       2
       3
       1
       0
       0
       5
       1
       1
       1
       1
       1
       3
       3
       0
       0
       3
       1
       3
       4
       0
       1
       2
       4
       2
       1
       2
       2
       2
       2
       4
       0
       2
       1
       1
       0
       3
       2
       2
       4
       6
       2
       1
       1
       3
       2
       4
       2
       1
       2
       2
       2
       3
       4
       2
       1
       2
       2
       2
       2
       3
       1
       3
       2
       2
       1
       2
       0
       2
       3
       0
       1
       3
       1
       6
       1
       1
       1
       2
       1
       2
       2
       5
       2
       1
       0
       2
       2
       4
       0
       3
       0
       2
       0
       4
       0
       1
       1
       2
       1
       3
       1
       2
       1
       0
       0
       1
       4
       3
       0
       2
       3
       0
       2
       1
       2
       2
       1
       2
       4
       2
       2
       5
       2
       0
       2
       3
       2
       1
       2
       2
       1
       2
       2
       3
       3
       2
       4
       4
       3
       2
       4
       2
       2
       0
       1
       2
       2
       1
       1
       2
       1
       0
       2
       0
       2
       2
       1
       3
       2
       2
       1
       2
       0
       1
       3
       2
       1
       1
       2
       3
       2
       3
       2
       3
       0
       2
       2
       0
       4
       3
       1
       2
       3
       1
       4
       0
       5
       1
       3
       2
       0
       2
       1
       0
       5
       0
       2
       2
       0
       3
       3
       1
       1
       2
       2
       1
       6
       2
       2
       1
       3
       2
       2
       2
       2
       3
       1
       0
       1
       1
       2
       2
       5
       1
       4
       2
       0
       3
       2
       1
       4
       2
       2
       1
       1
       3
       1
       1
       0
       1
       1
       1
       1
       1
       2
       1
       1
       2
       0
       2
       0
       2
       6
       1
       2
       1
       1
       0
       2
       0
       0
       2
       0
       2
       0
       5
       1
       2
       0
       1
       4
       2
       1
       3
       0
       0
       0
       3
       1
       2
       0
       1
       2
       2
       2
       2
       1
       1
       0
       1
       1
       1
       0
       1
       0
       2
       2
       1
       1
       2
       1
       2
       2
       1
       2
       4
       1
       2
       0
       2
       1
       0
       1
       2
       3
       0
       2
       1
       2
       2
       0
       0
       1
       2
       1
       0
       1
       0
       2
       1
       3
       2
       2
       2
       1
       2
       3
       0
       0
       3
       2
       3
       5
       0
       1
       0
       1
       2
       1
       1
       0
       2
       3
       1
       2
       1
       1
       3
       4
       2
       2
       4
       0
       3
       1
       0
       3
       3
       1
       0
       1
       5
       1
       0
       1
       2
       0
       1
       1
       3
       1
       1
       1
       0
       1
       3
       1
       2
       0
       3
       4
       2
       1
       3
       2
       2
       2
       1
       2
       0
       0
       2
       1
       4
       0
       1
       5
       1
       0
       3
       2
       1
       4
       0
       1
       1
       4
       0
       5
       1
       1
       2
       3
       2
       2
       0
       1
       0
       1
       1
       2
       0
       1
       1
       1
       0
       0
       3
       3
       2
       0
       1
       1
       2
       5
       1
       1
       2
       2
       2
       2
       2
       2
       0
       4
       2
       0
       5
       4
       1
       0
       2
       0
       0
       0
       2
       1
       1
       3
       2
       1
       1
       1
       4
       0
       2
       5
       0
       0
       1
       4
       1
       5
       0
       2
       0
       0
       0
       0
       1
       1
       3
       1
       1
       1
       4
       1
       0
       3
       2
       3
       4
       1
       4
       3
       7
       4
       7
       9
       8
       6
      11
      13
       8
       2
       4
       8
       2
       1
       1
       2
       2
       1
       0
       2
       2
       1
       4
       1
       0
       5
       0
       0
       4
       3
       3
       2
       3
       1
       1
       2
       0
       1
       1
       1
       3
       8
       2
       3
       2
       3
       3
       1
       2
       3
       1
       1
       0
       4
       0
       2
       1
       3
       1
       4
       3
       0
       1
       2
       1
       0
       3
       1
       4
       1
       1
       2
       0
       4
       3
       1
       3
       1
       0
       1
       4
       2
       1
       3
       2
       2
       1
       1
       1
       0
       2
       3
       1
       3
       3
       1
       2
       0
       0
       2
       1
       1
       0
       1
       4
       1
       1
       2
       1
       2
       2
       1
       0
       0
       4
       3
       3
       4
       0
       0
       1
       1
       3
       3
       0
       1
       0
       1
       1
       1
       3
       1
       2
       0
       1
       1
       2
       2
       2
       2
       1
       3
       2
       1
       1
       4
       2
       1
       3
       1
       1
       1
       3
       3
       2
       1
       6
       0
       0
       4
       4
       0
       3
       3
       2
       0
       1
       0
       1
       1
       1
       0
       2
       1
       1
       1
       3
       2
       3
       1
       1
       2
       4
       1
       0
       0
       3
       2
       0
       4
       1
       2
       1
       2
       2
       2
       0
       1
       0
       2
       3
       2
       2
       4
       0
       2
       3
       2
       0
       5
       2
       0
       0
       1
       1
       1
       3
       3
       3
       2
       3
       1
       2
       3
       3
       4
       2
       0
       0
       0
       0
       1
       0
       2
       1
       3
       2
       7
       2
       1
       1
       0
       1
       1
       1
       1
       4
       1
       0
       3
       4
       3
       6
       7
       8
      14
      14
       5
      10
       5
       3
       3
       3
       3
       1
       1
       1
       3
       2
       1
       2
       1
       2
       1
       5
       0
       1
       0
       1
       2
       1
       3
       1
       2
       2
       0
       0
       2
       2
       2
       3
       3
       1
       1
       1
       0
       1
       1
       1
       2
       2
       1
       3
       3
       1
       1
       0
       3
       2
       0
       1
       0
       2
       2
       2
       1
       0
       1
       4
       3
       3
       2
       1
       2
       4
       2
       0
       1
       0
       0
       2
       1
       3
       2
       1
       2
       5
       2
       4
       2
       2
       0
       3
       1
       0
       6
       0
       2
       4
       3
       1
       0
       2
       1
       2
       3
       2
       0
       3
       1
       4
       3
       4
       3
       4
       0
       1
       0
       2
       0
       2
       2
       1
       4
       0
       0
       2
       2
       2
       2
       2
       3
       1
       2
       3
       1
       2
       0
       3
       2
       1
       5
       2
       1
       1
       4
       3
       3
       0
       2
       3
       4
       1
       1
       2
       2
       2
       1
       3
       3
       1
       0
       3
       1
       3
       1
       0
       0
       1
       2
       1
       1
       1
       2
       0
       1
       1
       0
       0
       1
       1
       0
       1
       0
       2
       5
       1
       2
       4
       3
       2
       4
       3
       1
       0
       0
       0
       3
       2
       1
       1
       1
       2
       2
       3
       1
       2
       1
       0
       2
       1
       1
       1
       1
       3
       1
       3
       1
       4
       2
       3
       3
       3
       3
       1
       5
       2
       3
       4
       1
       1
       2
       1
       1
       2
       3
       1
       3
       1
       2
       2
       1
       4
       2
       2
       5
       0
       1
       2
       2
       1
       1
       2
       1
       3
       2
       3
       1
       4
       3
       4
       4
       1
       2
       3
       2
       4
       3
       1
       6
       3
       3
       0
       4
       4
       1
       0
       3
       1
       2
       4
       0
       5
       5
       0
       0
       2
       0
       1
       4
       1
       2
       4
       0
       1
       2
       1
       1
       2
       0
       5
       2
       1
       2
       4
       4
       0
       1
       0
       0
       2
       0
       2
       1
       2
       2
       1
       1
       2
       0
       4
       3
       1
       1
       1
       1
       2
       1
       3
       3
       4
       0
       0
       4
       1
       2
       1
       2
       2
       6
       3
       1
       1
       3
       4
       3
       2
       5
       1
       1
       2
       2
       3
       2
       1
       1
       1
       6
       1
       1
       4
       3
       0
       1
       3
       1
       0
       3
       1
       4
       4
       0
       0
       3
       2
       0
       2
       4
       1
       2
       2
       3
       3
       2
       2
       3
       4
       5
       2
       3
       1
       1
       1
       3
       1
       1
       0
       0
       3
       3
       0
       2
       1
       3
       2
       2
       3
       2
       1
       2
       0
       5
       4
       1
       4
       2
       0
       1
       0
       3
       2
       3
       2
       2
       2
       4
       1
       2
       4
       0
       2
       4
       0
       0
       1
       0
       0
       3
       1
       2
       1
       2
       0
       0
       3
       0
       1
       3
       3
       3
       0
       0
       2
       3
       0
       0
       2
       2
       0
       4
       3
       3
       1
       2
       4
       3
       2
       0
       2
       3
       2
       3
       1
       1
       2
       0
       3
       0
       2
       3
       1
       2
       1
       0
       1
       1
       1
       3
       2
       1
       0
       0
       2
       2
       3
       0
       1
       0
       2
       1
       0
       1
       2
       1
       0
       3
       2
       1
       2
       0
       2
       1
       1
       1
       2
       2
       2
       1
       3
       1
       1
       2
       0
       1
       1
       0
       1
       0
       1
       2
       1
       0
       0
       0
       0
       4
       1
       1
       4
       2
       1
       3
       4
       0
       1
       3
       0
       1
       2
       2
       1
       0
       0
       1
       1
       0
       1
       0
       2
       0
       4
       2
       1
       1
       0
       0
       1
       0
       0
       0
       0
       3
       1
       1
       2
       1
       0
       2
       1
       1
       4
       1
       1
       1
       1
       1
       2
       1
       1
       2
       2
       1
       1
       1
       1
       0
       0
       1
       1
       0
       2
       0
       1
       1
       0
       1
       0
       1
       1
       0
       2
       4
       1
       4
       2
       5
       3
       2
       1
       2
       3
       1
       1
       1
       1
       0
       2
       1
       0
       0
       0
       1
       0
       2
       1
       0
       0
       2
       0
       1
       1
       2
       2
       1
       0
       1
       0
       0
       1
       1
       1
       0
       2
       3
       3
       0
       1
       0
       1
       0
       0
       0
       0
       1
       1
       1
       0
       1
       1
       2
       1
       1
       1
       1
       2
       1
       0
       1
       0
       0
       3
       0
       1
       0
       1
       1
       0
       1
       0
       0
       1
       1
       1
       1
       0
       2
       0
       2
       2
       0
       1
       0
       0
       1
       4
       0
       1
       1
       0
       0
       0
       1
       0
       1
       2
       0
       1
       2
       0
       1
       0
       1
       0
       1
       1
       0
       1
       0
       1
       0
       1
       2
       0
       1
       0
       0
       0
       0
       0
       1
       0
       0
       1
       0
       0
       0
       1
       0
       0
       1
       0
       0
       0
       0
       0
       0
       0
       2
       0
       1
       1
       0
       0
       1
       1
       0
       0
       1
       0
       1
       0
       1
       0
       0
       0
       0
       0
       0
       1
       0
       0
       0
       1
       0
       0
       0
       1
       1
       1
       0
       0
       0
       2
       1
       0
       0
       0
       0
       1
       0
       0
       2
       0
       0
       1
       0
       0
       1
       2
       0
       0
       0
       0
       0
       0
       0
       0
       0
       0
       0
       0
       1
       0
       0
       0
       0
       0
       0
       0
       0
       1
       0
       0
       1
       0
       0
       0
       0
       1
       1
       0
       1
       0
       0
       1
       1
       0
       0
       1
       1
       0
       0
       0
       0
       1
       1
       0
       0
       0
       0
       0
       0
       0
       0
       0
       0
       2
       0
       0
       0
       2
       0
       1
       0
       0
       0
       0
       0
       0
       1
       1
       0
       0
       0
       0
       1
       0
       0
       0
       1
       0
       0
       2
       0
       0
       0
       0
       0
       0
       1
       1
       0
       0
       0
       0
       0
       0
       0
       1
       1
       0
       0
       0
       1
       0
       0
       0
       0
       0
       2
       0
       0
       1
       0
       0
       0
       0
       1
       0
       1
       1
       0
       0
       0
       0
       0
       0
       0
       0
       1
       1
       0
       1
       1
       0
       1
       0
       0
       0
       0
       1
       0
       0
       0
       1
       1
       0
       1
       0
       1
       1
       1
       0
       1
       0
       0
       0
       0
       0
       1
       1
       0
       1
       0
       0
       0
       0
       1
       1
       0
       1
       0
       0
       0
       0
       0
       1
       0
       1
       0
       0
       0
       0
       0
       0
       0
       0
       0
       0
       0
       0
       0
       0
       0
       0
       0
       0
       0
       0
       0
       0
       0
       0
       0
       0
       0
       0
       0
       0
       0
       2
       3
       6
       4
      22
      24
      37
      40
      74
      62
      70
      48
      35
      29
      17
      11
       2
       1
       1
       0
       0
       0
       0
       0
       0
       0
       0
       0
       0
       0
       1
       1
       0
       0
       0
       0
       0
       0
       0
       0
       0
       0
       0
       0
       0
       0
       0
       0
       0
       0
       0
       0
       0
       0
       0
       0
       0
       0
       0
       0
       0
       0
       0
       0
       1
       0
       0
       0
       0
       0
       0
       0
       0
       0
       0
       0
       1
       0
       0
       0
       0
       0
       0
       0
       0
       1
       0
       0
       0
       1
       0
       0
       0
       0
       0
       0
       0
       0
       1
       0
       0
       0
       0
       0
       0
       0
       0
       1
       0
       0
       0
       0
       0
       0
       0
       0
       0
       0
       0
       0
       0
       0
       0
       0
       0
       0
       0
       0
       1
       0
       0
       0
       0
       0
       0
       0
       0
       0
       0
       0
       0
       0
       0
       0
       0
       0
       0
       0
       0
       0
       0
       0
       0
       0
       0
       0
       0
       0
       0
       0
       0
       0
       0
       0
       0
       0
       0
       0
       0
       0
       0
       0
       0
       0
       0
       0
       0
       0
       0
       0
       1
       0
       0
       0
       0
       0
       0
       0
       0
       0
       0
       0
       0
       0
       0
       0
       0
       0
       0
       0
       0
       0
       0
       0
       0
       0
       0
       0
       0
       0
       0
       0
       0
       0
       0
       0
       0
       0
       0
       0
       0
       0
       0
       0
       0
       0
       0
       0
       0
       0
       0
       0
       0
       0
       0
       0
       0
       0
       0
       0
       0
       0
       0
       0
       1
       0
       0
       0
       0
       0
       0
       0
       0
       0
       0
       0
       0
       0
       0
       0
       0
       0
       0
       1
       0
       0
       0
       0
       1
       0
       0
       1
       0
       0
       0
       0
       0
       0
       0
       0
       0
       0
       0
       0
       0
       1
       0
       0
       0
       0
       0
       0
       0
       0
       0
       0
       0
       0
       0
       0
       0
       0
       0
       0
       0
       0
       0
       0
       0
       0
       0
       0
       0
       0
       0
       0
       0
       0
       0
       0
       0
       0
       0
       0
       0
       0
       0
       0
       0
       0
       0
       0
       0
       0
       0
       0
       0
       0
       0
       0
       0
       0
       0
       0
       0
       0
       1
       0
       0
       0
       0
       0
       0
       0
       0
       0
       0
       0
       0
       1
       0
       0
       0
       0
       0
       0
       0
       1
       0
       0
       0
       0
       0
       0
       0
       0
       0
       0
       0
       1
       0
       0
       0
       0
       0
       0
       0
       1
       1
       0
       0
       0
       0
       0
       1
       0
       0
       0
       0
       0
       0
       0
       0
       0
       0
       0
       0
       0
       0
       0
       0
       0
       0
       0
       1
       0
       0
       0
       0
       0
       0
       1
       0
       0
       0
       0
       0
       0
       0
       0
       0
       0
       0
       0
       0
       0
       0
       0
       0
       0
       0
       1
       0
       0
       0
       0
       0
       0
       0
       0
       0
       0
       0
       0
       1
       0
       0
       0
       0
       0
       0
       0
       0
       0
       0
       0
       0
       0
       0
       0
       0
       0
       0
       0
       0
       0
       0
       0
       0
       0
       0
       0
       0
       0
       0
       0
       0
       0
       0
       0
       0
       0
       0
       0
       0
       0
       0
       0
       0
       0
       0
       0
       0
       0
       0
       0
       1
       0
       0
       0
       0
       0
       1
       0
       0
       0
       0
       0
       0
       0
       0
       0
       0
       0
       0
       0
       0
       0
       0
       0
       0
       0
       0
       1
       0
       0
       0
       0
       0
       0
       1
       1
       0
       0
       0
       0
       0
       0
       0
       0
       0
       0
       0
       0
       0
       0
       0
       0
       0
       0
       0
       1
       0
       0
       0
       0
       0
       0
       0
       0
       0
       0
       0
       0
       0
       0
       0
       0
       0
       0
       0
       0
       0
       0
       0
       0
       0
       0
       0
       0
       0
       0
       0
       0
       0
       1
       0
       0
       0
       0
       0
       0
       0
       0
       0
       0
       0
       0
       0
       0
       0
       0
       0
       0
       0
       0
       0
       0
       0
       0
       0
       0
       0
       0
       0
       0
       1
       1
       0
       0
       0
       0
       0
       0
       0
       0
       0
       0
       1
       0
       0
       0
       0
       0
       0
       0
       0
       0
       0
       1
       0
       0
       0
       0
       1
       0
       0
       0
       0
       0
       0
       0
       0
       0
       0
       0
       0
       2
       0
       0
       0
       0
       1
       0
       0
       0
       0
       0
       0
       0
       0
       0
       0
       0
       0
       1
       0
       1
       0
       0
       0
       0
       0
       0
       0
       0
       1
       0
       1
       0
       0
       1
       0
       0
       0
       0
       0
       0
       0
       0
       0
       0
       0
       1
       0
       0
       0
       0
       0
       0
       0
       0
       0
       0
       1
       0
       0
       0
       0
       0
       1
       0
       0
       0
       0
       0
       0
       0
       0
       0
       0
       0
       0
       0
       0
       0
       0
       0
       1
       0
       0
       1
       0
       0
       0
       0
       0
       0
       0
       0
       0
       0
       0
       0
       0
       0
       0
       0
       0
       0
       0
       0
       0
       0
       0
       0
       1
       0
       0
       0
       1
       0
       0
       0
       0
       0
       0
       0
       0
       0
       0
       0
       0
       0
       0
       1
       0
       0
       0
       0
       0
       0
       0
       0
       0
       0
       0
       0
       0
       0
       0
       0
       0
       0
       0
       0
       0
       0
       0
       0
       0
       0
       0
       0
       0
       0
       0
       0
       0
       0
       0
       0
       0
       0
       0
       0
       0
       0
       0
       0
       1
       0
       0
       0
       0
       0
       0
       0
       0
       0
       1
       0
       0
       0
       0
       0
       0
       0
       0
       0
       0
       0
       0
       0
       0
       0
       0
       0
       0
       0
       0
       0
       0
       0
       0
       0
       0
       0
       0
       0
       0
       0
       0
       0
       0
       0
       0
       0
       0
       0
       0
       0
       0
       0
       0
       0
       0
       0
       0
       0
       0
       0
       0
       0
       0
       0
       0
       0
       0
       1
       0
       0
       0
       0
       0
       1
       0
       0
       0
       0
       0
       0
       0
       0
       0
       0
       0
       1
       0
       0
       0
       0
       0
       1
       0
       0
       0
       0
       0
       0
       0
       0
       0
       0
       0
       0
       0
       0
       0
       0
       0
       0
       0
       0
       0
       0
       0
       0
       0
       0
       0
       0
       0
       0
       1
       0
       0
       0
       0
       0
       0
       0
       0
       0
       0
       1
       0
       0
       0
       0
       0
       0
       0
       0
       0
       0
       0
       0
       0
       1
       0
       1
       0
       0
       0
       0
       0
       0
       0
       0
       0
       0
       0
       0
       0
       0
       0
       0
       0
       0
       0
       0
       0
       0
       0
       0
       0
       0
       0
       0
       0
       0
       0
       0
       0
       0
       0
       0
       0
       0
       0
       0
       0
       0
       0
       0
       0
       0
       0
       0
       0
       0
       0
       0
       0
       0
       0
       0
       0
       0
       0
       0
       0
       0
       0
       0
       0
       0
       0
       0
       0
       0
       0
       0
       0
       0
       0
       0
       0
       0
       0
       0
       0
       0
       0
       0
       0
       0
       0
       0
       0
       0
       0
       0
       0
       0
       0
       0
       0
       0
       1
       0
       0
       0
       0
       0
       0
       0
       0
       0
       0
       1
       0
       0
       0
       0
       0
       0
       0
       0
       0
       1
       0
       0
       0
       0
       0
       0
       0
       0
       0
       0
       0
       0
       0
       0
       0
       0
       0
       0
       0
       0
       0
       0
       0
       0
       0
       0
       0
       0
       0
       0
       0
       0
       0
       0
       0
       0
       0
       0
       0
       1
       0
       1
       0
       0
       0
       0
       0
       0
       0
       0
       0
       0
       0
       0
       0
       0
       0
       0
       0
       0
       0
       0
       0
       0
       0
       0
       0
       0
       0
       0
       0
       0
       0
       0
       0
       1
       0
       0
       0
       0
       0
       0
       1
       0
       0
       0
       0
       0
       0
       0
       0
       0
       0
       0
       0
       1
       1
       0
       0
       0
       0
       0
       0
       0
       0
       0
       0
       0
       0
       0
       0
       0
       0
       0
       0
       0
       0
       0
       0
       0
       1
       0
       0
       0
       0
       0
       0
       0
       0
       0
       0
       0
       0
       0
       0
       0
       1
       0
       0
       0
       0
       0
       0
       0
       0
       0
       0
       0
       0
       0
       0
       1
       0
       0
       0
       0
       0
       0
       0
       0
       0
       0
       0
       0
       0
       0
       0
       0
       0
       0
       0
       1
       0
       0
       0
       0
       0
       0
       0
       0
       0
       0
       1
       0
       0
       0
       0
       0
       0
       0
       0
       0
       0
       0
       0
       1
       0
       0
       0
       0
       0
       0
       0
       0
       0
       1
       0
       0
       0
       0
       0
       0
       0
       0
       0
       0
       1
       0
       0
       1
       0
       0
       0
       0
       0
       0
       0
       0
       0
       0
       0
       0
       0
       0
       0
       0
       0
       0
       0
       0
       0
       0
       0
       0
       0
       0
       1
       0
       0
       0
       0
       0
       0
       0
       0
       1
       0
       0
       0
       0
       0
       0
       0
       0
       0
       0
       0
       0
       0
       0
       0
       0
       0
       0
       1
       0
       0
       0
       0
       0
       0
       0
       0
       0
       0
       0
       0
       1
       0
       0
       0
       0
       0
       0
       0
       0
       0
       0
       0
       0
       0
       0
       0
       0
       0
       0
       0
       0
       0
       0
       0
       0
       0
       0
       0
       0
       0
       0
       0
       0
       0
       0
       0
       0
       0
       1
       0
       0
       0
       0
       0
       0
       0
       1
       0
       1
       0
       0
       0
       0
       0
       0
       0
       0
       0
       0
       0
       0
       0
       0
       0
       0
       0
       0
       0
       0
       0
       1
       0
       0
       0
       0
       0
       0
       0
       0
       0
       0
       0
       0
       0
       0
       0
       0
       0
       0
       0
       0
       0
       0
       0
       0
       0
       0
       0
       0
       0
       0
       1
       0
       0
       0
       0
       1
       0
       0
       0
       0
       0
       0
       0
       0
       0
       0
       0
       0
       1
       0
       0
       0
       0
       0
       1
       0
       0
       0
       0
       0
       0
       0
       0
       0
       0
       0
       0
       1
       0
       0
       0
       0
       0
       0
       0
       0
       0
       0
       0
       0
       0
       0
       0
       0
       0
       0
       0
       0
       0
       0
       0
       0
       0
       0
       0
       0
       0
       0
       0
       0
       0
       0
       0
       0
       0
       0
       0
       0
       0
       0
       0
       0
       0
       0
       0
       0
       0
       0
       0
       0
       0
       0
       0
       0
       0
       0
       0
       0
       0
       0
       0
       0
       0
       0
       0
       0
       0
       0
       0
       0
       0
       0
       0
       0
       0
       0
       0
       0
       0
       0
       0
       0
       0
       0
       0
       0
       0
       0
       0
       0
       0
       0
       0
       0
       0
       0
       0
       0
       0
       0
       0
       0
       0
       0
       0
       0
       0
       0
       0
       0
       0
       0
       0
       0
       0
       0
       0
       0
       0
       0
       0
       0
       0
       0
       0
       0
       0
       0
       0
       0
       0
       0
       0
       0
       0
       0
       0
       0
       0
       0
       0
       0
       0
$ROI:
0
$PRESETS:
Real Time
3600
0
$ENER_FIT:
8.931054 0.240803
$MCA_CAL:
3
8.931054E+000 2.408025E-001 6.157388E-008 keV
$SHAPE_CAL:
3
9.658150E+000 -1.618950E-003 2.758845E-007
