$SPEC_ID:
No sample description was entered.
$SPEC_REM:
DET# 1
DETDESC# EPS-140909 Easy-MCA-8k SN 16175454
AP# Maestro Version 7.01
$DATE_MEA:
02/26/2022 00:43:27
$MEAS_TIM:
3593 3600
$DATA:
0 8191
       0
       0
       0
       0
       0
       0
       0
       0
       0
       0
       0
       0
       0
       0
       0
       0
       0
       0
       0
       0
       0
       0
       0
       0
       0
       0
       0
       0
       0
       0
       0
       0
       0
       0
       0
       0
       0
       0
       0
       6
      13
      38
    1028
    1862
     747
     539
     394
     391
     415
     394
     435
     406
     403
     356
     364
     333
     362
     399
     402
     424
     481
     430
     442
     402
     360
     349
     336
     328
     372
     353
     336
     358
     321
     328
     336
     322
     346
     361
     353
     390
     354
     353
     366
     366
     351
     321
     320
     330
     347
     325
     343
     365
     381
     360
     357
     367
     366
     402
     376
     407
     424
     408
     437
     462
     444
     464
     482
     504
     512
     510
     538
     571
     655
     642
     687
     796
     898
     887
     918
     961
     981
    1033
    1003
    1030
    1005
     990
     979
     902
     934
     923
     903
     938
     890
    1046
    1196
    1535
    2061
    2603
    3324
    4045
    4958
    5235
    5336
    5315
    5085
    4316
    3009
    1761
    1293
     993
     926
     945
     872
     962
     931
    1049
    1236
    1540
    1625
    1630
    1668
    1853
    2231
    2340
    2155
    1793
    1536
    1447
    1346
    1297
    1215
    1104
    1022
    1025
    1079
    1048
    1036
    1064
    1103
    1071
    1106
    1119
    1100
    1144
    1134
    1141
    1221
    1247
    1225
    1185
    1195
    1188
    1222
    1310
    1227
    1172
    1113
    1175
    1094
    1078
    1121
    1077
    1056
    1108
    1069
    1073
    1077
    1083
    1132
    1142
    1113
    1111
    1111
    1112
    1106
    1140
    1160
    1149
    1148
    1159
    1143
    1119
    1059
    1047
    1115
    1112
    1090
    1128
    1073
    1130
    1166
    1195
    1338
    1308
    1314
    1244
    1190
    1093
    1070
    1055
    1038
    1074
    1039
    1054
    1052
     972
     992
    1061
    1064
    1019
    1050
    1042
    1005
    1012
    1049
    1016
    1018
     968
     972
    1056
    1033
    1070
    1020
     949
    1014
     961
    1013
     965
     948
     995
     933
     946
     941
     973
     933
     931
     910
     945
     950
     959
     951
     942
     945
     939
     938
     928
     930
     925
     919
     900
     931
     921
     896
     869
     945
     870
     893
     830
     882
     871
     914
     846
     861
     908
     857
     875
     809
     824
     826
     836
     790
     815
     851
     808
     819
     824
     777
     867
     823
     814
     831
     818
     819
     801
     808
     843
     776
     800
     748
     779
     778
     736
     727
     748
     755
     760
     796
     679
     753
     721
     722
     729
     710
     738
     737
     740
     744
     692
     760
     817
     911
     982
     889
     850
     749
     731
     706
     706
     685
     714
     691
     648
     667
     609
     652
     599
     638
     636
     671
     651
     604
     625
     615
     560
     622
     628
     654
     634
     586
     594
     607
     579
     620
     613
     621
     587
     616
     612
     616
     572
     585
     612
     597
     533
     587
     582
     570
     541
     580
     555
     528
     534
     561
     553
     545
     543
     573
     547
     562
     551
     524
     525
     569
     535
     531
     491
     509
     524
     517
     494
     501
     509
     525
     492
     486
     510
     456
     481
     473
     483
     478
     491
     484
     510
     495
     474
     448
     498
     511
     447
     427
     461
     452
     440
     481
     470
     508
     448
     475
     431
     450
     428
     442
     398
     459
     439
     448
     451
     452
     439
     443
     431
     437
     495
     493
     467
     449
     444
     424
     410
     431
     417
     411
     442
     395
     403
     408
     379
     388
     397
     382
     379
     419
     362
     374
     365
     398
     384
     378
     401
     359
     389
     386
     345
     400
     386
     348
     359
     350
     382
     358
     374
     400
     399
     391
     375
     391
     373
     379
     333
     320
     315
     322
     334
     355
     328
     319
     359
     337
     341
     342
     320
     357
     360
     367
     332
     312
     330
     293
     331
     307
     299
     310
     267
     316
     317
     290
     308
     305
     317
     309
     284
     278
     352
     296
     294
     280
     294
     285
     306
     302
     329
     300
     315
     287
     291
     316
     282
     297
     330
     246
     281
     279
     298
     282
     282
     295
     290
     317
     275
     303
     293
     273
     294
     259
     292
     266
     251
     264
     257
     286
     302
     262
     314
     268
     261
     265
     248
     268
     249
     295
     260
     298
     331
     393
     529
     592
     541
     460
     353
     302
     310
     305
     303
     324
     318
     240
     232
     245
     244
     229
     239
     219
     218
     231
     220
     234
     206
     234
     262
     205
     237
     239
     236
     180
     195
     192
     210
     239
     234
     198
     205
     218
     197
     185
     201
     201
     179
     209
     206
     213
     201
     195
     229
     199
     178
     205
     210
     215
     201
     179
     184
     196
     182
     185
     205
     178
     186
     183
     221
     192
     192
     190
     189
     162
     197
     181
     168
     202
     180
     204
     191
     199
     229
     208
     211
     190
     190
     188
     185
     198
     165
     173
     195
     178
     197
     173
     176
     153
     186
     204
     182
     205
     198
     220
     172
     178
     173
     168
     168
     178
     153
     152
     167
     150
     171
     168
     156
     143
     150
     169
     151
     154
     153
     167
     143
     153
     169
     131
     145
     164
     164
     172
     127
     151
     158
     137
     152
     142
     162
     139
     139
     155
     174
     179
     235
     254
     291
     274
     238
     177
     159
     159
     160
     141
     129
     149
     134
     164
     170
     160
     170
     128
     139
     145
     156
     133
     156
     139
     152
     143
     147
     156
     161
     204
     180
     203
     182
     190
     151
     129
     123
     131
     130
     123
     134
     128
     121
     139
     131
     106
     120
     140
     137
     129
     138
     140
     139
     124
     140
     103
     115
     112
     127
     133
     131
     127
     117
     121
     131
     127
     125
     162
     142
     110
     120
     128
     128
     129
     117
     124
     142
     119
     107
     126
     125
     114
     107
     144
     158
     158
     108
     129
     115
     139
     106
     112
     106
     118
     102
     124
     117
     116
     119
     114
     126
     116
     120
     114
     118
      97
     124
     141
     145
     165
     182
     150
     133
     139
      99
     122
     117
     120
     120
     122
     101
     120
     109
     102
      94
     104
      88
      95
     101
     102
      98
      95
     102
      95
      94
     107
      93
     112
     116
     108
     145
     182
     239
     281
     299
     279
     200
     131
     106
     109
     112
      79
     111
      94
      96
      99
      88
     103
      95
      77
      95
      94
      92
      79
     105
      94
      74
      85
     114
      88
      91
      79
      85
      84
      88
      86
      97
      84
      88
      87
      97
      73
      93
      96
      90
      91
     102
      95
      75
      82
      74
      92
      79
      80
     100
      80
      82
      84
      73
      91
      93
      84
      89
      87
     104
      73
      72
      82
      89
      82
      98
     101
      79
      95
      76
      97
      73
      88
      77
      84
      80
      86
      81
      75
      85
      82
     108
      87
      77
      84
      74
      82
      79
      65
      74
      83
      68
      89
      69
      87
      73
      81
      85
      75
      84
      97
      78
      83
      84
      73
      81
      87
      77
      76
      63
      56
      85
      78
      90
      86
      66
      75
      85
      98
      86
      81
      79
      64
      89
      88
      81
      87
      77
      80
      69
      77
      84
      75
      82
      68
      84
      81
      68
      71
      72
      78
      86
      86
     105
      76
      66
      64
      59
      77
      70
      68
      73
      76
      74
      60
      73
      63
      97
      68
      71
      71
      77
      74
      63
      57
      54
      77
      72
      77
      94
      69
      66
      82
      59
      62
      69
      80
      67
      75
      73
      67
      68
      65
      73
      80
      73
      70
      68
      73
      65
      67
      77
      54
      71
      61
      59
      78
      62
      78
      72
      71
      63
      68
      63
      58
      76
      67
      63
      52
      64
      64
      67
      62
      83
      78
      75
      79
      66
      68
      66
      82
      80
      57
      61
      58
      76
      73
      78
      68
      68
      66
      55
      51
      74
      63
      49
      66
      68
      63
      63
      68
      81
      69
      47
      65
      53
      60
      67
      72
      65
      79
      56
      60
      61
      68
      62
      55
      62
      64
      55
      69
      65
      77
      56
      58
      84
      59
      53
      63
      66
      72
      64
      67
      74
      73
      89
      69
      63
      73
      63
      56
      64
      55
      52
      65
      55
      68
      66
      49
      63
      59
      46
      53
      60
      71
      67
      72
      58
      56
      50
      55
      56
      63
      57
      54
      62
      64
      53
      64
      41
      66
      46
      44
      62
      61
      42
      60
      59
      57
      56
      61
      54
      54
      67
      44
      49
      53
      53
      45
      50
      52
      59
      54
      58
      55
      62
      62
      60
      50
      55
      59
      56
      45
      50
      37
      51
      49
      56
      49
      56
      51
      51
      43
      47
      45
      53
      64
      55
      47
      56
      62
      49
      64
      47
      47
      59
      67
      48
      70
      42
      48
      55
      58
      59
      66
      54
      48
      57
      46
      66
      57
      60
      53
      52
      41
      44
      65
      60
      57
      73
      82
      78
     109
     127
     164
     149
     135
     132
      91
      90
      85
      52
      53
      50
      40
      61
      53
      57
      51
      33
      58
      44
      44
      42
      43
      48
      69
      55
      58
      40
      51
      50
      47
      55
      47
      53
      38
      55
      53
      53
      47
      47
      47
      62
      47
      51
      45
      48
      56
      48
      53
      50
      51
      33
      58
      52
      62
      59
      37
      48
      51
      38
      50
      46
      48
      52
      46
      53
      48
      52
      36
      55
      65
      50
      56
      53
      49
      47
      47
      42
      40
      45
      58
      56
      42
      47
      54
      54
      49
      35
      40
      46
      53
      52
      48
      40
      45
      51
      48
      63
      54
      51
      40
      46
      45
      42
      51
      41
      48
      39
      56
      41
      55
      41
      68
      55
      46
      37
      44
      47
      43
      33
      47
      65
      48
      63
      49
      49
      46
      52
      45
      44
      41
      46
      47
      48
      60
      44
      60
      48
      62
      49
      50
      42
      48
      39
      28
      41
      57
      47
      58
      49
      54
      70
      50
      44
      44
      37
      51
      53
      49
      32
      52
      37
      37
      47
      51
      40
      54
      40
      36
      43
      34
      46
      42
      46
      55
      64
      63
      52
      54
      56
      85
     129
     155
     155
     186
     145
      86
      75
      55
      45
      36
      49
      47
      34
      37
      38
      32
      45
      35
      40
      30
      46
      38
      33
      47
      37
      40
      44
      45
      45
      49
      40
      46
      43
      38
      38
      44
      36
      38
      38
      38
      38
      36
      42
      38
      49
      44
      41
      34
      36
      44
      45
      56
      46
      29
      45
      46
      41
      36
      45
      47
      37
      46
      47
      57
      92
     175
     179
     212
     227
     192
     126
      79
      69
      44
      37
      44
      47
      34
      36
      33
      46
      32
      36
      34
      27
      33
      30
      39
      40
      44
      38
      40
      36
      37
      33
      29
      42
      36
      33
      33
      43
      27
      34
      37
      36
      43
      41
      35
      32
      40
      31
      46
      29
      29
      34
      42
      34
      34
      34
      45
      42
      23
      44
      37
      36
      25
      33
      31
      42
      27
      43
      38
      37
      29
      29
      46
      26
      43
      31
      40
      42
      35
      39
      32
      32
      33
      27
      35
      39
      33
      33
      35
      33
      39
      39
      37
      49
      33
      34
      37
      23
      28
      31
      46
      33
      41
      32
      30
      35
      35
      36
      37
      39
      31
      28
      37
      33
      33
      34
      26
      35
      36
      36
      54
      32
      35
      23
      33
      34
      26
      37
      40
      43
      36
      34
      33
      47
      48
      40
      38
      39
      44
      39
      39
      37
      37
      38
      44
      43
      32
      42
      29
      30
      37
      36
      22
      44
      27
      39
      38
      27
      37
      43
      37
      39
      22
      31
      35
      26
      20
      35
      28
      21
      27
      29
      32
      29
      39
      32
      19
      39
      36
      32
      29
      38
      33
      29
      30
      25
      34
      26
      32
      38
      34
      40
      29
      43
      31
      32
      26
      36
      20
      28
      29
      27
      20
      30
      27
      36
      30
      35
      30
      25
      29
      32
      35
      30
      29
      35
      38
      40
      35
      35
      23
      31
      33
      34
      25
      41
      26
      35
      31
      28
      41
      37
      27
      44
      46
      39
      60
      67
      64
      53
      50
      30
      47
      32
      38
      24
      36
      24
      25
      31
      35
      29
      31
      23
      32
      32
      28
      27
      34
      42
      29
      27
      37
      25
      37
      25
      20
      26
      25
      32
      15
      30
      28
      30
      32
      26
      21
      27
      29
      19
      23
      26
      17
      31
      27
      33
      28
      21
      28
      27
      29
      30
      25
      25
      28
      36
      53
      53
      62
      59
      41
      37
      40
      27
      35
      32
      33
      24
      20
      34
      27
      29
      26
      21
      18
      30
      31
      16
      25
      30
      25
      32
      34
      22
      28
      25
      21
      25
      34
      22
      25
      28
      29
      26
      27
      33
      29
      31
      26
      34
      35
      27
      30
      30
      19
      23
      27
      21
      21
      17
      29
      31
      19
      23
      20
      28
      24
      22
      23
      20
      31
      32
      26
      22
      34
      34
      30
      25
      25
      30
      27
      29
      19
      30
      21
      25
      14
      30
      21
      22
      21
      25
      30
      21
      15
      19
      21
      31
      39
      33
      45
      43
      93
      91
     109
     143
     111
      93
      65
      51
      38
      56
      47
      38
      30
      16
      18
      27
      29
      34
      37
      41
      24
      28
      23
      23
      27
      25
      20
      24
      24
      26
      39
      40
      70
      60
      76
      54
      35
      39
      32
      33
      28
      22
      37
      28
      31
      31
      25
      27
      36
      18
      25
      28
      32
      21
      20
      23
      23
      20
      27
      26
      21
      21
      18
      37
      19
      20
      13
      17
      20
      24
      23
      22
      32
      39
      31
      51
      45
      24
      33
      36
      26
      26
      18
      19
      12
      25
      32
      30
      25
      33
      26
      28
      23
      24
      22
      15
      27
      25
      24
      27
      22
      28
      29
      28
      29
      27
      17
      22
      27
      28
      18
      29
      26
      22
      20
      26
      46
      36
      47
      53
      52
      46
      41
      26
      29
      24
      25
      19
      27
      21
      19
      27
      20
      24
      22
      12
      25
      20
      21
      17
      31
      26
      23
      24
      19
      21
      29
      23
      33
      24
      19
      29
      20
      20
      21
      23
      25
      24
      23
      17
      28
      25
      22
      29
      25
      25
      19
      20
      20
      17
      23
      18
      18
      23
      24
      28
      32
      30
      34
      29
      22
      24
      24
      25
      22
      24
      26
      37
      21
      36
      21
      22
      22
      22
      22
      26
      25
      24
      21
      30
      20
      31
      16
      22
      26
      25
      22
      24
      44
      48
      56
      74
      83
      85
      78
      48
      32
      25
      25
      34
      29
      24
      16
      22
      30
      16
      17
      15
      12
      22
      17
      11
      14
      22
      15
      25
      17
      36
      45
      38
      32
      23
      25
      22
      31
      20
      20
      14
      26
      25
      25
      27
      22
      23
      25
      21
      22
      22
      16
      24
      30
      24
      41
      35
      56
      66
      54
      44
      33
      28
      31
      18
      15
      25
      18
      24
      21
      27
      20
      18
      20
      18
      11
      21
      17
      22
      23
      18
      17
      19
      21
      19
      19
      17
      23
      15
      27
      24
      18
      30
      25
      19
      15
      21
      26
      20
      20
      20
      21
      26
      38
      12
      19
      16
      18
      24
      22
      14
      17
      22
      24
      27
      15
      27
      22
      14
      22
      25
      18
      23
      23
      28
      22
      20
      16
      20
      25
      25
      16
      15
      18
      28
      19
      31
      30
      21
      26
      26
      22
      27
      28
      22
      23
      33
      13
      18
      28
      22
      24
      19
      23
      31
      54
      75
     121
     102
     113
      74
      60
      50
      35
      14
      21
      13
      16
      21
      19
      23
      19
      21
      16
      27
      20
      17
      17
      22
      21
      16
      12
      22
      14
      21
      31
      10
      25
      18
      11
      17
      14
      15
      17
      27
      24
      27
      20
      31
      14
      21
      20
      20
      12
      17
      28
      17
      20
      27
      21
      12
      19
      15
      26
      32
      25
      28
      24
      18
      26
      21
      25
      20
      20
      16
      17
      14
      13
      20
      17
      19
      19
      11
      15
      18
      10
      18
      16
      24
      19
      27
      17
      20
      22
      22
      16
      24
      21
      15
      22
      27
      33
      23
      16
      21
      25
      29
      37
      24
      20
      15
      23
      18
      18
      14
      18
      13
      15
      19
      14
      20
      11
      22
      15
      21
      20
      14
      14
      17
      18
      21
      18
      18
      21
      22
      12
      16
      21
      31
      28
      34
      35
      37
      35
      24
      20
      15
      25
      26
      35
      67
      72
      78
      71
      53
      44
      35
      31
      18
      16
      18
      19
      16
      12
      21
      15
      21
      11
      20
      13
      16
      18
      14
      17
      20
      16
      12
      21
       8
      13
      16
      24
      13
      22
      13
      25
      21
      19
      20
      17
      10
      15
      16
      17
      10
      16
      13
      16
      21
      20
      24
      11
      23
      18
      14
      19
      22
      15
      15
      17
      19
      19
      21
      15
      13
      12
      20
      14
      22
      19
      23
      15
      23
       8
      27
      13
      24
      20
      25
      16
      16
      28
      27
      26
      18
      16
      28
      15
      21
      12
      16
      17
      19
      14
      14
      10
      18
      15
      14
      19
      18
      18
      13
      17
      10
      14
      11
      15
      17
      18
      23
      13
      15
      20
      14
      19
      18
      10
      11
      17
      17
      14
      16
      19
      21
      15
      14
      19
      13
      13
      14
      13
      15
      15
      17
      18
      16
      20
      17
      15
      14
      19
      19
      18
      23
      10
      10
      13
      18
      17
      16
      13
      18
      11
      15
      16
      15
      13
      13
      19
      16
      18
      19
      17
      10
       8
      17
      16
       9
      16
      11
      18
      23
      16
      14
      16
      15
      25
      16
      14
      20
      15
      17
      19
      13
      14
      18
      17
      17
      15
      26
      15
      10
      10
      17
      11
      20
      20
      14
      17
      15
      15
      16
      17
      14
      13
      10
      20
      20
      15
      26
      15
      18
      20
      17
      23
      15
      23
      16
       6
      22
      21
      19
      18
      14
      23
      17
      10
      12
      10
      20
      18
      13
      20
      25
      19
      15
      19
      16
      19
      10
      17
      13
      11
      15
      20
      18
      19
      19
      20
      24
      20
      17
      15
      16
      21
      24
      17
      18
      22
      18
      21
      18
      18
      28
      20
      16
      19
       9
      16
      14
      17
      13
      14
      24
      17
      17
      19
      14
      20
      16
       9
      12
      16
      18
      14
      20
      18
      23
      20
      12
      19
      13
       8
       8
       9
      17
      12
      21
       9
      24
      12
      18
      14
      17
      15
      16
      22
      21
      21
      21
      18
      24
      12
      14
      27
      15
      17
      10
      15
      18
      25
      21
      19
      14
      16
      16
      17
      13
      16
      20
      26
      17
      16
      18
      16
      20
       9
      13
      14
      17
      11
      17
      23
      17
      14
      21
      11
      18
      23
      19
      12
      20
      16
      14
      15
      13
      16
      12
      13
      21
      20
      19
      21
      24
      31
      34
      43
      38
      31
      27
      20
      17
      22
      22
      21
      25
      33
      60
      63
      57
      47
      36
      27
      24
       9
      15
      23
      12
      15
      18
      19
      13
      15
      19
      10
      15
      16
      15
      18
      13
      14
      21
      20
      13
      11
      13
      23
      18
      16
      18
      15
      14
      16
      11
      14
      17
      16
      15
      19
      15
      18
      16
      10
      19
      19
      11
      19
      19
      18
      18
      21
      18
      12
      14
      18
       9
      18
      15
      11
      12
      17
      17
      14
       9
      15
      17
      13
      33
      10
      17
      10
      13
      21
      27
      23
      17
      13
      19
      14
      16
      24
      18
      22
      20
      14
      14
      21
      17
      17
      17
      17
      16
      19
       8
      15
      16
      17
      12
      13
      14
      15
      18
      19
      19
      10
      28
      14
      14
      16
      17
      19
      15
      23
      14
      14
      12
       7
      13
      16
      22
      15
      14
      23
      20
      16
      15
      28
      27
      45
      34
      40
      34
      30
      26
      37
      15
      16
      14
      11
      15
      20
      22
      14
      12
      18
      11
       9
      16
      19
      14
      18
      17
      17
      20
      14
      14
      16
      19
      10
       8
      15
      12
      15
      28
      14
      21
      14
      24
      15
      14
      15
      14
      12
      22
      14
      18
      17
      21
      14
      12
      10
      19
      15
      18
      13
      16
      21
      12
      21
      21
      15
      12
      25
      17
      24
      16
      18
      17
      18
      23
      20
      17
      18
      21
      19
      15
      14
      10
      17
      20
      16
      14
      16
      18
      31
      18
      18
      14
      30
      20
      22
      13
      19
      19
      17
      14
      18
      21
      23
      20
      19
      23
      21
      26
      21
      15
      14
      19
      21
      16
      19
      12
      13
      15
      20
      23
      20
      13
      21
      17
      20
      15
      10
      17
      19
      17
      16
      16
      18
      12
      21
      26
      23
      13
       8
      15
      23
      17
      17
      20
      10
      23
      16
      17
      13
      17
      18
      13
      17
      20
      17
      20
      17
      16
      19
      20
      19
      14
      22
      31
      36
      38
      35
      34
      31
      20
      22
      23
      16
      16
      22
      14
      13
      21
      14
      10
      20
      12
      22
      17
      20
       9
      14
      14
      13
      20
      21
      15
      11
       9
      16
      10
      24
       7
      18
      13
       8
       9
      10
      18
      11
      15
       7
      18
      11
      13
      11
      10
      14
       9
      13
      17
      11
      11
      13
      13
      13
       9
      16
      13
      15
      11
      15
      11
      12
      19
      16
      12
      14
      11
       8
       7
       9
      15
      12
       8
       9
       7
      15
       6
      11
      14
       9
      12
       9
      18
       5
      11
       5
      17
      11
      17
       9
      11
       8
      14
      11
       6
      15
      16
      11
       8
      10
       7
       7
       8
      11
      17
      14
      14
      14
      15
       8
      11
      13
       8
       6
       9
       7
      11
       6
      15
      12
      10
      13
      19
      21
      10
       9
       7
      15
      12
      19
       5
      15
      13
      11
       7
       6
       9
       9
       6
       5
      12
      12
      10
      11
      14
      11
      16
      12
      11
       8
      11
       7
       7
      11
       8
       6
      10
      12
       8
      11
      14
       9
      15
      11
       9
      10
      11
      13
      10
      10
      10
       7
      19
       6
       8
       9
       9
      14
       9
      14
       4
      13
       8
      10
      11
       8
       9
       8
      11
      10
      10
      10
       7
      10
       5
      10
      10
      10
       6
      10
       5
      12
       7
       6
       5
      12
       7
       8
      11
       7
      10
       9
      13
       7
       6
       6
       4
       9
       8
       5
      13
       8
       7
       7
      12
       8
       6
       9
      10
      12
      19
      18
      24
      33
      38
      34
      40
      21
      15
       7
       5
       8
       5
      13
       5
      10
       2
       5
       6
       7
       9
       9
       8
       4
       4
       9
      10
       6
       8
       7
       9
       9
       6
       6
      10
       6
       5
       8
      12
       4
       5
       2
       7
       7
       6
       7
       6
       3
       7
       4
       7
       7
       7
       9
       4
       5
       6
      10
       5
       7
       3
       4
      10
       6
       6
       7
       7
       8
       7
       3
       5
      10
       6
      10
      13
       6
       6
       6
       5
       6
       7
       9
       8
       6
       3
      10
       8
       5
       8
      14
       7
       3
       8
       8
       8
       4
       7
       6
       3
       5
       1
       7
       3
       7
       5
       4
       4
       5
       4
       4
       8
       4
       7
      12
      14
       8
      15
      17
      19
      13
       7
       8
       8
       4
       4
       2
       6
       4
       7
       8
       5
       6
       2
      15
      10
       6
       7
       5
       6
       5
       3
       8
       4
       3
       4
       3
       5
      10
       6
       5
       5
       4
       9
       1
       8
       8
       5
       4
       6
       5
       5
       1
       4
       5
       4
       8
       7
       5
       7
       2
       4
       3
       4
       4
       6
       6
       6
       3
      11
      11
       9
       5
       7
       5
       6
       2
       3
       4
       8
       9
      10
      11
      14
       9
      10
       7
       6
       5
       3
       4
       8
       6
       5
       2
       4
       6
       3
       5
      13
       5
       5
       9
       7
       8
       5
       6
       2
       5
       3
       4
       2
       2
       4
       5
      10
       4
       7
       4
       4
       4
      11
       3
       5
       4
       5
       5
       6
       5
       7
       1
       5
       4
       5
       8
       8
       3
       6
       3
       4
       7
       5
       2
       3
       5
       4
       4
       4
       6
       5
       9
       6
       4
       7
       6
       7
       6
       5
       6
       7
       4
       5
       7
       4
       8
       9
       7
       4
       8
       4
      10
       3
       6
       5
       6
       7
       5
       6
       4
       6
       8
       5
       5
       4
       7
       3
       3
       3
       5
      11
       9
       4
       5
       8
       5
       8
       8
       5
       7
       4
      10
       8
       5
      13
       4
       5
      12
       7
      17
      36
      56
     119
     185
     288
     366
     423
     388
     292
     204
     122
      58
      23
      17
       4
       5
      11
       3
       2
       5
       4
       7
       3
       5
       2
       3
       8
       5
       3
       3
       3
       4
       2
       3
       5
       5
       5
       3
       1
       2
       3
       2
       7
       3
       2
       6
       2
       3
       1
       5
       5
       2
       6
       5
       4
       6
       4
       5
       3
       7
       5
       1
       5
       4
       6
       3
       2
       4
       2
       5
       6
       5
       3
       4
       4
       4
       1
       2
       1
       4
       4
       8
       4
       4
       3
       4
       1
       5
       7
       5
       5
       4
       2
       5
       5
       2
       2
       1
       6
       3
       5
       5
       5
       2
       7
       3
       1
       5
       7
       2
       6
       3
       7
       2
       5
       0
       4
       2
       7
       8
       6
       3
       5
      10
       6
       7
       5
       8
      15
       1
       6
       3
       4
       1
       7
       2
       2
       1
       1
       2
       2
       3
       7
       0
       5
       3
       2
       5
       5
       1
       2
       1
       4
       1
       3
       1
       4
       5
       5
       2
       3
       2
       3
       5
       3
       3
       6
       3
       4
       4
       4
       4
       1
       1
       4
       3
       2
       1
       4
       1
       2
       3
       3
       3
       5
       2
       2
       2
       4
       2
       1
       4
       2
       5
       1
       3
       3
       2
       3
       5
       3
       6
       4
       9
       2
       0
       1
       6
       0
       1
       3
       2
       1
       1
       1
       2
       2
       3
       4
       3
       2
       2
       4
       2
       6
       7
       3
       3
       3
       1
       5
       2
       3
       2
       5
       8
       1
       1
       3
       4
       2
       3
       1
       2
       4
       4
       2
       5
       4
       2
       3
       2
       3
       1
       4
       5
       1
       2
       2
       0
       1
       4
       3
       5
       6
       5
       2
       1
       2
       2
       2
       2
       4
       2
       3
       3
       2
       6
       4
       2
       3
       3
       3
       5
       1
       3
       7
       2
       2
       0
       2
       2
       3
       4
       4
       1
       2
       2
       3
       0
       3
       1
       2
       5
       7
       4
       6
       3
       4
       4
       1
       4
       1
       5
       1
       1
       4
       4
       2
       1
       5
      12
      10
       9
      12
       9
       6
       4
       4
       4
       6
      16
      12
      20
      15
      12
      14
      10
       9
       6
       5
       4
       4
       1
       0
       4
       3
       4
       2
       3
       4
       1
       6
       5
       2
       1
       0
       1
       1
       4
       4
       1
       2
       3
       6
       5
       1
       1
       4
       4
       4
       0
       3
       1
       2
       3
       3
       7
       5
       2
       2
       3
       3
       1
       5
       1
       2
       3
       3
       0
       3
       2
       3
       3
       2
       2
       2
       1
       3
       2
       3
       4
       4
       7
       5
       8
       6
       2
       5
       0
       4
       5
       1
       1
       2
       5
       1
       2
       2
       4
       5
       4
       3
       4
       2
       1
       6
       4
       4
       7
       5
       1
       6
       0
       0
       2
       0
       6
       2
       2
       0
       1
       1
       2
       7
       8
       3
       5
       2
       1
       2
       2
       3
       7
       2
       1
       0
       2
       4
       2
       0
       0
       2
       1
       3
       3
       3
       4
       4
       1
       3
       3
       0
       2
       1
       7
       1
       2
       2
       5
       1
       1
       0
       2
       1
       1
       0
       3
       3
       1
       3
       2
       3
       3
       1
       4
       3
       1
       5
       2
       0
       1
       3
       3
       4
       4
       7
       5
       4
       1
       1
       7
       1
       2
       0
       0
       4
       3
       2
       4
       3
       0
       2
       6
       1
       4
       3
       3
       2
       3
       0
       8
       0
       1
       1
       4
       2
       4
       2
       1
       4
       2
       3
       3
       2
       1
       2
       4
       3
       0
       1
       0
       0
       0
       4
       3
       1
       3
       3
       3
       0
       2
       2
       1
       2
       1
       2
       2
       2
       2
       3
       1
       7
       1
       2
       0
       1
       4
       5
       1
       4
       0
       4
       5
       3
       4
       1
       2
       2
       1
       0
       1
       2
       1
       7
       2
       2
       1
       3
       0
       2
       3
       2
       1
       2
       2
       2
       1
       3
       0
       1
       0
       0
       2
       2
       1
       0
       3
       0
       5
       1
       4
       3
       2
       3
       3
       0
       2
       1
       1
       2
       2
       3
       3
       3
       1
       2
       3
       3
       3
       1
       5
       2
       1
       1
       1
       3
       4
       3
       1
       0
       2
       4
       4
       1
       0
       2
       2
       0
       2
       2
       1
       1
       2
       3
       3
       0
       4
       3
       1
       2
       4
       2
       4
       8
       7
       7
       6
       6
       7
       6
       2
       1
       1
       1
       0
       0
       3
       2
       2
       2
       3
       2
       1
       1
       4
       2
       4
       2
       3
       0
       0
       2
       5
       2
       0
       2
       3
       2
       1
       8
       3
       3
       0
       3
       2
       4
       4
       0
       4
       2
       4
       2
       2
       4
       2
       1
       2
       3
       2
       4
       2
       3
       2
       1
       3
       3
       1
       3
       5
       3
       2
       1
       2
       2
       3
       3
       1
       0
       0
       1
       3
       1
       4
       3
       2
       2
       3
      10
       9
      28
      42
      35
      46
      36
      29
      19
      12
       2
       6
       2
       3
       2
       2
       0
       3
       2
       2
       1
       0
       6
       1
       2
       2
       2
       2
       1
       2
       2
       2
       2
       1
       2
       1
       1
       1
       1
       3
       2
       2
       1
       1
       1
       0
       4
       1
       1
       0
       2
       1
       2
       2
       1
       2
       0
       1
       1
       1
       0
       2
       2
       3
       1
       1
       2
       3
       9
       1
       1
       2
       2
       2
       1
       1
       2
       1
       3
       1
       2
       2
       4
       2
       0
       2
       1
       1
       4
       2
       5
       1
       2
       4
       1
       4
       2
       2
       2
       2
       3
       2
       1
       3
       4
       0
       1
       1
       5
       1
       4
       0
       3
       5
       4
       1
       2
       1
       2
       0
       4
       2
       3
       1
       1
       3
       3
       4
       4
       3
       3
       4
       0
       2
       3
       2
       5
       1
       0
       1
       2
       2
       3
       0
       2
       1
       1
       0
       2
       2
       2
       3
       1
       3
       2
       1
       3
       2
       0
       1
       1
       1
       1
       3
       2
       2
       1
       3
       5
       3
       2
       5
       0
       1
       3
       3
       4
       2
       1
       2
       2
       1
       1
       2
       3
       0
       3
       2
       3
       0
       0
       5
       2
       1
       3
       1
       5
       1
       1
       4
       2
       2
       0
       0
       1
       2
       3
       4
       8
       3
       8
       7
       6
       7
       5
       3
       4
       2
       3
       2
       2
       4
       2
       2
       0
       5
       0
       4
       2
       2
       5
       2
       1
       1
       3
       2
       2
       1
       1
       4
       1
       1
       2
       3
       8
       2
       2
       3
       2
       1
       2
       0
       3
       0
       1
       1
       0
       2
       0
       1
       2
       1
       1
       4
       3
       1
       1
       0
       1
       3
       0
       0
       3
       4
       2
       6
       4
       1
       3
       1
       2
       3
       4
       3
       3
       4
       6
       1
       0
       0
       1
       2
       0
       0
       3
       0
       2
       3
       3
       2
       4
       3
       4
       2
       2
       3
       1
       3
       3
       0
       3
       3
       3
       5
       1
       1
       1
       1
       2
       3
       2
       2
       1
       1
       2
       1
       1
       2
       0
       1
       1
       1
       2
       0
       2
       0
       1
       2
       2
       1
       2
       3
       1
       2
       2
       2
       3
       1
       4
       6
       1
       2
       1
       2
       2
       1
       1
       4
       5
       0
       0
       0
       4
       3
       1
       2
       4
       2
       1
       2
       6
       5
       1
       4
       2
       1
       0
       1
       3
       3
       2
       3
       4
       0
       2
       0
       1
       4
       1
       1
       5
       0
       2
       2
       5
       0
       4
       2
       1
       1
       2
       2
       2
       1
       0
       0
       3
       3
       0
       2
       1
       2
       4
       1
       1
       3
       3
       2
       3
       3
       2
       1
       2
       2
       0
       2
       2
       6
       2
       0
       3
       3
       4
       4
       0
       5
       4
       1
       0
       0
       3
       0
       0
       2
       3
       1
       4
       0
       2
       1
       1
       1
       1
       2
       1
       1
       3
       2
       7
       1
       1
       0
       2
       3
       2
       1
       1
       0
       4
       3
       2
       2
       0
       2
       2
       3
       4
       1
       4
       1
       0
       1
       0
       0
       3
       0
       1
       4
       2
       2
       2
       1
       1
       3
       2
       1
       1
       1
       0
       1
       0
       5
       1
       1
       3
       1
       2
       1
       1
       2
       3
       3
       6
       2
       0
       1
       0
       4
       3
       3
       1
       2
       1
       0
       2
       1
       0
       0
       0
       1
       3
       1
       1
       3
       3
       0
       1
       0
       1
       3
       1
       2
       1
       1
       0
       2
       3
       0
       4
       1
       1
       2
       3
       3
       0
       2
       0
       1
       1
       3
       2
       1
       0
       0
       3
       2
       3
       1
       1
       0
       3
       1
       4
       1
       7
       1
       0
       0
       2
       3
       3
       1
       0
       2
       1
       1
       1
       2
       1
       0
       1
       3
       4
       3
       1
       0
       1
       1
       3
       2
       4
       3
       0
       0
       2
       2
       0
       1
       0
       1
       2
       1
       2
       3
       1
       1
       1
       1
       3
       4
       4
       2
       1
       1
       4
       6
       4
       0
       0
       0
       3
       1
       2
       3
       0
       0
       2
       0
       3
       4
       1
       1
       2
       0
       1
       4
       1
       1
       0
       2
       3
       1
       1
       0
       5
       1
       3
       1
       2
       2
       0
       0
       1
       0
       1
       0
       5
       3
       4
       0
       0
       2
       1
       4
       1
       3
       0
       4
       0
       0
       2
       6
       2
       4
       1
       2
       3
       4
       2
       0
       2
       5
       3
       0
       1
       0
       0
       2
       2
       3
       0
       0
       4
       1
       3
       0
       2
       2
       4
       2
       0
       3
       0
       2
       1
       2
       2
       1
       1
       3
       4
       0
       1
       0
       2
       3
       3
       1
       1
       1
       0
       1
       1
       1
       1
       0
       2
       4
       2
       1
       1
       3
       2
       0
       4
       5
       1
       4
       3
       2
       1
       2
       3
       1
       1
       1
       1
       2
       3
       3
       0
       2
       2
       1
       0
       1
       2
       1
       0
       3
       2
       3
       0
       3
       2
       2
       2
       1
       2
       3
       0
       3
       2
       3
       4
       1
       2
       0
       4
       1
       3
       2
       2
       2
       1
       0
       0
       1
       4
       1
       1
       1
       1
       2
       1
       3
       0
       1
       1
       2
       1
       2
       2
       1
       0
       1
       1
       1
       3
       0
       3
       1
       3
       3
       3
       1
       3
       0
       2
       3
       2
       0
       2
       0
       1
       2
       1
       3
       1
       1
       4
       1
       2
       4
       4
       4
       5
       8
      10
       8
       8
       6
       6
       3
       8
       5
       5
       2
       6
       5
       2
       2
       0
       1
       0
       3
       5
       1
       2
       4
       0
       2
       1
       2
       0
       0
       0
       2
       2
       3
       1
       4
       2
       4
       1
       1
       3
       2
       1
       3
       2
       2
       0
       1
       1
       4
       2
       1
       2
       0
       1
       2
       2
       3
       0
       1
       2
       1
       1
       3
       2
       0
       0
       1
       1
       3
       1
       0
       3
       0
       8
       0
       2
       1
       0
       2
       4
       4
       1
       0
       3
       5
       2
       1
       0
       1
       0
       0
       3
       0
       0
       1
       2
       1
       0
       2
       2
       1
       0
       1
       0
       1
       2
       0
       2
       0
       2
       0
       0
       1
       1
       4
       2
       2
       0
       4
       3
       2
       1
       2
       3
       3
       3
       2
       5
       0
       4
       2
       1
       2
       1
       2
       1
       3
       1
       2
       3
       2
       2
       1
       0
       1
       2
       0
       6
       2
       1
       1
       2
       1
       3
       3
       1
       1
       0
       2
       3
       0
       1
       2
       0
       0
       0
       2
       1
       3
       1
       0
       2
       1
       3
       2
       2
       3
       4
       1
       1
       3
       2
       0
       2
       2
       3
       2
       2
       1
       1
       0
       1
       1
       6
       4
       0
       4
       2
       2
       3
       2
       1
       5
       1
       2
       3
       2
       3
       2
       0
       1
       1
       2
       3
       1
       3
       1
       1
       2
       4
       2
       0
       2
       1
       0
       1
       2
       3
       5
       0
       1
       2
       2
       2
       2
       1
       0
       3
       2
       1
       2
       2
       0
       1
       3
       2
       3
      11
       2
       6
       2
       8
       9
      14
      12
       8
       6
       3
       3
       3
       3
       2
       0
       3
       3
       1
       1
       1
       0
       1
       1
       4
       2
       2
       2
       2
       0
       1
       1
       2
       3
       1
       2
       3
       1
       3
       1
       3
       4
       3
       2
       3
       1
       1
       1
       2
       2
       1
       2
       2
       4
       3
       0
       1
       1
       1
       0
       1
       3
       4
       1
       2
       2
       1
       2
       1
       2
       0
       2
       2
       2
       4
       1
       3
       0
       5
       0
       1
       0
       4
       3
       0
       0
       1
       0
       3
       3
       1
       2
       1
       1
       5
       0
       2
       0
       2
       1
       3
       0
       2
       1
       3
       1
       0
       4
       2
       2
       1
       1
       0
       2
       0
       2
       3
       2
       4
       2
       1
       1
       1
       1
       3
       2
       2
       0
       4
       1
       1
       1
       3
       2
       3
       2
       0
       2
       0
       2
       3
       3
       3
       2
       0
       2
       2
       1
       2
       2
       3
       2
       1
       6
       2
       0
       0
       0
       3
       1
       2
       3
       4
       3
       2
       4
       1
       1
       1
       1
       3
       0
       1
       1
       1
       2
       2
       0
       2
       0
       4
       3
       1
       3
       3
       4
       2
       0
       1
       1
       5
       4
       3
       3
       2
       2
       1
       0
       2
       2
       4
       2
       3
       1
       2
       3
       2
       0
       0
       2
       3
       3
       2
       3
       1
       3
       3
       4
       2
       0
       1
       4
       5
       3
       5
       2
       2
       3
       3
       2
       4
       2
       3
       1
       3
       2
       0
       3
       1
       0
       1
       0
       5
       1
       4
       1
       1
       1
       1
       3
       1
       1
       1
       3
       1
       1
       1
       0
       3
       3
       1
       2
       1
       4
       3
       3
       3
       2
       5
       1
       2
       1
       3
       1
       3
       3
       1
       2
       2
       2
       2
       2
       0
       3
       0
       2
       1
       1
       4
       6
       0
       2
       3
       2
       3
       2
       1
       3
       2
       1
       1
       2
       1
       3
       2
       5
       3
       0
       2
       2
       4
       2
       3
       1
       4
       3
       3
       1
       0
       2
       1
       6
       3
       2
       2
       2
       3
       2
       1
       2
       1
       0
       1
       1
       1
       2
       5
       3
       2
       2
       2
       1
       0
       1
       4
       1
       4
       0
       4
       2
       2
       2
       2
       3
       1
       0
       3
       0
       3
       5
       2
       4
       2
       2
       3
       0
       2
       2
       1
       2
       1
       3
       3
       0
       1
       2
       1
       2
       0
       3
       6
       3
       5
       3
       2
       4
       1
       4
       3
       3
       3
       0
       1
       1
       2
       1
       0
       3
       2
       4
       1
       1
       3
       1
       3
       2
       1
       1
       1
       4
       0
       3
       5
       2
       3
       3
       4
       1
       1
       1
       3
       1
       3
       0
       1
       1
       2
       1
       3
       0
       0
       1
       2
       1
       2
       4
       2
       2
       4
       3
       3
       1
       1
       2
       2
       3
       3
       3
       2
       2
       1
       1
       1
       1
       1
       0
       1
       3
       0
       6
       0
       3
       2
       0
       1
       0
       3
       3
       1
       2
       3
       0
       1
       1
       2
       0
       4
       2
       1
       3
       2
       3
       1
       2
       4
       2
       2
       2
       2
       3
       2
       1
       0
       2
       2
       0
       3
       3
       3
       1
       1
       0
       1
       1
       2
       2
       2
       0
       0
       4
       2
       2
       0
       3
       1
       1
       1
       1
       2
       1
       4
       1
       0
       1
       1
       1
       0
       2
       3
       1
       1
       2
       2
       1
       0
       2
       2
       2
       4
       0
       0
       3
       2
       0
       2
       0
       2
       2
       0
       2
       1
       0
       1
       3
       0
       1
       2
       1
       2
       1
       0
       1
       0
       2
       0
       2
       2
       0
       1
       0
       0
       0
       1
       3
       1
       1
       3
       1
       2
       3
       0
       1
       0
       2
       0
       1
       0
       2
       1
       0
       1
       1
       0
       3
       2
       3
       0
       4
       1
       1
       0
       2
       1
       1
       1
       1
       1
       2
       2
       2
       3
       3
       2
       3
       3
       3
       1
       4
       1
       3
       1
       1
       0
       1
       3
       1
       1
       0
       1
       0
       2
       0
       1
       1
       1
       2
       0
       0
       1
       5
       0
       1
       1
       1
       0
       2
       2
       2
       2
       0
       1
       0
       2
       2
       1
       0
       1
       1
       1
       0
       1
       1
       2
       0
       0
       0
       0
       0
       3
       0
       0
       0
       0
       1
       0
       0
       0
       0
       1
       0
       1
       0
       0
       2
       1
       1
       2
       1
       0
       0
       1
       0
       1
       0
       1
       2
       0
       2
       0
       0
       1
       1
       2
       1
       1
       0
       2
       0
       1
       0
       2
       0
       1
       1
       0
       0
       1
       1
       0
       3
       1
       1
       2
       0
       0
       2
       0
       1
       2
       1
       0
       1
       0
       2
       1
       0
       2
       0
       1
       0
       1
       0
       0
       1
       0
       1
       0
       2
       1
       0
       0
       0
       0
       0
       0
       1
       0
       1
       2
       0
       2
       0
       0
       0
       0
       1
       0
       1
       1
       0
       1
       1
       0
       0
       0
       0
       0
       0
       0
       0
       1
       1
       1
       0
       0
       0
       0
       1
       1
       1
       0
       0
       0
       1
       1
       1
       0
       0
       0
       0
       0
       0
       2
       0
       0
       0
       0
       0
       0
       1
       0
       0
       0
       0
       0
       1
       0
       0
       1
       1
       0
       0
       0
       1
       0
       0
       0
       0
       1
       0
       0
       1
       1
       0
       0
       0
       0
       0
       0
       0
       1
       0
       0
       0
       0
       1
       0
       0
       1
       0
       0
       0
       0
       0
       0
       0
       1
       1
       1
       1
       0
       1
       0
       1
       0
       0
       0
       1
       1
       0
       0
       0
       0
       1
       0
       0
       0
       0
       0
       1
       0
       0
       0
       0
       0
       0
       0
       0
       0
       0
       0
       0
       1
       0
       0
       0
       1
       1
       0
       1
       0
       0
       0
       0
       0
       1
       0
       0
       0
       2
       1
       0
       0
       1
       0
       0
       0
       1
       1
       0
       0
       0
       0
       0
       0
       2
       0
       0
       0
       1
       2
       0
       0
       0
       0
       0
       1
       1
       0
       0
       0
       0
       0
       0
       0
       0
       0
       1
       0
       0
       1
       0
       1
       0
       0
       1
       0
       0
       0
       0
       0
       0
       0
       0
       0
       0
       0
       0
       0
       0
       0
       0
       0
       0
       1
       1
       0
       1
       0
       0
       0
       0
       0
       0
       0
       1
       0
       0
       1
       0
       1
       1
       1
       0
       0
       0
       0
       0
       0
       0
       0
       1
       0
       2
       0
       0
       0
       0
       0
       0
       1
       1
       1
       0
       0
       1
       1
       2
       0
       3
       0
       4
       4
       9
      19
      23
      37
      63
      62
      63
      49
      38
      43
      23
      11
      10
       3
       1
       2
       0
       0
       0
       0
       0
       0
       0
       0
       0
       0
       0
       0
       0
       0
       0
       0
       0
       0
       0
       1
       0
       0
       0
       0
       0
       0
       0
       0
       0
       0
       0
       0
       0
       0
       0
       0
       0
       0
       0
       0
       0
       0
       0
       0
       0
       0
       0
       0
       1
       0
       0
       0
       0
       1
       0
       0
       1
       0
       1
       0
       0
       0
       0
       0
       0
       0
       0
       0
       0
       0
       0
       0
       0
       0
       0
       0
       0
       0
       0
       0
       0
       0
       1
       0
       1
       0
       0
       0
       0
       0
       0
       0
       0
       0
       0
       0
       1
       0
       0
       0
       0
       1
       0
       1
       0
       0
       0
       0
       0
       0
       0
       0
       0
       0
       0
       0
       0
       0
       0
       0
       0
       0
       0
       0
       0
       0
       0
       0
       0
       0
       0
       0
       0
       0
       0
       0
       0
       0
       0
       0
       1
       0
       0
       0
       0
       0
       0
       0
       0
       0
       0
       1
       0
       0
       0
       0
       0
       0
       0
       0
       0
       0
       0
       0
       1
       0
       0
       0
       0
       0
       0
       1
       0
       0
       0
       0
       0
       0
       0
       0
       0
       0
       0
       0
       0
       0
       0
       0
       0
       0
       0
       0
       0
       0
       0
       0
       0
       0
       0
       0
       0
       0
       0
       0
       0
       0
       0
       0
       0
       0
       0
       0
       0
       1
       0
       1
       1
       0
       0
       0
       0
       0
       0
       0
       1
       0
       0
       0
       0
       0
       0
       0
       0
       0
       0
       0
       0
       0
       0
       0
       0
       0
       0
       0
       0
       0
       0
       0
       0
       0
       0
       0
       1
       0
       0
       0
       0
       0
       0
       0
       0
       0
       0
       1
       0
       0
       0
       1
       0
       0
       0
       0
       0
       0
       0
       0
       0
       0
       0
       0
       0
       0
       0
       1
       0
       0
       0
       0
       1
       0
       0
       0
       0
       0
       0
       0
       0
       0
       0
       0
       0
       0
       0
       1
       0
       0
       0
       0
       0
       0
       0
       0
       0
       0
       0
       0
       0
       0
       0
       0
       0
       0
       0
       0
       0
       0
       0
       0
       0
       0
       0
       0
       0
       0
       0
       0
       0
       0
       0
       0
       0
       0
       0
       0
       0
       0
       0
       0
       0
       1
       1
       0
       0
       0
       1
       0
       0
       0
       0
       0
       1
       1
       0
       0
       0
       0
       0
       0
       0
       0
       0
       1
       0
       0
       0
       0
       0
       0
       0
       1
       1
       0
       0
       0
       0
       0
       0
       0
       0
       0
       0
       0
       0
       0
       0
       0
       0
       0
       0
       0
       0
       0
       0
       0
       0
       0
       0
       0
       0
       0
       0
       0
       0
       0
       0
       0
       0
       0
       0
       0
       0
       0
       0
       0
       0
       0
       0
       0
       0
       0
       0
       0
       0
       0
       0
       0
       0
       0
       0
       0
       0
       0
       0
       0
       0
       0
       0
       0
       0
       0
       0
       0
       0
       0
       0
       1
       0
       0
       0
       0
       0
       2
       0
       0
       0
       0
       0
       0
       0
       0
       0
       0
       0
       0
       1
       0
       0
       0
       0
       0
       0
       0
       0
       0
       0
       0
       0
       0
       0
       0
       0
       0
       0
       0
       0
       0
       0
       0
       0
       0
       0
       0
       0
       0
       1
       0
       0
       0
       1
       0
       0
       0
       0
       0
       0
       0
       0
       0
       1
       0
       0
       0
       0
       0
       0
       0
       0
       0
       0
       0
       0
       0
       0
       0
       0
       0
       0
       0
       0
       0
       0
       0
       0
       0
       0
       0
       0
       0
       0
       0
       0
       0
       1
       0
       0
       0
       0
       0
       0
       0
       0
       0
       0
       0
       0
       0
       0
       1
       0
       0
       0
       0
       0
       1
       0
       0
       0
       0
       0
       0
       0
       0
       0
       0
       0
       0
       0
       0
       0
       0
       0
       1
       0
       0
       0
       0
       0
       0
       0
       0
       0
       0
       0
       1
       0
       0
       0
       0
       0
       0
       0
       1
       0
       0
       0
       0
       0
       0
       0
       0
       1
       0
       0
       0
       0
       0
       0
       0
       0
       0
       0
       0
       0
       0
       0
       0
       0
       0
       0
       0
       0
       0
       0
       0
       0
       0
       0
       0
       0
       1
       0
       0
       0
       0
       0
       0
       0
       0
       0
       0
       1
       0
       0
       0
       0
       0
       0
       0
       0
       0
       0
       0
       0
       0
       0
       0
       1
       0
       0
       0
       0
       0
       0
       0
       0
       0
       0
       0
       0
       0
       1
       0
       0
       0
       0
       0
       0
       1
       0
       0
       0
       0
       0
       0
       0
       0
       0
       0
       0
       2
       0
       0
       0
       1
       0
       0
       0
       0
       0
       0
       0
       0
       0
       0
       0
       1
       0
       0
       0
       0
       0
       0
       0
       0
       1
       0
       0
       0
       0
       0
       0
       0
       0
       0
       0
       0
       1
       0
       0
       0
       0
       0
       0
       0
       0
       0
       0
       0
       0
       0
       1
       0
       1
       0
       0
       0
       0
       0
       0
       0
       0
       1
       0
       0
       0
       0
       0
       0
       0
       0
       0
       2
       0
       0
       0
       0
       0
       0
       0
       0
       0
       0
       0
       0
       0
       0
       0
       0
       1
       0
       0
       0
       0
       0
       0
       0
       0
       0
       0
       0
       0
       0
       0
       0
       0
       0
       0
       0
       0
       0
       0
       0
       0
       0
       0
       0
       0
       0
       0
       0
       0
       0
       0
       0
       0
       0
       0
       0
       0
       0
       0
       0
       0
       0
       0
       0
       0
       0
       0
       0
       0
       0
       0
       0
       0
       0
       0
       0
       0
       0
       0
       0
       0
       0
       0
       0
       0
       0
       0
       0
       0
       0
       0
       0
       0
       0
       0
       0
       0
       0
       1
       0
       0
       0
       0
       0
       0
       0
       0
       1
       0
       0
       0
       0
       0
       0
       0
       0
       0
       0
       0
       0
       0
       0
       0
       0
       0
       0
       0
       0
       0
       1
       0
       0
       0
       0
       0
       0
       0
       0
       0
       0
       0
       0
       0
       0
       0
       0
       0
       0
       0
       0
       0
       1
       0
       0
       0
       0
       0
       0
       0
       0
       0
       0
       0
       0
       0
       0
       0
       0
       0
       0
       0
       0
       0
       1
       0
       0
       0
       0
       0
       0
       0
       0
       1
       0
       0
       0
       0
       0
       0
       0
       0
       0
       0
       0
       0
       0
       0
       0
       0
       0
       0
       0
       0
       1
       0
       0
       0
       0
       0
       0
       0
       0
       0
       1
       0
       0
       0
       0
       0
       0
       1
       0
       0
       0
       0
       0
       0
       0
       0
       1
       0
       0
       0
       0
       0
       0
       0
       0
       0
       0
       0
       0
       0
       0
       0
       0
       0
       0
       0
       0
       0
       0
       0
       0
       0
       0
       0
       0
       0
       0
       0
       0
       0
       0
       0
       0
       1
       0
       0
       0
       0
       0
       0
       0
       0
       0
       0
       0
       0
       0
       1
       0
       0
       1
       0
       0
       0
       0
       0
       0
       0
       0
       0
       0
       0
       0
       0
       0
       0
       0
       0
       0
       0
       0
       0
       0
       0
       0
       0
       0
       0
       0
       0
       1
       0
       0
       0
       1
       0
       0
       0
       0
       0
       0
       0
       0
       0
       0
       0
       0
       0
       0
       0
       0
       0
       0
       0
       1
       0
       0
       0
       0
       0
       0
       0
       0
       0
       0
       0
       0
       0
       0
       0
       0
       0
       0
       0
       0
       0
       0
       0
       0
       0
       0
       0
       0
       0
       0
       0
       0
       0
       0
       0
       0
       0
       0
       0
       0
       0
       0
       0
       0
       0
       0
       0
       1
       0
       0
       0
       0
       0
       0
       0
       0
       0
       0
       0
       0
       0
       0
       0
       0
       1
       0
       0
       0
       0
       0
       0
       0
       0
       0
       0
       0
       0
       0
       0
       0
       0
       0
       0
       0
       0
       0
       0
       0
       0
       0
       0
       0
       0
       0
       0
       0
       0
       0
       0
       0
       0
       0
       0
       0
       0
       0
       0
       0
       0
       0
       0
       0
       0
       0
       0
       0
       0
       0
       0
       0
       0
       0
       0
       0
       0
       0
       0
       0
       0
       0
       0
       0
       0
       0
       0
       0
       0
       0
       0
       0
       0
       1
       0
       1
       0
       0
       0
       0
       0
       0
       1
       0
       0
       0
       0
       0
       0
       0
       0
       0
       0
       0
       0
       0
       0
       0
       0
       0
       1
       0
       0
       0
       0
       0
       0
       0
       0
       0
       0
       1
       0
       0
       0
       0
       1
       0
       0
       0
       0
       0
       0
       0
       0
       0
       0
       0
       0
       0
       0
       0
       0
       0
       0
       0
       0
       0
       0
       0
       0
       0
       0
       0
       0
       0
       0
       0
       0
       0
       0
       0
       0
       0
       0
       0
       1
       0
       0
       0
       0
       0
       0
       0
       0
       0
       0
       0
       0
       0
       0
       0
       0
       0
       0
       0
       0
       0
       0
       1
       0
       0
       0
       0
       0
       0
       0
       1
       0
       0
       0
       0
       0
       0
       0
       0
       0
       0
       0
       1
       0
       0
       0
       0
       0
       0
       1
       0
       1
       1
       0
       0
       0
       0
       0
       0
       0
       0
       0
       0
       0
       0
       0
       0
       0
       0
       0
       0
       0
       0
       0
       0
       0
       0
       0
       0
       0
       0
       0
       0
       0
       0
       0
       0
       0
       0
       0
       0
       0
       0
       0
       1
       0
       0
       0
       0
       0
       0
       0
       0
       0
       0
       1
       0
       0
       1
       0
       0
       0
       0
       0
       0
       0
       0
       0
       0
       0
       0
       0
       0
       0
       0
       0
       0
       0
       0
       0
       0
       0
       0
       0
       0
       0
       0
       0
       0
       0
       0
       0
       0
       0
       0
       0
       0
       0
       0
       0
       0
       0
       0
       0
       0
       0
       1
       0
       0
       0
       0
       0
       0
       0
       0
       0
       0
       0
       0
       0
       0
       0
       0
       0
       1
       0
       0
       1
       0
       0
       0
       0
       0
       0
       0
       0
       0
       0
       0
       0
       0
       0
       0
       0
       0
       0
       0
       0
       0
       0
       0
       0
       0
       0
       0
       0
       0
       0
       0
       0
       0
       0
       0
       0
       0
       0
       0
       0
       0
       0
       0
       0
       0
       0
       0
       0
       0
       0
       0
       0
       0
       0
       0
       0
       0
       0
       0
       0
       0
       0
       0
       0
       0
       0
       0
       0
       0
       0
       0
       0
       0
       0
       0
       0
       0
       0
       0
       0
       0
       0
       0
       0
       0
       0
       0
       0
       0
       0
       0
       0
       0
       0
       0
       0
       0
       0
       0
       0
       0
       0
       0
       0
       0
       0
       0
       0
       0
       0
       0
       0
       0
       0
       0
       0
       0
       0
       0
       0
       0
       0
       0
       0
       0
       0
       0
       0
       0
       0
       0
       0
       0
       0
       0
       0
       0
       0
       0
       0
       0
$ROI:
0
$PRESETS:
Real Time
3600
0
$ENER_FIT:
8.931054 0.240803
$MCA_CAL:
3
8.931054E+000 2.408025E-001 6.157388E-008 keV
$SHAPE_CAL:
3
9.658150E+000 -1.618950E-003 2.758845E-007
