$SPEC_ID:
No sample description was entered.
$SPEC_REM:
DET# 1
DETDESC# EPS-140909 Easy-MCA-8k SN 16175454
AP# Maestro Version 7.01
$DATE_MEA:
02/27/2022 11:43:27
$MEAS_TIM:
3594 3600
$DATA:
0 8191
       0
       0
       0
       0
       0
       0
       0
       0
       0
       0
       0
       0
       0
       0
       0
       0
       0
       0
       0
       0
       0
       0
       0
       0
       0
       0
       0
       0
       0
       0
       0
       0
       0
       0
       0
       0
       0
       0
       1
       6
      12
      33
     696
    1205
     481
     362
     291
     295
     317
     356
     346
     347
     365
     348
     324
     368
     327
     335
     384
     423
     459
     416
     387
     353
     299
     378
     331
     370
     385
     352
     334
     380
     329
     321
     306
     322
     277
     303
     331
     334
     335
     367
     352
     313
     321
     335
     328
     343
     311
     316
     326
     345
     339
     365
     380
     358
     376
     375
     376
     411
     410
     408
     405
     405
     450
     437
     433
     477
     463
     485
     529
     498
     526
     577
     578
     631
     665
     778
     835
     851
     838
     846
     866
     886
     899
     898
     876
     816
     836
     770
     814
     854
     837
     823
     851
     898
     915
    1137
    1577
    2105
    3060
    3935
    4518
    5077
    5054
    4306
    2836
    1723
    1072
     982
     857
     893
     936
     872
     942
     914
     945
    1024
    1067
    1040
    1204
    1583
    2108
    2227
    2027
    1709
    1471
    1412
    1351
    1202
    1148
    1101
     969
    1044
    1040
    1045
    1038
    1062
    1018
    1038
    1076
    1121
    1136
    1115
    1139
    1102
    1223
    1256
    1237
    1190
    1160
    1159
    1273
    1273
    1146
    1138
    1068
    1065
    1068
    1054
    1114
    1085
    1132
    1120
    1083
    1058
    1089
    1083
    1068
    1099
    1124
    1083
    1172
    1107
    1080
    1051
    1150
    1160
    1178
    1111
    1065
    1094
    1073
    1022
    1107
    1098
    1103
    1135
    1044
    1077
    1080
    1137
    1156
    1049
    1120
    1041
    1019
    1040
    1044
    1074
    1031
    1081
    1017
    1009
    1075
    1012
     996
     997
    1010
    1023
    1046
     967
    1019
    1054
     962
    1011
     967
     964
    1042
    1025
     995
    1008
     977
    1017
     912
     982
    1007
     986
     931
     936
     983
    1007
     992
     932
     938
     953
     841
     939
     890
     881
     883
     905
     886
     918
     866
     933
     926
     883
     926
     879
     845
     837
     822
     900
     900
     897
     857
     871
     880
     861
     848
     886
     838
     820
     838
     823
     848
     776
     838
     845
     793
     849
     775
     787
     807
     802
     809
     821
     795
     799
     814
     773
     833
     756
     851
     778
     809
     778
     731
     753
     742
     800
     733
     766
     731
     714
     728
     708
     700
     731
     762
     707
     737
     720
     707
     693
     685
     739
     663
     690
     726
     691
     674
     703
     722
     662
     695
     665
     666
     678
     618
     652
     637
     660
     681
     675
     674
     653
     651
     679
     593
     673
     656
     592
     637
     631
     618
     627
     625
     611
     583
     642
     587
     609
     603
     621
     593
     592
     579
     607
     555
     555
     582
     567
     538
     552
     512
     533
     569
     575
     514
     549
     510
     496
     503
     510
     547
     544
     538
     508
     522
     552
     517
     531
     527
     524
     517
     472
     531
     520
     523
     495
     490
     547
     484
     487
     481
     488
     493
     453
     464
     451
     460
     476
     457
     487
     484
     449
     480
     459
     430
     477
     426
     443
     462
     479
     433
     471
     434
     438
     416
     405
     451
     461
     477
     377
     473
     428
     382
     447
     427
     403
     423
     458
     478
     480
     480
     449
     452
     376
     393
     435
     406
     428
     413
     403
     402
     399
     385
     413
     399
     346
     381
     374
     430
     391
     423
     422
     367
     382
     358
     358
     343
     343
     359
     371
     342
     374
     410
     381
     340
     350
     384
     410
     373
     397
     358
     372
     359
     355
     350
     323
     338
     369
     358
     342
     303
     349
     329
     345
     330
     351
     358
     356
     343
     332
     339
     326
     307
     317
     318
     339
     330
     321
     315
     309
     320
     289
     335
     298
     293
     323
     296
     302
     285
     306
     305
     321
     301
     295
     305
     289
     310
     349
     279
     261
     278
     281
     263
     246
     269
     283
     305
     297
     271
     268
     263
     288
     261
     276
     258
     253
     247
     243
     266
     263
     218
     251
     292
     262
     251
     264
     282
     258
     268
     281
     284
     265
     270
     270
     249
     286
     277
     338
     458
     575
     661
     582
     431
     339
     292
     258
     309
     295
     319
     283
     253
     244
     260
     219
     210
     207
     226
     242
     215
     228
     252
     227
     218
     201
     207
     207
     223
     232
     215
     227
     212
     195
     210
     206
     223
     224
     216
     208
     218
     201
     206
     203
     211
     210
     198
     179
     205
     213
     195
     208
     208
     173
     164
     178
     174
     169
     178
     184
     205
     184
     191
     202
     208
     181
     186
     183
     184
     174
     191
     195
     187
     161
     172
     175
     205
     191
     205
     199
     205
     208
     200
     191
     198
     173
     155
     189
     170
     187
     179
     169
     187
     182
     194
     152
     162
     177
     201
     175
     190
     182
     175
     162
     172
     152
     175
     167
     163
     164
     152
     168
     160
     148
     184
     158
     166
     170
     153
     153
     138
     155
     148
     134
     161
     146
     165
     174
     172
     148
     141
     130
     162
     150
     138
     150
     153
     160
     165
     151
     176
     179
     263
     282
     270
     197
     188
     159
     125
     168
     155
     137
     147
     140
     160
     160
     146
     145
     155
     124
     142
     139
     143
     129
     132
     123
     131
     125
     137
     129
     208
     211
     196
     183
     159
     159
     136
     115
     140
     122
     137
     118
     133
     111
     127
     121
     123
     128
     131
     121
     118
     119
     125
     125
     120
     128
     129
     121
     120
     107
     115
     126
     106
     124
     135
     114
     127
     118
     115
     120
     109
     113
     132
     112
     117
     130
      99
     118
     110
     137
     104
     126
     114
     120
     117
     121
     151
     124
     126
     119
     122
      93
     105
     111
     102
     138
      99
     121
     103
     126
     107
     118
     108
     115
     115
     107
     105
     125
     135
     147
     190
     192
     159
     145
     125
      93
     124
     121
     108
     114
      97
      98
      94
     108
      95
     107
      91
     113
      99
     112
      99
      92
      94
     112
      95
     108
     118
      99
     102
      95
     103
     134
     186
     254
     309
     320
     251
     184
     128
      99
     109
     107
      82
      96
      77
      93
      86
      99
      87
     101
     117
      73
      63
      88
     102
      89
      89
      98
      90
      96
     102
      77
      72
      77
     100
      92
      92
      87
      96
      74
      80
      96
      77
      91
      90
      84
      98
      74
      83
     114
      90
      83
      79
      79
      78
      93
      93
      84
      81
      69
      89
      93
      92
      73
      91
      82
      74
      85
     104
      99
      91
      80
      80
      82
      88
      91
      84
      85
      71
      82
     100
      85
      84
      80
      90
      79
      73
      90
      88
      72
      80
      82
      74
      74
      96
      79
      84
      74
      92
      92
      73
      76
      82
      90
      77
      72
      93
      71
      79
      84
      87
      85
      70
      74
      77
      78
      81
      73
      74
      78
      72
      68
      62
      75
      68
      87
      82
      78
      72
      83
      77
      93
      81
      76
      77
      78
      76
      74
      63
      86
      70
      77
      62
      70
      67
      65
      78
      77
      89
      74
      89
      79
      52
      84
      65
      93
      81
      79
      71
      65
      69
      82
      67
      77
      69
      81
      74
      75
      76
      93
      71
      60
      61
      63
      59
      70
      77
      91
      53
      68
      72
      72
      61
      54
      56
      86
      68
      57
      69
      52
      62
      76
      67
      60
      60
      63
      66
      81
      76
      60
      68
      77
      65
      66
      55
      71
      61
      57
      53
      64
      71
      73
      47
      65
      66
      49
      70
      52
      52
      66
      66
      74
      58
      65
      75
      63
      62
      68
      69
      54
      59
      56
      68
      64
      47
      41
      61
      55
      46
      61
      51
      57
      61
      57
      58
      52
      51
      57
      62
      67
      64
      50
      60
      60
      59
      65
      78
      50
      56
      64
      50
      63
      59
      68
      56
      56
      65
      60
      51
      59
      60
      46
      61
      63
      49
      59
      75
      61
      68
      68
      91
      81
      74
      67
      65
      67
      45
      55
      81
      60
      54
      45
      57
      62
      55
      59
      62
      78
      51
      64
      52
      46
      52
      57
      48
      59
      49
      61
      52
      55
      62
      49
      63
      62
      51
      54
      69
      66
      52
      55
      53
      51
      57
      46
      67
      74
      53
      65
      53
      55
      68
      51
      61
      53
      61
      46
      51
      59
      56
      52
      65
      66
      56
      46
      52
      47
      54
      42
      66
      51
      56
      54
      45
      58
      53
      40
      51
      44
      43
      53
      52
      60
      47
      55
      54
      35
      46
      42
      55
      50
      44
      49
      45
      51
      57
      30
      45
      51
      45
      58
      40
      50
      48
      53
      59
      51
      41
      38
      53
      59
      61
      58
      57
      64
      53
      53
      55
      67
      82
      98
     113
     116
      90
      75
      76
      57
      60
      50
      46
      58
      57
      43
      53
      51
      52
      49
      32
      52
      45
      42
      53
      52
      43
      47
      50
      50
      50
      48
      34
      64
      46
      53
      52
      54
      62
      33
      53
      34
      42
      51
      43
      51
      49
      61
      31
      58
      37
      51
      49
      47
      29
      47
      39
      46
      49
      42
      55
      39
      54
      55
      33
      49
      40
      65
      37
      26
      50
      33
      44
      40
      48
      52
      42
      49
      53
      43
      47
      39
      50
      46
      40
      41
      41
      45
      38
      50
      54
      45
      41
      43
      39
      43
      51
      42
      48
      44
      45
      45
      37
      46
      41
      52
      48
      40
      35
      43
      34
      44
      45
      38
      49
      47
      54
      39
      38
      43
      50
      49
      41
      48
      35
      33
      33
      39
      36
      43
      41
      45
      63
      57
      38
      43
      40
      49
      34
      40
      40
      40
      38
      43
      26
      50
      48
      30
      41
      44
      47
      42
      48
      46
      37
      55
      36
      42
      43
      38
      43
      41
      35
      30
      38
      42
      45
      47
      37
      34
      37
      29
      47
      56
      42
      50
      48
      37
      50
      54
      50
      63
      92
     117
     163
     155
     166
     123
      84
      59
      43
      47
      36
      29
      31
      29
      43
      38
      33
      38
      40
      44
      42
      31
      48
      31
      29
      49
      33
      36
      38
      38
      39
      38
      35
      31
      33
      30
      27
      43
      41
      39
      42
      41
      34
      32
      42
      34
      30
      42
      30
      42
      36
      37
      43
      35
      51
      30
      45
      49
      34
      35
      39
      38
      31
      53
      68
      81
     144
     218
     242
     243
     156
     114
      63
      46
      50
      36
      38
      33
      26
      33
      43
      28
      28
      37
      26
      37
      21
      46
      39
      37
      43
      40
      38
      40
      41
      29
      43
      37
      34
      33
      29
      32
      34
      39
      39
      32
      30
      33
      25
      24
      32
      54
      33
      36
      28
      37
      29
      38
      40
      31
      36
      21
      32
      24
      32
      23
      33
      35
      36
      36
      38
      31
      34
      23
      35
      34
      32
      33
      29
      33
      25
      28
      29
      30
      30
      27
      32
      31
      32
      37
      33
      37
      38
      36
      30
      38
      23
      32
      29
      18
      36
      39
      26
      30
      37
      30
      31
      28
      39
      41
      23
      29
      36
      26
      31
      38
      27
      35
      24
      44
      30
      39
      37
      32
      32
      24
      33
      29
      30
      33
      17
      32
      24
      35
      32
      40
      39
      31
      60
      47
      45
      45
      36
      27
      36
      32
      24
      35
      24
      37
      44
      28
      28
      28
      30
      28
      38
      41
      27
      25
      26
      38
      26
      35
      17
      32
      31
      33
      31
      34
      37
      29
      29
      38
      31
      23
      31
      35
      28
      24
      29
      22
      34
      29
      33
      31
      25
      25
      30
      39
      24
      32
      34
      29
      30
      30
      30
      27
      35
      30
      26
      27
      26
      22
      25
      34
      23
      33
      38
      23
      38
      27
      25
      27
      24
      31
      29
      29
      23
      30
      32
      36
      30
      31
      25
      23
      29
      25
      14
      30
      34
      29
      36
      31
      32
      24
      32
      24
      33
      24
      36
      29
      37
      32
      28
      25
      25
      22
      19
      31
      29
      28
      36
      31
      31
      34
      28
      23
      26
      27
      26
      21
      37
      37
      32
      34
      28
      20
      25
      20
      31
      35
      37
      27
      22
      28
      30
      26
      22
      29
      20
      21
      15
      28
      25
      27
      31
      25
      35
      27
      23
      29
      31
      28
      26
      30
      19
      27
      33
      32
      27
      51
      49
      59
      45
      39
      34
      34
      34
      25
      39
      23
      25
      23
      22
      37
      17
      32
      32
      32
      22
      32
      31
      29
      21
      30
      17
      30
      30
      22
      31
      25
      22
      25
      27
      28
      32
      24
      26
      17
      31
      35
      23
      19
      26
      20
      22
      45
      22
      32
      18
      22
      27
      20
      24
      16
      29
      23
      43
      28
      39
      25
      29
      18
      20
      31
      36
      32
      19
      27
      24
      34
      29
      32
      22
      19
      30
      32
      22
      23
      20
      33
      25
      22
      24
      17
      22
      26
      22
      35
      29
      34
      26
      35
      28
      33
      41
      54
      61
      74
      67
      37
      36
      42
      32
      38
      40
      32
      26
      26
      27
      31
      24
      29
      20
      27
      25
      37
      34
      26
      22
      25
      26
      19
      20
      28
      37
      55
      63
      55
      43
      43
      34
      35
      27
      21
      23
      16
      27
      32
      31
      27
      22
      18
      23
      32
      37
      33
      34
      33
      36
      23
      23
      16
      27
      24
      22
      16
      22
      26
      26
      30
      21
      23
      24
      22
      27
      33
      23
      25
      35
      39
      37
      24
      32
      23
      19
      22
      18
      24
      23
      15
      26
      26
      23
      23
      25
      23
      18
      25
      22
      22
      27
      23
      25
      29
      31
      30
      28
      16
      24
      23
      17
      23
      31
      26
      23
      31
      21
      30
      28
      19
      39
      42
      54
      45
      40
      41
      29
      34
      19
      26
      25
      21
      21
      19
      20
      20
      17
      18
      22
      28
      20
      18
      33
      20
      26
      20
      19
      21
      19
      25
      23
      22
      23
      17
      20
      17
      31
      19
      24
      28
      17
      25
      31
      24
      23
      20
      23
      25
      18
      35
      16
      20
      23
      20
      17
      18
      26
      16
      20
      19
      32
      35
      34
      30
      29
      16
      19
      18
      26
      31
      10
      21
      31
      30
      25
      22
      23
      21
       9
      18
      17
      14
      25
      29
      13
      28
      20
      25
      26
      32
      17
      24
      32
      33
      33
      61
      49
      55
      42
      32
      29
      19
      25
      25
      19
      18
      12
      16
      14
      23
      26
      29
      26
      10
      20
      21
      22
      25
      26
      28
      27
      29
      39
      38
      36
      33
      21
      24
      19
      20
      28
      15
      23
      16
      28
      20
      26
      20
      34
      22
      12
      22
      20
      20
      17
      20
      22
      23
      23
      15
      19
      24
      27
      26
      22
      25
      21
      16
      22
      23
      18
      14
      23
      18
      13
      28
      22
      16
      19
      20
      27
      27
      21
      17
      25
      16
      21
      23
      16
      16
      16
      22
      18
      17
      24
      21
      27
      23
      20
      22
      20
      13
      24
      20
      18
      12
      21
      15
      22
      17
      24
      18
      13
      22
      25
      30
      27
      19
      17
      18
      31
      16
      19
      26
      13
      20
      18
      18
      21
      24
      21
      21
      19
      25
      20
      16
      15
      20
      20
      24
      22
      19
      22
      21
      18
      18
      20
      18
      10
      28
      20
      31
      23
      27
      32
      41
      59
      84
     101
     127
     112
      62
      56
      35
      27
      21
      21
      19
      17
      13
      22
      18
      14
      18
      16
      23
      14
      11
      13
      16
      32
      24
      31
       9
      21
      23
      17
      16
      12
      24
      21
      13
      26
      18
      18
      22
      20
      21
      16
      17
      13
      18
      14
      21
      13
      14
      20
      27
      19
      23
      10
      18
      22
      19
      33
      23
      21
      25
      28
      22
      18
      18
      15
      22
      22
       8
      15
      22
      24
      18
      19
      15
      17
      18
      17
      12
      13
      21
      15
      27
      23
      12
      20
      17
      19
      12
      17
      26
      19
      20
      25
      19
      19
      17
      19
      24
      14
      22
      19
      16
      13
      19
      23
      23
      25
      17
      25
      29
      17
      15
      12
      10
      13
      16
      22
      18
      19
      16
      14
      28
      14
      15
      14
      18
      17
      14
      20
      22
      21
      22
      28
      41
      39
      28
      37
      24
      26
      19
      25
      21
      47
      68
      74
      80
      60
      53
      26
      30
      15
      19
      10
      17
      23
      19
      24
      14
      11
      16
      16
      12
      22
      19
      20
       7
      23
      15
      13
      16
      21
       8
      19
      16
      20
      16
      20
      15
      24
      15
      17
      22
      15
      17
      20
      16
      16
      22
      20
      14
      14
      10
      14
      17
      13
      17
      19
      20
      27
      21
      11
      22
      26
      22
      22
      22
      14
      10
      13
      10
      19
       9
      16
      18
      14
      17
       9
      18
      15
      17
      26
      18
      17
      19
      25
      13
      16
      18
      25
      18
      18
      15
      13
      18
      14
      17
      17
      14
      10
      17
      10
      15
      20
      16
       8
      21
      16
      21
      20
       8
      28
      17
      14
      12
      20
      22
      20
      27
      13
      15
      14
      19
      10
      20
      19
      12
      14
      10
      15
      11
      12
      15
      15
      19
      15
      16
      17
      19
      22
      16
      18
      15
      17
      14
      11
      10
      17
      14
      15
      19
      10
      17
      17
      18
      19
      17
      14
      21
      14
      11
      14
      13
      20
      24
      19
      14
      14
      12
      18
      11
      17
      18
      18
      20
      11
      19
      16
      13
      11
      18
      15
      16
      15
      20
      21
      14
      13
      11
      10
      14
      18
      18
      14
      15
      19
      15
      10
      13
      19
      13
      18
      26
      21
      12
      17
      14
      15
      14
      16
      26
      19
      28
      23
      20
      17
      19
      16
      19
      14
      14
      18
       8
      19
      24
      16
       9
      18
      11
      24
      21
      15
      18
      17
       9
      13
      13
      20
      15
      16
      12
      19
      19
      19
      12
      19
      10
      22
      14
      12
      13
      15
      16
      11
      17
      11
      13
      16
      16
      12
       9
      11
      14
       8
      11
      23
      14
       8
      13
      14
      21
      11
      18
      25
      18
      20
      12
      12
      20
      12
      20
       9
      11
      21
      21
       9
      14
      20
      15
      18
      23
      17
      12
      22
      13
      11
       6
      19
      15
      20
      24
      11
      12
      12
      15
      17
      15
       8
      16
      18
      14
      19
      18
      17
      15
      16
      19
      13
      21
      11
      21
      17
      15
      22
      18
      16
       9
       9
      13
      17
      12
      19
      20
      14
      14
      18
      16
      13
      10
      16
      20
      14
      23
      14
      18
       9
      25
      11
      21
      11
      16
      19
      20
      20
      18
      18
      19
      16
      14
      18
      21
      14
      16
      23
      15
      20
      14
      20
      29
      29
      48
      52
      26
      34
      33
      17
      26
      30
      27
      19
      34
      43
      64
      67
      71
      72
      34
      27
      17
      19
      12
      19
      19
      13
       9
      10
      14
      22
      21
      14
      16
      16
      20
      14
      11
      11
      18
      19
      16
      18
      19
      14
      12
      16
      18
      13
      17
      21
      16
      18
      11
      24
      14
      16
      14
      12
      13
      15
      12
      10
      18
      15
       7
      16
      16
      19
      18
      16
      13
      18
      21
      21
      13
      10
      15
      20
      16
      19
      17
      16
      19
      17
      16
      16
      10
      21
      21
      18
      14
      17
      18
      13
       5
      13
      28
      19
      29
      19
      22
      23
      18
      31
      18
      14
      18
      14
      12
      16
      16
      18
      16
      23
      14
      23
      15
      19
      17
      14
      12
      12
      11
      19
      17
      18
      15
      24
      17
      23
      19
      14
      16
      16
      17
      23
      15
      13
      22
      15
      18
      16
      22
      33
      30
      39
      37
      54
      44
      45
      19
      20
      27
      14
       5
      23
      15
      13
      17
      15
      15
      15
      19
      16
      18
       6
      16
      12
      17
      21
      12
      14
      24
      17
      17
      17
      21
      15
      18
      15
      20
      16
      20
      17
      11
      10
      16
      19
      19
      16
      15
      20
      19
      17
      15
      19
      17
      23
      15
      15
      23
      21
      13
      17
      17
      20
      13
      14
      15
      21
      17
      14
      17
      16
      18
      10
      20
      21
      11
      16
      15
      13
      18
      19
      20
      15
      15
      17
      18
      26
      12
      13
      19
      20
      15
      20
      18
      14
      20
      17
      10
      16
      13
      18
      18
      16
      14
      18
      15
      14
      18
      17
      15
      16
      14
      24
      17
      14
      12
      14
      15
      17
      20
      15
      17
      22
      11
      12
      15
      13
      12
      13
      20
      20
      16
      15
      18
      16
      21
      18
      15
      15
      15
      14
      16
      16
      15
      16
      20
      15
      18
      19
       9
      17
      14
      17
      14
      18
      17
      18
      10
      19
      11
      19
      17
      21
      23
      29
      37
      45
      31
      19
      23
      14
      22
      16
      13
      16
      17
      15
      22
      14
      21
      18
      19
      16
      11
      18
      11
      21
       9
      22
      15
      16
      18
       9
       9
      11
       7
       6
      16
      15
      14
       9
      17
      18
      13
      14
      13
      14
       9
      13
       9
      10
      16
      11
      14
      16
       9
       9
       6
       8
      14
       9
       8
      12
       5
      11
      12
      11
      10
      13
      16
       8
      11
      11
      12
      12
      10
      11
      11
      14
      16
      17
      14
      12
      12
      13
       8
       3
      11
      12
      12
       9
       7
      13
      12
      10
      13
      15
       9
      18
      12
      10
      12
       8
       9
       8
       8
       7
      12
      14
      13
      12
      10
      16
      16
      15
       7
      12
      11
      11
      14
       6
       8
      11
       8
       9
      18
       7
      11
      10
      12
      15
       6
      12
      10
      11
      10
      15
       5
       6
      11
      12
       7
       7
      15
       6
      13
      10
      13
       4
       7
      11
      10
      11
      11
      10
       7
      13
      12
      11
      11
       9
      12
       7
       9
       8
       5
      13
       8
       8
       8
      14
      12
       7
       9
      13
       7
       6
       5
      16
      12
       8
       8
       9
       7
       6
      13
       8
      12
       9
      12
      10
       5
       5
       8
       9
      10
       5
      12
       7
      10
      12
       8
       8
       7
       9
      13
      11
       9
       8
       9
      16
      18
       8
       7
      11
      15
       8
      16
       7
       7
       5
       7
       7
      13
       8
       8
       8
       5
       7
       9
       9
       7
       5
       6
       6
       6
      10
      13
      32
      22
      33
      36
      42
      38
      12
      11
      10
      11
       9
      15
      15
       6
       4
       7
       5
       6
       8
       3
       9
       7
       9
      14
       6
       7
       7
       6
       6
       4
       6
       7
       5
       5
       8
       6
       6
       5
       7
       9
       9
       8
       6
       6
       6
       6
       1
       7
      12
       4
       5
      17
       9
       6
       8
       9
       5
       5
      13
       7
      15
       7
       5
       8
       8
       8
       9
      12
       8
       9
       7
       8
       6
       7
       3
       8
       8
       7
       6
      10
       4
       5
       7
       7
       6
       7
       9
      11
       9
       5
       4
       4
       5
       7
       6
      11
       3
      10
      11
       5
       5
       6
       4
       5
       6
       6
      12
       8
       6
       4
       4
       4
      13
      11
      19
      18
      13
      11
      20
      10
       6
       7
       5
       8
       9
       4
       7
       5
       7
       9
       6
       8
       8
       7
       5
       3
      10
       7
       3
       4
       6
       4
       7
       3
       3
       6
       5
       6
       5
       4
       4
       6
       4
       6
       6
       4
       9
       9
       9
       5
       8
       8
       3
       6
       6
       1
       5
       6
       7
       6
       2
       3
       7
       9
      11
       9
      12
      12
       9
       1
       7
       7
       9
       6
       5
       2
       5
       6
       6
       8
       4
      11
       8
       9
       5
       9
       2
       3
       3
       8
       4
       4
       7
       3
       5
       4
       3
       0
       6
       6
       4
       5
       6
       5
       3
      10
       5
       4
       2
       6
       7
       4
       7
       8
       7
       7
       6
       7
       6
       3
       4
       5
       3
       6
       5
       5
       4
       2
       5
       9
       0
       6
       8
       8
       4
       5
       3
       6
       3
       9
       2
       1
      10
       4
       4
       4
       6
       6
       1
       4
       3
       7
       5
       3
       4
       8
       4
       7
       8
       4
       6
       2
       5
       4
       8
       4
       6
       3
       8
       2
       3
       7
      11
       6
       5
       3
      10
       9
       6
       4
       1
      11
       4
       8
       8
       8
       8
       8
       2
       5
       8
       6
       6
       7
       6
       5
       6
       5
      11
       2
       6
       7
       9
      11
       5
      13
      15
      38
      75
     140
     215
     315
     395
     437
     375
     305
     187
      90
      42
      13
       4
       4
       5
       3
       2
       4
       4
       6
       2
       2
       3
       1
       1
       4
       6
       2
       6
       2
       3
       2
       4
       1
       3
       3
       6
       3
       5
       6
       1
       2
       7
       4
       7
       3
       4
       4
       2
       3
       3
       2
       3
       4
       5
       4
       4
       5
       3
       6
       1
       2
       1
       4
       6
       4
       2
       6
       4
       0
       5
       3
       3
       4
       2
       2
       1
       3
       0
       4
       4
       8
       5
       3
       1
       1
       1
       1
       5
       2
       6
       3
       6
      11
       5
       2
       3
       6
       2
       3
       2
       3
       1
       2
       5
       9
       3
       4
       3
       2
       2
       0
       1
       4
       4
       3
       3
       4
       8
       1
       6
       2
       4
       6
       9
      10
       9
       9
       5
       7
       6
       7
       4
       8
       5
       3
       4
       3
       5
       4
       7
       3
       4
       6
       3
       4
       3
       6
       1
       4
       3
       1
       3
       0
       4
       6
       4
       6
       4
       5
       2
       5
       6
       2
       2
       5
       1
       1
       0
       3
       5
       2
       3
       2
       5
       0
       4
       2
       4
       6
       1
       6
       2
       4
       3
       3
       4
       0
       2
       3
       6
       5
       0
       4
       3
       3
       1
       6
       4
       3
       1
       2
       8
       7
       3
       3
       1
       2
       2
       3
       2
       6
       6
       3
       1
       2
       1
       4
       4
       1
       4
       5
       1
       3
       5
       3
       3
       0
       7
       2
       2
       1
       4
       3
       1
       2
       6
       1
       5
       0
       2
       1
       0
       4
       1
       3
       5
       6
       2
       3
       4
       2
       6
       2
       0
       1
       0
       2
       3
       4
       2
       1
       2
       3
       3
       3
       0
       4
       1
       2
       2
       3
       5
       5
       4
       1
       4
       1
       4
       1
       4
       3
       3
       7
       3
       0
       2
       3
       4
       2
       3
       0
       0
       1
       4
       2
       2
       1
       1
       2
       3
       3
       4
       6
       6
       4
       4
       4
       4
       4
       9
       6
       6
       3
       2
       8
       3
       0
       6
       6
      10
      20
       5
      13
      17
       2
       3
       9
       5
       4
      14
      11
      13
      13
      17
      11
      13
       4
       6
       2
       2
       2
       1
       5
       2
       2
       2
       7
       2
       6
       3
       1
       2
       1
       3
       3
       5
       5
       1
       5
       6
       2
       0
       2
       2
       1
       1
       1
       2
       1
       4
       1
       1
       5
       1
       9
       2
       1
       3
       2
       2
       6
       2
       6
       2
       1
       1
       4
       0
       2
       2
       2
       6
       4
       1
       2
       2
       0
       4
       3
       5
       4
       2
       7
       5
       8
       4
       2
       2
       4
       5
       2
       1
       2
       0
       5
       0
       5
       0
       1
       0
       2
       4
       4
       5
       6
       6
       6
       5
       5
       2
       3
       0
       3
       2
       3
       0
       3
       3
       3
       3
       2
       1
       4
       2
       4
       4
       1
       6
       2
       3
       2
       1
       0
       2
       6
       2
       3
       2
       4
       1
       0
       0
       1
       3
       4
       1
       0
       1
       3
       1
       4
       4
       2
       1
       1
       3
       2
       1
       3
       1
       2
       2
       2
       1
       1
       2
       1
       3
       1
       3
       3
       1
       2
       3
       4
       0
       1
       4
       0
       2
       2
       4
       5
       4
       4
       5
       2
       6
       1
       1
       3
       5
       1
       4
       2
       3
       2
       1
       5
       3
       3
       1
       2
       1
       1
       4
       6
       3
       3
       1
       0
       1
       4
       0
       2
       1
       6
       1
       2
       1
       1
       1
       1
       4
       5
       2
       5
       1
       1
       1
       5
       3
       5
       0
       3
       5
       2
       4
       2
      10
       2
       1
       3
       0
       3
       1
       1
       1
       3
       2
       4
       3
       4
       4
       0
       3
       3
       2
       4
       1
       5
       3
       3
       3
       2
       2
       0
       6
       1
       5
       1
       1
       4
       4
       1
       2
       4
       2
       1
       0
       2
       4
       2
       3
       4
       1
       1
       3
       2
       2
       1
       2
       4
       1
       3
       1
       4
       3
       0
       3
       3
       3
       1
       4
       0
       1
       2
       1
       3
       4
       3
       0
       2
       1
       3
       2
       2
       0
       1
       4
       2
       3
       1
       1
       2
       2
       2
       1
       1
       3
       4
       1
       1
       5
       1
       3
       3
       2
       3
       4
       1
       1
       3
       1
       3
       2
       2
       8
       2
       3
       6
       9
       6
       5
      11
      10
       4
       4
       3
       3
       2
       1
       2
       2
       3
       3
       1
       2
       1
       2
       1
       2
       2
       2
       0
       3
       2
       2
       3
       1
       2
       1
       2
       1
       1
       1
       1
       2
       1
       1
       1
       1
       1
       2
       2
       1
       4
       2
       0
       3
       2
       5
       1
       3
       1
       1
       1
       2
       4
       1
       3
       2
       0
       2
       3
       1
       3
       5
       1
       4
       1
       1
       2
       5
       3
       1
       2
       3
       4
       2
       1
       1
       3
       3
       7
       7
      12
       8
      15
      30
      34
      34
      34
      23
      19
      12
       5
       2
       2
       3
       1
       1
       0
       0
       2
       4
       3
       2
       1
       1
       2
       2
       2
       0
       1
       2
       4
       2
       0
       1
       1
       0
       6
       3
       0
       2
       1
       1
       2
       4
       1
       0
       1
       1
       2
       2
       1
       2
       0
       1
       3
       0
       0
       2
       2
       4
       3
       1
       0
       2
       1
       3
       2
       2
       3
       1
       2
       1
       0
       3
       4
       6
       2
       0
       2
       1
       1
       2
       3
       2
       1
       3
       1
       2
       2
       2
       1
       1
       1
       0
       2
       2
       2
       3
       2
       4
       2
       1
       2
       0
       1
       2
       1
       1
       1
       1
       1
       3
       1
       4
       3
       2
       2
       1
       1
       1
       2
       2
       0
       1
       2
       3
       1
       1
       1
       3
       3
       2
       0
       0
       2
       4
       0
       2
       3
       2
       1
       3
       0
       3
       1
       0
       0
       1
       2
       1
       0
       2
       5
       1
       3
       1
       2
       1
       1
       2
       0
       2
       2
       0
       3
       1
       1
       1
       2
       0
       4
       1
       2
       0
       0
       4
       5
       2
       2
       1
       5
       3
       3
       0
       2
       2
       1
       5
       2
       3
       4
       3
       1
       3
       3
       1
       1
       4
       4
       1
       2
       3
       2
       4
       0
       2
       3
       3
       4
       3
       7
       4
       5
       5
       8
       3
       6
       3
       4
       3
       3
       3
       1
       2
       4
       0
       2
       2
       1
       2
       0
       2
       1
       3
       2
       1
       1
       2
       0
       3
       0
       3
       2
       1
       3
       3
       3
       1
       4
       2
       6
       2
       1
       3
       2
       2
       3
       1
       1
       0
       2
       2
       2
       1
       0
       2
       4
       3
       0
       2
       1
       0
       0
       2
       1
       2
       3
       3
       1
       1
       5
       1
       1
       4
       3
       1
       4
       1
       0
       0
       5
       1
       2
       3
       3
       3
       3
       3
       1
       2
       1
       0
       4
       3
       2
       1
       2
       1
       2
       1
       0
       4
       1
       6
       3
       3
       4
       4
       4
       3
       1
       0
       2
       1
       4
       5
       3
       3
       2
       2
       2
       0
       0
       4
       6
       0
       0
       2
       1
       1
       2
       1
       3
       3
       1
       2
       0
       1
       2
       1
       2
       2
       1
       2
       4
       1
       2
       3
       4
       3
       1
       0
       2
       3
       3
       5
       5
       1
       2
       2
       3
       2
       4
       2
       7
       0
       1
       1
       2
       1
       2
       1
       4
       1
       3
       2
       1
       2
       1
       2
       2
       3
       2
       1
       1
       0
       3
       1
       2
       3
       2
       1
       5
       3
       1
       2
       1
       0
       3
       1
       2
       2
       3
       1
       3
       8
       3
       3
       2
       2
       3
       3
       2
       2
       2
       4
       1
       1
       3
       2
       2
       0
       1
       0
       3
       1
       1
       0
       3
       3
       0
       2
       2
       7
       3
       2
       2
       3
       0
       3
       2
       1
       4
       1
       0
       2
       2
       0
       1
       5
       3
       2
       4
       4
       2
       0
       1
       6
       1
       0
       3
       1
       1
       3
       3
       3
       2
       1
       2
       0
       1
       1
       1
       1
       0
       4
       1
       2
       2
       5
       3
       4
       1
       2
       4
       3
       4
       2
       1
       3
       1
       1
       0
       2
       1
       0
       2
       1
       3
       1
       2
       2
       1
       1
       6
       2
       3
       1
       2
       0
       1
       2
       2
       1
       0
       2
       2
       3
       1
       0
       1
       0
       2
       0
       2
       0
       2
       1
       1
       2
       1
       0
       0
       2
       7
       1
       4
       2
       2
       4
       5
       2
       0
       1
       0
       5
       2
       1
       5
       1
       3
       0
       1
       5
       1
       3
       0
       1
       2
       2
       2
       2
       1
       0
       3
       2
       1
       0
       2
       3
       4
       4
       0
       0
       2
       1
       1
       1
       1
       2
       1
       2
       4
       4
       0
       0
       1
       0
       4
       1
       2
       0
       1
       3
       1
       2
       2
       4
       2
       1
       2
       3
       4
       0
       0
       1
       0
       1
       4
       2
       0
       1
       1
       0
       3
       2
       3
       2
       1
       0
       2
       2
       0
       0
       0
       0
       1
       1
       2
       3
       2
       0
       3
       1
       1
       1
       3
       2
       0
       0
       5
       1
       2
       1
       1
       1
       1
       7
       1
       1
       2
       2
       2
       2
       0
       1
       0
       1
       2
       0
       3
       2
       2
       2
       3
       3
       4
       1
       1
       1
       2
       1
       2
       2
       2
       1
       2
       1
       2
       1
       1
       0
       0
       3
       1
       2
       2
       4
       3
       1
       1
       2
       0
       2
       1
       0
       5
       1
       1
       2
       2
       1
       0
       5
       2
       2
       3
       1
       1
       1
       0
       1
       1
       2
       1
       0
       4
       0
       1
       3
       0
       0
       1
       0
       3
       4
       0
       0
       0
       1
       6
       1
       1
       0
       6
       0
       1
       1
       4
       0
       0
       1
       2
       1
       2
       1
       1
       3
       1
       3
       0
       4
       1
       3
       0
       0
       1
       3
       0
       2
       1
       2
       1
       0
       1
       2
       2
       2
       2
       4
       2
       3
       1
       0
       0
       1
       4
       2
       1
       4
       0
       1
       0
       1
       3
       0
       0
       1
       2
       2
       1
       1
       1
       1
       1
       3
       2
       0
       2
       4
       1
       1
       3
       1
       2
       3
       3
       2
       2
       2
       3
       0
       2
       1
       1
       2
       1
       0
       1
       3
       0
       2
       0
       3
       0
       2
       3
       1
       3
       1
       2
       0
       3
       3
       4
       5
       6
       8
      10
      14
       8
       5
       6
      10
       5
       1
       3
       0
       2
       1
       2
       2
       1
       2
       3
       5
       1
       2
       3
       3
       1
       0
       0
       1
       1
       1
       2
       0
       3
       2
       2
       1
       0
       2
       6
       2
       6
       3
       3
       8
       3
       2
       2
       1
       1
       2
       1
       3
       2
       1
       3
       3
       1
       3
       2
       3
       2
       4
       1
       4
       2
       2
       1
       2
       2
       0
       2
       2
       1
       3
       0
       0
       2
       1
       2
       2
       1
       0
       1
       0
       1
       2
       3
       0
       4
       1
       1
       2
       1
       1
       2
       3
       0
       2
       0
       1
       0
       4
       1
       2
       1
       1
       1
       2
       0
       2
       1
       4
       2
       2
       0
       0
       2
       3
       2
       2
       2
       2
       0
       1
       0
       4
       2
       2
       3
       6
       1
       0
       2
       1
       1
       2
       2
       0
       1
       2
       2
       1
       2
       3
       0
       3
       2
       1
       2
       0
       1
       1
       2
       0
       2
       0
       3
       0
       3
       1
       3
       2
       1
       2
       2
       2
       1
       3
       5
       3
       1
       1
       2
       2
       1
       1
       1
       1
       2
       2
       0
       3
       1
       1
       1
       2
       1
       0
       2
       1
       4
       3
       2
       2
       2
       3
       0
       0
       2
       0
       0
       3
       2
       1
       1
       1
       1
       4
       2
       3
       1
       2
       2
       1
       3
       2
       1
       0
       2
       2
       1
       0
       0
       0
       1
       1
       1
       1
       2
       4
       1
       3
       1
       4
       2
       3
       1
       2
       1
       0
       5
       3
       2
       2
       0
       3
       0
       5
       4
       0
       4
       6
      10
       8
       9
      15
       5
      16
       4
       0
       2
       2
       2
       2
       3
       1
       3
       0
       0
       1
       4
       2
       3
       1
       1
       1
       3
       4
       3
       2
       0
       2
       2
       0
       2
       3
       2
       1
       2
       2
       0
       1
       0
       1
       2
       2
       1
       0
       1
       1
       1
       4
       1
       1
       1
       3
       1
       3
       2
       3
       2
       0
       2
       2
       0
       0
       0
       1
       1
       5
       2
       0
       2
       2
       0
       1
       2
       2
       2
       1
       4
       1
       2
       2
       2
       2
       1
       2
       2
       5
       2
       3
       1
       3
       1
       0
       0
       3
       2
       2
       0
       4
       2
       3
       1
       1
       4
       2
       1
       2
       2
       2
       1
       2
       3
       2
       3
       1
       2
       1
       1
       3
       4
       2
       0
       1
       1
       1
       0
       2
       0
       2
       1
       2
       4
       3
       1
       2
       0
       3
       1
       3
       2
       1
       2
       2
       1
       3
       0
       2
       1
       2
       1
       1
       1
       4
       1
       2
       2
       1
       1
       2
       2
       0
       3
       3
       4
       1
       5
       0
       3
       1
       4
       2
       5
       3
       1
       4
       0
       1
       0
       2
       4
       3
       0
       3
       0
       6
       2
       2
       2
       2
       1
       2
       4
       0
       2
       1
       1
       0
       2
       3
       1
       0
       1
       4
       1
       1
       1
       1
       1
       2
       1
       1
       5
       3
       3
       4
       3
       0
       1
       3
       0
       1
       0
       3
       1
       2
       2
       4
       1
       1
       2
       3
       1
       1
       0
       3
       2
       1
       1
       0
       2
       2
       5
       1
       2
       3
       3
       1
       0
       2
       1
       3
       1
       3
       0
       4
       2
       0
       3
       2
       2
       1
       1
       0
       1
       2
       1
       2
       4
       1
       3
       0
       3
       2
       3
       4
       2
       3
       2
       1
       0
       2
       0
       2
       3
       3
       2
       2
       1
       3
       1
       1
       0
       2
       3
       0
       6
       3
       0
       3
       4
       1
       1
       4
       2
       2
       2
       1
       1
       0
       1
       1
       2
       0
       3
       0
       0
       1
       0
       3
       2
       3
       0
       2
       1
       2
       5
       4
       2
       2
       5
       2
       2
       1
       4
       4
       1
       1
       4
       2
       3
       6
       1
       1
       3
       1
       1
       1
       2
       1
       1
       5
       3
       1
       5
       4
       2
       0
       3
       2
       3
       3
       4
       7
       0
       1
       2
       2
       1
       1
       1
       0
       3
       1
       1
       1
       3
       1
       1
       0
       1
       4
       2
       4
       3
       1
       0
       2
       1
       3
       2
       4
       1
       1
       0
       0
       4
       0
       3
       1
       0
       2
       2
       4
       2
       3
       1
       3
       1
       3
       2
       2
       5
       2
       3
       2
       0
       2
       5
       2
       5
       1
       0
       1
       1
       4
       1
       3
       1
       0
       3
       0
       2
       4
       3
       2
       3
       2
       2
       2
       9
       3
       4
       2
       1
       1
       1
       4
       2
       1
       1
       0
       2
       2
       2
       2
       1
       0
       1
       0
       1
       1
       2
       1
       1
       0
       1
       3
       1
       1
       0
       0
       1
       1
       0
       3
       2
       0
       0
       0
       1
       0
       0
       1
       1
       1
       2
       0
       1
       0
       1
       1
       2
       4
       0
       1
       2
       3
       2
       0
       0
       1
       0
       1
       2
       1
       0
       0
       1
       0
       2
       0
       0
       0
       0
       0
       0
       0
       5
       1
       0
       0
       0
       2
       1
       1
       2
       0
       1
       0
       2
       1
       1
       1
       2
       1
       2
       2
       3
       0
       1
       2
       2
       1
       4
       1
       4
       0
       2
       2
       0
       1
       0
       6
       1
       1
       0
       6
       0
       1
       1
       1
       2
       2
       3
       0
       1
       0
       0
       0
       1
       0
       0
       0
       0
       0
       0
       2
       2
       1
       0
       1
       1
       1
       2
       0
       0
       0
       2
       0
       3
       8
       4
       3
       1
       1
       1
       1
       0
       0
       2
       2
       1
       2
       2
       1
       4
       3
       2
       4
       3
       5
       4
       1
       4
       4
       1
       1
       2
       2
       1
       1
       2
       1
       2
       0
       1
       0
       1
       0
       0
       1
       0
       3
       0
       1
       2
       1
       0
       0
       3
       0
       0
       0
       1
       1
       2
       1
       1
       0
       1
       0
       0
       2
       0
       0
       0
       0
       0
       1
       0
       1
       1
       0
       1
       0
       0
       1
       0
       2
       0
       1
       0
       0
       1
       0
       2
       0
       1
       0
       2
       3
       1
       1
       1
       1
       1
       0
       2
       0
       0
       0
       0
       1
       1
       0
       0
       1
       1
       3
       4
       0
       0
       1
       0
       1
       0
       1
       1
       1
       0
       1
       1
       3
       0
       1
       1
       1
       0
       1
       1
       0
       0
       2
       0
       0
       0
       0
       0
       0
       0
       0
       0
       1
       2
       0
       0
       0
       0
       1
       1
       2
       0
       0
       1
       0
       1
       1
       0
       0
       1
       0
       1
       0
       0
       0
       1
       0
       0
       0
       2
       1
       1
       0
       1
       0
       0
       0
       0
       0
       0
       0
       2
       0
       0
       2
       0
       0
       1
       0
       1
       0
       0
       0
       2
       0
       0
       0
       1
       0
       1
       0
       0
       0
       0
       1
       0
       1
       0
       0
       0
       0
       0
       0
       1
       0
       0
       0
       0
       1
       1
       0
       0
       0
       0
       0
       0
       1
       0
       1
       0
       0
       0
       0
       0
       1
       0
       0
       0
       1
       0
       0
       1
       1
       0
       0
       0
       0
       0
       1
       0
       0
       0
       1
       1
       0
       0
       0
       0
       0
       1
       0
       0
       0
       0
       1
       0
       1
       0
       0
       1
       0
       1
       1
       1
       0
       0
       0
       1
       1
       1
       0
       0
       0
       0
       0
       1
       0
       0
       0
       1
       0
       0
       1
       1
       0
       0
       0
       0
       0
       2
       1
       1
       0
       0
       0
       0
       0
       0
       1
       1
       0
       1
       0
       0
       0
       0
       0
       0
       0
       0
       0
       0
       0
       0
       2
       0
       0
       0
       0
       1
       0
       0
       0
       1
       0
       0
       0
       1
       0
       0
       0
       1
       2
       1
       1
       1
       0
       1
       0
       0
       0
       0
       0
       0
       0
       0
       0
       0
       1
       0
       0
       0
       0
       0
       0
       1
       1
       0
       0
       0
       1
       1
       1
       1
       0
       0
       0
       0
       0
       1
       0
       0
       0
       2
       1
       0
       0
       0
       0
       2
       0
       0
       0
       1
       3
       0
       0
       0
       0
       1
       0
       1
       3
       0
       1
       0
       0
       0
       2
       1
       0
       0
       0
       0
       0
       1
       2
       0
       0
       0
       0
       1
       0
       1
       0
       3
       5
       7
      11
      18
      30
      29
      61
      65
      61
      66
      42
      44
      23
      10
       8
       4
       3
       0
       0
       0
       0
       0
       0
       0
       0
       0
       0
       0
       0
       0
       1
       0
       0
       0
       0
       0
       1
       0
       0
       0
       1
       0
       0
       0
       0
       0
       0
       0
       0
       0
       0
       0
       0
       0
       0
       0
       1
       0
       0
       0
       0
       0
       0
       0
       0
       0
       0
       0
       0
       0
       0
       0
       0
       0
       1
       0
       0
       0
       0
       0
       0
       0
       0
       0
       0
       0
       0
       0
       0
       0
       0
       0
       0
       0
       0
       0
       0
       0
       0
       0
       1
       0
       1
       0
       1
       0
       0
       0
       0
       0
       0
       1
       0
       0
       0
       0
       0
       0
       0
       0
       0
       1
       0
       0
       0
       0
       1
       0
       0
       0
       0
       0
       0
       0
       0
       0
       0
       0
       0
       1
       0
       0
       0
       0
       0
       0
       0
       0
       1
       0
       0
       0
       0
       0
       0
       0
       0
       0
       1
       0
       0
       0
       0
       0
       0
       0
       0
       0
       1
       0
       0
       0
       0
       0
       0
       0
       0
       0
       0
       0
       0
       0
       0
       0
       0
       0
       0
       0
       0
       0
       0
       0
       0
       0
       0
       0
       0
       1
       0
       0
       0
       0
       1
       0
       0
       0
       0
       0
       1
       0
       0
       0
       0
       0
       0
       0
       0
       0
       0
       0
       0
       0
       1
       0
       0
       0
       0
       0
       0
       0
       0
       0
       0
       0
       0
       0
       0
       0
       0
       0
       0
       0
       0
       1
       0
       0
       0
       0
       0
       0
       0
       0
       0
       0
       0
       0
       0
       0
       0
       0
       1
       0
       0
       0
       0
       1
       0
       0
       0
       1
       0
       0
       0
       1
       0
       0
       0
       0
       0
       0
       0
       0
       0
       0
       0
       0
       0
       0
       0
       0
       0
       0
       0
       0
       0
       0
       0
       0
       0
       0
       0
       0
       0
       1
       0
       0
       0
       0
       0
       0
       0
       0
       0
       0
       0
       0
       0
       0
       0
       0
       0
       0
       0
       0
       0
       0
       0
       0
       0
       0
       0
       0
       0
       0
       0
       0
       0
       0
       0
       0
       0
       0
       0
       0
       0
       0
       0
       0
       1
       0
       0
       0
       0
       0
       0
       0
       0
       0
       0
       0
       0
       0
       0
       1
       0
       0
       0
       0
       0
       0
       0
       0
       0
       0
       0
       0
       0
       0
       0
       0
       0
       0
       0
       0
       0
       0
       1
       0
       0
       0
       0
       0
       0
       0
       0
       0
       0
       0
       1
       0
       0
       0
       0
       0
       0
       0
       0
       0
       0
       0
       0
       0
       1
       0
       0
       0
       0
       0
       0
       0
       0
       0
       0
       0
       0
       0
       0
       0
       0
       0
       0
       0
       0
       0
       0
       0
       0
       0
       0
       1
       0
       0
       0
       0
       0
       0
       0
       0
       0
       0
       0
       0
       0
       0
       0
       0
       0
       0
       0
       0
       0
       0
       0
       0
       0
       0
       0
       0
       0
       0
       0
       0
       0
       0
       1
       0
       0
       0
       0
       0
       0
       0
       0
       0
       0
       0
       0
       0
       0
       0
       0
       0
       0
       0
       0
       0
       1
       0
       0
       0
       0
       0
       0
       0
       0
       0
       0
       0
       0
       0
       0
       0
       0
       0
       0
       0
       1
       0
       0
       0
       0
       0
       0
       0
       0
       0
       0
       0
       0
       0
       0
       0
       0
       1
       0
       0
       0
       0
       0
       0
       0
       0
       0
       0
       0
       0
       1
       0
       0
       0
       0
       0
       0
       0
       0
       0
       0
       0
       0
       0
       0
       0
       0
       0
       0
       0
       0
       0
       0
       0
       0
       0
       0
       0
       0
       0
       0
       0
       0
       0
       0
       0
       0
       0
       0
       0
       0
       0
       0
       0
       0
       0
       0
       0
       0
       0
       0
       0
       0
       0
       0
       0
       0
       0
       0
       0
       0
       0
       1
       0
       0
       0
       0
       0
       0
       0
       0
       0
       0
       0
       0
       0
       0
       0
       0
       0
       0
       0
       0
       0
       0
       0
       0
       0
       1
       0
       0
       0
       0
       0
       1
       0
       0
       0
       0
       0
       0
       0
       0
       0
       0
       0
       0
       0
       0
       0
       0
       0
       0
       0
       0
       0
       0
       0
       1
       0
       0
       0
       0
       0
       1
       0
       0
       0
       0
       0
       0
       0
       0
       0
       0
       0
       1
       0
       0
       0
       0
       0
       0
       0
       0
       0
       0
       0
       0
       0
       0
       0
       0
       0
       0
       0
       0
       0
       0
       0
       0
       0
       0
       0
       0
       0
       0
       0
       0
       0
       0
       0
       0
       0
       0
       0
       0
       0
       0
       0
       0
       0
       0
       0
       0
       0
       0
       0
       0
       0
       0
       0
       0
       0
       0
       0
       0
       1
       0
       0
       0
       0
       0
       0
       0
       1
       0
       0
       0
       0
       0
       0
       0
       1
       0
       0
       0
       0
       0
       0
       0
       0
       0
       0
       0
       0
       0
       0
       0
       0
       0
       0
       0
       1
       0
       0
       0
       0
       0
       0
       0
       0
       0
       0
       0
       0
       0
       0
       0
       0
       0
       0
       0
       0
       0
       0
       0
       0
       0
       0
       1
       0
       0
       0
       0
       0
       0
       0
       0
       0
       0
       0
       0
       0
       0
       0
       0
       0
       0
       0
       0
       0
       0
       0
       0
       0
       0
       0
       0
       0
       0
       0
       0
       0
       0
       0
       0
       0
       0
       0
       0
       0
       0
       0
       0
       0
       0
       0
       0
       0
       0
       0
       0
       0
       1
       0
       0
       0
       0
       0
       0
       1
       0
       0
       0
       0
       0
       0
       0
       1
       0
       1
       0
       0
       0
       0
       0
       0
       0
       0
       0
       0
       0
       0
       0
       0
       0
       0
       0
       0
       0
       0
       0
       0
       0
       0
       0
       0
       0
       0
       0
       0
       0
       0
       0
       1
       0
       0
       0
       0
       0
       0
       0
       1
       0
       0
       0
       0
       0
       0
       0
       0
       0
       0
       0
       0
       0
       1
       0
       0
       1
       0
       0
       0
       0
       0
       0
       0
       0
       0
       0
       0
       0
       0
       0
       0
       0
       0
       0
       0
       0
       0
       0
       0
       0
       0
       0
       0
       0
       0
       0
       0
       0
       0
       0
       0
       0
       0
       1
       0
       0
       0
       0
       0
       0
       0
       1
       0
       0
       0
       0
       0
       0
       0
       0
       0
       0
       0
       0
       0
       0
       0
       0
       0
       0
       0
       0
       0
       0
       0
       0
       0
       0
       0
       0
       0
       0
       0
       0
       0
       0
       0
       0
       0
       0
       0
       0
       0
       0
       0
       0
       0
       0
       1
       0
       0
       0
       0
       0
       0
       0
       0
       0
       0
       0
       0
       0
       0
       0
       0
       0
       0
       0
       0
       0
       0
       0
       0
       0
       0
       0
       0
       0
       0
       0
       0
       0
       0
       0
       0
       0
       0
       0
       1
       0
       0
       1
       0
       0
       0
       0
       0
       1
       0
       0
       0
       0
       0
       0
       0
       0
       0
       0
       0
       0
       0
       0
       0
       0
       0
       0
       0
       1
       1
       0
       0
       0
       0
       0
       1
       0
       0
       0
       0
       0
       0
       0
       0
       0
       0
       0
       0
       1
       0
       0
       0
       0
       0
       0
       0
       0
       0
       0
       0
       1
       0
       0
       0
       0
       0
       0
       0
       0
       0
       0
       0
       0
       0
       0
       0
       0
       0
       0
       1
       0
       0
       0
       0
       0
       0
       0
       0
       0
       0
       0
       0
       1
       0
       0
       0
       0
       0
       0
       0
       0
       0
       0
       0
       0
       0
       0
       0
       0
       0
       0
       0
       0
       0
       0
       0
       0
       0
       0
       0
       0
       0
       0
       0
       0
       0
       0
       0
       0
       0
       0
       0
       0
       0
       0
       0
       0
       0
       0
       0
       0
       0
       0
       0
       0
       0
       0
       0
       0
       0
       0
       0
       0
       0
       0
       0
       0
       0
       0
       0
       1
       0
       0
       0
       0
       0
       0
       1
       0
       0
       0
       0
       0
       0
       0
       0
       0
       0
       0
       0
       0
       0
       0
       0
       1
       0
       0
       0
       0
       0
       0
       0
       0
       0
       0
       0
       1
       0
       0
       0
       0
       0
       0
       0
       0
       0
       0
       0
       0
       0
       0
       0
       0
       0
       0
       0
       0
       0
       0
       0
       0
       0
       0
       1
       0
       0
       0
       0
       0
       0
       0
       0
       0
       0
       0
       0
       0
       0
       0
       0
       0
       0
       0
       0
       0
       0
       0
       0
       0
       0
       0
       0
       0
       0
       0
       0
       0
       0
       0
       0
       0
       0
       0
       0
       0
       0
       0
       0
       0
       0
       0
       0
       0
       0
       0
       0
       0
       0
       0
       0
       0
       0
       0
       0
       0
       0
       0
       0
       0
       0
       0
       0
       0
       0
       0
       0
       0
       0
       0
       0
       0
       0
       0
       0
       0
       0
       0
       0
       0
       0
       0
       0
       0
       0
       0
       0
       0
       0
       0
       0
       1
       0
       0
       0
       0
       0
       0
       0
       0
       0
       0
       0
       0
       0
       0
       0
       0
       0
       0
       0
       0
       1
       0
       0
       0
       0
       0
       0
       0
       0
       0
       0
       0
       0
       0
       0
       1
       0
       0
       0
       0
       0
       0
       0
       0
       0
       0
       0
       0
       0
       0
       0
       0
       0
       0
       0
       0
       0
       0
       0
       0
       0
       0
       0
       0
       0
       0
       0
       0
       0
       0
       0
       0
       0
       0
       0
       0
       0
       0
       0
       0
       0
       0
       0
       0
       0
       0
       1
       0
       1
       0
       0
       0
       0
       0
       0
       0
       0
       0
       0
       0
       0
       0
       0
       0
       0
       0
       0
       0
       0
       0
       0
       0
       0
       0
       0
       0
       0
       1
       0
       0
       0
       0
       0
       1
       0
       0
       0
       0
       0
       0
       0
       0
       0
       0
       0
       0
       0
       0
       0
       0
       0
       0
       0
       0
       0
       0
       0
       0
       0
       0
       0
       0
       0
       0
       0
       0
       0
       0
       0
       0
       0
       0
       0
       0
       0
       0
       0
       0
       0
       0
       0
       0
       0
       0
       0
       0
       0
       0
       0
       0
       0
       0
       0
       0
       0
       0
       0
       0
       0
       0
       0
       0
       0
       0
       0
       0
       0
       0
       0
       0
       0
       0
       0
       0
       0
       0
       0
       0
       0
       0
       0
       0
       0
       0
       0
       0
       0
       0
       0
       0
       0
       0
       0
       0
       0
       0
       0
       0
       0
       0
       0
       0
       0
       0
       0
       0
       0
       0
       0
       0
       0
       0
       0
       0
       0
       0
       0
       0
       0
       0
       0
       0
       0
       0
       0
       0
       0
       0
       0
       0
       0
       0
       0
       0
       0
       0
       0
       0
       0
       0
       0
       0
       0
       0
       0
       0
       0
       0
       0
       0
       0
       0
       0
       0
       0
       0
       0
       0
       0
       0
       0
$ROI:
0
$PRESETS:
Real Time
3600
0
$ENER_FIT:
8.931054 0.240803
$MCA_CAL:
3
8.931054E+000 2.408025E-001 6.157388E-008 keV
$SHAPE_CAL:
3
9.658150E+000 -1.618950E-003 2.758845E-007
