$SPEC_ID:
No sample description was entered.
$SPEC_REM:
DET# 1
DETDESC# EPS-140909 Easy-MCA-8k SN 16175454
AP# Maestro Version 7.01
$DATE_MEA:
02/27/2022 13:43:26
$MEAS_TIM:
3594 3600
$DATA:
0 8191
       0
       0
       0
       0
       0
       0
       0
       0
       0
       0
       0
       0
       0
       0
       0
       0
       0
       0
       0
       0
       0
       0
       0
       0
       0
       0
       0
       0
       0
       0
       0
       0
       0
       0
       0
       0
       0
       0
       0
       6
       9
      32
     645
    1236
     519
     327
     294
     310
     351
     355
     342
     327
     351
     320
     358
     325
     334
     352
     353
     405
     428
     443
     370
     390
     343
     342
     323
     365
     349
     344
     379
     333
     293
     329
     315
     318
     333
     301
     326
     336
     341
     329
     350
     308
     375
     325
     343
     344
     326
     372
     320
     373
     351
     377
     369
     374
     372
     381
     340
     394
     395
     406
     420
     419
     443
     407
     462
     443
     436
     482
     501
     468
     522
     560
     633
     641
     673
     805
     779
     874
     830
     844
     896
     843
     813
     816
     861
     836
     868
     826
     857
     852
     819
     813
     842
     861
     946
    1043
    1442
    2126
    3048
    3766
    4436
    5029
    5122
    4361
    2924
    1632
    1167
     901
     879
     889
     950
     887
     956
     916
     953
     944
    1049
    1151
    1223
    1598
    2013
    2245
    2027
    1729
    1528
    1430
    1388
    1293
    1185
    1080
    1022
    1063
    1062
    1142
    1063
    1081
     996
    1063
    1114
    1127
    1121
    1157
    1088
    1112
    1230
    1299
    1261
    1205
    1211
    1206
    1189
    1249
    1278
    1166
    1109
    1147
    1069
    1097
    1096
    1083
    1110
    1073
    1124
    1090
    1099
    1059
    1127
    1068
    1078
    1114
    1149
    1134
    1216
    1128
    1086
    1185
    1123
    1091
    1110
    1111
    1078
    1098
    1017
    1144
    1068
    1060
    1124
    1053
    1146
    1126
    1175
    1138
    1116
    1057
    1107
    1014
    1087
    1021
    1015
    1016
    1036
    1046
    1061
    1005
    1001
    1036
    1029
    1032
     986
     986
    1018
     977
     948
    1027
    1002
     907
    1009
     977
     944
     935
     938
     963
     964
     975
    1010
     987
     971
     930
     947
     925
     925
     914
     943
     935
     997
     993
     942
     946
     914
     968
     919
     946
     927
     885
     946
     869
     872
     821
     944
     888
     873
     846
     870
     902
     888
     838
     839
     841
     889
     822
     829
     919
     910
     866
     880
     809
     841
     859
     879
     795
     794
     825
     852
     832
     785
     768
     798
     801
     793
     791
     826
     785
     797
     789
     757
     827
     766
     813
     743
     735
     707
     746
     757
     735
     736
     718
     752
     775
     769
     717
     705
     747
     711
     752
     728
     648
     719
     714
     721
     702
     683
     650
     688
     675
     704
     671
     650
     675
     661
     663
     679
     650
     662
     625
     668
     678
     674
     662
     662
     601
     627
     652
     626
     622
     602
     589
     617
     599
     651
     610
     606
     647
     625
     611
     588
     545
     612
     574
     604
     566
     573
     597
     561
     576
     581
     545
     570
     573
     517
     509
     563
     534
     544
     537
     547
     566
     584
     540
     510
     460
     525
     535
     477
     488
     530
     518
     469
     506
     489
     477
     475
     500
     503
     481
     520
     526
     473
     516
     446
     492
     493
     508
     504
     473
     439
     515
     474
     491
     462
     458
     426
     452
     453
     424
     454
     473
     461
     430
     405
     436
     436
     415
     415
     423
     408
     431
     430
     419
     413
     441
     446
     464
     468
     468
     451
     403
     441
     392
     410
     382
     400
     357
     393
     367
     371
     378
     373
     376
     393
     402
     388
     369
     355
     390
     375
     399
     352
     385
     344
     384
     345
     391
     352
     391
     378
     341
     352
     341
     349
     378
     345
     353
     380
     418
     410
     364
     364
     346
     296
     353
     373
     312
     305
     346
     317
     366
     333
     328
     354
     327
     376
     355
     358
     325
     350
     322
     328
     306
     304
     313
     317
     308
     336
     307
     310
     302
     332
     304
     310
     303
     287
     330
     301
     319
     278
     271
     316
     323
     287
     290
     301
     276
     325
     292
     284
     272
     268
     277
     298
     285
     271
     310
     269
     267
     286
     298
     264
     274
     272
     284
     274
     290
     270
     280
     297
     262
     272
     245
     282
     297
     271
     289
     282
     294
     247
     247
     260
     253
     263
     277
     260
     352
     453
     513
     612
     547
     478
     343
     279
     286
     267
     286
     334
     279
     277
     256
     249
     216
     227
     194
     211
     235
     197
     207
     241
     209
     212
     219
     223
     212
     220
     203
     206
     236
     224
     196
     211
     197
     196
     204
     203
     179
     185
     208
     189
     225
     173
     210
     209
     199
     205
     184
     198
     184
     180
     185
     186
     193
     193
     199
     166
     171
     189
     189
     169
     159
     197
     178
     169
     184
     177
     195
     191
     176
     177
     181
     169
     214
     183
     159
     181
     190
     208
     182
     208
     203
     167
     156
     185
     158
     165
     194
     158
     158
     186
     161
     187
     181
     161
     198
     189
     183
     174
     183
     184
     169
     169
     154
     164
     157
     157
     163
     169
     141
     152
     172
     159
     161
     182
     145
     168
     155
     132
     170
     135
     162
     166
     143
     167
     154
     144
     178
     152
     146
     141
     146
     145
     143
     161
     151
     162
     159
     172
     212
     251
     263
     276
     219
     192
     161
     136
     124
     140
     149
     138
     160
     164
     162
     162
     142
     157
     146
     137
     135
     151
     138
     160
     141
     129
     135
     158
     150
     196
     197
     178
     204
     153
     127
     120
     139
     145
     130
     111
     135
     123
     109
     120
     118
     134
      96
     128
     128
     122
     119
     127
     142
     131
     121
     137
     153
     109
     132
     111
     121
     115
     115
     127
     129
      99
     125
     106
     131
     124
     129
     131
     126
     129
     108
     135
     109
     116
     125
     113
     116
     114
     114
     110
     132
     135
     121
     120
     122
     120
     112
     129
     116
     119
     100
     111
     119
     109
     110
     116
      95
     121
      91
     114
     125
     116
     115
     148
     152
     202
     173
     160
     162
     118
     124
     107
      86
     122
      96
     108
     106
     110
      95
      87
     104
     111
     100
      96
      80
     104
     103
     117
     110
     101
      96
     105
      99
     106
     104
     121
     112
     167
     260
     314
     335
     244
     199
     118
     122
     100
      84
      92
     100
      84
     104
      86
      91
      85
      89
     107
      96
     103
      87
      68
      75
      91
      79
      71
      84
      83
      92
      82
      95
      77
      96
      83
      92
      91
      99
      90
      81
      81
      65
      98
      96
     104
      69
      87
      90
      69
      75
      94
      88
      76
      87
      91
      89
      93
      82
      81
      97
      71
      78
      66
      79
      64
      91
      91
      80
      96
      92
      78
      70
      94
      88
      79
      74
      98
      78
      73
      70
      77
      91
      96
      90
      67
      80
      83
      68
      87
      89
      80
      71
      82
      68
      94
      91
      93
      80
      71
     102
      67
      80
      83
      63
      80
      77
      86
      81
      83
     101
      80
      57
      67
      90
      80
      88
      81
      76
      74
      64
      71
      77
      89
      87
      69
      72
      89
      83
      62
      67
      71
      67
      85
      81
      66
      69
      66
      79
      87
      75
      69
      74
      76
      78
      67
      72
      89
      95
      80
      79
      76
      70
      71
      69
      73
      55
      70
      79
      93
      76
      57
      68
      68
      69
      81
      64
      65
      66
      73
      66
      60
      64
      54
      75
      60
      79
      59
      67
      67
      71
      62
      57
      69
      73
      52
      58
      67
      76
      63
      56
      67
      59
      60
      78
      76
      56
      56
      74
      83
      59
      67
      61
      74
      76
      59
      66
      64
      50
      62
      55
      56
      76
      51
      56
      76
      59
      61
      72
      67
      80
      72
      63
      66
      60
      59
      62
      58
      64
      47
      51
      60
      59
      59
      44
      73
      58
      66
      70
      60
      73
      62
      56
      62
      63
      69
      55
      54
      56
      44
      57
      65
      67
      58
      84
      49
      54
      58
      60
      57
      59
      52
      63
      55
      65
      50
      59
      56
      70
      68
      72
      58
      63
      60
      53
      48
      61
      60
      69
      83
      91
      98
      76
      61
      54
      58
      41
      58
      57
      62
      54
      57
      43
      66
      62
      58
      55
      63
      46
      54
      43
      52
      56
      50
      59
      50
      61
      42
      58
      55
      67
      56
      53
      43
      60
      52
      46
      53
      44
      49
      58
      71
      47
      68
      52
      61
      48
      49
      49
      66
      52
      45
      63
      47
      55
      51
      49
      50
      57
      56
      58
      62
      52
      53
      59
      44
      59
      48
      65
      52
      54
      47
      51
      54
      59
      46
      60
      34
      49
      63
      59
      55
      46
      62
      50
      53
      56
      54
      54
      36
      50
      37
      53
      51
      52
      54
      54
      51
      42
      51
      50
      38
      46
      48
      47
      37
      49
      61
      49
      47
      46
      49
      56
      67
      45
      63
      76
      85
      96
     116
     109
     112
      89
      76
      66
      63
      51
      52
      56
      49
      33
      48
      49
      64
      44
      45
      42
      43
      54
      43
      57
      42
      41
      49
      51
      55
      40
      47
      42
      42
      43
      52
      50
      38
      45
      46
      50
      54
      38
      44
      55
      49
      56
      42
      54
      41
      46
      58
      51
      40
      30
      55
      46
      44
      44
      34
      46
      49
      42
      57
      53
      56
      40
      50
      54
      46
      45
      54
      46
      45
      42
      51
      43
      36
      38
      48
      41
      41
      47
      41
      47
      40
      52
      55
      48
      52
      31
      48
      41
      45
      55
      47
      41
      40
      45
      45
      46
      46
      45
      46
      59
      40
      43
      34
      39
      66
      46
      43
      43
      27
      38
      48
      58
      51
      43
      53
      37
      44
      45
      49
      56
      41
      52
      40
      54
      45
      50
      53
      34
      50
      48
      46
      38
      43
      45
      41
      38
      29
      37
      41
      53
      37
      39
      55
      51
      37
      42
      63
      55
      38
      41
      58
      52
      38
      49
      37
      59
      41
      40
      39
      35
      41
      34
      41
      36
      49
      56
      29
      45
      39
      32
      45
      42
      33
      36
      38
      40
      74
     128
     146
     218
     192
     146
      84
      63
      39
      30
      47
      29
      24
      29
      51
      39
      45
      29
      41
      48
      24
      31
      33
      39
      28
      45
      43
      28
      29
      31
      45
      39
      45
      34
      36
      33
      38
      37
      38
      40
      31
      38
      45
      35
      36
      30
      38
      33
      40
      30
      38
      34
      46
      33
      42
      43
      49
      41
      26
      37
      33
      35
      53
      41
      58
      85
     150
     208
     252
     213
     166
     108
      88
      44
      37
      39
      34
      41
      17
      32
      36
      41
      31
      37
      19
      31
      32
      36
      41
      36
      33
      25
      35
      31
      31
      28
      27
      39
      28
      49
      47
      28
      36
      25
      47
      38
      36
      41
      37
      43
      40
      40
      32
      26
      33
      30
      32
      35
      33
      28
      31
      28
      31
      31
      37
      35
      38
      29
      38
      40
      25
      30
      36
      42
      42
      36
      37
      39
      25
      19
      30
      40
      32
      39
      33
      32
      31
      42
      45
      32
      24
      25
      34
      39
      33
      31
      30
      25
      32
      33
      38
      43
      43
      21
      32
      27
      34
      43
      30
      29
      22
      24
      36
      33
      32
      33
      30
      36
      41
      31
      36
      32
      30
      43
      27
      22
      26
      29
      30
      32
      43
      39
      27
      33
      29
      34
      29
      29
      51
      60
      59
      39
      40
      29
      36
      33
      22
      27
      35
      33
      32
      31
      30
      20
      30
      36
      29
      33
      25
      34
      26
      39
      34
      25
      19
      35
      34
      31
      33
      27
      26
      30
      31
      32
      26
      30
      33
      34
      39
      22
      29
      42
      24
      36
      28
      26
      26
      29
      35
      28
      34
      39
      32
      31
      28
      28
      43
      38
      29
      30
      29
      28
      31
      36
      30
      23
      29
      36
      24
      27
      18
      28
      30
      28
      28
      27
      33
      29
      37
      26
      32
      22
      34
      23
      29
      25
      23
      27
      32
      34
      35
      40
      35
      25
      30
      41
      24
      33
      27
      35
      33
      33
      26
      28
      26
      28
      25
      20
      30
      19
      32
      23
      26
      29
      34
      38
      40
      37
      18
      31
      33
      34
      37
      30
      29
      31
      25
      40
      35
      33
      22
      25
      25
      35
      40
      23
      28
      24
      32
      34
      25
      28
      26
      28
      29
      37
      33
      21
      34
      28
      26
      34
      24
      27
      22
      23
      32
      32
      24
      31
      45
      63
      67
      51
      31
      39
      33
      31
      32
      23
      26
      31
      21
      37
      27
      26
      21
      28
      33
      16
      16
      21
      35
      24
      16
      21
      32
      33
      27
      17
      35
      28
      26
      22
      18
      21
      30
      31
      24
      30
      30
      34
      29
      24
      34
      32
      23
      26
      27
      31
      38
      24
      22
      23
      14
      24
      29
      29
      27
      28
      18
      30
      33
      32
      32
      16
      27
      26
      29
      24
      38
      29
      30
      19
      36
      18
      26
      27
      23
      30
      30
      23
      28
      23
      24
      33
      24
      22
      21
      29
      32
      21
      28
      17
      35
      36
      52
      56
      55
      51
      43
      45
      46
      28
      46
      39
      43
      34
      31
      24
      24
      23
      25
      23
      28
      33
      27
      32
      19
      26
      28
      14
      23
      27
      23
      36
      41
      35
      53
      48
      55
      40
      43
      25
      30
      29
      35
      23
      24
      10
      28
      30
      22
      21
      28
      20
      32
      29
      25
      32
      28
      25
      27
      24
      33
      19
      28
      35
      30
      30
      16
      18
      23
      22
      23
      17
      20
      28
      27
      43
      34
      46
      44
      32
      26
      31
      29
      20
      20
      21
      17
      21
      25
      19
      23
      25
      19
      33
      12
      19
      17
      25
      27
      24
      25
      34
      25
      30
      22
      23
      25
      28
      18
      27
      22
      19
      25
      23
      23
      27
      24
      28
      18
      31
      49
      59
      43
      36
      24
      29
      22
      21
      16
      24
      21
      16
      24
      20
      20
      26
      15
      34
      24
      26
      16
      24
      18
      22
      26
      17
      20
      21
      25
      33
      33
      24
      30
      22
      24
      18
      25
      11
      22
      19
      15
      20
      20
      30
      25
      32
      24
      16
      24
      24
      25
      20
      16
      23
      19
      19
      31
      25
      26
      22
      27
      28
      24
      23
      24
      27
      18
      26
      29
      22
      24
      24
      35
      23
      28
      20
      15
      19
      21
      19
      25
      28
      19
      22
      23
      15
      20
      18
      27
      23
      37
      26
      48
      57
      46
      44
      50
      31
      26
      28
      11
      15
      18
      17
      16
      13
      23
      12
      21
      15
      22
      18
      19
      16
      24
      25
      21
      23
      26
      32
      40
      39
      37
      23
      23
      21
      18
      24
      23
      14
      18
      16
      20
      15
      27
      25
      36
      15
      31
      24
      28
      28
      15
      14
      23
      18
      23
      25
      18
      20
      22
      24
      20
      16
      14
      27
      19
      18
      20
      14
      19
      16
      31
      21
      16
      22
      20
      18
      23
      19
      25
      26
      23
      23
      16
      21
      15
      24
      22
      16
      28
      17
      18
      23
      13
      21
      25
      16
      27
      16
      24
      22
      17
      23
      14
      28
      24
      25
      20
      17
      22
      20
      25
      20
      18
      22
      26
      18
      13
      19
      18
      27
      19
      23
      13
      24
      23
      20
      22
      16
      25
      18
       9
      23
      22
      24
      35
      27
      18
      14
      28
      25
      28
      15
      23
      23
      18
      23
      19
      17
      21
      22
      28
      48
      54
      75
     100
     122
     102
      74
      46
      27
      30
      17
      18
      17
      19
      14
      16
      20
      19
      15
      22
      23
      23
      30
      21
      17
      15
      15
      16
      20
      10
      26
      18
      18
      23
      22
      13
      12
      15
      27
      12
      16
      13
      19
      18
      23
      29
      16
      14
      19
      21
      27
      15
      22
      26
      15
      16
      18
      24
      20
      30
      25
      26
      26
      29
      22
      14
      24
      19
      23
      22
      17
      23
      25
      16
      19
      24
      15
      18
      15
      20
      18
      10
      25
      19
      16
      14
      20
      16
      25
      18
      22
      19
      12
      21
      22
      14
      18
      24
      24
      16
      23
      23
      19
      25
      28
      18
      18
      21
      15
      20
      19
      24
      22
      14
      13
      21
      19
      18
      20
      13
      17
      12
      27
      15
      29
      22
      24
      23
      15
      16
      10
      18
      16
      20
      26
      28
      46
      41
      38
      30
      25
      17
      24
      20
      25
      28
      58
      76
      60
      60
      58
      38
      26
      13
      23
      16
      16
      17
      19
      24
      15
      19
      16
      16
      19
      10
      19
      13
      16
      24
      12
      14
      22
      22
      18
      14
      21
      13
      14
      15
      20
      20
      19
      27
      16
      20
       3
      23
       9
      11
      14
      22
      15
      10
      15
      18
      13
      16
      15
       9
       9
      20
      10
      21
      15
      13
      16
      14
       8
      15
      21
      18
      24
      14
      20
      19
      25
      19
      18
      21
      14
      21
      14
      20
      16
      22
      17
      21
      16
      12
      12
      14
       5
      13
      16
      18
      12
      13
      28
      20
      18
      19
      13
      20
      20
      17
      20
      16
      16
      16
       9
      11
      19
      13
      25
      17
      14
      14
      20
      16
      20
      19
      20
      21
      16
      11
      24
      23
      12
      12
      15
      11
      17
      19
      10
      13
      21
      14
      15
      11
      17
      18
      24
      19
      19
      12
      22
      18
       8
      16
      18
      19
      18
      16
      18
      14
      15
      16
      18
      17
      23
       8
      13
      13
      12
      25
      22
      15
      17
      14
      15
      10
      21
      15
      14
      20
      17
      12
      14
      14
      15
       7
      21
      19
      19
      17
      22
      21
      13
      11
      10
      13
      17
      25
      15
      10
      18
      15
      14
      20
      20
       6
      17
      15
      14
      20
      16
      19
      10
      17
      13
      21
      12
      18
      18
      16
      17
      13
      15
      10
      17
      10
      17
       9
      16
      19
      15
      17
      11
      13
      15
      18
      13
      13
      22
      13
       9
      12
      19
      25
      19
      18
      22
      20
      22
      13
      19
       7
      17
      14
      18
      15
      17
      17
      12
      18
      20
      18
      15
      19
      10
      20
      15
      18
       9
      17
      13
      13
      13
      14
      14
      17
      16
      22
      19
      18
      15
      18
      13
      14
      16
      15
      15
      18
      33
      18
      16
      18
      15
      16
      15
      27
      12
      11
      17
      18
      16
      18
      14
      14
      19
      13
      13
      11
      12
      25
      18
      19
      13
      15
      16
      11
      20
      10
      22
      16
       8
      10
      13
      22
      19
      14
      12
      14
      13
      20
      11
      19
      13
      18
      18
      11
      18
      14
      20
      15
      10
      16
      16
      16
      15
      19
      18
      17
      14
      12
      13
      20
      16
      15
      16
      16
      21
      14
      19
      17
      16
      12
      21
      14
      18
      17
      20
      13
      17
      22
      13
      23
      17
      20
      28
      27
      53
      41
      36
      42
      31
      18
      16
      10
      23
      35
      28
      54
      62
      59
      59
      53
      36
      22
      15
      12
      21
      19
      18
      15
      16
      18
      19
      18
      23
      23
      21
      18
      17
      25
      16
      10
      19
      17
      12
      16
      19
       8
      16
      17
      12
      16
      15
      19
      21
      19
      25
      14
      10
      19
      15
      20
      19
      10
      14
      23
      17
      10
      23
      15
      13
      18
      16
      13
      14
       7
      21
      26
      15
      20
      24
      17
      14
      20
      21
      13
      17
      25
      17
      12
      18
      16
      22
      22
      15
      15
      12
      15
      13
      16
      19
      20
      21
      23
      22
      29
      25
      16
      14
      19
      14
      12
      16
      16
      14
      20
      12
      10
      17
      10
      14
      13
      17
      18
      16
      13
      23
      13
      11
      11
      16
      23
      24
      18
      14
      16
      17
      20
      10
      18
      13
      18
      16
      15
      20
      16
      11
      24
      39
      31
      35
      43
      47
      39
      28
      24
      12
      12
      12
      20
      11
      16
      18
       9
      22
      13
      22
      18
      18
      13
      19
      24
      19
      13
      19
      11
       9
       9
      18
      18
      12
      14
      13
      11
      22
      21
       9
      16
      14
      18
      14
      15
      20
      18
      11
      12
      20
       9
      12
      14
      15
      14
      15
      10
      18
      18
      21
      11
      17
      14
      16
       9
      20
      15
      20
      14
      18
      12
      18
      16
      18
      17
      18
      13
      12
      14
      21
      26
      17
      10
      19
      15
      17
      16
      15
      27
      17
      13
      14
      13
      14
      25
      17
      21
      15
      14
      22
      11
      20
      18
      16
      16
      13
      15
      20
      18
      21
      18
      16
      18
       7
      16
      21
      17
      15
      13
      17
      20
      18
      20
      18
      17
      15
      16
      18
      23
      12
      26
      18
      20
      16
      14
      20
      17
      14
      13
      23
      15
      15
      13
      21
      23
      15
      17
      23
      17
      15
      16
      20
      23
      13
      22
      20
      17
      19
      16
      14
      16
      20
      15
      25
      35
      25
      32
      40
      24
      30
      18
      15
      15
      14
      20
      12
      15
      17
      20
      19
      11
      12
      20
      16
      11
      15
      13
      15
      11
      20
      14
      11
       9
      10
      16
      12
      13
      19
      10
      14
      19
      11
      12
      15
      14
      12
      13
      10
      13
      14
      13
      11
      10
      16
      10
      10
      12
      15
       8
      13
      18
      11
      12
      11
       6
       8
      10
       7
      11
      10
       8
      11
      10
      11
      18
       8
      14
      13
       5
       8
       9
       9
       9
      17
      11
      12
      14
      16
       9
      17
      11
      12
      12
      11
      12
       8
      14
      12
      13
      11
      11
       7
       9
       9
      15
       7
      10
       5
      10
       8
      15
       8
       9
      19
      13
      18
      10
      12
      11
       7
      11
      10
      10
      10
       9
      15
       6
       7
      10
      12
      14
       9
       9
       8
      12
      11
      13
       5
      10
       7
      11
      11
      19
       9
       9
       5
      12
       4
      13
      11
      12
      15
       8
      17
       4
       9
       8
       9
       8
       6
       9
      11
       9
       8
       7
      14
      13
       9
      11
       9
      11
       7
       9
      15
       8
       7
       6
       4
       8
       9
      15
      12
       3
       9
       7
      12
       6
       7
      12
       8
      10
      14
       6
       7
      11
      11
      15
       8
      14
      12
       7
      12
       7
       5
       9
       9
       6
       9
       3
      11
      11
       8
       5
       5
       6
       9
       5
       7
      12
       7
       6
       6
       4
       9
       7
       7
       8
       4
      11
       8
       9
       7
      10
       7
       5
       8
      12
      13
      18
      33
      30
      34
      36
      28
      22
       9
      16
      11
       9
       7
       8
       8
      11
       7
       5
       5
       6
       9
       7
       4
       8
       6
       8
       7
       6
       7
       8
       9
       8
       7
      10
       6
       7
      10
       6
       7
       9
       6
       4
      12
       6
       5
       3
       5
       6
       6
       8
       8
       6
       3
      10
       8
       5
       2
       5
       7
       6
       5
       2
       9
       5
       9
       6
       4
       9
       5
      11
       6
       8
       6
       5
       4
       4
       7
      10
       8
       7
       3
       5
       6
       5
       1
       2
       7
       5
       5
       3
       7
       6
       5
       2
       3
       5
       6
       2
       7
       6
       4
       4
       4
       9
       4
       5
       4
       6
       5
       5
       5
       6
       6
      14
      14
      13
      20
      20
       9
      10
      10
       9
      10
       6
       4
       7
       6
       2
       4
       3
       7
       2
       6
      11
      14
       8
       6
       8
       7
       0
       7
       8
       7
       6
       6
       9
       7
       5
       0
       7
       4
       4
       5
      11
       6
       5
       6
       5
       4
       5
       5
       5
       8
       4
       9
       3
       4
       5
       8
       7
       5
       4
       6
      13
      11
      12
       5
      11
      12
       7
       5
       3
       5
       6
       6
       6
       4
       4
       7
       8
      11
       7
       6
       5
       7
       6
       5
       5
       6
       7
       7
       3
       2
       8
       7
       5
       5
       5
       3
       2
       4
       6
       7
      10
       9
       7
       4
       5
       4
       9
       3
       4
       4
       2
       5
       7
       4
       3
       7
       6
       7
       8
      12
      14
       4
       4
      10
       2
       2
       4
       9
      10
      10
       6
       3
       8
       7
       9
       5
       5
       3
       7
       9
       8
       8
       4
       3
       6
       6
       7
       6
       3
       7
       8
       6
       4
       5
       9
       2
       4
       9
       4
       2
       4
       5
       3
      10
       3
       2
       5
       2
       9
       5
       5
       7
       5
       7
       5
       1
       7
       6
       5
       8
       9
       4
       8
       5
       5
      10
       7
       4
       9
       4
       8
       6
       7
       4
       5
      10
       6
       6
       7
      12
       6
       7
       5
      17
      14
      38
      63
     133
     224
     367
     399
     424
     364
     262
     188
     107
      45
      15
       3
       3
       2
       0
       5
       7
       3
       6
       6
       6
       7
       3
       4
       5
       3
       4
       3
       2
       3
       4
       6
       0
       5
       2
       8
       6
       3
       5
       1
       3
       3
       6
       2
       3
       2
       6
       6
       6
       5
       5
       5
       3
       3
       2
       4
       3
       2
       2
       1
       7
       5
       2
       5
       4
       8
       5
       4
       3
       1
       6
       3
       6
       3
       6
       3
       4
       0
       4
       7
       3
       3
       4
       2
       6
       2
       8
       1
       5
       6
       5
       4
      11
       9
       6
       4
       5
       2
       3
       3
       3
       6
       3
       1
       3
       4
       2
       7
       7
       3
       3
       4
       3
       1
       2
       2
       1
       4
       3
       5
       6
       6
       6
       8
       9
       4
      11
       4
       5
       4
       5
       4
       4
       7
       2
       7
       8
       1
       1
       2
       5
       1
       1
       1
       3
       4
       1
       1
       6
       1
       5
       3
       3
       2
       1
       2
       2
       1
       3
       2
       1
       4
       3
       2
       3
       2
       3
       6
       3
       0
       3
       2
       4
       3
       6
       5
       6
       3
       6
       2
       2
       2
       4
       3
       3
       4
       4
       3
       2
       2
       4
       2
       3
       5
       4
       3
       5
       3
       5
       6
       5
       8
       5
       3
       2
       1
       3
       4
       2
       3
       6
       3
       6
       4
       3
       3
       4
       2
       3
       6
       5
       5
       1
       1
       2
       0
       2
       6
       6
       1
       3
       1
       1
       3
       3
       2
       1
       7
       3
       3
       2
       0
       3
       5
       4
       9
       5
       3
       1
       3
       2
       4
       3
       2
       5
       1
       3
       4
       3
       1
       3
       2
       7
       5
       0
       3
       4
       3
       3
       4
       5
       0
       3
       3
       2
       2
       3
       3
       3
       5
       4
       3
       1
       2
       3
       2
       3
       3
       0
       5
       3
       4
       5
       3
       1
       3
       2
       4
       6
       3
       1
       1
       5
       3
       5
       6
       3
       9
       5
       6
       6
       2
       3
       3
       3
       3
       1
       5
       5
      14
       9
       9
      12
       9
       9
       7
       5
       4
       7
      11
      16
      14
      14
      19
      13
      13
      10
       2
      10
       5
       1
       3
       3
       6
       3
       5
       2
       3
       3
       1
       6
       3
       1
       2
       1
       6
       2
       2
       2
       2
       2
       2
       2
       2
       4
       3
       4
       2
       3
       1
       3
       5
       0
       2
       2
       4
       2
       2
       6
       0
       2
       0
       2
       3
       4
       4
       9
       3
       4
       4
       4
       3
       4
       2
       0
       2
       2
       2
       3
       4
       5
       7
       5
       4
       5
       2
       4
       7
       4
       1
       2
       0
       3
       2
       4
       1
       4
       4
       2
       5
       4
       3
       1
       4
       2
       6
       7
      10
       6
      10
       5
       5
       3
       3
       2
       2
       1
       0
       2
       3
       2
       4
      10
       6
       2
       2
       3
       6
       3
       3
       1
       2
       5
       5
       4
       1
       2
       1
       2
       4
       4
       2
       2
       2
       2
       1
       2
       1
       1
       2
       2
       3
       2
       4
       3
       0
       4
       4
       2
       1
       3
       3
       2
       0
       1
       4
       3
       1
       0
       2
       1
       4
       2
       1
       3
       1
       4
       0
       2
       2
       3
       7
       4
       2
       5
       4
       3
       3
       1
       1
       0
       1
       4
       2
       3
       4
       1
       5
       4
       2
       4
       3
       3
       4
       4
       1
       2
       2
       0
       5
       2
       2
       2
       4
       1
       2
       4
       3
       3
       1
       6
       1
       1
       3
       2
       0
       0
       1
       3
       1
       1
       2
       4
       2
       2
       2
       2
       3
       2
       3
       5
       3
       2
       2
       1
       1
       3
       4
       1
       4
       0
       4
       4
       2
       5
       3
       0
       1
       2
       3
       4
       1
       2
       1
       3
       3
       3
       3
       1
       1
       1
       3
       2
       3
       0
       1
       3
       2
       4
       0
       1
       5
       5
       1
       4
       3
       3
       1
       4
       3
       2
       1
       2
       1
       1
       2
       1
       1
       0
       2
       3
       1
       2
       1
       2
       2
       1
       0
       1
       6
       2
       0
       0
       2
       2
       3
       1
       0
       2
       1
       1
       1
       2
       2
       2
       3
       2
       3
       2
       2
       4
       2
       3
       1
       1
       5
       1
       7
       2
       3
       4
       3
       5
       0
       3
       2
       3
       3
       2
       2
       4
       8
       8
      10
       7
      13
       6
       3
       1
       2
       0
       1
       1
       1
       2
       2
       1
       0
       4
       1
       3
       4
       2
       2
       2
       0
       2
       2
       5
       2
       2
       5
       2
       3
       1
       2
       2
       2
       3
       1
       1
       1
       1
       2
       2
       1
       4
       2
       3
       4
       1
       0
       3
       3
       2
       2
       2
       2
       0
       4
       1
       0
       3
       1
       3
       0
       1
       1
       1
       2
       0
       4
       3
       3
       3
       1
       5
       1
       0
       5
       7
       1
       2
       4
       5
       5
      12
      20
      17
      30
      33
      29
      33
      24
      16
       8
       4
       3
       5
       5
       1
       1
       2
       2
       3
       4
       1
       3
       0
       8
       1
       1
       2
       2
       6
       1
       1
       3
       1
       3
       4
       1
       2
       1
       1
       1
       3
       3
       1
       2
       2
       5
       4
       3
       1
       2
       7
       2
       1
       3
       2
       3
       3
       6
       1
       1
       0
       1
       3
       1
       1
       1
       1
       5
       4
       1
       2
       0
       1
       2
       2
       6
       0
       2
       1
       0
       1
       0
       1
       2
       3
       2
       0
       0
       1
       2
       1
       3
       2
       1
       2
       1
       2
       0
       3
       1
       2
       1
       0
       2
       3
       1
       2
       3
       2
       0
       2
       2
       0
       3
       2
       0
       2
       1
       1
       3
       1
       3
       0
       5
       2
       3
       2
       2
       0
       1
       3
       3
       5
       1
       1
       0
       0
       1
       2
       3
       1
       3
       1
       0
       3
       6
       2
       1
       1
       1
       1
       2
       1
       6
       2
       3
       2
       0
       1
       4
       2
       0
       5
       5
       3
       0
       2
       3
       2
       0
       3
       1
       1
       2
       1
       1
       6
       2
       0
       0
       0
       1
       0
       1
       3
       1
       1
       1
       3
       4
       3
       0
       5
       1
       1
       1
       0
       3
       0
       4
       1
       2
       0
       0
       5
       1
       5
       5
       6
      10
       8
       2
       5
       0
       5
       2
       0
       3
       3
       3
       1
       3
       4
       1
       1
       2
       1
       1
       1
       0
       1
       2
       3
       2
       1
       1
       5
       4
       0
       1
       3
       1
       1
       1
       4
       0
       4
       3
       1
       0
       1
       7
       0
       1
       3
       0
       2
       1
       4
       2
       3
       1
       0
       3
       1
       1
       1
       1
       0
       0
       7
       2
       2
       5
       2
       2
       3
       5
       3
       1
       1
       3
       1
       2
       4
       2
       1
       1
       0
       1
       1
       5
       1
       0
       2
       2
       1
       2
       1
       3
       1
       3
       0
       3
       2
       1
       2
       4
       3
       5
       2
       3
       2
       2
       1
       0
       2
       5
       1
       0
       1
       1
       1
       2
       1
       3
       1
       1
       3
       6
       3
       4
       3
       1
       3
       2
       4
       0
       3
       2
       0
       2
       1
       2
       3
       1
       2
       2
       0
       1
       1
       0
       1
       2
       0
       1
       1
       2
       1
       4
       1
       0
       1
       2
       1
       3
       2
       2
       1
       3
       1
       4
       2
       2
       1
       1
       1
       2
       2
       3
       1
       4
       3
       3
       2
       0
       2
       1
       0
       3
       2
       1
       0
       2
       1
       1
       1
       3
       3
       2
       1
       3
       2
       3
       2
       4
       3
       0
       1
       2
       0
       1
       3
       4
       3
       3
       0
       1
       0
       1
       2
       1
       2
       1
       1
       2
       3
       0
       0
       5
       3
       1
       2
       2
       3
       1
       1
       2
       3
       2
       1
       1
       1
       3
       2
       2
       1
       0
       4
       3
       3
       5
       1
       2
       2
       2
       0
       0
       4
       4
       3
       1
       2
       2
       0
       4
       1
       2
       6
       0
       2
       4
       1
       3
       2
       1
       3
       3
       1
       2
       1
       0
       0
       5
       4
       1
       1
       0
       1
       2
       1
       2
       3
       1
       0
       2
       2
       1
       1
       3
       2
       4
       2
       2
       2
       2
       1
       3
       2
       1
       1
       1
       3
       3
       1
       3
       3
       1
       4
       2
       3
       2
       2
       1
       0
       1
       2
       1
       0
       2
       2
       1
       4
       2
       4
       0
       2
       4
       3
       1
       2
       0
       3
       2
       2
       3
       1
       2
       4
       0
       1
       0
       3
       1
       4
       2
       0
       1
       2
       5
       1
       1
       3
       1
       0
       2
       2
       1
       1
       1
       2
       0
       0
       0
       1
       1
       3
       3
       2
       1
       0
       2
       0
       1
       2
       0
       2
       0
       0
       3
       1
       5
       0
       2
       4
       1
       2
       1
       1
       1
       0
       5
       2
       0
       1
       5
       1
       2
       3
       1
       2
       1
       2
       1
       3
       1
       1
       2
       1
       1
       3
       2
       1
       2
       2
       1
       4
       1
       1
       2
       4
       2
       0
       3
       5
       1
       1
       2
       1
       1
       4
       3
       1
       1
       1
       1
       4
       2
       1
       1
       0
       4
       1
       0
       3
       0
       1
       0
       3
       2
       3
       0
       1
       1
       1
       0
       2
       1
       2
       3
       1
       1
       1
       1
       2
       0
       1
       0
       3
       3
       3
       3
       2
       1
       3
       0
       1
       2
       1
       0
       5
       1
       0
       2
       2
       1
       3
       2
       3
       2
       1
       1
       1
       2
       1
       3
       2
       2
       0
       2
       3
       0
       1
       2
       3
       1
       1
       3
       3
       0
       5
       1
       2
       1
       2
       1
       1
       1
       1
       4
       1
       0
       1
       2
       1
       0
       0
       2
       2
       3
       1
       3
       1
       1
       1
       4
       1
       0
       1
       2
       1
       4
       1
       0
       0
       0
       3
       5
       0
       1
       1
       1
       0
       1
       1
       1
       0
       3
       4
       4
       1
       3
       1
       3
       0
       0
       2
       2
       1
       1
       1
       2
       1
       1
       2
       1
       2
       0
       3
       0
       3
       1
       1
       4
       0
       1
       3
       2
       0
       0
       2
       2
       2
       1
       0
       2
       1
       1
       1
       3
       0
       2
       2
       2
       1
       2
       4
       3
       2
       2
       2
       3
       1
       3
       0
       3
       1
       3
       1
       1
       1
       2
       4
       1
       3
       1
       4
       1
       3
       0
       4
       3
       2
       3
       0
       9
      16
      11
      10
      11
      13
      13
       3
       4
       4
       1
       1
       1
       2
       5
       0
       3
       1
       4
       7
       0
       3
       3
       0
       3
       0
       2
       2
       1
       1
       2
       0
       1
       2
       1
       1
       1
       3
       4
       5
       3
       2
       5
       2
       6
       3
       4
       4
       2
       2
       0
       2
       0
       3
       3
       1
       1
       2
       2
       0
       3
       3
       0
       1
       1
       3
       1
       2
       0
       1
       0
       2
       4
       2
       1
       1
       3
       1
       1
       1
       2
       1
       2
       2
       1
       0
       3
       2
       0
       0
       3
       1
       1
       2
       2
       3
       1
       0
       1
       1
       3
       1
       0
       1
       2
       0
       4
       2
       1
       1
       0
       1
       0
       2
       3
       2
       2
       1
       0
       1
       0
       2
       4
       2
       4
       1
       2
       0
       1
       3
       0
       0
       0
       2
       2
       2
       1
       1
       1
       2
       3
       1
       1
       6
       0
       1
       2
       0
       0
       1
       0
       4
       4
       0
       2
       2
       2
       1
       2
       0
       0
       3
       4
       2
       1
       1
       3
       2
       2
       3
       2
       1
       0
       1
       1
       3
       2
       0
       2
       0
       2
       0
       0
       0
       2
       1
       1
       1
       1
       0
       0
       2
       7
       3
       1
       2
       2
       2
       0
       2
       0
       1
       2
       3
       0
       1
       2
       2
       3
       3
       4
       4
       2
       2
       1
       2
       1
       0
       1
       5
       3
       3
       2
       3
       3
       2
       2
       0
       0
       2
       1
       4
       1
       2
       1
       1
       2
       2
       2
       0
       1
       1
       1
       1
       3
       3
       0
       0
       5
       0
       2
       7
       5
       4
      15
      11
       9
       4
       3
       3
       3
       5
       2
       3
       1
       2
       2
       2
       4
       2
       1
       2
       0
       0
       4
       0
       2
       3
       2
       3
       9
       4
       1
       1
       5
       4
       2
       2
       2
       0
       3
       4
       1
       2
       1
       3
       1
       1
       2
       3
       2
       1
       0
       0
       2
       0
       1
       3
       1
       0
       3
       4
       1
       3
       3
       3
       1
       1
       4
       1
       1
       1
       2
       1
       2
       1
       1
       1
       2
       0
       2
       3
       5
       1
       1
       2
       1
       0
       1
       3
       3
       1
       2
       0
       6
       2
       1
       2
       2
       5
       3
       5
       1
       2
       1
       4
       1
       1
       2
       0
       2
       1
       2
       2
       4
       2
       2
       1
       3
       1
       0
       2
       2
       2
       1
       0
       2
       2
       3
       1
       3
       1
       4
       1
       1
       0
       0
       2
       1
       2
       1
       2
       3
       2
       0
       1
       3
       2
       1
       1
       3
       0
       2
       1
       2
       1
       3
       1
       2
       1
       0
       4
       2
       1
       3
       1
       2
       2
       2
       3
       2
       1
       4
       2
       1
       4
       0
       2
       4
       0
       1
       3
       1
       4
       1
       4
       2
       2
       3
       2
       1
       0
       2
       1
       1
       2
       3
       2
       0
       3
       2
       2
       1
       0
       1
       3
       0
       0
       3
       0
       1
       1
       1
       0
       0
       2
       3
       2
       0
       2
       3
       1
       8
       3
       0
       4
       1
       7
       1
       1
       2
       1
       3
       4
       3
       0
       2
       6
       2
       1
       3
       0
       3
       1
       0
       1
       2
       3
       2
       2
       0
       3
       1
       1
       5
       2
       4
       0
       1
       1
       1
       1
       2
       3
       4
       1
       6
       1
       2
       1
       4
       1
       3
       2
       3
       3
       1
       6
       4
       3
       2
       2
       2
       2
       0
       4
       3
       3
       2
       1
       2
       1
       4
       0
       1
       2
       4
       2
       3
       1
       0
       4
       2
       4
       2
       2
       1
       1
       0
       0
       1
       4
       3
       1
       5
       2
       0
       0
       2
       2
       5
       2
       2
       2
       3
       3
       0
       3
       3
       4
       0
       2
       5
       2
       4
       0
       1
       4
       0
       1
       0
       3
       4
       4
       3
       0
       0
       0
       1
       2
       0
       0
       2
       2
       3
       2
       3
       1
       3
       1
       2
       2
       0
       4
       5
       3
       0
       3
       5
       2
       2
       3
       1
       4
       1
       5
       2
       3
       1
       3
       1
       2
       1
       0
       0
       1
       2
       2
       4
       0
       0
       3
       3
       2
       5
       2
       2
       1
       4
       2
       4
       0
       1
       3
       4
       2
       2
       0
       5
       1
       1
       2
       3
       4
       3
       2
       4
       2
       1
       1
       2
       4
       3
       0
       3
       3
       4
       1
       3
       1
       1
       2
       3
       1
       2
       3
       3
       1
       0
       3
       1
       3
       2
       1
       2
       5
       3
       2
       2
       5
       1
       2
       2
       0
       1
       1
       1
       2
       2
       0
       0
       0
       1
       0
       5
       1
       3
       3
       0
       6
       1
       1
       0
       0
       1
       1
       3
       0
       2
       0
       2
       3
       2
       1
       3
       3
       0
       1
       1
       1
       1
       4
       0
       1
       1
       2
       1
       1
       1
       0
       0
       1
       2
       1
       2
       0
       1
       0
       0
       2
       2
       2
       0
       0
       0
       0
       1
       0
       2
       2
       0
       1
       0
       0
       0
       2
       1
       1
       2
       1
       1
       2
       0
       0
       2
       0
       0
       2
       0
       1
       2
       2
       2
       1
       4
       3
       0
       1
       1
       1
       0
       0
       0
       3
       2
       0
       0
       3
       1
       0
       1
       2
       0
       0
       2
       2
       0
       4
       1
       0
       1
       1
       1
       3
       1
       1
       0
       0
       0
       0
       1
       1
       2
       1
       0
       0
       2
       2
       2
       1
       1
       1
       1
       3
       0
       1
       1
       1
       0
       6
       1
       0
       1
       0
       1
       2
       1
       1
       4
       3
       2
       3
       4
       7
       3
       2
       0
       0
       1
       0
       1
       1
       1
       0
       0
       1
       1
       1
       0
       1
       1
       1
       1
       1
       2
       1
       2
       0
       1
       1
       1
       1
       1
       2
       0
       1
       0
       2
       0
       1
       0
       1
       0
       0
       0
       0
       1
       0
       0
       3
       0
       1
       1
       1
       0
       0
       2
       0
       0
       0
       0
       0
       0
       2
       3
       0
       1
       0
       5
       1
       0
       3
       2
       2
       0
       2
       0
       1
       1
       1
       0
       2
       0
       0
       1
       2
       0
       1
       1
       1
       1
       3
       1
       0
       1
       1
       1
       0
       1
       0
       0
       3
       0
       0
       0
       1
       1
       1
       1
       0
       0
       1
       0
       0
       0
       0
       1
       1
       2
       0
       1
       1
       0
       2
       1
       0
       1
       0
       1
       0
       2
       0
       0
       0
       0
       0
       0
       1
       0
       0
       1
       0
       1
       1
       0
       1
       0
       2
       0
       0
       1
       0
       0
       0
       0
       1
       0
       1
       1
       0
       0
       1
       2
       0
       1
       0
       0
       0
       0
       0
       1
       0
       2
       0
       0
       0
       1
       1
       0
       2
       0
       1
       0
       0
       0
       0
       0
       0
       0
       2
       0
       0
       1
       0
       0
       1
       0
       1
       2
       0
       0
       2
       0
       0
       0
       0
       0
       0
       0
       0
       0
       1
       0
       0
       0
       1
       1
       0
       1
       0
       0
       1
       1
       0
       1
       0
       0
       0
       1
       2
       1
       0
       0
       1
       1
       0
       0
       0
       1
       1
       0
       2
       1
       0
       1
       0
       0
       1
       0
       2
       0
       0
       0
       1
       0
       0
       0
       0
       0
       0
       0
       0
       2
       0
       1
       1
       0
       0
       0
       2
       0
       1
       2
       1
       0
       3
       0
       1
       0
       0
       0
       1
       0
       0
       1
       0
       1
       0
       0
       0
       0
       1
       1
       1
       1
       0
       0
       0
       0
       1
       0
       0
       0
       0
       0
       0
       1
       0
       0
       0
       1
       0
       0
       1
       1
       0
       0
       1
       0
       0
       0
       1
       0
       0
       0
       0
       0
       0
       1
       0
       0
       3
       1
       0
       1
       2
       0
       1
       0
       0
       0
       0
       2
       0
       2
       1
       0
       0
       0
       0
       0
       1
       0
       1
       1
       0
       1
       0
       0
       1
       1
       0
       0
       0
       1
       0
       0
       0
       1
       0
       0
       0
       0
       0
       0
       0
       0
       0
       0
       0
       1
       0
       0
       0
       1
       0
       2
       0
       0
       0
       1
       1
       0
       0
       0
       0
       0
       0
       1
       0
       1
       1
       2
       0
       0
       0
       1
       0
       3
       1
       4
       9
      14
      19
      26
      49
      48
      71
      58
      49
      43
      31
      18
      19
       5
       1
       1
       0
       0
       0
       0
       0
       0
       0
       0
       0
       0
       0
       0
       0
       0
       0
       0
       0
       0
       0
       0
       0
       0
       0
       0
       0
       0
       0
       0
       0
       0
       0
       0
       0
       0
       0
       0
       0
       0
       0
       0
       0
       0
       0
       0
       0
       0
       0
       0
       0
       0
       0
       0
       1
       0
       0
       0
       0
       0
       0
       0
       0
       0
       0
       0
       0
       0
       0
       0
       0
       0
       0
       0
       0
       0
       0
       0
       0
       0
       0
       0
       0
       0
       0
       0
       0
       0
       0
       0
       0
       0
       0
       1
       0
       0
       0
       0
       0
       0
       0
       0
       0
       1
       0
       0
       0
       0
       1
       1
       0
       0
       0
       0
       0
       0
       0
       0
       0
       0
       0
       0
       0
       0
       0
       1
       0
       0
       0
       0
       0
       0
       0
       0
       0
       0
       0
       0
       0
       0
       0
       0
       0
       0
       0
       0
       0
       0
       0
       0
       0
       0
       0
       0
       0
       0
       0
       0
       0
       0
       0
       0
       0
       0
       0
       0
       0
       0
       0
       0
       0
       0
       0
       0
       0
       0
       0
       0
       0
       0
       0
       0
       0
       0
       0
       0
       0
       0
       0
       0
       0
       0
       0
       0
       0
       0
       0
       1
       1
       0
       0
       0
       0
       0
       0
       0
       0
       0
       0
       0
       0
       0
       0
       0
       0
       0
       1
       0
       0
       0
       0
       0
       0
       0
       0
       0
       0
       0
       0
       0
       0
       0
       0
       0
       0
       0
       0
       0
       0
       0
       0
       0
       0
       0
       0
       0
       0
       0
       0
       0
       0
       0
       0
       0
       0
       0
       0
       0
       0
       0
       0
       0
       0
       0
       0
       0
       0
       0
       0
       1
       0
       0
       0
       0
       0
       0
       0
       0
       0
       0
       1
       0
       0
       0
       0
       0
       0
       0
       0
       0
       0
       0
       0
       0
       0
       0
       0
       0
       0
       0
       1
       0
       0
       2
       0
       0
       0
       0
       0
       0
       0
       0
       0
       0
       0
       0
       0
       0
       0
       0
       0
       0
       0
       0
       0
       0
       0
       0
       0
       1
       0
       0
       0
       0
       0
       0
       0
       0
       0
       0
       0
       0
       0
       0
       0
       0
       0
       0
       0
       0
       0
       0
       0
       0
       0
       0
       0
       0
       0
       0
       0
       0
       0
       0
       0
       0
       0
       0
       0
       0
       0
       0
       0
       0
       1
       0
       1
       0
       0
       0
       0
       0
       0
       0
       0
       0
       0
       1
       0
       0
       0
       0
       0
       0
       0
       0
       0
       0
       0
       0
       0
       0
       0
       1
       0
       0
       0
       0
       0
       0
       0
       0
       0
       0
       0
       0
       0
       0
       0
       0
       0
       0
       0
       1
       0
       0
       0
       0
       0
       0
       0
       0
       0
       0
       0
       0
       0
       1
       0
       0
       0
       0
       0
       0
       0
       0
       0
       0
       0
       0
       0
       0
       0
       0
       0
       0
       0
       1
       0
       0
       0
       0
       0
       0
       0
       0
       1
       0
       0
       0
       0
       0
       0
       1
       0
       0
       0
       0
       0
       0
       0
       0
       0
       0
       0
       0
       0
       0
       0
       0
       0
       0
       1
       0
       0
       0
       0
       0
       0
       1
       0
       0
       0
       0
       0
       0
       0
       0
       0
       0
       0
       0
       0
       0
       0
       1
       0
       0
       0
       0
       0
       0
       0
       0
       0
       0
       0
       0
       0
       0
       0
       0
       0
       0
       0
       0
       0
       0
       0
       0
       0
       0
       0
       0
       0
       0
       0
       0
       0
       0
       0
       0
       0
       0
       0
       0
       0
       0
       0
       0
       0
       0
       0
       0
       0
       0
       0
       0
       0
       0
       0
       0
       0
       0
       0
       0
       0
       0
       0
       0
       0
       0
       0
       0
       0
       0
       0
       0
       0
       0
       0
       0
       0
       0
       0
       0
       0
       0
       0
       1
       0
       1
       0
       0
       0
       0
       0
       0
       0
       0
       0
       0
       0
       0
       0
       0
       0
       0
       0
       0
       0
       0
       0
       0
       0
       0
       0
       0
       0
       0
       0
       0
       0
       0
       0
       0
       0
       0
       0
       0
       0
       0
       0
       0
       0
       0
       0
       0
       0
       0
       0
       0
       0
       1
       0
       0
       0
       0
       0
       0
       0
       0
       0
       0
       0
       0
       0
       0
       0
       0
       0
       0
       0
       0
       0
       0
       0
       0
       0
       1
       0
       0
       0
       0
       0
       0
       0
       0
       0
       0
       0
       1
       0
       0
       0
       0
       0
       0
       0
       0
       0
       1
       0
       0
       0
       1
       0
       0
       0
       0
       0
       0
       0
       0
       0
       1
       0
       0
       0
       0
       0
       0
       0
       0
       0
       0
       0
       0
       0
       0
       0
       0
       0
       0
       0
       0
       0
       0
       0
       0
       0
       0
       0
       0
       0
       0
       0
       0
       0
       0
       0
       0
       1
       0
       0
       0
       0
       0
       0
       0
       0
       0
       0
       0
       0
       0
       0
       0
       0
       0
       0
       0
       0
       0
       0
       0
       0
       0
       0
       0
       0
       0
       0
       0
       0
       0
       0
       0
       0
       0
       0
       0
       0
       0
       0
       1
       0
       0
       0
       0
       0
       0
       0
       0
       0
       0
       0
       0
       0
       0
       0
       0
       0
       0
       0
       0
       0
       0
       0
       0
       0
       0
       0
       0
       0
       0
       0
       0
       0
       0
       0
       0
       0
       0
       0
       0
       0
       0
       0
       0
       0
       0
       0
       0
       0
       0
       0
       1
       0
       0
       0
       0
       0
       0
       0
       0
       0
       0
       0
       0
       0
       0
       0
       0
       0
       0
       0
       0
       0
       0
       0
       0
       0
       0
       0
       0
       0
       0
       0
       0
       0
       0
       1
       0
       0
       0
       0
       0
       0
       0
       0
       0
       0
       0
       0
       0
       0
       0
       0
       0
       0
       0
       0
       0
       0
       0
       0
       0
       0
       1
       0
       0
       0
       0
       0
       0
       0
       0
       0
       0
       0
       0
       0
       0
       0
       0
       0
       0
       0
       0
       0
       0
       0
       0
       0
       0
       0
       1
       0
       0
       0
       0
       0
       0
       0
       0
       0
       0
       0
       0
       0
       0
       0
       0
       0
       1
       0
       1
       0
       0
       0
       0
       0
       0
       0
       0
       1
       0
       0
       0
       0
       0
       0
       0
       0
       0
       0
       0
       0
       0
       0
       0
       0
       0
       0
       0
       0
       0
       0
       0
       0
       0
       0
       0
       0
       0
       0
       1
       0
       0
       0
       0
       0
       0
       0
       0
       0
       0
       0
       0
       0
       0
       0
       0
       0
       0
       0
       0
       0
       0
       0
       0
       0
       0
       0
       0
       0
       0
       0
       0
       0
       0
       0
       0
       0
       0
       0
       0
       0
       0
       0
       0
       0
       0
       0
       0
       0
       0
       0
       0
       0
       0
       0
       0
       0
       0
       0
       0
       0
       0
       1
       0
       1
       0
       0
       0
       0
       0
       0
       0
       0
       0
       0
       0
       0
       0
       0
       0
       0
       0
       0
       0
       0
       0
       0
       0
       2
       0
       0
       0
       0
       0
       1
       0
       0
       0
       0
       0
       0
       0
       0
       0
       0
       0
       0
       0
       0
       0
       0
       0
       0
       0
       0
       0
       0
       0
       0
       0
       0
       0
       0
       0
       0
       0
       0
       1
       0
       0
       0
       0
       0
       0
       0
       0
       0
       0
       0
       0
       0
       0
       0
       0
       0
       0
       0
       0
       0
       0
       0
       0
       0
       0
       0
       0
       0
       0
       0
       0
       0
       0
       0
       0
       0
       0
       0
       0
       0
       0
       0
       0
       0
       0
       0
       0
       1
       0
       0
       0
       1
       0
       0
       0
       0
       0
       0
       0
       0
       0
       0
       0
       0
       0
       0
       0
       0
       0
       0
       0
       0
       0
       0
       0
       0
       0
       0
       0
       0
       0
       0
       0
       0
       0
       0
       0
       0
       0
       0
       0
       0
       0
       0
       0
       0
       0
       0
       0
       0
       0
       0
       0
       0
       0
       0
       0
       0
       0
       0
       0
       0
       0
       0
       0
       0
       0
       0
       1
       0
       0
       0
       0
       0
       0
       0
       0
       0
       0
       0
       0
       0
       0
       0
       0
       0
       0
       0
       0
       0
       0
       0
       0
       0
       0
       0
       0
       0
       0
       0
       0
       1
       0
       0
       0
       0
       0
       0
       0
       0
       0
       0
       0
       0
       0
       0
       0
       0
       0
       0
       0
       0
       0
       1
       0
       0
       0
       0
       0
       0
       0
       0
       0
       0
       0
       0
       0
       0
       0
       0
       0
       0
       0
       0
       0
       0
       0
       0
       0
       0
       0
       0
       0
       0
       0
       0
       0
       0
       0
       0
       0
       0
       0
       0
       0
       0
       0
       0
       1
       0
       0
       0
       0
       0
       0
       0
       0
       0
       0
       0
       0
       0
       0
       0
       0
       0
       0
       0
       0
       0
       0
       0
       0
       0
       0
       0
       0
       0
       0
       0
       0
       1
       0
       0
       0
       1
       0
       0
       0
       0
       0
       0
       0
       1
       0
       0
       0
       0
       0
       0
       0
       0
       0
       0
       0
       0
       0
       0
       0
       0
       0
       0
       0
       0
       0
       1
       0
       0
       0
       0
       0
       0
       0
       0
       0
       0
       0
       0
       0
       0
       0
       0
       0
       0
       0
       0
       0
       0
       0
       0
       0
       0
       0
       0
       0
       0
       0
       0
       0
       0
       0
       1
       0
       0
       0
       0
       0
       0
       0
       0
       0
       0
       0
       0
       0
       0
       0
       0
       0
       0
       0
       0
       0
       0
       0
       0
       0
       0
       0
       0
       0
       1
       0
       0
       1
       0
       0
       0
       0
       0
       0
       0
       0
       0
       0
       0
       0
       0
       0
       0
       1
       0
       1
       0
       0
       0
       0
       0
       0
       0
       0
       0
       0
       0
       0
       0
       0
       0
       0
       0
       0
       0
       0
       0
       0
       0
       0
       0
       0
       0
       0
       0
       0
       0
       0
       0
       0
       1
       0
       0
       0
       0
       0
       0
       0
       0
       0
       0
       0
       0
       0
       0
       0
       0
       0
       0
       0
       0
       0
       0
       0
       0
       0
       0
       0
       0
       0
       0
       0
       0
       0
       0
       0
       0
       0
       0
       0
       0
       0
       0
       0
       0
       0
       0
       0
       0
       0
       0
       0
       0
       0
       0
       0
       0
       0
       0
       0
       0
       0
       0
       0
       0
       0
       0
       0
       0
       0
       0
       0
       0
       0
       0
       0
       0
       0
       0
       0
       0
       0
       0
       0
       0
       0
       0
       0
       0
       0
       0
       0
       0
       0
       0
       0
       0
       0
       0
       0
       0
       0
       0
       0
       0
       0
       0
       0
       0
       0
       0
       0
       0
       0
       0
       0
       0
       0
       0
       0
       0
       0
       0
       0
       0
       0
       0
       0
       0
       0
       0
       0
       0
$ROI:
0
$PRESETS:
Real Time
3600
0
$ENER_FIT:
8.931054 0.240803
$MCA_CAL:
3
8.931054E+000 2.408025E-001 6.157388E-008 keV
$SHAPE_CAL:
3
9.658150E+000 -1.618950E-003 2.758845E-007
