$SPEC_ID:
No sample description was entered.
$SPEC_REM:
DET# 1
DETDESC# EPS-140909 Easy-MCA-8k SN 16175454
AP# Maestro Version 7.01
$DATE_MEA:
02/26/2022 19:43:26
$MEAS_TIM:
3594 3600
$DATA:
0 8191
       0
       0
       0
       0
       0
       0
       0
       0
       0
       0
       0
       0
       0
       0
       0
       0
       0
       0
       0
       0
       0
       0
       0
       0
       0
       0
       0
       0
       0
       0
       0
       0
       0
       0
       0
       0
       0
       0
       2
       4
      12
      26
     714
    1393
     544
     395
     343
     315
     318
     381
     350
     387
     369
     330
     315
     336
     393
     335
     397
     415
     473
     459
     395
     348
     364
     303
     328
     390
     361
     341
     343
     336
     323
     313
     328
     346
     337
     343
     321
     289
     314
     365
     309
     348
     365
     350
     315
     324
     381
     370
     320
     345
     356
     339
     345
     368
     397
     390
     325
     426
     423
     442
     425
     432
     441
     421
     435
     472
     456
     509
     518
     530
     490
     558
     634
     682
     713
     803
     817
     865
     843
     886
     909
     914
     884
     840
     868
     822
     861
     799
     848
     832
     801
     839
     951
     983
    1103
    1347
    1768
    2475
    3300
    4105
    4557
    4930
    5211
    4376
    2932
    1746
    1175
     960
     903
     949
     910
     859
     886
     940
    1043
    1074
    1096
    1173
    1290
    1662
    2038
    2201
    2055
    1739
    1467
    1453
    1379
    1254
    1129
    1072
    1079
     999
    1045
    1030
    1027
    1069
    1062
    1060
    1080
    1124
    1099
    1174
    1103
    1139
    1175
    1299
    1279
    1179
    1110
    1210
    1236
    1234
    1165
    1146
    1158
    1043
    1070
    1127
    1112
    1068
    1099
    1109
    1075
    1066
    1066
    1079
    1130
    1099
    1100
    1097
    1114
    1106
    1186
    1121
    1136
    1126
    1174
    1151
    1130
    1083
    1111
    1160
    1121
    1104
    1076
    1116
    1063
    1044
    1139
    1048
    1162
    1234
    1159
    1117
    1132
    1053
    1007
    1012
    1030
     990
    1093
     997
    1013
    1048
    1019
    1039
    1007
    1067
     990
     970
    1006
     957
    1006
    1037
     961
     898
     952
     996
     997
     957
    1008
     947
     973
     941
     968
     914
     952
    1000
     948
     940
     936
     957
     951
     885
     853
     943
     861
     895
     975
     919
     921
     864
     903
     895
     921
     940
     916
     907
     928
     848
     898
     844
     944
     816
     829
     813
     781
     846
     822
     872
     885
     838
     863
     865
     828
     846
     827
     788
     836
     819
     790
     843
     801
     813
     822
     830
     828
     799
     787
     889
     848
     880
     823
     801
     770
     751
     826
     810
     770
     756
     741
     756
     774
     711
     801
     718
     690
     738
     706
     747
     714
     728
     724
     770
     743
     706
     734
     746
     759
     724
     719
     724
     652
     676
     666
     669
     683
     667
     637
     672
     648
     689
     646
     645
     640
     646
     660
     678
     627
     618
     625
     652
     605
     609
     621
     651
     583
     634
     595
     576
     583
     595
     626
     599
     563
     556
     541
     568
     575
     550
     549
     590
     560
     528
     537
     524
     547
     548
     580
     545
     529
     566
     527
     521
     533
     512
     515
     572
     524
     553
     504
     495
     510
     505
     536
     545
     465
     489
     472
     478
     460
     487
     495
     489
     518
     516
     527
     478
     491
     486
     514
     503
     435
     465
     513
     486
     464
     458
     460
     439
     441
     455
     465
     462
     443
     488
     412
     426
     446
     414
     445
     454
     448
     415
     421
     449
     445
     458
     436
     465
     423
     433
     475
     507
     464
     443
     427
     435
     382
     366
     416
     359
     398
     391
     352
     394
     386
     402
     396
     352
     349
     389
     365
     405
     366
     375
     373
     395
     378
     366
     374
     415
     363
     360
     347
     388
     351
     347
     345
     349
     374
     379
     372
     376
     379
     364
     389
     351
     365
     351
     336
     324
     338
     331
     339
     328
     329
     334
     356
     351
     362
     367
     339
     318
     343
     304
     326
     324
     339
     311
     298
     349
     308
     346
     316
     307
     318
     306
     324
     305
     297
     302
     282
     325
     320
     276
     328
     305
     280
     299
     311
     299
     301
     269
     293
     324
     264
     290
     312
     294
     253
     309
     289
     280
     301
     265
     290
     305
     267
     254
     286
     248
     278
     321
     258
     290
     284
     281
     283
     268
     246
     250
     272
     253
     284
     267
     275
     247
     235
     273
     252
     348
     410
     536
     610
     575
     403
     379
     278
     277
     327
     335
     299
     312
     260
     247
     221
     238
     237
     212
     221
     217
     219
     192
     214
     187
     225
     225
     203
     202
     213
     202
     210
     208
     205
     184
     194
     199
     201
     227
     207
     214
     211
     187
     215
     200
     198
     185
     199
     188
     191
     176
     164
     204
     173
     215
     201
     198
     171
     188
     197
     193
     181
     172
     170
     183
     204
     178
     189
     200
     173
     171
     169
     157
     185
     176
     190
     188
     184
     198
     194
     184
     209
     212
     191
     179
     177
     171
     178
     162
     167
     164
     185
     177
     182
     174
     174
     168
     171
     154
     182
     189
     145
     168
     182
     182
     173
     182
     174
     162
     150
     148
     159
     169
     173
     154
     164
     157
     156
     140
     149
     139
     180
     160
     150
     161
     159
     142
     157
     140
     165
     177
     168
     166
     162
     163
     152
     132
     155
     149
     179
     170
     164
     209
     261
     272
     291
     202
     185
     142
     145
     159
     141
     147
     158
     153
     157
     147
     138
     166
     163
     145
     142
     130
     120
     140
     128
     131
     141
     124
     150
     160
     176
     195
     203
     178
     156
     159
     134
     109
     138
     128
     138
     110
     118
     121
     135
     120
     110
     104
     120
     140
     142
     124
     132
     111
     121
     108
     122
     121
     111
     118
     123
     106
     130
     110
     134
     134
     126
     116
     132
     120
     134
     104
     121
     141
     112
     116
     121
      93
     113
     129
     118
     118
     115
     134
     133
     138
     144
     109
     115
     126
     109
     113
     119
     113
     108
     123
     126
     115
     127
     108
     108
     108
     102
     118
     108
     114
     105
     122
     131
     154
     198
     175
     171
     139
     133
     111
     120
     123
     121
      85
     114
      94
     102
     107
      95
     110
      85
     112
      88
     105
     103
     100
     113
      97
     100
      84
     113
      98
     115
      94
      87
     135
     178
     241
     321
     318
     273
     233
     122
     110
      93
     104
      87
      89
     100
      96
     101
     101
      93
      88
     101
      96
      89
      88
      80
      81
     100
      87
     108
      86
      93
      93
      89
      96
      93
      83
      91
      87
      90
      79
      85
      94
      88
      88
      64
      84
     106
      85
      82
      76
      76
      73
      79
      81
      93
      93
      76
      94
      79
      79
      69
      94
      73
     101
      81
      73
      85
      88
      76
      80
      73
      84
      86
      92
      77
      78
      98
      90
      93
      67
      68
      93
      88
      63
      87
      85
      69
      93
      82
      80
      79
      85
      83
      75
      81
      61
      94
      80
      88
      89
      92
      80
      77
      66
      80
      93
      93
      74
      74
      82
      83
      92
      79
      72
      73
      72
      83
      74
      68
      88
      71
      86
      64
      83
      74
      67
      67
      73
      74
      77
      68
      88
      76
      65
      66
      77
      74
      78
      54
      65
      72
      64
      67
      84
      83
      82
      84
      94
      88
      82
      90
      74
      85
      76
      70
      61
      70
      85
      87
      70
      78
      88
      66
      73
      50
      77
      78
      62
      65
      75
      59
      78
      58
      70
      74
      72
      68
      71
      69
      68
      73
      61
      74
      67
      59
      59
      76
      74
      53
      78
      61
      71
      60
      62
      62
      72
      58
      63
      72
      81
      63
      79
      55
      67
      85
      67
      67
      53
      60
      63
      58
      55
      58
      54
      66
      55
      71
      52
      66
      70
      70
      64
      85
      62
      68
      79
      76
      67
      51
      62
      66
      63
      60
      61
      48
      68
      60
      56
      67
      65
      67
      70
      62
      52
      66
      66
      61
      55
      75
      57
      47
      61
      60
      64
      48
      58
      64
      56
      62
      61
      76
      62
      67
      60
      60
      47
      68
      61
      50
      71
      61
      50
      77
      67
      64
      58
      62
      46
      62
      51
      75
      78
      89
      88
      70
      57
      65
      50
      63
      66
      60
      59
      57
      51
      64
      66
      57
      64
      65
      48
      65
      54
      51
      47
      62
      35
      57
      58
      52
      62
      59
      48
      61
      56
      49
      60
      59
      48
      60
      66
      52
      51
      73
      49
      48
      45
      68
      66
      53
      71
      60
      45
      55
      65
      49
      52
      70
      60
      59
      40
      44
      48
      44
      55
      49
      50
      56
      54
      55
      61
      40
      46
      48
      43
      43
      51
      52
      56
      46
      62
      49
      65
      45
      55
      40
      41
      51
      57
      45
      53
      56
      57
      51
      58
      47
      34
      52
      43
      55
      47
      60
      47
      56
      50
      43
      50
      56
      40
      48
      41
      50
      46
      54
      59
      52
      64
      63
      68
      90
      98
     119
     132
     103
      91
      94
      58
      54
      38
      46
      45
      47
      45
      46
      40
      54
      51
      67
      49
      39
      47
      54
      51
      52
      36
      32
      40
      55
      44
      54
      56
      37
      36
      39
      43
      57
      49
      48
      40
      64
      45
      53
      44
      28
      48
      51
      48
      45
      53
      51
      45
      46
      61
      41
      55
      46
      38
      51
      52
      50
      47
      45
      36
      51
      44
      49
      43
      45
      48
      30
      47
      46
      39
      45
      46
      38
      32
      47
      46
      55
      44
      45
      46
      53
      44
      41
      47
      36
      41
      50
      44
      44
      46
      45
      41
      47
      53
      47
      47
      34
      39
      41
      37
      47
      50
      44
      33
      54
      40
      45
      43
      42
      44
      42
      41
      37
      46
      29
      47
      31
      49
      43
      34
      50
      43
      59
      38
      44
      59
      41
      50
      46
      45
      54
      45
      47
      48
      39
      37
      39
      28
      34
      29
      40
      35
      41
      63
      46
      46
      44
      49
      48
      45
      44
      40
      45
      39
      40
      35
      42
      53
      67
      35
      40
      44
      40
      34
      52
      48
      35
      49
      45
      57
      48
      45
      46
      50
      45
      57
      99
     117
     175
     178
     172
     161
      85
      58
      45
      42
      41
      36
      40
      23
      37
      42
      28
      40
      36
      43
      36
      39
      39
      49
      38
      49
      44
      38
      24
      34
      46
      38
      43
      41
      50
      33
      44
      39
      42
      40
      26
      38
      42
      37
      32
      37
      41
      31
      35
      38
      38
      31
      49
      51
      42
      53
      42
      37
      25
      38
      39
      37
      36
      31
      58
      73
     133
     181
     217
     238
     159
     107
      72
      52
      36
      29
      35
      25
      36
      28
      32
      29
      31
      41
      43
      39
      44
      51
      41
      28
      46
      35
      37
      37
      30
      36
      33
      31
      44
      46
      32
      28
      32
      34
      32
      24
      32
      27
      35
      32
      41
      37
      32
      35
      38
      43
      36
      33
      41
      31
      29
      39
      47
      34
      38
      33
      32
      30
      23
      31
      35
      31
      34
      28
      33
      30
      28
      32
      32
      25
      34
      32
      33
      40
      27
      30
      31
      36
      39
      37
      24
      38
      32
      29
      12
      21
      33
      28
      47
      27
      38
      33
      29
      40
      38
      42
      34
      29
      41
      38
      33
      38
      32
      26
      29
      42
      28
      34
      32
      37
      32
      33
      30
      24
      32
      43
      31
      34
      41
      25
      25
      32
      41
      28
      30
      29
      37
      39
      47
      29
      46
      45
      40
      37
      37
      39
      33
      20
      39
      42
      30
      27
      24
      34
      28
      30
      33
      25
      31
      27
      34
      33
      26
      34
      25
      31
      32
      35
      37
      30
      27
      25
      26
      27
      26
      28
      29
      36
      33
      39
      38
      22
      26
      29
      39
      30
      37
      33
      33
      27
      34
      26
      27
      26
      30
      35
      35
      34
      35
      32
      29
      35
      30
      29
      28
      28
      35
      29
      22
      23
      29
      17
      33
      30
      26
      31
      28
      21
      29
      39
      26
      22
      33
      28
      39
      23
      31
      34
      27
      26
      32
      32
      31
      34
      25
      41
      24
      20
      25
      23
      35
      33
      36
      32
      34
      22
      26
      26
      29
      28
      27
      25
      38
      21
      22
      27
      34
      30
      33
      24
      27
      26
      44
      30
      30
      31
      24
      37
      31
      26
      34
      31
      34
      32
      26
      31
      27
      30
      26
      23
      30
      26
      37
      25
      27
      28
      25
      30
      41
      21
      25
      28
      23
      24
      30
      24
      27
      31
      28
      28
      48
      63
      63
      56
      63
      38
      35
      22
      29
      28
      17
      32
      33
      14
      29
      40
      24
      31
      31
      30
      31
      28
      21
      33
      30
      24
      30
      23
      24
      17
      26
      25
      32
      27
      29
      20
      12
      20
      29
      26
      22
      32
      24
      31
      28
      31
      25
      23
      32
      34
      29
      17
      23
      23
      26
      32
      30
      27
      23
      29
      20
      22
      28
      23
      21
      29
      21
      26
      26
      27
      20
      22
      30
      25
      27
      24
      28
      22
      25
      20
      24
      22
      16
      33
      17
      20
      24
      32
      29
      24
      22
      42
      31
      27
      46
      50
      51
      70
      82
      84
      83
      69
      41
      42
      35
      42
      40
      29
      31
      36
      24
      22
      18
      29
      31
      20
      34
      29
      24
      35
      32
      30
      18
      30
      29
      26
      33
      42
      55
      46
      63
      51
      52
      41
      30
      30
      27
      29
      25
      22
      30
      25
      22
      24
      31
      36
      33
      25
      35
      36
      30
      22
      26
      26
      20
      14
      25
      26
      23
      20
      21
      19
      25
      18
      23
      28
      24
      32
      26
      30
      26
      33
      45
      37
      27
      21
      26
      29
      24
      28
      19
      25
      18
      24
      20
      20
      20
      26
      19
      23
      26
      23
      28
      18
      23
      23
      23
      26
      21
      20
      29
      25
      21
      22
      23
      20
      15
      20
      14
      26
      20
      23
      29
      36
      38
      63
      50
      47
      43
      31
      27
      16
      21
      19
      16
      23
      26
      23
      11
      22
      18
      20
      23
      21
      25
      21
      22
      28
      25
      18
      21
      26
      26
      19
      15
      31
      21
      18
      25
      20
      27
      27
      24
      18
      20
      17
      17
      22
      27
      26
      17
      32
      30
      25
      27
      24
      22
      20
      25
      25
      24
      34
      22
      23
      33
      22
      20
      27
      18
      26
      26
      26
      31
      28
      21
      25
      31
      22
      28
      19
      19
      28
      17
      19
      24
      18
      17
      32
      18
      17
      29
      26
      14
      37
      29
      36
      41
      57
      54
      58
      42
      39
      22
      25
      29
      21
      23
      14
      25
      10
      20
      18
      23
      19
      24
      21
      18
      21
      18
      21
      24
      22
      27
      22
      48
      31
      33
      24
      29
      18
      23
      19
      28
      31
      16
      16
      21
      25
      23
      22
      18
      23
      17
      19
      23
      20
      20
      22
      12
      22
      23
      21
      18
      28
      23
      33
      16
      16
      24
      19
      19
      20
      17
      17
      21
      24
      26
      11
      31
      21
      21
      19
      16
      15
      21
      17
      21
      26
      15
      29
      23
      25
      20
      16
      19
      19
      17
      21
      26
      20
      27
      21
      17
      14
      15
      22
      22
      22
      25
      12
      22
      15
      25
      21
      19
      31
      29
      21
      23
      27
      15
      19
      20
      22
      24
      13
      26
      25
      17
      27
      19
      26
      19
      15
      27
      20
      19
      22
      26
      16
      23
      24
      25
      22
      19
      26
      28
      15
      20
      29
      23
      22
      22
      14
      29
      24
      23
      32
      55
     104
     107
     137
     107
      73
      63
      30
      13
      19
      26
      13
      17
      19
      11
      12
      13
      20
      23
      28
      20
      19
      14
      20
      20
      18
      13
      16
      18
      26
      21
      26
      17
      21
      20
      16
      12
      10
      24
      12
      22
      25
      10
      16
      22
      15
      20
      17
      11
      21
      16
      27
      21
      13
      18
      24
      30
      23
      23
      16
      27
      27
      30
      26
      22
      16
      12
      16
      18
      14
      15
      18
      17
      18
      18
      14
      13
      23
      14
      23
      28
      19
      21
      21
      16
      19
      20
      21
      15
      17
      12
      17
      13
      17
      20
      19
      20
      21
      22
      23
      26
      21
      21
      26
      14
      19
      16
      20
      28
      19
      20
      13
      25
      12
      19
      16
      19
      11
      18
      13
      14
      20
      17
      15
      18
      18
      18
       6
      22
      13
      22
      23
      22
      23
      26
      23
      53
      35
      24
      26
      24
      22
      19
      24
      39
      50
      74
      68
      57
      61
      39
      32
      20
      19
      18
      16
      17
      22
       8
      16
      12
      21
      13
      20
      16
      20
      18
      27
      15
      24
      21
       9
      22
      21
      10
      17
      18
      17
      24
      16
      19
      17
      16
      23
      16
      15
      20
      11
      11
      18
      21
      19
      15
       9
      16
      17
      19
      20
      22
      18
      14
      17
      13
      19
      15
      11
      10
      17
      17
      18
      16
      20
      19
      22
      23
      27
      12
      24
      16
      13
      15
      19
      24
      17
      16
      14
      25
      12
      15
      23
      18
      13
      15
      14
      10
      16
      16
      13
      15
      12
      21
      12
      12
      17
      17
      12
      13
      15
      11
      21
      19
      19
      18
      15
      16
      26
      15
      16
      16
      22
      10
      15
      14
      22
      23
      16
      14
      22
      13
      16
      18
      13
       9
      21
      18
      19
      15
      19
      18
      18
      22
      12
      23
      19
      14
      22
      10
      19
      20
      22
      13
      10
      16
      18
      15
      13
      14
      18
      15
      22
      24
      18
      14
      13
      15
      19
      13
      17
      21
      14
      18
      18
      15
      14
      15
      14
      16
      25
      14
      17
      16
      14
      16
      13
      14
      14
      17
      17
      16
       8
      18
      12
      12
      18
      17
      10
      16
      17
      13
      20
      15
      16
      18
      22
      16
      17
      18
      13
      25
      15
      16
      22
      13
      18
      21
      18
      16
      16
      13
      17
      16
      13
      16
      16
      17
      15
      12
      17
      14
      16
      13
      16
      10
      22
      15
      14
      16
       9
      19
      13
      15
      12
      18
      21
      16
      15
      19
      10
      15
      15
      12
      20
      11
      15
      19
      12
      16
      13
      19
      12
      18
      22
      15
      10
      17
      20
      21
      16
      22
      18
      13
      22
      13
      15
      20
      19
      15
      11
      13
      13
      15
      14
      22
      11
      16
      13
      16
      13
      16
      15
      16
      22
      10
      16
      18
      19
      17
      14
       7
      17
      21
      11
      17
      19
      14
      17
      10
      16
      20
      17
      17
      19
      12
      11
       9
      15
      19
      16
      16
      17
       8
      14
      18
      21
      18
      17
      16
      17
      18
      13
       9
      20
      13
      19
       8
      14
      12
      18
      19
      14
      15
      18
      19
      10
      17
      15
      19
      19
      19
      15
      24
      14
      25
      21
      11
      17
      17
      12
      15
      13
      23
      17
      15
      17
      17
      17
      12
      17
      10
      24
      31
      46
      34
      38
      25
      24
      27
      16
      15
      16
      27
      33
      30
      59
      66
      51
      38
      41
      35
      16
      18
      14
      13
      13
      23
      16
      14
      12
      13
      12
      21
      12
      11
      25
      10
      11
      16
      13
      17
      10
      13
      18
      14
      20
      10
      12
      24
      16
      21
      10
      16
      10
      21
      20
      15
      15
      15
      11
      21
       9
      21
       8
      17
      13
      17
      18
      17
      12
      20
      19
      12
      18
      17
      15
      16
      20
      15
      13
      15
      13
      14
      16
      13
      15
      11
      16
      14
      20
      16
      19
      13
       6
      19
      15
      14
      13
      17
      11
      10
      15
      18
      22
      23
      26
      13
      17
      13
      14
      21
       9
      18
      15
      14
      22
      19
      22
      17
      14
      18
      21
      15
      13
      21
      14
      23
      18
      19
      15
      12
       9
      16
      15
      19
      13
      15
      16
      10
      13
      22
      14
      19
      20
      29
      19
      34
      36
      57
      47
      46
      25
      26
      21
      19
      14
      14
      13
      14
      15
      17
      11
      15
      14
      15
      20
      13
      14
      14
      11
      20
      27
       5
      16
      18
      19
      21
      12
      13
      11
      21
      26
      19
      19
      12
      13
      25
      12
      20
      26
      23
      16
      18
      15
      16
      21
      22
      21
      13
      17
       8
      14
      16
      20
      12
      15
      14
      23
      16
      14
      13
      18
      15
      22
      13
      17
      11
      16
      17
      24
      23
      17
      24
      15
      28
      10
      18
      12
      17
      15
      15
      12
      24
      17
      12
      20
      18
      12
      13
      20
      15
      18
      17
      19
      24
      17
      18
      22
      12
      15
      15
      13
      14
      19
      25
      15
      27
      18
      19
      19
      22
      12
      20
      18
      15
      15
      14
      22
      18
      17
      25
      15
      20
      16
      21
      17
      17
      11
      16
      12
      16
       8
      16
      11
      16
      12
      11
      13
      12
      18
      16
      16
      19
       9
      20
      19
      21
      18
      21
      21
      16
      13
      21
      19
      17
      10
      20
      26
      20
      33
      38
      28
      25
      28
      20
      15
      19
      16
      15
       7
      14
      17
      19
      15
      11
      15
      14
       5
      18
      11
      14
      15
      11
      15
      12
      18
      17
      10
      12
       7
      21
       8
      20
       9
      10
       9
      18
      13
      12
      18
      13
      13
      11
      13
      12
       8
      14
      20
       8
       9
      10
      11
      13
      12
       8
       7
       8
       8
       7
       7
       9
      15
      11
      10
       8
      15
      21
       4
      13
      17
      14
      11
       9
       5
      19
      14
      13
      15
       8
      11
      11
       7
       6
      14
      15
      14
       8
      19
       6
      14
      15
      12
      14
      12
      19
      12
       8
      15
      12
      10
      14
       8
      16
      14
      15
      12
      14
      11
      16
      13
      10
      10
       9
      15
       7
       7
      11
      16
      11
       8
       8
      20
       7
      11
      12
       6
      14
       8
      13
      16
      10
       7
       9
      15
      13
      12
      11
      12
      12
      11
      12
       7
      14
       6
      10
      12
      10
      12
       7
      15
       5
      15
       9
      13
      11
      12
       9
      13
       6
       7
       6
      15
       7
      12
      10
       9
      10
       6
       8
       7
       9
      13
      13
       8
       7
       8
       8
      12
       6
       5
      15
       8
       4
       8
       7
      14
       9
       7
       5
       7
       9
       8
       7
       6
       8
       8
      10
      10
       9
       8
      10
       9
       7
       7
       7
       9
       9
      12
       8
       8
       7
      11
      12
       6
      13
       8
      10
       4
      10
       6
       5
       7
      11
       5
       8
       6
      10
       8
      12
      10
       8
      11
      17
      39
      30
      29
      35
      27
      14
      14
      10
       5
       7
       8
      14
       9
       7
       8
       8
       8
       6
      11
       8
       7
      11
       5
      10
       4
       1
       8
       5
       6
       2
       5
       6
      12
      10
       2
       4
       6
       8
       8
       9
      11
       8
       9
       5
       5
       8
       2
       4
      14
       8
       9
       4
       8
       7
       4
       8
       5
       4
       6
       4
       6
       8
       7
       8
       4
       5
       3
       9
       7
       4
       9
       7
       9
       7
       5
       4
       6
       7
       2
       2
       5
       6
      10
       6
       7
       8
       5
       0
       7
       9
       4
       8
      11
       4
       3
       3
      10
       5
       5
       2
       7
       9
       6
       8
       3
       4
       9
       5
       4
       5
       6
      15
      10
      23
      17
      28
      18
      10
       6
       8
       7
       7
       6
       6
       4
      10
       4
       7
       9
       7
       8
       5
       3
       4
       4
       7
       8
       4
       5
       7
       2
       5
       5
       6
       4
       3
       4
       8
       8
       6
       5
       0
       3
       5
       9
       2
       4
       5
       6
       7
       3
       5
       3
       7
       5
       8
       5
       7
       5
       6
       5
      11
       5
       4
      10
       9
       9
       5
       7
       4
       4
       5
       3
       2
       7
       4
       2
      10
      14
       9
       9
      16
      15
       8
       7
       9
       9
       2
       4
       5
       3
       4
       9
       4
       8
       3
       1
       3
       4
       4
       4
       5
       5
       4
       0
       3
       2
       5
       8
       2
       3
       4
       8
       3
       4
       5
       3
       4
       4
       3
       5
       3
       3
       7
      10
       6
       5
       5
       8
       9
       3
       5
       5
       2
       2
       1
       5
       5
       5
       6
       7
       7
       7
       8
       6
       6
       7
       5
      10
       5
       8
       8
       5
       4
       5
       3
       5
       8
       5
       8
       5
       3
       5
       6
       1
       4
       5
       8
       3
       4
       5
       3
       4
       4
       5
       5
       5
       4
       5
       4
       9
       5
       8
       9
       9
       3
       5
       6
       4
       3
       3
       5
       6
       2
       4
       3
       7
       3
       4
      10
       5
       2
       2
       7
       6
      13
      38
      51
     116
     227
     329
     402
     427
     373
     303
     192
      91
      46
      19
       9
       8
       7
       4
       2
       2
       1
       6
       4
       8
       4
       3
       2
       4
       4
       3
       2
       2
       2
       3
       2
       3
       2
       2
       1
       2
       4
       4
       5
       1
       3
       3
       2
       2
       6
       3
       5
       4
       4
       5
       4
       3
       2
       3
       7
       2
       1
       4
       2
       2
       2
       4
       6
       4
       7
       1
       2
       1
       7
       4
       5
       2
       4
       2
       2
       1
       3
       4
       3
       5
       2
       1
       4
       5
       4
       5
       2
       4
       3
       3
       3
      10
       4
       5
       4
       4
       5
       3
       2
       2
       1
       2
       5
       6
       7
       4
       4
       6
       8
       5
       8
       3
       2
       4
       3
       4
       3
       2
       0
       3
       4
       6
       6
       4
       3
       6
       8
       8
       1
       4
       3
       0
       6
       4
       9
       6
       1
       5
       1
       4
       4
       1
       5
       5
       5
       7
       3
       5
       0
       6
       2
       4
       1
       6
       5
       1
       2
       2
       2
       3
       3
       3
       3
       4
       6
       4
       3
       2
       6
       7
       4
       2
       4
       0
       4
       4
       3
       6
       2
       2
       6
       0
       3
       4
       2
       2
       3
       2
       4
       1
       2
       4
       6
       2
       2
      11
      11
       3
       3
       3
       3
       4
       2
       2
       3
       3
       2
       7
       1
       4
       7
       1
       2
       5
       8
       1
       6
       7
       5
       3
       3
       2
       4
       4
       5
       2
       3
       5
       4
       4
       5
       3
       4
       4
       3
       3
       2
       4
       6
       5
       9
       2
       5
       2
       3
       3
       1
       2
       0
       3
       0
       2
       2
       3
       4
       3
       1
       5
       5
       2
       2
       2
       3
       3
       1
       0
       4
       3
       2
       3
       2
       1
       1
       5
       1
       5
       4
       1
       4
       3
       3
       1
       3
       4
       2
       1
       5
       4
       5
       3
       6
       2
       7
       3
       3
       2
       4
       4
       6
       7
       1
       4
       6
       2
       3
       2
       4
       8
       3
       6
       5
       4
       2
       4
       0
       6
       5
       5
      10
       8
      11
      15
      10
       5
       7
       3
       9
      10
      12
      11
      18
      12
      18
      21
       9
       4
       3
       2
       4
       1
       5
       4
       3
       1
       2
       5
       4
       4
       4
       4
       4
       4
       4
       3
       3
       1
       5
       1
       5
       2
       2
       4
       1
       2
       2
       3
       5
       2
       4
       3
       1
       3
       2
       2
       3
       1
       1
       1
       4
       2
       1
       6
       6
       2
       2
       1
       3
       2
       4
       4
       3
       6
       3
       3
       1
       2
       2
       6
       7
       6
       5
       6
       6
       4
       7
       2
       5
       3
       2
       1
       7
       6
       6
       5
       4
       4
       0
       1
       1
       4
       2
       3
       7
       6
       2
       8
       6
       7
       4
       3
       2
       4
       7
       2
       2
       4
       2
       3
       6
       3
       1
       1
       4
       2
       3
       0
       6
       4
       3
       2
       2
       4
       2
       4
       2
       0
       3
       4
       2
       0
       1
       2
       2
       3
       0
       3
       1
       4
       0
       3
       2
       2
       1
       2
       2
       1
       2
       3
       0
       0
       2
       2
       1
       2
       2
       1
       2
       3
       1
       3
       4
       5
       1
       3
       1
       2
       2
       2
       2
       1
       2
       4
       5
       7
       4
       3
       7
       3
       3
       1
       3
       1
       1
       3
       2
       2
       2
       1
       3
       2
       2
       1
       0
       2
       6
       0
       1
       3
       1
       3
       0
       2
       4
       6
       2
       3
       0
       1
       0
       3
       1
       4
       0
       3
       1
       2
       2
       1
       1
       5
       0
       4
       2
       2
       3
       1
       1
       0
       2
       1
       3
       1
       2
       3
       4
       0
       1
       1
       2
       1
       0
       3
       4
       2
       2
       3
       2
       1
       3
       0
       1
       4
       3
       4
       2
       4
       4
       1
       2
       5
       2
       3
       0
       0
       0
       1
       2
       6
       3
       2
       3
       1
       2
       1
       1
       1
       0
       4
       2
       1
       1
       5
       2
       1
       2
       1
       4
       1
       2
       2
       0
       3
       1
       0
       2
       5
       4
       2
       0
       1
       1
       2
       3
       3
       5
       1
       1
       2
       7
       4
       3
       4
       1
       2
       1
       3
       1
       3
       4
       0
       1
       1
       4
       0
       0
       1
       0
       2
       0
       1
       2
       0
       2
       5
       0
       3
       2
       1
       2
       6
       3
       2
       7
       7
       8
       8
       5
       5
       2
       1
       3
       1
       1
       1
       3
       1
       4
       0
       1
       5
       2
       3
       1
       1
       2
       2
       2
       1
       2
       2
       2
       2
       1
       3
       2
       1
       2
       0
       1
       1
       2
       1
       1
       2
       3
       2
       0
       6
       2
       1
       3
       1
       1
       2
       1
       4
       1
       3
       3
       2
       1
       2
       0
       2
       3
       2
       2
       2
       2
       1
       1
       3
       0
       3
       0
       3
       3
       2
       2
       3
       2
       2
       3
       4
       5
      12
      17
      20
      24
      41
      28
      47
      24
      24
      11
       5
       3
       0
       5
       1
       1
       0
       1
       3
       1
       0
       3
       3
       1
       1
       2
       1
       3
       1
       1
       1
       1
       1
       2
       2
       4
       0
       4
       3
       2
       1
       0
       1
       8
       2
       2
       4
       0
       3
       3
       0
       3
       0
       1
       2
       3
       3
       0
       2
       1
       1
       3
       2
       3
       2
       0
       3
       2
       0
       3
       1
       1
       1
       1
       1
       3
       3
       6
       1
       1
       1
       5
       3
       0
       1
       2
       1
       1
       5
       2
       2
       5
       4
       2
       3
       5
       2
       4
       0
       2
       2
       2
       4
       4
       4
       1
       1
       3
       3
       0
       4
       3
       0
       1
       2
       1
       2
       2
       1
       4
       3
       0
       3
       4
       0
       1
       1
       4
       2
       2
       1
       0
       3
       4
       1
       3
       3
       0
       4
       3
       1
       4
       5
       0
       6
       2
       3
       1
       0
       3
       1
       3
       5
       2
       1
       2
       4
       3
       2
       4
       3
       1
       3
       4
       0
       1
       1
       0
       4
       0
       0
       2
       1
       3
       0
       2
       1
       1
       0
       5
       2
       2
       2
       1
       2
       3
       1
       5
       4
       2
       3
       2
       2
       3
       2
       2
       2
       2
       2
       3
       5
       2
       2
       2
       1
       1
       3
       2
       3
       5
       2
       9
       7
       5
       5
       2
       2
       2
       5
       2
       1
       2
       3
       2
       1
       1
       1
       4
       1
       3
       0
       2
       1
       1
       2
       2
       0
       1
       0
       3
       2
       0
       0
       0
       1
       2
       3
       5
       1
       1
       2
       3
       1
       3
       0
       2
       1
       2
       2
       3
       1
       4
       3
       4
       1
       1
       0
       5
       2
       2
       0
       1
       2
       3
       4
       2
       5
       2
       0
       0
       1
       2
       0
       2
       1
       3
       2
       0
       3
       1
       1
       2
       0
       2
       1
       3
       3
       4
       4
       0
       1
       4
       5
       1
       3
       5
       0
       0
       6
       3
       1
       1
       3
       1
       1
       0
       0
       2
       3
       4
       3
       1
       1
       5
       2
       3
       4
       1
       3
       3
       5
       8
       2
       1
       2
       3
       4
       2
       0
       2
       0
       2
       1
       3
       0
       4
       2
       4
       2
       0
       5
       3
       1
       3
       2
       2
       2
       2
       3
       1
       1
       2
       2
       1
       0
       1
       1
       0
       4
       2
       3
       0
       3
       3
       4
       2
       0
       0
       5
       1
       2
       1
       3
       3
       2
       3
       2
       4
       2
       3
       2
       0
       3
       2
       3
       3
       1
       0
       3
       2
       4
       1
       1
       2
       4
       3
       1
       1
       1
       2
       3
       2
       5
       3
       3
       2
       1
       3
       1
       1
       1
       1
       1
       0
       0
       2
       6
       1
       1
       1
       4
       1
       2
       2
       0
       2
       0
       0
       4
       3
       2
       2
       1
       1
       4
       1
       4
       0
       0
       3
       2
       1
       5
       1
       1
       0
       7
       1
       1
       2
       0
       1
       1
       1
       2
       2
       1
       4
       1
       3
       1
       3
       4
       3
       1
       1
       2
       2
       0
       0
       1
       0
       2
       1
       1
       2
       0
       2
       1
       1
       2
       3
       1
       0
       3
       4
       4
       1
       3
       3
       0
       3
       2
       4
       2
       3
       3
       2
       0
       3
       0
       1
       1
       1
       2
       3
       2
       2
       2
       2
       0
       0
       2
       1
       1
       2
       2
       1
       3
       1
       1
       1
       2
       0
       1
       0
       4
       3
       0
       1
       1
       1
       1
       0
       3
       1
       4
       3
       3
       2
       1
       2
       1
       2
       1
       3
       3
       1
       0
       6
       1
       1
       2
       2
       2
       2
       2
       1
       1
       0
       2
       2
       0
       2
       1
       1
       3
       2
       3
       3
       1
       2
       2
       1
       3
       1
       2
       3
       4
       1
       4
       0
       1
       1
       0
       2
       2
       1
       1
       2
       7
       2
       1
       1
       2
       1
       1
       1
       0
       1
       1
       2
       4
       3
       0
       1
       3
       1
       2
       0
       3
       0
       4
       1
       2
       3
       2
       2
       2
       2
       2
       1
       1
       2
       1
       0
       2
       1
       3
       1
       0
       3
       1
       1
       2
       1
       1
       2
       3
       3
       0
       1
       2
       3
       2
       3
       0
       2
       1
       2
       4
       2
       3
       0
       2
       2
       1
       2
       2
       5
       1
       2
       1
       1
       3
       1
       0
       1
       2
       0
       3
       1
       3
       1
       1
       5
       0
       2
       0
       0
       2
       4
       3
       2
       0
       1
       1
       2
       0
       0
       1
       1
       0
       1
       2
       1
       2
       3
       1
       1
       3
       1
       3
       0
       1
       2
       0
       2
       2
       2
       1
       2
       1
       3
       2
       2
       1
       1
       4
       2
       2
       1
       1
       2
       0
       2
       3
       2
       3
       0
       0
       4
       2
       3
       2
       2
       0
       3
       2
       3
       2
       0
       0
       3
       3
       2
       0
       3
       2
       1
       0
       2
       1
       0
       0
       0
       1
       5
       2
       1
       0
       2
       1
       2
       1
       4
       0
       2
       0
       3
       1
       1
       3
       2
       3
       1
       3
       0
       3
       1
       2
       0
       1
       2
       0
       3
       0
       0
       5
       0
       0
       1
       2
       1
       0
       4
       0
       5
       0
       2
       2
       0
       2
       3
       1
       0
       2
       1
       1
       0
       0
       2
       2
       1
       2
       1
       1
       2
       1
       3
       0
       2
       1
       1
       3
       1
       1
       2
       0
       3
       3
       3
       1
       2
      10
       4
       9
       4
      10
      13
       7
      10
       5
       6
       8
       5
       3
       5
       3
       1
       3
       3
       1
       1
       1
       0
       2
       1
       1
       4
       2
       1
       1
       1
       1
       2
       3
       1
       1
       2
       1
       0
       2
       5
       3
       3
       3
       5
       5
       4
       1
       3
       1
       5
       1
       2
       2
       3
       0
       5
       1
       4
       2
       4
       3
       1
       1
       0
       0
       0
       3
       1
       1
       4
       0
       0
       1
       2
       2
       2
       2
       1
       1
       1
       1
       1
       1
       1
       0
       2
       2
       1
       1
       2
       4
       0
       1
       1
       0
       2
       4
       1
       2
       2
       5
       0
       2
       1
       3
       4
       1
       1
       1
       2
       2
       2
       0
       2
       3
       2
       3
       3
       3
       2
       0
       0
       1
       0
       5
       2
       1
       1
       1
       0
       2
       0
       3
       0
       4
       2
       3
       0
       1
       3
       0
       0
       1
       0
       0
       2
       3
       3
       2
       1
       2
       0
       3
       4
       0
       0
       2
       0
       2
       2
       2
       0
       4
       4
       4
       1
       1
       0
       3
       2
       0
       0
       4
       0
       1
       1
       0
       0
       0
       0
       2
       1
       1
       0
       1
       2
       3
       5
       1
       3
       1
       2
       0
       1
       2
       0
       3
       0
       2
       1
       0
       0
       2
       1
       2
       2
       0
       2
       3
       1
       0
       3
       3
       0
       3
       1
       0
       5
       1
       1
       1
       1
       2
       0
       4
       1
       2
       2
       1
       0
       1
       2
       1
       0
       1
       2
       3
       3
       1
       2
       0
       0
       3
       0
       3
       0
       0
       3
       0
       2
       1
       4
       0
       9
       7
      19
      12
      13
       6
       8
       5
       2
       3
       2
       1
       3
       1
       1
       3
       1
       1
       1
       1
       1
       0
       1
       6
       1
       1
       1
       2
       4
       1
       4
       1
       0
       3
       0
       1
       1
       3
       2
       4
       1
       1
       3
       2
       2
       1
       0
       3
       0
       4
       3
       2
       2
       3
       3
       2
       1
       2
       3
       5
       0
       4
       3
       1
       2
       1
       1
       2
       0
       2
       4
       2
       1
       1
       2
       0
       2
       2
       1
       2
       0
       2
       2
       0
       1
       2
       2
       2
       2
       0
       1
       3
       1
       1
       0
       2
       1
       3
       2
       2
       0
       2
       6
       3
       0
       0
       1
       2
       2
       0
       5
       0
       2
       3
       1
       3
       2
       4
       4
       2
       2
       2
       1
       3
       2
       3
       3
       3
       0
       5
       0
       1
       0
       2
       2
       1
       2
       1
       0
       1
       1
       0
       7
       1
       1
       3
       1
       1
       2
       1
       3
       0
       0
       1
       2
       1
       3
       1
       1
       1
       4
       1
       0
       3
       1
       1
       0
       1
       2
       5
       4
       2
       2
       0
       1
       1
       2
       1
       3
       1
       1
       5
       0
       0
       3
       1
       2
       2
       3
       2
       2
       2
       4
       4
       3
       0
       1
       6
       3
       1
       2
       4
       1
       1
       3
       1
       0
       0
       1
       2
       1
       3
       1
       2
       1
       4
       1
       1
       1
       3
       3
       5
       2
       2
       1
       2
       3
       2
       1
       4
       0
       2
       3
       4
       0
       1
       1
       2
       3
       1
       3
       4
       1
       1
       2
       1
       0
       3
       4
       2
       3
       2
       1
       1
       3
       3
       2
       1
       1
       0
       3
       4
       3
       1
       3
       1
       2
       3
       2
       1
       2
       1
       3
       2
       2
       3
       3
       2
       1
       4
       1
       4
       1
       0
       2
       1
       1
       1
       3
       3
       2
       3
       0
       1
       3
       5
       1
       2
       4
       4
       5
       2
       2
       2
       2
       3
       2
       4
       1
       1
       2
       1
       4
       1
       1
       1
       3
       0
       1
       1
       6
       5
       3
       8
       4
       3
       2
       1
       3
       0
       1
       3
       1
       1
       3
       0
       3
       2
       3
       2
       1
       0
       2
       1
       3
       1
       1
       2
       2
       1
       3
       1
       2
       3
       0
       1
       0
       1
       2
       4
       1
       4
       7
       0
       3
       2
       1
       4
       3
       1
       2
       3
       3
       0
       2
       0
       3
       1
       3
       3
       4
       1
       2
       4
       5
       4
       1
       3
       1
       2
       5
       2
       4
       2
       2
       3
       3
       1
       1
       2
       1
       3
       1
       3
       4
       1
       3
       4
       0
       8
       3
       0
       4
       4
       1
       3
       1
       2
       1
       2
       1
       0
       2
       1
       2
       0
       5
       4
       1
       1
       1
       0
       5
       2
       2
       3
       2
       1
       1
       5
       3
       0
       2
       4
       0
       4
       2
       3
       0
       4
       1
       1
       2
       1
       2
       1
       1
       3
       3
       5
       4
       1
       0
       1
       3
       4
       2
       0
       3
       1
       1
       2
       1
       3
       1
       1
       2
       2
       3
       2
       0
       4
       1
       0
       4
       1
       1
       1
       1
       3
       1
       1
       2
       0
       2
       0
       3
       2
       2
       2
       0
       0
       0
       3
       0
       4
       0
       1
       3
       1
       3
       1
       0
       3
       0
       2
       2
       2
       0
       3
       1
       1
       1
       3
       2
       1
       0
       0
       1
       2
       2
       5
       1
       2
       1
       3
       4
       2
       0
       1
       0
       1
       1
       1
       0
       0
       2
       0
       1
       0
       0
       1
       2
       1
       3
       1
       2
       0
       0
       2
       3
       2
       2
       0
       0
       4
       1
       1
       3
       1
       1
       2
       2
       1
       0
       0
       3
       1
       0
       1
       1
       3
       3
       0
       2
       4
       0
       0
       2
       1
       1
       1
       0
       0
       0
       1
       3
       1
       1
       0
       3
       2
       1
       2
       1
       0
       1
       3
       3
       3
       1
       4
       4
       1
       3
       0
       2
       0
       3
       1
       1
       1
       1
       0
       0
       1
       1
       3
       0
       2
       0
       2
       1
       3
       1
       1
       5
       2
       0
       1
       1
       2
       1
       0
       1
       3
       1
       2
       2
       2
       2
       0
       0
       1
       2
       0
       1
       1
       0
       1
       2
       0
       2
       0
       1
       1
       1
       0
       0
       1
       0
       0
       2
       2
       2
       0
       0
       0
       1
       4
       1
       0
       1
       2
       1
       1
       0
       0
       0
       1
       1
       0
       0
       2
       0
       1
       1
       0
       1
       0
       1
       1
       3
       1
       0
       0
       1
       0
       1
       0
       1
       0
       0
       0
       2
       0
       0
       2
       2
       0
       2
       1
       2
       0
       1
       0
       0
       0
       0
       1
       0
       0
       4
       0
       1
       0
       1
       0
       0
       0
       0
       0
       0
       0
       0
       0
       0
       1
       0
       0
       1
       0
       0
       0
       0
       0
       0
       1
       1
       0
       1
       1
       0
       1
       0
       0
       0
       1
       0
       1
       0
       0
       0
       1
       1
       1
       0
       0
       0
       0
       0
       1
       1
       0
       2
       0
       1
       0
       0
       0
       1
       0
       0
       0
       1
       0
       0
       0
       0
       1
       0
       0
       0
       1
       0
       0
       0
       0
       2
       0
       1
       0
       0
       1
       0
       1
       0
       0
       0
       0
       1
       0
       0
       0
       0
       0
       0
       0
       1
       0
       2
       0
       0
       0
       1
       0
       0
       0
       0
       0
       3
       0
       1
       0
       0
       1
       0
       0
       0
       0
       0
       0
       0
       1
       0
       0
       0
       1
       0
       2
       0
       0
       0
       1
       1
       0
       1
       0
       0
       0
       1
       0
       0
       0
       0
       0
       0
       0
       0
       0
       0
       0
       0
       1
       0
       1
       0
       0
       0
       0
       0
       0
       1
       0
       0
       0
       0
       0
       0
       1
       0
       0
       0
       0
       0
       0
       0
       1
       0
       0
       1
       0
       2
       1
       0
       0
       0
       1
       0
       0
       0
       1
       1
       0
       2
       1
       0
       0
       1
       0
       1
       0
       0
       1
       0
       0
       0
       0
       0
       1
       0
       0
       0
       0
       0
       0
       0
       0
       1
       0
       1
       0
       0
       0
       0
       0
       1
       0
       0
       0
       0
       0
       2
       0
       0
       2
       0
       1
       0
       0
       0
       0
       0
       0
       0
       0
       0
       0
       0
       0
       0
       0
       0
       2
       0
       0
       0
       1
       2
       0
       0
       0
       1
       0
       1
       0
       0
       1
       0
       1
       0
       0
       0
       0
       0
       0
       0
       0
       0
       0
       0
       0
       0
       0
       0
       3
       0
       0
       5
       5
       9
      17
      37
      29
      50
      70
      64
      53
      45
      39
      33
      24
       6
       6
       0
       2
       0
       2
       0
       0
       0
       0
       0
       1
       0
       0
       0
       0
       0
       0
       0
       0
       0
       0
       0
       0
       0
       0
       0
       0
       0
       0
       0
       0
       0
       0
       0
       0
       0
       0
       0
       0
       0
       0
       0
       0
       0
       0
       0
       0
       1
       0
       0
       0
       0
       0
       0
       0
       0
       0
       0
       0
       0
       0
       0
       0
       0
       0
       0
       0
       0
       0
       0
       1
       1
       0
       0
       0
       0
       0
       0
       0
       0
       0
       0
       0
       0
       0
       0
       0
       0
       0
       0
       0
       0
       0
       0
       0
       0
       0
       0
       0
       0
       0
       1
       0
       0
       0
       0
       0
       0
       0
       0
       0
       0
       0
       0
       0
       0
       1
       0
       1
       0
       0
       0
       0
       0
       0
       0
       0
       0
       0
       0
       0
       0
       0
       0
       0
       0
       0
       0
       0
       0
       0
       1
       0
       0
       0
       0
       0
       0
       0
       0
       0
       0
       0
       0
       0
       0
       0
       0
       0
       0
       0
       0
       0
       0
       0
       0
       0
       0
       0
       0
       0
       0
       0
       1
       0
       1
       0
       0
       0
       0
       0
       0
       0
       0
       0
       0
       1
       0
       0
       0
       0
       0
       0
       0
       0
       0
       0
       0
       0
       0
       0
       0
       0
       0
       0
       1
       0
       1
       0
       0
       0
       0
       0
       0
       0
       0
       1
       0
       0
       0
       0
       0
       0
       0
       0
       1
       0
       0
       0
       0
       0
       0
       0
       0
       0
       0
       0
       0
       0
       0
       0
       0
       0
       0
       0
       0
       0
       0
       0
       0
       0
       0
       0
       0
       0
       0
       0
       0
       0
       0
       0
       0
       0
       0
       2
       0
       0
       1
       0
       0
       0
       0
       0
       0
       0
       0
       0
       0
       0
       0
       0
       0
       0
       0
       0
       0
       0
       0
       0
       0
       0
       0
       0
       0
       0
       0
       0
       0
       0
       0
       0
       0
       0
       0
       0
       0
       0
       0
       1
       0
       0
       0
       0
       0
       0
       0
       0
       0
       0
       0
       0
       0
       0
       0
       0
       0
       0
       0
       0
       0
       0
       0
       0
       0
       0
       0
       0
       0
       0
       0
       0
       0
       0
       0
       0
       0
       0
       0
       1
       0
       0
       0
       0
       0
       0
       0
       0
       0
       0
       0
       0
       0
       0
       0
       0
       0
       0
       1
       0
       0
       0
       0
       0
       0
       0
       0
       0
       0
       0
       0
       0
       0
       0
       0
       0
       0
       0
       0
       0
       0
       0
       0
       0
       0
       0
       0
       0
       0
       0
       0
       0
       0
       0
       0
       0
       0
       0
       0
       0
       0
       0
       0
       0
       0
       0
       1
       1
       1
       0
       0
       1
       0
       1
       0
       0
       0
       1
       0
       0
       0
       0
       0
       0
       0
       0
       0
       0
       0
       0
       0
       0
       0
       0
       0
       0
       0
       0
       0
       0
       0
       0
       0
       0
       0
       0
       0
       0
       1
       0
       0
       0
       0
       0
       0
       0
       0
       0
       0
       0
       0
       1
       0
       0
       0
       0
       0
       0
       0
       1
       0
       0
       0
       0
       0
       0
       0
       0
       0
       0
       0
       0
       0
       0
       0
       0
       0
       0
       0
       0
       0
       0
       0
       0
       0
       0
       0
       0
       0
       0
       0
       0
       0
       0
       0
       0
       0
       0
       0
       1
       0
       0
       1
       0
       0
       0
       0
       0
       0
       0
       0
       0
       1
       0
       0
       0
       0
       0
       0
       0
       0
       0
       0
       0
       0
       1
       0
       0
       0
       0
       0
       0
       0
       0
       0
       0
       0
       0
       0
       0
       0
       1
       0
       0
       0
       0
       0
       0
       0
       0
       0
       0
       0
       0
       0
       0
       0
       0
       0
       0
       0
       0
       0
       0
       0
       0
       0
       0
       0
       0
       0
       0
       0
       0
       0
       0
       0
       0
       0
       0
       0
       0
       0
       0
       0
       0
       0
       0
       0
       0
       0
       0
       0
       0
       0
       0
       0
       0
       0
       0
       1
       0
       0
       0
       0
       0
       0
       0
       0
       0
       0
       0
       0
       0
       0
       0
       0
       0
       0
       0
       0
       0
       0
       0
       0
       0
       0
       0
       0
       0
       0
       1
       0
       0
       0
       0
       0
       0
       0
       0
       0
       0
       0
       0
       0
       0
       0
       0
       0
       0
       0
       0
       0
       0
       0
       0
       0
       0
       0
       0
       0
       1
       0
       0
       0
       0
       0
       0
       0
       0
       0
       0
       0
       0
       0
       0
       0
       0
       0
       0
       0
       0
       0
       1
       0
       0
       0
       0
       0
       0
       0
       0
       0
       0
       0
       0
       1
       0
       0
       0
       0
       0
       0
       0
       0
       0
       0
       0
       0
       0
       0
       0
       0
       0
       0
       0
       0
       0
       0
       0
       1
       0
       0
       0
       0
       0
       0
       0
       1
       0
       1
       0
       0
       0
       0
       0
       0
       1
       0
       0
       0
       0
       1
       0
       1
       0
       0
       0
       0
       0
       0
       0
       0
       0
       0
       0
       0
       1
       0
       0
       0
       0
       0
       0
       0
       0
       0
       0
       0
       0
       1
       0
       0
       0
       0
       1
       0
       0
       1
       0
       0
       0
       0
       0
       0
       0
       0
       0
       1
       0
       0
       0
       0
       0
       0
       0
       0
       0
       0
       0
       0
       0
       0
       0
       0
       0
       0
       0
       0
       0
       0
       0
       0
       0
       0
       0
       0
       0
       0
       1
       0
       0
       0
       0
       0
       0
       0
       0
       0
       0
       0
       0
       0
       0
       0
       0
       0
       0
       0
       0
       0
       0
       2
       0
       0
       0
       0
       0
       1
       0
       0
       0
       0
       0
       1
       0
       0
       0
       0
       0
       0
       0
       0
       0
       0
       1
       0
       1
       0
       0
       0
       0
       0
       0
       0
       0
       0
       0
       0
       0
       0
       0
       0
       0
       0
       0
       0
       0
       0
       0
       0
       1
       1
       0
       0
       0
       0
       0
       0
       0
       0
       0
       0
       0
       0
       0
       0
       0
       0
       0
       0
       0
       1
       1
       1
       0
       0
       0
       0
       0
       0
       0
       0
       0
       0
       0
       0
       0
       0
       0
       0
       0
       0
       0
       0
       1
       0
       0
       0
       0
       0
       0
       0
       0
       0
       0
       0
       0
       0
       0
       0
       0
       0
       0
       1
       0
       1
       0
       0
       0
       0
       0
       0
       0
       0
       0
       0
       0
       0
       0
       0
       0
       0
       1
       0
       0
       0
       0
       0
       0
       0
       0
       0
       0
       1
       0
       0
       0
       0
       0
       0
       1
       0
       0
       0
       0
       0
       0
       1
       0
       0
       0
       0
       0
       0
       0
       0
       0
       0
       0
       0
       0
       0
       0
       0
       0
       1
       0
       0
       1
       0
       0
       0
       0
       0
       0
       0
       0
       0
       0
       0
       0
       1
       0
       0
       0
       0
       0
       0
       0
       0
       0
       0
       0
       0
       0
       0
       1
       0
       0
       1
       0
       0
       0
       0
       0
       0
       0
       0
       0
       0
       0
       0
       0
       0
       1
       0
       1
       0
       0
       1
       0
       0
       0
       0
       0
       0
       0
       0
       0
       0
       0
       0
       0
       0
       0
       0
       0
       0
       0
       0
       0
       0
       0
       0
       0
       0
       1
       0
       0
       0
       0
       0
       0
       0
       0
       0
       0
       0
       0
       0
       0
       0
       0
       0
       0
       0
       0
       0
       0
       0
       0
       0
       1
       0
       0
       0
       0
       0
       0
       0
       0
       0
       0
       0
       0
       0
       0
       0
       1
       0
       0
       0
       0
       0
       1
       0
       0
       0
       0
       0
       0
       0
       0
       0
       0
       0
       0
       0
       0
       0
       0
       0
       0
       0
       0
       0
       1
       0
       0
       0
       0
       0
       0
       0
       0
       0
       0
       0
       0
       0
       0
       0
       0
       0
       0
       0
       0
       0
       0
       0
       0
       0
       0
       0
       0
       0
       0
       0
       0
       0
       0
       0
       0
       0
       0
       0
       0
       0
       0
       0
       0
       0
       0
       0
       0
       0
       0
       0
       0
       0
       0
       0
       0
       0
       0
       0
       0
       0
       0
       0
       0
       0
       0
       0
       0
       0
       0
       0
       0
       0
       0
       0
       0
       0
       0
       0
       0
       0
       0
       0
       0
       0
       0
       0
       0
       0
       0
       0
       0
       0
       1
       0
       0
       1
       0
       0
       0
       0
       0
       0
       0
       1
       0
       0
       0
       0
       0
       1
       0
       0
       0
       0
       0
       0
       0
       0
       0
       0
       0
       0
       0
       0
       0
       0
       1
       0
       0
       0
       0
       0
       1
       0
       0
       0
       0
       0
       0
       0
       0
       0
       0
       0
       0
       0
       0
       0
       0
       0
       0
       0
       0
       1
       0
       0
       0
       0
       1
       0
       0
       0
       0
       0
       0
       0
       0
       0
       0
       0
       0
       0
       1
       0
       2
       0
       0
       0
       0
       0
       0
       0
       0
       0
       0
       0
       0
       0
       0
       0
       0
       1
       0
       0
       0
       0
       0
       0
       0
       0
       0
       0
       0
       0
       0
       0
       0
       0
       0
       0
       0
       0
       0
       0
       0
       0
       0
       0
       0
       0
       0
       0
       0
       1
       0
       0
       0
       0
       0
       0
       0
       0
       0
       0
       0
       0
       0
       1
       0
       0
       0
       0
       0
       0
       0
       0
       0
       0
       0
       0
       0
       0
       0
       0
       0
       0
       0
       0
       0
       0
       0
       0
       0
       0
       0
       0
       0
       0
       0
       0
       0
       0
       1
       0
       0
       0
       0
       0
       0
       0
       1
       0
       0
       0
       0
       0
       0
       0
       0
       0
       0
       0
       0
       0
       0
       0
       0
       0
       0
       0
       0
       0
       0
       0
       0
       0
       0
       0
       0
       0
       0
       0
       0
       0
       0
       0
       0
       0
       0
       0
       0
       0
       0
       0
       0
       1
       0
       0
       0
       0
       0
       0
       0
       0
       0
       0
       0
       0
       0
       0
       0
       0
       0
       0
       0
       0
       0
       0
       0
       0
       0
       0
       0
       0
       0
       0
       0
       0
       0
       0
       0
       0
       0
       0
       0
       0
       0
       0
       0
       0
       0
       0
       0
       0
       0
       0
       0
       0
       0
       0
       0
       0
       0
       0
       0
       0
       0
       0
       0
       0
       0
       0
       0
       0
       0
       0
       0
       0
       0
       0
       0
       0
       0
       0
       0
       0
       0
       0
       0
       0
       0
       0
       0
       0
       0
       0
       0
       0
       0
       0
       0
       0
       0
       0
       0
       0
       0
       0
       0
       0
       0
       0
       0
       0
       0
       0
       0
       0
       0
       0
       0
       0
       0
       0
       0
       0
       0
       0
       0
       0
       0
       0
       0
       0
       0
       0
       0
       0
       0
       0
       0
       0
       0
       0
       0
       0
       0
       0
       0
       0
       0
       0
       0
       0
       0
       0
       0
       0
       0
$ROI:
0
$PRESETS:
Real Time
3600
0
$ENER_FIT:
8.931054 0.240803
$MCA_CAL:
3
8.931054E+000 2.408025E-001 6.157388E-008 keV
$SHAPE_CAL:
3
9.658150E+000 -1.618950E-003 2.758845E-007
