$SPEC_ID:
No sample description was entered.
$SPEC_REM:
DET# 1
DETDESC# EPS-140909 Easy-MCA-8k SN 16175454
AP# Maestro Version 7.01
$DATE_MEA:
02/26/2022 07:43:27
$MEAS_TIM:
3594 3600
$DATA:
0 8191
       0
       0
       0
       0
       0
       0
       0
       0
       0
       0
       0
       0
       0
       0
       0
       0
       0
       0
       0
       0
       0
       0
       0
       0
       0
       0
       0
       0
       0
       0
       0
       0
       0
       0
       0
       0
       0
       0
       0
       9
      13
      46
     833
    1592
     637
     455
     351
     358
     360
     385
     401
     399
     373
     372
     370
     347
     327
     338
     410
     405
     465
     476
     422
     355
     358
     340
     329
     307
     347
     319
     343
     329
     343
     297
     335
     337
     318
     328
     346
     337
     303
     358
     346
     339
     338
     287
     305
     348
     326
     373
     327
     348
     334
     355
     383
     372
     331
     381
     383
     410
     371
     396
     429
     393
     407
     455
     488
     435
     441
     529
     501
     540
     592
     553
     661
     762
     829
     810
     860
     941
     920
     971
     945
     936
     957
     915
     941
     877
     860
     864
     883
     904
     850
     953
    1052
    1244
    1509
    1827
    2475
    3311
    4034
    4615
    4799
    5147
    5113
    4185
    2839
    1697
    1159
     995
     940
     882
     858
     931
     972
    1017
    1153
    1287
    1342
    1404
    1444
    1768
    2201
    2278
    2039
    1772
    1430
    1416
    1405
    1267
    1184
    1080
    1100
    1049
    1126
     999
    1024
     988
    1046
    1058
    1097
    1055
    1151
    1178
    1195
    1155
    1198
    1244
    1215
    1176
    1146
    1220
    1205
    1182
    1165
    1138
    1097
    1043
    1094
    1068
    1092
    1115
    1091
    1114
    1057
    1077
    1080
    1107
    1131
    1145
    1151
    1101
    1092
    1110
    1139
    1130
    1180
    1139
    1079
    1170
    1087
    1119
    1142
    1095
    1131
    1128
    1150
    1077
    1070
    1147
    1135
    1155
    1169
    1223
    1146
    1232
    1199
    1085
    1083
     967
     996
    1062
    1013
    1065
    1018
    1041
     983
    1008
    1024
    1044
     986
    1052
     966
    1043
     983
    1013
     986
    1005
     987
    1008
    1003
    1038
     997
     983
     985
     989
     956
     954
     929
     948
     987
     957
     944
     937
     976
     964
     918
     952
     921
     984
     935
     931
     901
     931
     914
     898
     951
     955
     914
     899
     929
     887
     852
     899
     934
     886
     811
     820
     879
     880
     857
     883
     852
     821
     805
     845
     854
     864
     849
     860
     820
     790
     817
     839
     879
     785
     801
     751
     853
     793
     763
     828
     801
     822
     751
     804
     755
     827
     754
     741
     732
     783
     761
     731
     742
     778
     764
     754
     743
     784
     755
     727
     747
     704
     730
     681
     706
     715
     691
     735
     788
     824
     801
     763
     731
     717
     671
     648
     688
     705
     657
     645
     701
     680
     630
     653
     619
     607
     654
     644
     632
     608
     599
     679
     658
     596
     630
     605
     610
     616
     600
     627
     634
     638
     583
     552
     640
     573
     607
     549
     532
     597
     574
     584
     534
     533
     590
     567
     565
     580
     544
     537
     589
     501
     532
     493
     537
     514
     551
     550
     542
     491
     485
     479
     552
     519
     512
     513
     525
     467
     532
     505
     464
     467
     505
     446
     473
     485
     450
     501
     478
     478
     476
     481
     497
     464
     504
     472
     446
     449
     439
     474
     454
     443
     447
     466
     464
     465
     463
     427
     446
     439
     448
     402
     456
     460
     428
     426
     431
     399
     430
     422
     491
     487
     461
     512
     473
     438
     421
     443
     367
     403
     437
     405
     393
     418
     376
     404
     349
     411
     384
     384
     370
     395
     370
     361
     394
     369
     377
     379
     370
     395
     369
     382
     367
     350
     362
     377
     357
     363
     360
     381
     364
     378
     400
     401
     362
     340
     343
     333
     349
     367
     366
     370
     313
     350
     317
     340
     327
     346
     340
     352
     325
     343
     358
     290
     289
     307
     288
     339
     319
     345
     335
     323
     329
     360
     287
     330
     320
     291
     301
     291
     313
     297
     275
     298
     307
     294
     299
     309
     289
     305
     289
     303
     298
     319
     332
     270
     297
     298
     287
     279
     289
     283
     304
     273
     310
     277
     280
     259
     275
     246
     322
     269
     304
     267
     264
     263
     256
     293
     278
     288
     265
     277
     289
     259
     255
     272
     257
     295
     244
     249
     288
     314
     451
     558
     578
     536
     442
     340
     298
     264
     297
     314
     287
     278
     307
     250
     266
     204
     231
     228
     206
     245
     220
     209
     241
     183
     217
     229
     229
     210
     243
     230
     211
     223
     244
     222
     231
     223
     220
     222
     199
     233
     216
     194
     229
     189
     183
     213
     223
     207
     185
     201
     176
     201
     194
     213
     213
     196
     173
     203
     179
     188
     190
     205
     207
     200
     163
     198
     205
     163
     195
     180
     186
     206
     169
     210
     188
     171
     211
     175
     180
     204
     184
     220
     193
     195
     174
     163
     194
     184
     174
     162
     153
     187
     158
     161
     163
     199
     162
     199
     183
     182
     189
     164
     169
     191
     178
     161
     165
     158
     166
     155
     166
     157
     163
     151
     160
     165
     168
     153
     168
     142
     174
     147
     153
     161
     162
     167
     159
     154
     131
     120
     163
     151
     171
     143
     152
     146
     142
     147
     153
     158
     175
     202
     227
     270
     269
     246
     200
     151
     129
     122
     129
     156
     150
     145
     182
     203
     168
     151
     140
     138
     138
     139
     116
     127
     146
     119
     130
     119
     151
     140
     195
     172
     202
     226
     170
     150
     127
     152
     114
     123
     136
     109
     128
     131
     117
     113
     126
     147
     129
     126
     125
     124
     109
     145
     135
     123
     116
     127
     108
     127
     130
     115
     112
     130
     146
     119
     110
     139
     116
     117
     114
     135
     119
     112
     108
     110
     114
     112
     123
     116
     129
     115
     125
     128
     141
     147
     132
     136
     120
     104
     128
     130
     113
     123
     115
     140
     118
     111
     124
     125
     121
     124
     119
     107
     136
      97
     116
     115
     145
     166
     168
     183
     146
     127
     117
     130
     107
      99
     110
     124
      97
     125
      91
     101
     108
      95
      97
      98
     115
     111
     116
     115
      99
      80
      99
      97
     120
     113
     107
      85
     109
     148
     189
     233
     298
     293
     242
     183
     143
     117
      93
     110
      96
      94
      97
      81
     113
      95
      92
      94
      83
      96
      88
      92
      98
     109
      88
      86
      75
     100
      94
      92
      94
      90
      67
      87
      89
      87
      97
      91
     103
     101
      83
      82
      94
     114
      93
      92
      99
      99
      85
      92
      90
      70
      91
      83
      73
      91
      87
      84
      80
      93
      73
      79
      77
      75
      91
      96
      83
      91
      75
      72
      86
      84
      77
      76
      90
      75
      84
      79
      77
      85
      75
      93
      68
      78
      84
      70
      91
      83
      72
      86
      81
      79
      94
      84
      87
      87
      77
      98
      77
      82
      91
      85
      78
      77
      72
      95
      86
      87
      87
      91
      80
      70
      78
      76
      86
      97
      64
      64
      72
      88
      78
      68
      78
      85
      75
     100
      74
      76
      93
      74
      72
      67
      73
      83
      85
      62
      74
      75
      82
      85
      77
      74
      71
      69
      90
      87
      79
      82
      71
      72
      68
      62
      63
      77
      85
      75
      60
      76
      58
      90
      64
      82
      70
      87
      64
      80
      58
      71
      67
      57
      61
      58
      78
      61
      77
      63
      78
      67
      68
      59
      74
      67
      71
      53
      83
      71
      68
      59
      61
      66
      65
      69
      76
      66
      62
      54
      67
      78
      78
      63
      66
      63
      60
      57
      48
      69
      63
      51
      75
      73
      56
      77
      56
      71
      60
      44
      60
      70
      85
      89
      71
      60
      64
      72
      65
      65
      66
      65
      56
      47
      81
      66
      56
      61
      63
      56
      60
      75
      67
      63
      68
      55
      56
      46
      62
      65
      57
      53
      62
      65
      57
      72
      63
      57
      59
      53
      52
      65
      63
      66
      67
      63
      54
      60
      50
      58
      65
      50
      66
      68
      58
      72
      64
      53
      62
      71
      58
      65
      81
      93
      87
      53
      64
      67
      58
      58
      66
      54
      60
      47
      63
      51
      49
      53
      55
      50
      57
      62
      53
      62
      50
      40
      45
      56
      47
      47
      55
      51
      50
      68
      56
      60
      50
      65
      52
      39
      53
      45
      54
      46
      58
      49
      65
      50
      50
      48
      58
      57
      60
      64
      53
      64
      48
      59
      53
      56
      59
      60
      57
      62
      50
      42
      57
      51
      45
      60
      50
      49
      47
      63
      40
      50
      52
      57
      54
      57
      46
      59
      51
      39
      46
      52
      52
      47
      57
      51
      65
      52
      62
      65
      49
      49
      43
      58
      43
      48
      61
      44
      39
      47
      71
      53
      51
      43
      55
      59
      59
      64
      54
      55
      51
      67
      55
      54
      75
      82
      94
     105
     137
     116
     106
      94
      73
      74
      68
      62
      52
      43
      55
      50
      42
      52
      55
      50
      44
      32
      48
      49
      51
      50
      47
      44
      39
      56
      48
      61
      51
      46
      37
      52
      44
      55
      61
      42
      62
      48
      48
      45
      59
      52
      55
      49
      41
      38
      63
      47
      44
      38
      41
      58
      47
      52
      40
      50
      53
      61
      39
      52
      42
      62
      49
      45
      51
      58
      62
      45
      48
      56
      34
      44
      46
      48
      35
      39
      54
      37
      41
      41
      48
      49
      36
      59
      46
      38
      41
      57
      44
      44
      40
      47
      55
      53
      39
      54
      37
      41
      60
      58
      46
      48
      47
      52
      50
      34
      53
      43
      57
      40
      38
      57
      46
      39
      39
      45
      52
      60
      49
      38
      41
      42
      40
      51
      53
      36
      41
      43
      37
      55
      61
      47
      47
      42
      43
      54
      49
      44
      37
      36
      64
      39
      24
      39
      48
      52
      41
      44
      37
      47
      41
      36
      52
      50
      44
      42
      55
      53
      44
      58
      42
      36
      40
      40
      52
      46
      42
      45
      54
      41
      41
      33
      49
      44
      49
      50
      66
      64
      88
     123
     189
     177
     185
     136
      94
      67
      39
      48
      45
      40
      38
      39
      43
      49
      33
      31
      41
      51
      36
      46
      27
      37
      37
      37
      38
      33
      47
      43
      43
      26
      46
      31
      44
      46
      30
      40
      37
      36
      37
      52
      33
      30
      28
      42
      41
      32
      42
      49
      36
      42
      31
      43
      42
      34
      31
      36
      31
      35
      34
      42
      63
      43
      69
      79
     130
     181
     217
     220
     200
     122
      59
      56
      47
      30
      48
      39
      39
      42
      31
      38
      33
      37
      33
      39
      27
      35
      48
      31
      48
      45
      37
      36
      35
      30
      35
      40
      30
      30
      29
      35
      25
      25
      33
      37
      42
      34
      40
      35
      41
      35
      36
      40
      25
      31
      34
      42
      32
      46
      32
      40
      33
      25
      35
      37
      43
      46
      36
      45
      42
      42
      32
      34
      34
      24
      41
      35
      36
      31
      34
      30
      30
      34
      44
      38
      32
      43
      26
      34
      30
      25
      38
      30
      40
      48
      28
      36
      24
      25
      38
      34
      40
      31
      29
      38
      31
      34
      37
      39
      29
      40
      31
      25
      41
      26
      38
      31
      26
      31
      29
      32
      31
      26
      31
      21
      39
      40
      26
      28
      24
      37
      37
      40
      27
      24
      34
      46
      53
      56
      44
      37
      27
      45
      34
      33
      49
      33
      36
      34
      31
      37
      33
      36
      23
      36
      30
      31
      29
      23
      32
      29
      40
      33
      30
      37
      25
      30
      32
      22
      32
      40
      27
      29
      33
      25
      28
      29
      28
      21
      34
      42
      36
      38
      25
      35
      19
      32
      27
      27
      32
      24
      20
      32
      28
      31
      38
      30
      32
      30
      32
      31
      36
      34
      32
      39
      30
      30
      32
      26
      26
      22
      20
      27
      28
      24
      27
      26
      24
      39
      33
      24
      31
      28
      39
      34
      29
      36
      37
      37
      20
      36
      26
      23
      32
      32
      23
      36
      33
      45
      45
      41
      44
      39
      38
      28
      28
      19
      33
      29
      43
      23
      20
      41
      31
      28
      32
      34
      31
      47
      27
      24
      28
      23
      21
      30
      29
      33
      26
      28
      23
      31
      33
      25
      31
      18
      26
      30
      31
      33
      25
      29
      31
      37
      36
      24
      31
      24
      27
      31
      35
      32
      38
      34
      29
      24
      25
      29
      36
      42
      35
      48
      58
      50
      53
      34
      31
      24
      22
      31
      30
      26
      21
      24
      27
      24
      12
      28
      28
      28
      40
      31
      31
      28
      22
      25
      26
      24
      28
      29
      24
      16
      27
      21
      30
      25
      26
      28
      23
      35
      38
      19
      34
      33
      23
      20
      30
      33
      34
      15
      17
      31
      33
      23
      26
      24
      29
      21
      28
      26
      29
      23
      24
      31
      37
      23
      28
      23
      27
      39
      27
      28
      22
      26
      27
      24
      25
      23
      25
      21
      32
      21
      22
      25
      22
      26
      26
      24
      22
      31
      21
      25
      33
      38
      33
      47
      74
      98
     116
     120
      97
      66
      52
      54
      45
      36
      43
      32
      22
      24
      29
      30
      32
      34
      27
      27
      24
      26
      29
      27
      30
      16
      23
      19
      35
      30
      36
      40
      64
      58
      58
      49
      31
      32
      33
      30
      30
      22
      14
      34
      18
      22
      35
      21
      25
      32
      49
      34
      32
      28
      18
      29
      21
      23
      29
      18
      38
      27
      26
      12
      21
      26
      17
      16
      21
      20
      25
      29
      23
      23
      52
      46
      37
      27
      27
      21
      28
      17
      31
      20
      16
      23
      26
      27
      19
      18
      13
      23
      24
      20
      28
      15
      13
      25
      25
      22
      40
      23
      30
      19
      26
      29
      22
      26
      20
      31
      23
      16
      16
      28
      15
      31
      34
      39
      53
      57
      38
      55
      30
      34
      23
      23
      24
      19
      21
      21
      24
      22
      22
      16
      19
      27
      17
      20
      16
      24
      27
      17
      20
      20
      17
      20
      28
      16
      22
      23
      26
      19
      15
      14
      23
      28
      17
      27
      23
      20
      28
      21
      26
      29
      25
      21
      22
      25
      19
      22
      22
      22
      21
      24
      22
      28
      31
      31
      29
      26
      27
      15
      19
      23
      25
      29
      34
      29
      28
      21
      19
      18
      24
      17
      21
      20
      11
      24
      20
      11
      18
      21
      24
      17
      27
      25
      19
      27
      26
      35
      50
      65
      82
      60
      42
      41
      26
      21
      19
      16
      16
      28
      19
      15
      21
      18
      16
      23
      25
      16
      17
      18
      20
      23
      25
      20
      33
      35
      48
      34
      35
      27
      25
      29
      19
      25
      17
      19
      24
      20
      25
      19
      18
      26
      26
      22
      17
      20
      26
      25
      22
      25
      26
      28
      36
      36
      32
      28
      21
      22
      22
      24
       7
      25
      30
      22
      27
      28
      22
      16
      19
      22
      25
      19
      18
      21
      17
      20
      15
      21
      19
      20
      20
      19
      17
      25
      18
      28
      20
      11
      17
      20
      19
      13
      25
      21
      21
      27
      23
      25
      18
      23
      17
      22
      23
      20
      27
      27
      24
      17
      26
      22
      25
      22
      26
      20
      25
      23
      19
      18
      22
      21
      22
      17
      12
      19
      28
      23
      18
      19
      23
      18
      20
      24
      19
      20
      25
      23
      18
      25
      16
      19
      19
      15
      15
      13
      17
      26
      23
      16
      26
      41
      48
      79
     102
     107
     105
      74
      45
      33
      38
      25
      19
      27
      21
      17
      21
      20
      20
      26
      23
      19
      18
      14
      10
      19
      13
      19
      21
      18
      16
      19
      21
      16
      10
      20
      20
      14
      14
      12
      15
      24
      22
      15
      18
      17
      20
      17
       9
      25
      12
      28
      19
      20
      11
      20
      14
      23
      20
      22
      33
      30
      32
      27
      28
      34
      18
      24
      19
      21
      18
      31
      13
      29
      10
      30
      26
      21
      17
      18
      13
      11
      17
      16
      19
      19
      13
      16
      25
      10
      17
      20
      18
      14
      22
      21
      22
      22
      20
      23
      27
      14
      25
      24
      17
      24
      22
      18
      19
      22
      21
      20
      27
      21
      14
      18
      14
      16
      16
      14
      14
      20
      20
      24
      18
      24
      16
      11
      25
      12
      23
      15
      14
      19
      21
      10
      35
      35
      24
      34
      22
      23
      18
      30
      20
      32
      52
      50
      82
      68
      66
      48
      31
      29
      26
      14
      19
      15
      15
      12
      12
      17
      20
      25
      15
      16
      17
      15
      12
      18
      18
      15
      14
      21
      18
      16
      15
      17
      18
      16
      18
      17
      19
      24
      15
      14
      12
      18
      20
      15
      16
      21
      14
      12
      18
      23
      14
      14
      18
      20
      21
      22
      17
      14
      11
      18
      23
      26
      12
      12
      23
      22
      22
      18
      13
      19
      15
      21
      16
      13
      20
      23
      23
      17
      18
      14
      12
      17
      21
      17
      28
      20
      27
      12
      12
      15
      15
      21
      20
      21
      23
      12
      13
      21
      17
      19
      16
      11
      25
      22
      14
      21
      10
      22
      13
      14
      13
      20
      19
      17
      12
      20
      14
       9
       8
      22
      16
      17
      18
      14
      22
      15
      14
      21
      17
      15
      12
      15
       9
      12
      20
      20
      19
      16
      19
       8
      15
      18
      17
      16
      20
      19
      12
      14
      17
      14
      17
      10
      17
      14
      25
      14
      17
      11
      11
      18
      18
      25
      12
      19
      27
      22
      20
      20
      21
      18
      18
      19
       7
      12
      19
      14
      10
      15
      14
       8
      17
      16
      18
      18
      18
      14
      16
      16
      20
      22
      17
      22
      13
      11
      23
      16
      10
      21
      14
      14
      11
      13
      17
      15
      12
      16
      12
       7
      14
      11
      24
      23
      10
      12
      24
      21
      18
      22
      20
      22
      16
      17
      18
      22
      11
      18
      16
      16
      21
      11
      11
      21
       9
      23
      17
      14
      16
      13
      16
      18
      10
      13
      13
      10
       8
      19
      15
      14
      22
      15
      16
      19
      20
      14
      19
      11
      11
      19
       6
      20
      24
      15
       9
      13
      25
      27
      20
      16
      15
      17
      21
       6
      12
      13
      15
      17
      14
      19
      18
      15
      16
       8
      14
      14
       6
      22
      11
      20
      16
       7
      13
      13
      14
       8
      19
      14
      16
      20
      15
      15
      18
      13
      16
      16
      14
      13
      10
      18
      19
      21
      18
      18
      22
      14
      10
      14
      22
      20
      16
      17
      16
      14
      10
       9
      18
      21
       7
      16
      22
      11
      16
      13
      23
      17
      16
      16
      18
      11
      22
      19
      17
      10
      20
      11
      13
      12
      23
       9
      17
      16
      13
      15
      19
      17
      17
      20
      25
      15
      24
      19
      20
      18
      13
      12
      19
      31
      28
      39
      35
      37
      46
      29
      26
      24
      16
      19
      26
      31
      39
      52
      60
      60
      55
      56
      23
      20
      18
      11
      18
       9
      10
      24
       4
      11
      14
      14
      19
      24
      19
      15
      23
      13
      21
      20
      16
      18
      15
      22
      17
      26
      19
      11
      23
      17
      13
      16
      16
      19
      17
      14
      21
      18
      18
      15
      11
      23
      20
      16
      12
      12
      21
      12
      26
      18
      15
      17
      16
      12
      16
      17
      16
      11
      15
      15
      17
      13
      17
      22
      15
      21
      15
      15
      18
      16
      18
      12
      12
      15
      15
      16
      18
      15
      11
      27
      22
      27
      28
      24
      14
      14
      23
      13
      10
      19
      12
      12
      17
      11
      16
      17
      15
      20
      13
      20
       8
      17
      14
      15
      22
      25
      18
      21
       9
      16
      10
      16
      17
      13
      12
      16
      16
      16
      15
      17
      19
      12
      17
      31
      36
      30
      32
      48
      47
      49
      32
      27
      18
      30
      22
      21
      14
      22
      22
      13
      18
      14
      18
      14
      18
      20
      16
      13
      10
      18
      14
      19
      20
      17
      20
      17
      29
      16
      16
      16
      16
      14
      21
      14
      13
       9
      17
      20
      24
      18
      21
      15
      12
      16
      23
      10
      17
      16
      11
      20
      12
      18
      13
      12
      18
      20
      16
      14
      20
      12
      15
      14
      10
      21
      11
      10
      11
      23
      15
      14
      17
      27
      15
      17
      15
      16
      21
      16
      16
      12
      16
      18
      12
      22
      25
      20
      15
      12
      17
      16
      22
      11
      22
      15
      22
       8
      19
       8
      14
      23
      14
      20
       9
      14
      13
      14
      26
      15
      16
      19
       9
      16
      19
      11
      18
      13
      21
      11
      16
      15
      16
      23
      21
      18
      20
      13
      21
      14
      20
      15
      15
      13
      12
      20
      16
      15
      15
      18
      17
      22
      16
      12
      20
      14
       9
      14
      15
      23
      14
      15
      18
      16
      20
      14
      16
      17
      24
      25
      37
      32
      38
      41
      30
      19
      14
      28
      15
      18
      14
      14
      14
      19
      14
      18
      14
       7
      11
      22
      15
      12
      10
      12
      13
      15
      10
      15
      20
      10
      15
       8
       8
       8
      19
      10
      14
      12
      11
      15
      22
      18
      10
      19
      18
      14
       9
       7
      11
      17
       6
      12
      11
      13
      14
      11
      10
       9
       9
      10
      14
       7
       9
      10
      13
      13
       9
      17
      12
       9
       8
      15
      13
       9
      11
      10
      12
      11
      12
       6
       9
       7
      19
       8
       9
      17
      11
      13
      14
       8
       6
      13
       9
      12
      16
      14
      10
      22
      10
      11
       9
      14
      10
       7
       7
       8
       8
      24
      10
      10
      15
      13
      18
      10
      11
      11
      12
      11
      12
      14
      12
       5
      14
      14
       6
      11
      15
      12
      10
       5
       7
      13
       8
      13
      10
      14
      11
       6
      10
      17
      11
      13
      10
       9
       8
       9
       7
      11
       9
      12
      10
      13
       5
      14
      10
       8
      10
       7
      10
       9
       6
      11
      12
       7
       7
      11
      11
      11
      10
      11
      13
       7
      11
      10
      17
       8
      13
      14
       6
       6
       7
       9
       9
       8
       8
       9
      17
       8
      11
      11
       6
      11
      13
       7
       7
      15
      12
      11
       8
      11
       8
      13
      13
      14
       2
      10
      13
       7
       5
       5
       8
      10
       9
      11
      14
      12
       6
       7
      10
      10
       7
       8
       3
      12
      10
      11
      10
       9
       5
       9
       5
       5
      15
       9
      19
      22
      23
      38
      30
      33
      21
      25
       7
       2
       4
      11
       8
       7
      11
      12
       5
       9
       8
       9
       6
       6
       4
       6
       7
       8
       7
       9
       8
      13
       9
      11
       4
       3
       8
       6
       6
      10
       6
      10
       6
       6
       4
      10
      10
       9
       7
       6
       8
       6
       6
      11
       4
       5
       9
      10
       6
       4
      11
       8
       6
       6
      10
      11
       7
      10
       7
       4
       7
      11
      13
       4
       5
       3
       7
       7
      12
      11
       4
      10
       6
       7
       7
       6
       5
       7
       8
      10
       4
       6
       6
       2
       3
       8
      10
       8
      12
       5
       4
       3
       7
       3
      10
       5
       8
       3
       6
       9
       4
       6
       9
      12
       7
      10
      18
      18
      14
      13
      11
      12
       9
       6
       5
       5
       7
       4
       7
       4
       2
       6
       8
       1
       2
      11
       8
      11
      10
       9
       9
      10
       4
       4
       3
       2
       5
       6
       1
       6
       6
       4
       7
       7
       4
       3
      10
       6
       6
       9
       1
       3
       5
       5
       8
      10
       7
       6
       5
       5
       4
      10
       6
       6
       7
       7
       5
      12
      11
       8
      10
       6
       3
      10
       2
       6
       8
       1
       2
       9
       8
      11
      11
      14
      17
      10
       8
       7
       2
       5
       4
       6
       9
       4
       6
      10
       3
      12
       2
      10
       2
       6
       8
       3
       7
       4
       6
       5
       4
       6
      10
       3
       4
       6
       2
       6
       9
       3
       6
       2
       6
       2
       4
       3
       3
       3
       7
       9
       3
       6
       7
       3
       4
       2
       8
       6
       3
       1
       6
       5
       7
       4
       8
       5
       3
       6
       5
       7
       3
       3
       3
       9
       7
       3
       7
       4
       7
       6
       4
       7
       2
       5
       5
       7
       4
       5
       8
       5
       7
       4
       4
       4
       7
       7
       4
       4
       3
       4
       2
       8
       4
       4
      10
       2
       4
      13
       7
       6
       9
       3
       3
       3
       5
       6
       8
       6
       1
       3
       4
       5
       7
       5
       3
       6
       9
       4
       9
       6
      14
      44
      56
     113
     202
     285
     384
     430
     400
     304
     182
      89
      69
      19
      18
       4
       5
       2
       5
       3
       4
       4
       5
       1
       2
       8
       4
       8
       3
       5
       3
       4
       3
       4
       5
       1
       1
       4
       3
       1
       2
       4
       3
       2
       4
       6
       2
       2
       4
       7
       3
       3
       3
       5
       2
       4
       1
       6
       6
       2
       2
       4
       2
       5
       2
       4
       7
       4
       4
       4
       4
       5
       2
       5
       3
       5
       4
       4
       6
       3
       3
       4
       3
       2
       6
       3
       2
       5
       4
       5
       7
       2
       2
       8
       9
       8
       5
       5
       1
       4
       2
       3
       3
       3
       2
       7
       6
       5
       4
       6
       8
       5
       6
       5
       3
       2
       3
       3
       7
       5
       3
       3
       3
       7
       5
       8
       9
      13
       8
       6
      13
       7
       8
       3
       7
       3
       3
       5
       1
       3
      11
       4
       4
       7
       2
       1
       4
       2
       1
       4
       4
       4
       1
       4
       0
       8
       2
       3
       3
       3
       4
       4
       2
       2
       3
       0
       6
       4
       3
       1
       7
      12
       5
       2
       2
       5
       7
       3
       5
       1
       4
       0
       0
       2
       4
       3
       3
       3
       3
       4
       5
       1
       3
       2
       2
       3
       6
       6
       6
       5
       5
       5
       7
       1
       3
       4
       3
       2
       1
       5
       3
       4
       5
       2
       3
       4
       4
       2
       2
       2
       0
       1
       5
       2
       1
       3
       2
       1
       2
       2
       1
       1
       7
       1
       0
       3
       5
       0
       2
       3
       4
       3
       4
       1
       4
       3
       3
       4
       4
       3
       1
       3
       2
       6
       1
       3
       2
       2
       3
       1
       2
       2
       1
       3
       4
       3
       4
       3
       3
       0
       2
       1
       5
       4
       4
       1
       3
       2
       2
       4
       2
       5
       5
       8
       3
       1
       2
       2
       3
       5
       3
       4
       3
       3
       5
       4
       7
       3
       5
       1
       3
       4
       1
       4
       6
       7
       2
       6
       6
       4
       4
       5
       4
       4
       5
       1
       1
       2
       1
       1
       9
       8
       3
      10
      11
      11
      13
       3
       6
       9
       6
       6
      11
       7
      15
      11
      13
       7
      10
       8
       4
       4
       4
       4
       2
       1
       3
       4
       4
       3
       3
       5
       3
       1
       1
       4
       4
       3
       3
       2
       2
       3
       2
       4
       0
       2
       5
       4
       5
       5
       4
       4
       2
       3
       6
       4
       1
       3
       2
       0
       4
       4
       4
       3
       2
       4
       2
       1
       5
       4
       1
       0
       2
       3
       2
       2
       3
       3
       4
       3
       3
       5
       3
       8
       4
      12
       2
       2
       6
       1
       3
       3
       4
       2
       5
       5
       3
       2
       0
       4
       3
       4
       3
       0
       5
       3
       2
       5
       8
       5
       5
       9
       9
       2
       3
       4
       3
       1
       2
       1
       2
       3
       2
       6
       5
       5
       1
       3
       1
       5
       3
       3
       4
       3
       2
       3
       1
       1
       2
       1
       1
       5
       4
       1
       1
       2
       3
       3
       3
       5
       3
       3
       0
       1
       3
       2
       4
       1
       3
       3
       2
       2
       2
       1
       2
       1
       4
       2
       1
       2
       4
       2
       1
       1
       3
       5
       3
       2
       1
       2
       5
       3
       4
       6
       1
       5
       3
       3
       3
       3
       1
       3
       2
       2
       5
       3
       2
       1
       4
       4
       1
       0
       3
       3
       2
       2
       0
       1
       3
       2
       2
       1
       0
       1
       4
       4
       2
       1
       3
       1
       1
       3
       2
       5
       0
       2
       2
       4
       3
       4
       5
       1
       3
       2
       2
       3
       4
       1
       3
       0
       3
       3
       1
       1
       1
       3
       3
       2
       1
       1
       2
       2
       2
       4
       2
       3
       5
       3
       2
       7
       2
       2
       2
       4
       3
       4
       3
       4
       4
       3
       5
       2
       2
       2
       1
       2
       4
       5
       1
       4
       2
       2
       2
       1
       1
       4
       3
       2
       1
       3
       3
       2
       3
       0
       2
       3
       1
       1
       3
       2
       0
       1
       1
       3
       3
       1
       1
       2
       1
       0
       1
       4
       4
       1
       1
       4
       0
       1
       2
       2
       1
       0
       3
       0
       2
       2
       0
       2
       3
       3
       2
       3
       0
       4
       2
       4
       1
       3
       3
       4
       0
       5
       3
       0
       5
       3
       4
       2
       2
       0
       3
       0
       7
       2
       6
       8
      10
       2
       5
       3
       2
       6
       2
       2
       1
       3
       2
       0
       6
       3
       1
       5
       2
       0
       2
       1
       2
       2
       3
       3
       3
       3
       0
       1
       2
       3
       5
       2
       1
       0
       3
       2
       2
       1
       1
       1
       5
       0
       6
       1
       1
       3
       1
       2
       2
       0
       5
       3
       2
       3
       5
       1
       0
       0
       0
       1
       1
       2
       3
       3
       3
       2
       0
       0
       2
       3
       2
       1
       2
       2
       4
       1
       2
       0
       1
       4
       3
       4
       5
       8
       7
      11
      34
      42
      40
      44
      22
      21
      13
       7
       4
       3
       3
       4
       2
       0
       3
       1
       1
       1
       3
       2
       1
       1
       3
       1
       3
       3
       5
       3
       2
       0
       3
       2
       3
       2
       1
       2
       0
       1
       4
       0
       2
       3
       2
       1
       3
       2
       2
       2
       1
       1
       1
       2
       2
       1
       3
       2
       1
       3
       4
       5
       2
       2
       2
       0
       2
       0
       4
       2
       0
       4
       2
       1
       1
       3
       0
       2
       1
       1
       3
       6
       2
       2
       2
       1
       3
       0
       2
       2
       3
       5
       4
       2
       0
       1
       1
       3
       2
       0
       4
       2
       4
       1
       4
       4
       1
       5
       3
       2
       3
       3
       1
       0
       5
       1
       3
       2
       0
       2
       2
       2
       3
       2
       4
       1
       2
       1
       0
       1
       4
       2
       3
       1
       4
       0
       2
       0
       2
       0
       3
       2
       2
       0
       2
       1
       3
       1
       2
       3
       5
       2
       3
       5
       0
       2
       1
       2
       1
       1
       1
       1
       1
       1
       0
       3
       4
       1
       0
       3
       3
       4
       3
       0
       2
       3
       3
       3
       1
       2
       1
       7
       2
       0
       1
       1
       6
       2
       3
       1
       1
       2
       0
       3
       1
       3
       1
       3
       0
       0
       4
       3
       1
       1
       5
       0
       2
       3
       3
       5
       6
       2
       4
       6
       2
       1
       1
       2
       2
       2
       2
       2
       1
       3
       4
       2
       2
       4
       2
       0
       2
       0
       2
       1
       0
       5
       0
       0
       2
       2
       3
       2
       0
       3
       3
       3
       3
       5
       1
       2
       3
       1
       1
       4
       1
       0
       3
       3
       0
       3
       0
       1
       4
       2
       2
       2
       2
       3
       3
       3
       3
       4
       2
       3
       4
       3
       3
       1
       3
       2
       3
       0
       1
       1
       1
       0
       1
       2
       1
       1
       1
       1
       3
       2
       2
       5
       4
       7
       3
       2
       3
       3
       2
       3
       1
       3
       3
       2
       3
       2
       1
       0
       2
       3
       0
       0
       1
       2
       3
       3
       1
       1
       4
       1
       1
       5
       4
       2
       1
       1
       5
       0
       6
       1
       1
       1
       2
       0
       1
       4
       2
       3
       1
       3
       1
       0
       2
       4
       0
       0
       2
       1
       4
       1
       5
       1
       2
       4
       3
       1
       2
       4
       1
       0
       1
       1
       3
       2
       5
       3
       1
       1
       3
       2
       1
       1
       1
       2
       3
       2
       2
       0
       2
       0
       3
       1
       2
       2
       4
       3
       4
       1
       5
       0
       2
       1
       2
       2
       2
       2
       2
       2
       1
       1
       0
       1
       1
       2
       2
       3
       1
       3
       1
       3
       3
       0
       2
       2
       0
       3
       0
       2
       1
       1
       2
       3
       2
       2
       1
       4
       0
       2
       0
       0
       2
       4
       0
       2
       2
       4
       2
       2
       2
       0
       2
       1
       2
       1
       3
       1
       3
       2
       2
       4
       3
       4
       0
       2
       2
       2
       1
       2
       1
       1
       1
       2
       1
       0
       3
       0
       1
       0
       1
       6
       1
       3
       5
       2
       1
       3
       2
       2
       4
       3
       3
       1
       2
       0
       3
       1
       1
       2
       1
       0
       1
       3
       1
       3
       0
       2
       3
       3
       1
       3
       2
       1
       1
       0
       2
       0
       1
       1
       2
       2
       3
       1
       2
       2
       2
       2
       2
       2
       4
       3
       0
       3
       2
       3
       2
       2
       0
       1
       1
       1
       4
       2
       2
       2
       2
       1
       1
       2
       1
       1
       3
       0
       1
       0
       4
       2
       1
       2
       3
       2
       3
       1
       3
       2
       3
       4
       2
       3
       0
       0
       4
       2
       2
       3
       1
       1
       2
       1
       3
       0
       3
       1
       1
       0
       5
       2
       3
       1
       2
       2
       1
       2
       3
       3
       2
       1
       4
       2
       4
       1
       0
       2
       1
       1
       1
       3
       5
       3
       3
       1
       1
       0
       2
       5
       1
       0
       1
       2
       1
       2
       1
       3
       2
       0
       1
       3
       1
       2
       2
       1
       2
       3
       1
       1
       1
       0
       1
       4
       2
       2
       0
       2
       1
       0
       1
       2
       5
       3
       0
       1
       1
       2
       1
       1
       2
       0
       1
       0
       2
       3
       2
       2
       2
       3
       2
       2
       2
       1
       3
       4
       0
       1
       2
       1
       1
       1
       2
       2
       1
       2
       3
       0
       1
       2
       0
       3
       2
       1
       2
       0
       3
       1
       1
       1
       1
       1
       2
       2
       1
       2
       2
       2
       0
       4
       2
       1
       0
       2
       2
       0
       1
       0
       2
       1
       1
       1
       0
       0
       1
       2
       2
       1
       2
       3
       1
       4
       4
       5
       1
       1
       2
       2
       0
       1
       2
       0
       2
       2
       0
       4
       1
       0
       3
       1
       1
       2
       4
       1
       1
       1
       1
       0
       4
       2
       0
       0
       3
       1
       0
       1
       1
       0
       1
       1
       0
       4
       3
       4
       0
       2
       2
       3
       3
       2
       5
       0
       5
       2
       2
       1
       1
       1
       2
       2
       2
       4
       3
       2
       1
       0
       2
       2
       3
       2
       0
       1
       3
       1
       1
       3
       1
       1
       1
       4
       2
       2
       1
       3
       0
       2
       3
       2
       3
       2
       1
       2
       2
       1
       0
       1
       3
       2
       3
       1
       1
       4
       1
       2
       0
       0
       0
       1
       2
       3
       3
       1
       0
       1
       1
       1
       5
       1
       1
       0
       5
       1
       2
       1
       3
       4
       9
       8
       6
      10
       5
      11
      11
      10
       9
       5
       6
       0
       2
       2
       3
       1
       3
       2
       1
       4
       2
       0
       2
       2
       2
       1
       2
       3
       3
       2
       1
       4
       2
       0
       3
       0
       0
       4
       2
       2
       3
      10
       5
       5
       3
       2
       2
       3
       2
       1
       0
       1
       3
       2
       2
       0
       1
       0
       0
       2
       0
       1
       3
       2
       0
       0
       1
       1
       0
       3
       0
       0
       1
       2
       4
       5
       0
       1
       7
       1
       2
       0
       3
       4
       0
       3
       6
       3
       0
       2
       0
       3
       1
       1
       1
       0
       1
       0
       2
       0
       1
       0
       2
       2
       1
       2
       2
       3
       3
       3
       1
       1
       1
       1
       1
       3
       3
       1
       3
       3
       0
       0
       2
       2
       3
       1
       1
       1
       1
       0
       1
       1
       2
       3
       3
       0
       0
       1
       4
       0
       2
       2
       1
       1
       2
       1
       0
       2
       0
       0
       0
       0
       2
       1
       0
       2
       3
       2
       2
       0
       2
       3
       2
       1
       0
       1
       1
       1
       1
       2
       1
       1
       1
       0
       3
       5
       2
       3
       0
       0
       3
       1
       4
       3
       5
       1
       1
       2
       3
       4
       2
       2
       1
       2
       1
       1
       2
       2
       3
       2
       2
       0
       1
       1
       2
       2
       1
       1
       2
       2
       1
       3
       0
       2
       0
       0
       2
       0
       3
       2
       1
       2
       2
       3
       0
       1
       0
       3
       0
       2
       2
       1
       3
       0
       2
       0
       2
       0
       0
       2
       2
       0
       3
       0
       0
       2
       1
       3
       1
       3
       1
       5
       6
       7
      16
       9
      11
       9
       9
       4
       1
       0
       1
       0
       2
       1
       2
       2
       1
       1
       0
       0
       2
       1
       0
       1
       3
       0
       1
       0
       2
       3
       2
       1
       1
       1
       2
       1
       2
       2
       1
       1
       4
       3
       3
       0
       0
       2
       0
       1
       5
       5
       0
       1
       1
       1
       1
       0
       2
       3
       3
       3
       2
       3
       2
       1
       2
       1
       1
       1
       0
       2
       3
       1
       1
       1
       5
       1
       2
       1
       2
       2
       1
       1
       3
       1
       1
       2
       3
       3
       1
       1
       2
       0
       1
       0
       0
       2
       1
       2
       5
       3
       4
       1
       0
       2
       4
       2
       2
       1
       0
       3
       2
       1
       1
       2
       2
       2
       1
       1
       2
       1
       2
       2
       1
       1
       1
       3
       1
       1
       1
       1
       2
       3
       0
       2
       3
       2
       2
       1
       0
       1
       2
       1
       0
       4
       4
       5
       1
       2
       2
       1
       3
       5
       1
       2
       2
       1
       3
       2
       0
       1
       2
       2
       0
       2
       3
       0
       4
       0
       1
       2
       2
       3
       4
       1
       1
       2
       1
       1
       2
       3
       3
       2
       3
       2
       3
       1
       1
       2
       2
       1
       3
       3
       1
       3
       3
       3
       2
       1
       0
       0
       1
       2
       3
       1
       4
       2
       1
       1
       1
       3
       4
       1
       1
       3
       2
       3
       5
       1
       0
       3
       0
       2
       1
       4
       0
       1
       2
       4
       5
       2
       0
       0
       2
       4
       1
       3
       0
       1
       0
       3
       0
       2
       2
       0
       4
       2
       1
       3
       4
       1
       0
       0
       1
       2
       3
       1
       0
       2
       2
       2
       2
       1
       1
       0
       1
       3
       3
       1
       2
       2
       1
       0
       2
       1
       3
       2
       1
       1
       2
       6
       2
       3
       4
       3
       5
       1
       0
       2
       3
       1
       4
       1
       1
       1
       3
       1
       0
       2
       3
       2
       1
       0
       2
       0
       2
       7
       5
       3
       3
       3
       2
       2
       5
       0
       1
       2
       3
       2
       2
       3
       1
       1
       3
       1
       1
       2
       3
       2
       0
       2
       4
       0
       2
       2
       3
       3
       4
       2
       1
       3
       3
       2
       5
       3
       2
       4
       4
       3
       2
       3
       3
       3
       4
       6
       4
       1
       2
       1
       4
       4
       3
       2
       4
       1
       0
       6
       1
       0
       0
       5
       2
       2
       0
       1
       6
       2
       2
       4
       1
       3
       1
       1
       2
       6
       4
       2
       4
       0
       4
       0
       0
       5
       3
       1
       1
       2
       3
       3
       5
       1
       3
       1
       2
       0
       2
       6
       1
       2
       2
       2
       2
       3
       1
       0
       3
       3
       2
       0
       1
       2
       1
       3
       3
       2
       1
       5
       1
       2
       2
       1
       0
       0
       0
       1
       1
       2
       2
       0
       2
       2
       2
       2
       2
       0
       1
       2
       1
       2
       0
       3
       3
       1
       3
       2
       1
       2
       3
       2
       5
       4
       0
       0
       2
       3
       1
       1
       2
       0
       3
       3
       4
       2
       2
       2
       0
       0
       2
       3
       0
       1
       3
       1
       1
       3
       0
       0
       1
       0
       0
       1
       1
       1
       2
       1
       0
       1
       5
       1
       1
       1
       1
       3
       2
       1
       2
       2
       0
       2
       2
       2
       0
       1
       1
       3
       2
       2
       0
       3
       1
       4
       1
       1
       1
       0
       0
       1
       2
       1
       2
       1
       1
       0
       1
       2
       2
       1
       0
       3
       0
       1
       0
       1
       0
       0
       4
       1
       0
       1
       1
       0
       2
       1
       2
       2
       3
       0
       2
       0
       1
       1
       2
       0
       3
       0
       0
       1
       0
       0
       1
       3
       1
       3
       1
       4
       0
       0
       2
       0
       4
       1
       2
       0
       3
       1
       2
       1
       2
       1
       1
       2
       0
       1
       0
       1
       0
       0
       5
       2
       2
       1
       0
       2
       0
       5
       1
       1
       3
       1
       3
       3
       4
       2
       4
       1
       3
       0
       3
       4
       1
       0
       0
       0
       1
       1
       3
       2
       2
       2
       1
       0
       1
       0
       0
       0
       1
       1
       1
       0
       0
       1
       0
       0
       0
       1
       2
       2
       1
       0
       2
       1
       1
       1
       0
       1
       2
       1
       4
       0
       0
       1
       1
       1
       2
       0
       3
       0
       1
       0
       0
       0
       0
       1
       0
       1
       1
       1
       1
       0
       1
       1
       0
       2
       1
       2
       1
       0
       1
       0
       2
       2
       0
       1
       1
       0
       0
       1
       0
       1
       0
       0
       0
       1
       1
       3
       0
       0
       1
       0
       0
       1
       0
       1
       1
       0
       0
       2
       1
       0
       0
       0
       0
       0
       0
       1
       1
       0
       0
       1
       1
       0
       1
       0
       0
       0
       1
       0
       0
       0
       0
       2
       1
       0
       0
       0
       2
       0
       1
       0
       0
       2
       0
       0
       0
       1
       0
       1
       0
       0
       1
       0
       0
       0
       0
       0
       0
       1
       3
       1
       1
       0
       1
       0
       0
       0
       0
       0
       1
       0
       0
       0
       0
       0
       2
       0
       1
       0
       3
       0
       0
       0
       0
       0
       0
       1
       0
       0
       0
       1
       0
       0
       1
       0
       0
       0
       2
       2
       0
       0
       0
       0
       0
       0
       2
       1
       0
       0
       0
       1
       0
       0
       0
       0
       0
       0
       0
       0
       0
       0
       1
       0
       1
       1
       0
       1
       0
       0
       1
       1
       0
       0
       1
       0
       0
       1
       0
       0
       0
       0
       0
       0
       0
       0
       0
       0
       1
       0
       1
       1
       0
       0
       0
       0
       1
       0
       0
       0
       0
       0
       0
       0
       0
       1
       0
       0
       0
       0
       0
       1
       0
       0
       1
       0
       0
       0
       0
       1
       0
       2
       0
       0
       0
       0
       0
       0
       1
       0
       0
       0
       0
       1
       0
       0
       1
       0
       1
       1
       0
       1
       0
       0
       0
       1
       0
       0
       0
       0
       0
       0
       0
       1
       0
       0
       0
       3
       0
       1
       0
       0
       0
       0
       0
       0
       0
       1
       0
       0
       0
       0
       0
       0
       0
       0
       0
       0
       1
       0
       0
       1
       0
       1
       0
       0
       0
       0
       1
       0
       0
       0
       0
       0
       0
       0
       2
       0
       0
       0
       0
       0
       0
       1
       0
       0
       0
       0
       0
       1
       0
       0
       1
       0
       0
       0
       4
       0
       1
       0
       1
       1
       0
       1
       0
       1
       1
       0
       0
       0
       0
       1
       1
       0
       1
       0
       2
       0
       0
       0
       0
       0
       0
       0
       0
       0
       1
       0
       0
       0
       2
       1
       2
       4
       8
      22
      19
      36
      49
      61
      64
      74
      48
      26
      30
      15
      15
       9
       2
       0
       0
       0
       0
       0
       0
       0
       0
       0
       0
       0
       0
       0
       0
       0
       0
       0
       0
       0
       0
       0
       0
       0
       0
       0
       0
       0
       0
       0
       0
       1
       0
       0
       0
       0
       0
       0
       0
       0
       0
       0
       0
       0
       0
       0
       0
       0
       1
       0
       1
       0
       0
       1
       0
       0
       0
       0
       0
       0
       0
       0
       1
       0
       0
       0
       0
       0
       1
       0
       0
       0
       0
       0
       1
       0
       0
       0
       0
       0
       0
       0
       0
       0
       0
       0
       0
       0
       0
       0
       0
       0
       0
       0
       1
       0
       0
       0
       0
       0
       0
       0
       0
       1
       0
       0
       0
       0
       0
       0
       0
       0
       0
       0
       0
       0
       0
       0
       0
       0
       0
       0
       0
       0
       0
       0
       0
       1
       0
       0
       0
       0
       0
       0
       0
       0
       0
       0
       0
       0
       0
       0
       0
       0
       1
       0
       0
       0
       0
       0
       0
       0
       0
       0
       0
       1
       0
       0
       0
       0
       0
       0
       0
       0
       0
       0
       0
       0
       0
       0
       1
       0
       0
       0
       0
       0
       0
       0
       1
       0
       0
       0
       0
       0
       0
       0
       0
       0
       0
       0
       0
       0
       0
       0
       0
       0
       0
       0
       0
       0
       0
       1
       0
       0
       0
       0
       0
       0
       0
       0
       0
       0
       0
       1
       0
       0
       1
       0
       0
       0
       0
       0
       0
       0
       0
       0
       0
       0
       0
       0
       0
       0
       0
       0
       0
       0
       0
       0
       0
       0
       0
       0
       0
       0
       0
       0
       0
       0
       0
       0
       0
       0
       1
       0
       0
       0
       0
       0
       0
       0
       0
       0
       0
       0
       1
       0
       0
       0
       0
       0
       0
       0
       0
       0
       0
       0
       0
       0
       0
       0
       0
       1
       1
       0
       0
       0
       0
       0
       0
       0
       0
       0
       0
       0
       0
       0
       0
       0
       0
       0
       0
       0
       0
       0
       0
       1
       0
       0
       0
       0
       0
       0
       0
       0
       0
       0
       0
       0
       0
       0
       0
       0
       0
       0
       0
       0
       0
       0
       0
       0
       0
       0
       0
       0
       0
       0
       0
       0
       0
       0
       0
       0
       0
       0
       0
       0
       0
       0
       0
       0
       0
       0
       0
       0
       0
       1
       0
       0
       0
       0
       1
       0
       0
       0
       0
       0
       0
       0
       0
       0
       0
       0
       0
       0
       0
       0
       0
       0
       0
       0
       0
       0
       0
       0
       0
       1
       0
       0
       0
       0
       0
       1
       0
       0
       0
       0
       0
       0
       0
       0
       0
       0
       0
       0
       0
       0
       0
       0
       0
       0
       0
       0
       0
       0
       0
       0
       0
       0
       0
       0
       0
       0
       0
       0
       0
       0
       0
       0
       0
       0
       0
       1
       0
       0
       0
       0
       0
       0
       0
       0
       0
       0
       0
       0
       0
       0
       0
       0
       0
       1
       0
       0
       0
       0
       0
       0
       0
       0
       0
       0
       0
       0
       0
       1
       0
       0
       0
       0
       0
       0
       0
       0
       0
       0
       0
       0
       0
       0
       0
       0
       0
       0
       0
       0
       0
       0
       0
       0
       0
       0
       0
       0
       0
       0
       0
       0
       0
       0
       0
       0
       0
       0
       1
       0
       0
       0
       0
       0
       0
       0
       0
       0
       0
       0
       0
       0
       0
       0
       0
       0
       0
       0
       0
       0
       0
       0
       0
       0
       0
       0
       0
       0
       0
       0
       0
       0
       0
       1
       0
       1
       0
       0
       0
       0
       0
       0
       0
       0
       0
       0
       0
       0
       1
       0
       0
       0
       0
       0
       0
       0
       0
       0
       0
       0
       0
       0
       0
       0
       0
       0
       0
       0
       0
       0
       0
       0
       0
       0
       0
       0
       0
       2
       1
       0
       0
       0
       1
       0
       0
       0
       0
       0
       0
       0
       0
       0
       0
       0
       0
       0
       0
       0
       0
       0
       0
       1
       1
       1
       0
       0
       0
       0
       1
       0
       0
       0
       0
       0
       0
       0
       0
       0
       0
       0
       0
       0
       0
       0
       0
       0
       0
       0
       1
       1
       0
       0
       0
       0
       0
       0
       0
       0
       0
       0
       0
       1
       0
       0
       0
       0
       0
       0
       0
       0
       0
       0
       1
       0
       0
       0
       0
       0
       0
       0
       0
       0
       0
       0
       0
       0
       0
       0
       0
       0
       0
       0
       0
       0
       0
       0
       0
       0
       0
       0
       0
       0
       0
       0
       0
       0
       0
       0
       0
       0
       0
       0
       0
       0
       1
       0
       0
       0
       0
       0
       0
       0
       0
       0
       1
       0
       0
       0
       0
       0
       0
       1
       0
       0
       0
       0
       0
       0
       0
       0
       0
       0
       0
       0
       0
       0
       0
       0
       1
       0
       0
       0
       1
       0
       0
       0
       0
       0
       0
       0
       0
       0
       0
       0
       0
       0
       0
       0
       0
       0
       0
       0
       0
       0
       0
       1
       0
       0
       0
       0
       0
       0
       0
       0
       0
       1
       0
       0
       0
       0
       0
       0
       0
       0
       0
       0
       0
       0
       0
       0
       0
       0
       0
       0
       0
       0
       0
       0
       0
       0
       0
       0
       0
       0
       0
       0
       0
       0
       0
       0
       0
       0
       0
       0
       0
       0
       0
       0
       0
       0
       0
       0
       0
       0
       0
       0
       0
       0
       0
       0
       1
       0
       0
       0
       1
       0
       0
       0
       0
       1
       0
       0
       0
       0
       0
       0
       0
       0
       0
       0
       0
       0
       0
       0
       0
       0
       0
       0
       0
       0
       0
       0
       0
       0
       0
       0
       0
       0
       0
       0
       0
       1
       0
       0
       0
       0
       0
       0
       1
       0
       0
       0
       0
       0
       0
       0
       0
       0
       0
       0
       0
       0
       0
       1
       0
       0
       0
       0
       0
       1
       0
       0
       1
       0
       1
       0
       0
       0
       1
       0
       0
       0
       0
       0
       0
       0
       0
       0
       0
       0
       0
       0
       0
       0
       0
       0
       0
       0
       0
       0
       0
       0
       0
       0
       0
       0
       0
       0
       0
       0
       0
       0
       0
       0
       0
       0
       0
       0
       0
       1
       0
       0
       0
       0
       0
       0
       0
       0
       0
       0
       0
       0
       0
       0
       0
       0
       0
       0
       0
       0
       0
       0
       0
       0
       0
       0
       1
       0
       0
       0
       0
       0
       0
       0
       1
       0
       0
       0
       0
       0
       0
       0
       0
       0
       0
       0
       0
       0
       1
       0
       0
       0
       0
       0
       0
       0
       0
       0
       0
       0
       0
       0
       0
       0
       1
       0
       0
       0
       0
       0
       0
       0
       0
       0
       0
       0
       0
       0
       0
       1
       0
       0
       0
       0
       0
       0
       0
       0
       0
       0
       0
       0
       0
       0
       0
       0
       0
       0
       0
       0
       1
       0
       0
       0
       0
       0
       0
       0
       0
       0
       0
       0
       0
       0
       0
       0
       0
       0
       0
       0
       0
       0
       0
       0
       0
       0
       0
       0
       0
       0
       0
       0
       0
       0
       0
       0
       0
       0
       0
       0
       0
       0
       0
       0
       0
       0
       0
       0
       0
       0
       1
       0
       0
       0
       0
       0
       0
       0
       0
       0
       0
       0
       0
       0
       0
       0
       1
       0
       0
       0
       0
       0
       0
       0
       0
       0
       0
       0
       0
       0
       0
       0
       1
       0
       0
       0
       0
       0
       0
       0
       0
       1
       0
       0
       0
       0
       0
       0
       0
       0
       0
       0
       0
       0
       0
       0
       0
       0
       0
       0
       0
       0
       0
       0
       0
       0
       0
       0
       0
       0
       0
       0
       0
       1
       1
       0
       0
       0
       0
       0
       0
       0
       0
       0
       0
       0
       1
       0
       0
       0
       0
       0
       0
       0
       0
       0
       0
       0
       0
       0
       0
       0
       0
       0
       0
       0
       0
       0
       0
       0
       0
       0
       0
       0
       0
       0
       0
       0
       0
       0
       0
       0
       0
       0
       0
       0
       0
       0
       0
       0
       0
       0
       0
       0
       0
       0
       0
       0
       0
       0
       1
       0
       0
       0
       0
       0
       0
       0
       0
       0
       0
       0
       1
       0
       0
       0
       0
       0
       0
       0
       0
       0
       0
       0
       0
       0
       0
       0
       0
       0
       0
       0
       0
       0
       1
       0
       0
       0
       0
       0
       0
       0
       0
       0
       0
       0
       0
       0
       0
       0
       0
       0
       0
       1
       1
       0
       0
       0
       0
       0
       0
       0
       0
       0
       1
       0
       0
       0
       0
       0
       0
       0
       0
       0
       0
       0
       0
       0
       0
       1
       0
       0
       0
       0
       0
       0
       0
       0
       0
       0
       0
       0
       1
       0
       0
       0
       0
       0
       0
       0
       0
       0
       0
       0
       0
       0
       0
       0
       0
       0
       0
       0
       0
       0
       0
       0
       0
       0
       0
       0
       0
       0
       0
       0
       0
       0
       0
       0
       0
       0
       0
       0
       0
       0
       0
       0
       0
       0
       0
       0
       0
       0
       0
       0
       0
       0
       0
       0
       0
       0
       0
       0
       0
       0
       0
       0
       1
       0
       0
       0
       0
       0
       0
       0
       0
       0
       0
       0
       0
       0
       0
       0
       0
       0
       0
       0
       0
       0
       0
       0
       0
       0
       0
       0
       0
       0
       0
       0
       0
       0
       0
       0
       1
       0
       0
       0
       0
       0
       0
       0
       0
       0
       0
       0
       0
       0
       0
       0
       0
       0
       1
       0
       0
       0
       0
       1
       0
       0
       0
       0
       0
       0
       0
       0
       0
       0
       0
       0
       0
       0
       0
       0
       0
       0
       0
       0
       0
       0
       0
       0
       0
       0
       0
       0
       0
       1
       0
       0
       0
       0
       0
       0
       0
       0
       0
       0
       1
       0
       0
       1
       0
       0
       1
       0
       0
       0
       0
       0
       0
       0
       0
       0
       0
       0
       0
       0
       0
       0
       0
       0
       0
       0
       0
       0
       0
       0
       0
       0
       0
       0
       1
       0
       0
       0
       0
       0
       0
       0
       0
       0
       0
       0
       0
       0
       0
       0
       0
       0
       0
       0
       0
       0
       0
       0
       0
       0
       0
       0
       0
       0
       0
       0
       0
       0
       0
       0
       0
       0
       0
       0
       0
       0
       0
       0
       0
       0
       0
       0
       0
       0
       0
       0
       0
       0
       0
       0
       0
       0
       0
       0
       0
       0
       0
       0
       0
       0
       0
       0
       0
       0
       0
       0
       0
       0
       0
       0
       0
       0
       0
       0
       0
       0
       0
       0
       0
       0
       0
       0
       0
       0
       0
       0
       0
       0
       0
       0
       0
       0
       0
       0
       0
       0
       0
       0
       0
       0
       0
       0
       0
       0
       0
       0
       0
       0
       0
       0
       0
       0
       0
       0
       0
       0
       0
       0
       0
       0
       0
       0
       0
       0
       0
       0
       0
       0
       0
       0
       0
       0
       0
       0
       0
       0
$ROI:
0
$PRESETS:
Real Time
3600
0
$ENER_FIT:
8.931054 0.240803
$MCA_CAL:
3
8.931054E+000 2.408025E-001 6.157388E-008 keV
$SHAPE_CAL:
3
9.658150E+000 -1.618950E-003 2.758845E-007
