$SPEC_ID:
No sample description was entered.
$SPEC_REM:
DET# 1
DETDESC# EPS-140909 Easy-MCA-8k SN 16175454
AP# Maestro Version 7.01
$DATE_MEA:
02/27/2022 19:43:26
$MEAS_TIM:
3594 3600
$DATA:
0 8191
       0
       0
       0
       0
       0
       0
       0
       0
       0
       0
       0
       0
       0
       0
       0
       0
       0
       0
       0
       0
       0
       0
       0
       0
       0
       0
       0
       0
       0
       0
       0
       0
       0
       0
       0
       0
       0
       0
       0
       3
       8
      29
     706
    1228
     437
     334
     292
     329
     330
     327
     384
     368
     359
     341
     366
     298
     344
     341
     373
     392
     458
     447
     413
     367
     337
     307
     326
     361
     332
     348
     357
     342
     330
     313
     331
     347
     338
     317
     377
     336
     377
     362
     334
     327
     338
     339
     323
     348
     354
     329
     339
     339
     313
     345
     334
     347
     387
     348
     383
     357
     420
     351
     390
     371
     407
     399
     416
     432
     488
     455
     498
     502
     536
     617
     582
     645
     724
     731
     838
     824
     853
     864
     862
     889
     876
     878
     847
     872
     745
     875
     829
     811
     866
     849
     845
     907
     937
    1044
    1406
    2018
    2947
    3727
    4357
    5131
    5063
    4243
    2875
    1665
    1108
     928
     894
     887
     922
     897
     938
     938
     965
     974
    1079
    1092
    1247
    1501
    2023
    2273
    1945
    1741
    1470
    1456
    1392
    1304
    1177
    1059
    1028
    1027
    1086
    1013
    1051
     998
    1066
    1077
    1105
    1078
    1116
    1109
    1118
    1145
    1261
    1347
    1223
    1138
    1129
    1240
    1276
    1267
    1192
    1216
    1147
    1063
    1135
    1083
    1032
    1027
    1066
    1040
    1114
    1039
    1079
    1092
    1097
    1090
    1069
    1091
    1047
    1165
    1141
    1128
    1132
    1119
    1174
    1130
    1090
    1150
    1089
    1115
    1154
    1086
    1116
    1060
    1032
    1097
    1133
    1150
    1087
    1171
    1110
    1078
    1036
    1034
    1043
    1011
    1016
    1017
    1042
    1026
    1069
     986
    1048
     983
    1030
     970
    1041
    1053
    1026
    1007
     995
    1023
     993
     923
    1004
     948
     970
     981
    1014
     926
     967
     992
     951
     960
     932
     967
     930
     913
     924
     940
     962
     876
     902
     941
     899
     936
     986
     896
     930
     947
     907
     885
     967
     918
     868
     887
     907
     947
     854
     876
     879
     893
     858
     877
     845
     865
     849
     830
     849
     826
     816
     858
     887
     802
     837
     819
     846
     753
     818
     858
     779
     825
     801
     751
     817
     794
     831
     856
     768
     743
     770
     833
     765
     801
     787
     770
     758
     730
     721
     784
     712
     747
     756
     769
     767
     720
     719
     708
     717
     719
     719
     713
     704
     724
     704
     725
     689
     711
     704
     699
     688
     655
     678
     674
     648
     646
     718
     658
     689
     663
     643
     600
     683
     633
     634
     646
     667
     636
     626
     644
     639
     635
     644
     627
     608
     626
     587
     668
     572
     605
     619
     630
     619
     604
     616
     563
     616
     551
     604
     576
     570
     568
     525
     556
     584
     567
     536
     553
     560
     589
     504
     523
     558
     564
     526
     529
     553
     537
     478
     510
     503
     468
     519
     508
     500
     495
     502
     489
     504
     462
     484
     492
     470
     555
     471
     457
     440
     447
     467
     461
     440
     457
     449
     509
     408
     448
     456
     490
     431
     463
     438
     464
     484
     417
     433
     501
     477
     400
     414
     419
     468
     403
     407
     437
     425
     422
     424
     437
     407
     453
     458
     466
     492
     462
     439
     413
     411
     409
     402
     378
     394
     370
     414
     382
     389
     371
     407
     411
     377
     408
     387
     385
     341
     376
     401
     376
     351
     370
     394
     332
     372
     344
     378
     346
     383
     370
     373
     368
     372
     413
     391
     397
     369
     351
     335
     321
     383
     354
     372
     344
     323
     346
     365
     328
     362
     362
     341
     342
     358
     345
     370
     320
     300
     332
     348
     289
     307
     336
     333
     289
     291
     331
     347
     304
     318
     312
     304
     294
     301
     322
     305
     328
     303
     330
     289
     291
     346
     296
     302
     288
     305
     301
     298
     274
     289
     290
     280
     287
     302
     288
     264
     301
     291
     247
     271
     295
     258
     288
     267
     288
     275
     253
     265
     275
     264
     280
     264
     279
     270
     266
     257
     260
     299
     237
     251
     289
     297
     291
     274
     327
     454
     584
     617
     576
     439
     351
     263
     274
     325
     308
     315
     280
     266
     223
     249
     229
     196
     209
     220
     213
     227
     227
     224
     216
     212
     207
     223
     198
     228
     208
     233
     202
     215
     204
     226
     197
     236
     197
     205
     199
     185
     212
     196
     216
     192
     191
     216
     195
     186
     223
     197
     206
     230
     164
     189
     210
     209
     202
     177
     197
     182
     192
     200
     196
     191
     181
     206
     175
     184
     198
     172
     171
     185
     214
     161
     197
     187
     222
     185
     183
     190
     235
     220
     195
     150
     198
     170
     172
     185
     150
     169
     185
     150
     165
     173
     171
     185
     218
     180
     190
     167
     191
     176
     160
     152
     130
     173
     148
     155
     159
     131
     139
     149
     156
     143
     170
     185
     150
     168
     119
     144
     156
     132
     156
     150
     162
     167
     130
     145
     149
     154
     150
     152
     167
     145
     146
     145
     130
     167
     159
     168
     197
     278
     261
     240
     208
     174
     137
     152
     131
     124
     127
     151
     146
     161
     179
     178
     159
     139
     130
     144
     123
     141
     138
     137
     123
     132
     134
     138
     156
     184
     215
     228
     184
     174
     129
     134
     120
     111
     135
     139
     151
     131
     133
     127
     117
     134
     108
     149
     116
     119
     128
     128
     119
     115
     125
     117
     113
     133
     134
     110
     107
     122
     135
      98
     125
     121
     112
     115
     135
     127
     105
     100
     130
     118
     112
     116
     128
     135
     135
     109
     110
     132
     107
     130
     125
     123
     124
     109
     124
     110
     109
     114
     118
     113
     115
     131
     115
     109
     105
      99
     101
     122
      93
     101
     113
      84
      97
     139
     170
     202
     181
     170
     142
     111
     101
     110
     124
     118
     109
     109
     113
     103
     120
     108
      98
     107
     117
     104
     111
     104
     100
     100
     100
     100
      89
     118
     103
      83
      88
     107
     137
     181
     299
     338
     301
     273
     215
     145
      97
      90
     102
      95
      96
     102
      90
     101
      82
      95
      95
      96
      80
      77
     102
      94
      98
      89
      92
      95
      90
      86
      89
      98
      87
      90
      72
      81
      93
      82
      84
      78
      86
      86
     100
      91
      93
     100
      75
      81
      95
      70
      89
      77
      90
      67
      79
      95
      92
      77
      63
      82
      90
      82
      77
      71
      92
      64
      83
      61
      78
      79
      86
      84
     102
      84
     100
      84
      88
      70
      86
      93
      88
      83
      79
      79
      74
      87
      91
      85
      83
      76
      84
      68
      83
      90
      71
      77
      98
      76
      67
      90
      93
      82
      82
      63
      71
      79
      71
      76
      79
      83
      82
      79
      73
      74
      74
      71
      73
      81
      66
      72
      81
      80
      79
      59
      68
      82
      66
      64
      75
      78
      66
      75
      68
      61
      66
      78
      91
      81
      70
      63
      76
      68
      75
      63
      87
      80
      86
      81
      81
      80
      67
      79
      73
      56
      73
      62
      66
      77
      65
      62
      69
      68
      65
      66
      58
      99
      78
      74
      68
      64
      50
      68
      68
      69
      63
      66
      86
      70
      59
      67
      63
      72
      70
      66
      82
      74
      56
      70
      61
      76
      68
      59
      86
      55
      68
      69
      62
      50
      68
      59
      67
      72
      59
      72
      74
      85
      54
      58
      64
      66
      75
      63
      54
      55
      44
      71
      49
      63
      75
      79
      87
      83
      63
      59
      67
      68
      52
      61
      59
      56
      64
      53
      53
      59
      68
      52
      55
      51
      63
      64
      69
      47
      56
      54
      57
      46
      44
      57
      67
      67
      56
      58
      69
      55
      64
      58
      70
      53
      60
      57
      64
      70
      62
      47
      57
      66
      59
      45
      74
      54
      58
      46
      71
      52
      50
      64
      72
      60
      73
      85
      68
      86
      67
      56
      61
      49
      45
      51
      47
      46
      60
      64
      67
      49
      48
      54
      57
      66
      65
      47
      49
      56
      55
      47
      58
      58
      53
      52
      59
      66
      48
      69
      62
      56
      64
      68
      41
      51
      55
      55
      55
      48
      39
      56
      59
      59
      58
      42
      52
      63
      45
      42
      51
      45
      49
      47
      59
      48
      55
      56
      54
      57
      41
      63
      52
      50
      43
      50
      52
      52
      35
      33
      56
      55
      55
      45
      56
      55
      49
      52
      56
      37
      50
      62
      57
      53
      55
      47
      58
      42
      49
      50
      46
      49
      53
      46
      50
      43
      54
      59
      57
      55
      64
      51
      53
      45
      52
      59
      38
      50
      60
      48
      60
      49
      53
      64
      70
      81
     105
     120
     115
      99
      85
      74
      52
      44
      46
      49
      47
      47
      51
      63
      40
      43
      42
      41
      52
      53
      56
      58
      46
      51
      47
      38
      34
      47
      42
      46
      55
      45
      44
      44
      42
      52
      48
      39
      39
      45
      49
      40
      57
      48
      51
      59
      45
      50
      39
      49
      34
      40
      44
      41
      49
      44
      38
      48
      41
      43
      42
      38
      54
      44
      39
      35
      48
      49
      47
      35
      46
      47
      40
      43
      34
      43
      52
      46
      32
      40
      60
      32
      41
      37
      42
      42
      56
      42
      41
      54
      45
      59
      40
      35
      43
      50
      39
      49
      50
      44
      48
      29
      35
      52
      41
      46
      47
      42
      40
      41
      43
      62
      42
      46
      39
      41
      44
      48
      40
      33
      57
      42
      36
      41
      48
      37
      47
      39
      41
      51
      46
      52
      39
      41
      38
      41
      32
      44
      35
      43
      42
      40
      45
      44
      39
      39
      56
      62
      52
      42
      56
      37
      46
      56
      42
      41
      43
      49
      28
      40
      34
      50
      41
      50
      40
      29
      50
      50
      43
      32
      48
      42
      37
      37
      36
      53
      40
      61
      54
      76
     123
     183
     178
     180
     163
      95
      66
      45
      44
      42
      28
      35
      43
      33
      33
      33
      45
      34
      37
      29
      47
      28
      39
      40
      32
      41
      47
      42
      41
      35
      28
      28
      24
      36
      36
      36
      33
      41
      37
      36
      28
      41
      38
      47
      41
      37
      29
      46
      43
      26
      48
      31
      42
      38
      46
      30
      38
      39
      37
      43
      35
      42
      38
      50
      83
     128
     188
     234
     227
     174
     100
      78
      47
      33
      37
      30
      27
      32
      36
      35
      41
      37
      35
      41
      36
      30
      44
      30
      46
      38
      34
      30
      33
      36
      28
      34
      30
      33
      28
      28
      22
      35
      34
      37
      35
      40
      35
      39
      22
      41
      22
      30
      34
      31
      33
      34
      36
      26
      36
      42
      29
      30
      33
      39
      35
      33
      30
      29
      32
      34
      29
      34
      32
      34
      20
      35
      34
      29
      28
      37
      29
      35
      39
      37
      39
      22
      25
      34
      29
      28
      30
      27
      34
      39
      23
      29
      31
      26
      31
      39
      29
      22
      36
      37
      32
      23
      30
      38
      34
      33
      36
      37
      33
      37
      35
      29
      25
      36
      28
      28
      27
      37
      28
      23
      28
      39
      27
      37
      31
      30
      33
      27
      38
      43
      31
      36
      50
      38
      43
      42
      38
      35
      42
      24
      32
      31
      45
      37
      37
      29
      36
      39
      39
      26
      35
      32
      24
      22
      25
      31
      26
      41
      32
      36
      20
      15
      27
      31
      33
      30
      23
      28
      33
      24
      27
      22
      35
      15
      31
      33
      22
      31
      29
      34
      36
      30
      26
      28
      29
      30
      26
      27
      38
      37
      30
      27
      32
      35
      34
      35
      24
      29
      34
      34
      32
      20
      35
      25
      25
      30
      19
      27
      26
      33
      30
      24
      31
      26
      34
      29
      18
      20
      27
      38
      30
      33
      30
      40
      27
      31
      22
      33
      36
      31
      27
      30
      39
      26
      28
      30
      25
      29
      29
      33
      34
      40
      30
      20
      33
      29
      25
      34
      30
      25
      28
      23
      27
      29
      19
      19
      25
      25
      34
      28
      27
      27
      20
      28
      31
      25
      41
      33
      23
      28
      35
      28
      31
      29
      21
      33
      27
      27
      32
      40
      32
      33
      31
      22
      30
      28
      20
      27
      34
      28
      26
      28
      38
      26
      37
      48
      35
      64
      53
      44
      41
      34
      27
      25
      23
      29
      27
      21
      15
      24
      27
      19
      21
      22
      21
      29
      32
      19
      33
      31
      28
      27
      14
      32
      23
      24
      31
      34
      35
      29
      24
      25
      28
      28
      26
      25
      21
      23
      25
      27
      28
      30
      34
      17
      16
      31
      28
      24
      35
      25
      15
      23
      21
      29
      23
      25
      22
      20
      16
      29
      25
      24
      22
      32
      30
      32
      26
      39
      28
      19
      29
      33
      26
      25
      19
      37
      14
      26
      28
      27
      24
      20
      24
      19
      26
      25
      27
      26
      27
      36
      25
      47
      52
      46
      45
      38
      39
      43
      33
      39
      51
      43
      23
      36
      23
      28
      29
      32
      38
      29
      25
      33
      16
      30
      28
      24
      25
      27
      35
      30
      21
      29
      45
      38
      64
      58
      43
      34
      36
      22
      20
      14
      21
      37
      21
      25
      29
      17
      21
      15
      18
      37
      30
      34
      33
      25
      22
      22
      19
      27
      24
      26
      21
      25
      16
      24
      25
      33
      29
      17
      13
      30
      26
      32
      40
      29
      38
      44
      32
      30
      17
      22
      26
      32
      23
      25
      21
      28
      23
      21
      32
      21
      20
      20
      18
      25
      22
      25
      21
      28
      19
      28
      24
      30
      29
      22
      25
      26
      18
      19
      27
      19
      21
      28
      16
      19
      28
      21
      46
      33
      44
      28
      33
      31
      31
      18
      22
      24
      22
      17
      27
      22
      20
      22
      19
      21
      28
      24
      19
      19
      22
      17
      18
      19
      17
      29
      20
      19
      23
      22
      20
      18
      21
      23
      27
      17
      22
      18
      20
      19
      24
      29
      29
      30
      28
      26
      22
      22
      17
      20
      28
      24
      30
      31
      12
      22
      25
      20
      29
      23
      25
      21
      14
      19
      23
      26
      18
      19
      21
      29
      23
      19
      29
      19
      27
      17
      22
      20
      26
      24
      10
      18
      26
      23
      18
      26
      23
      19
      21
      28
      29
      36
      41
      51
      46
      37
      22
      23
      17
      26
      20
      18
      19
      13
      22
      21
      20
      19
      13
      27
      28
      32
      20
      21
      21
      23
      22
      25
      35
      46
      42
      29
      29
      20
      22
      18
      21
      17
      13
      17
      21
      26
      20
      16
      19
      21
      20
      36
      25
      20
      27
      25
      18
      19
      20
      21
      24
      17
      15
      29
      25
      25
      20
      21
      14
      23
      15
      26
      15
      21
      21
      20
      17
      11
      26
      17
      12
      14
      20
      16
      19
      23
      22
      11
      25
      16
      22
      20
      31
      19
      16
      19
      22
      20
      21
      17
      28
      19
      12
      26
      18
      15
      13
      20
      20
      20
      17
      21
      27
      20
      24
      22
      20
      13
      19
      19
      23
      19
      21
      14
      14
      34
      19
      18
      21
      25
      29
      18
      18
      20
      12
      22
      29
      12
      13
      26
      20
      25
      25
      32
      34
      24
      25
      19
      23
      20
      19
      23
      28
      18
      27
      22
      39
      52
      93
      98
     120
      99
      86
      51
      38
      27
       9
      20
      28
      16
      23
      21
      10
      14
      12
      13
      18
      23
      18
      20
      27
      18
      20
      19
      19
      21
      19
      20
      18
      14
      20
      17
      18
      25
      25
      18
      19
       9
      22
      16
      25
      17
      19
      15
      15
      27
      24
      15
      18
      17
      15
      16
      21
      13
      27
      27
      30
      26
      21
      26
      20
      17
      13
      19
      16
      20
      19
      21
      25
      10
      11
      17
      18
      27
      19
      13
      21
      20
      11
      19
      20
      14
      22
      20
      17
      25
      28
      19
      18
      20
      25
      16
       8
      23
      25
      24
      19
      20
      29
      22
      27
      16
      15
      18
      18
      16
      18
      25
      18
      19
      21
      21
      11
      14
      17
      19
      17
      22
      13
      16
      16
      24
      20
      26
      24
      18
      24
      12
      15
      15
      16
      30
      35
      34
      35
      26
      24
      32
      23
      22
      39
      47
      58
      59
      87
      68
      42
      29
      20
      20
      25
      13
      15
      13
      15
      16
      18
      17
      21
      16
      29
      12
      13
      21
      21
      16
      15
      14
      17
      18
      10
      18
      15
      14
      13
      13
      18
      13
      12
      22
      20
      15
      18
      24
      25
      22
      18
      16
       9
      22
      17
      17
      17
      27
      10
      17
      13
      12
      12
      14
      16
      22
      10
      22
      18
      11
      20
      16
      16
      16
      14
      19
      13
      24
      25
      11
      20
      17
      24
       8
      18
      20
      25
      22
      20
      16
      14
      22
      14
      17
      15
      15
      14
      19
      26
      14
      12
      19
      12
      17
      19
      10
      16
      18
      14
      13
      14
      16
      19
      20
      26
      15
      22
      14
      19
      11
      22
      14
      15
       7
      19
      16
      21
      14
      18
      19
      21
      15
      20
      16
      18
      13
      19
      15
      12
      25
      14
      21
      20
      16
      27
      14
      13
      10
      19
      13
      14
       9
      12
       5
      10
      27
      14
      14
      15
      14
      17
      11
      19
      13
      19
      12
      27
      18
      16
      15
      14
      23
      11
       8
      15
      12
      21
      17
      14
      21
      17
       6
      20
      16
      15
      13
      18
      16
      17
      13
      12
      15
      13
      12
      12
      15
      17
      11
       9
      17
      18
      13
      19
       7
      18
      19
      16
      18
      14
      12
       9
      17
      19
      20
      20
      14
      19
      10
      15
      21
      19
      23
      13
      11
      14
      14
      17
      19
      17
      11
      15
      12
      23
      21
      15
      18
      10
      19
      22
      16
      17
      17
      11
      17
      21
      21
      29
      30
      16
      29
      14
      16
      16
      11
      13
      20
      16
      16
      11
      22
      12
      12
      19
      12
      19
      20
      21
      23
      13
      18
      14
      20
      18
      15
      18
      13
      17
      14
      12
      17
      22
      10
      20
      22
      15
      12
      24
      15
      27
      19
      16
      11
      17
      18
       7
      17
      18
      18
      18
      23
      12
      15
       9
      11
      20
       9
      15
      18
      15
      18
      17
      12
      15
      17
      16
      10
      16
      14
      17
      22
      15
      17
      14
      19
      16
      11
      13
      14
      11
      14
      14
      19
      13
      20
      11
      10
      24
      23
      18
      18
      14
      18
      12
      16
      10
      15
      18
      18
      15
      17
      12
      12
      15
      21
       7
      17
      20
      12
      17
      20
      20
      14
      28
      19
      18
      21
      16
      17
      14
      18
      26
      29
      26
      39
      48
      29
      30
      20
      13
      22
      17
      34
      30
      45
      70
      78
      54
      43
      40
      21
      26
      12
      16
      14
      21
       9
      13
      14
      11
      13
      14
      15
      18
      24
      11
      25
      14
      15
      20
      17
      17
      16
       8
      18
      10
      14
      17
      14
      14
      17
      21
      15
      12
      11
      21
      17
      13
      13
       9
      14
      14
      10
      15
      18
      17
      11
      15
      18
      12
      15
      17
      10
      12
      10
      14
      15
      14
      13
      15
      18
      19
      21
      13
      20
       9
      14
      15
      11
      13
      21
      20
      12
      10
      26
      21
      13
      12
      19
      15
      14
      23
      20
      18
      25
      22
      17
      21
      15
      12
      15
      15
      22
      15
      18
      10
      13
      18
      14
      11
      19
      17
       8
      12
      14
      22
      13
      18
      20
      17
      15
      15
      19
      12
      14
      17
      18
      22
      20
      10
      26
      18
      17
      19
      19
      32
      51
      43
      47
      49
      41
      41
      32
      15
      19
      16
      16
      17
      10
      15
      19
      21
      15
      18
      13
      21
      18
      14
      17
      11
      22
      15
      20
      20
      13
      13
      12
      17
      14
      11
      13
      13
      14
      20
      20
      16
      17
      27
      13
      14
      17
      16
      20
      17
      13
      17
      13
      10
      14
      16
      15
      17
      20
      18
      17
      22
      12
      15
       9
      16
      18
      19
      11
      22
      19
      17
      20
      18
      17
       9
      14
      14
      18
      14
      15
      14
      24
      15
       6
      22
      20
      15
      18
      21
      22
      11
      18
      14
      17
      14
      19
      24
      17
      18
      14
      12
      18
      12
      17
      24
      13
      15
      17
      18
      21
      23
      14
      18
      16
      21
      17
      14
      18
      18
      24
      20
      22
      15
      18
      18
      28
      17
      21
      16
      16
      15
      15
      14
      22
      18
      13
      20
      21
      12
      12
      25
      13
      18
      25
      20
      15
      18
      16
      14
      21
      19
      15
      18
      18
      13
      15
      15
      16
      13
      22
      12
      16
      23
      22
      40
      37
      43
      31
      27
      14
      15
      16
      24
      17
      16
      17
      17
      13
      11
       9
      22
      13
      16
      13
      16
       9
      22
      14
      12
      13
      12
      13
      17
      12
      13
       7
      20
      10
      11
      11
      13
      13
      17
      15
       8
      19
      15
       5
      12
       8
      11
      11
      11
      10
      10
      16
      11
      11
      10
      14
      12
      23
       9
      13
      14
      10
      10
      12
      15
      13
      13
       8
      18
      16
      11
      13
       8
      13
      15
      13
      15
      17
      11
      13
      12
      17
       6
      14
      14
      10
       9
      13
      10
      12
      12
      14
      16
      14
      11
      16
      10
       8
      12
       7
       6
      14
      13
      14
      10
      13
      12
      18
      13
      10
      11
      13
       9
       8
      10
      14
       9
      13
       4
       8
      10
      12
      18
      12
      10
       6
      11
       5
      12
       8
      12
      12
      14
      14
      10
      13
      13
      14
      15
      11
      13
       9
       7
      16
      13
       7
       8
      11
      10
       5
       2
      11
       8
       9
       8
       9
       7
      16
      12
      10
      10
       8
      10
       6
      10
       8
       9
      13
       7
      14
      14
       5
      10
       7
       5
       7
       9
       6
      10
      15
       7
      14
      13
      10
       5
       6
      13
       3
      13
       9
      15
       6
       7
      11
       8
      10
      13
      10
      12
       4
       6
       9
      14
      10
       9
      10
       7
       7
       7
       9
      10
      10
      11
       6
       6
       8
       8
      10
       9
      11
      12
       9
       9
      12
       7
       8
      10
       7
       9
      10
       8
      17
      18
      20
      21
      28
      48
      26
      28
      20
      12
      10
       8
       7
       9
      11
       7
       7
      10
       2
      11
       8
       9
       4
       5
       5
       6
       6
       8
       4
       3
       7
      11
       7
      14
       7
       6
       5
       9
       7
      12
       8
       3
       4
       5
       6
      10
       9
       7
       6
       8
       5
       5
       8
       5
       4
       6
      12
       1
       5
       4
       9
       7
       5
       7
       7
       7
       4
       5
       3
       3
       3
       4
       1
      12
       6
       8
       8
       5
       9
       8
       8
       6
       8
       6
       8
      11
       5
      10
      12
       9
       9
      11
       3
       3
       9
       3
       4
       6
       6
       3
       7
       5
       4
       4
       4
       2
       6
       9
      11
      11
       3
      12
       9
      12
      10
      11
      12
      15
       8
      14
      15
       6
       5
       6
       5
       5
       2
       8
       3
       5
       7
       6
       4
       3
       6
       6
       4
      14
       7
       6
       9
       7
       3
       4
       3
       5
       7
       5
       1
       3
       4
       2
       5
       3
       3
       7
       7
       5
       5
       4
       9
       3
       3
       8
      11
       6
       6
       6
       7
       7
       8
       4
       5
       5
       7
       6
       6
       7
       3
      10
       5
       9
       5
       8
       5
       7
       2
       5
       9
       7
       8
       8
      10
      18
      14
      10
      11
       7
       6
       6
       5
       4
       3
       4
       4
       2
       9
       7
       5
      12
       5
       3
       9
      13
       2
       5
       5
       4
       7
       9
       4
       2
       4
       2
       4
      12
       5
       5
       5
       5
       5
       5
       2
       6
       8
       7
      12
       7
       9
       7
       7
      10
       3
      10
       8
       2
       3
       4
       9
       1
       3
      10
       2
       7
       7
      10
       7
       8
       6
       5
       4
       5
       5
       1
       5
       3
       9
       4
       5
       4
       3
       7
       5
       6
      11
       7
       6
      11
       9
       5
       3
       5
       7
       7
       9
       5
      10
       5
      11
       5
       4
       9
       3
       6
       2
       7
       8
       4
       3
       9
       5
       5
       2
       5
       5
       5
       7
      10
       5
       4
       8
       5
       4
      10
       9
       7
      10
       7
      18
      35
      63
     140
     229
     340
     406
     453
     370
     260
     157
      86
      42
      20
       8
       5
       4
       1
       4
       3
       4
       5
       1
       3
       3
       1
       1
       2
       0
       2
       1
       0
       2
       4
       3
       0
       4
       6
       2
       1
       5
       0
       5
       5
       2
       5
       6
       4
       4
       2
       5
       1
       4
       5
       3
       3
       2
       6
       2
       6
       4
       4
       4
       1
       3
       2
       1
       4
       1
       3
       3
       4
       6
       2
       2
       1
       1
       1
       2
       4
       3
       4
       5
       2
       5
       8
       4
       1
       3
       4
       1
       5
       6
       9
       7
       4
       7
       3
       6
       6
       7
       6
       2
       5
       3
       5
       5
       5
       1
       9
       7
       3
       3
       3
       5
       3
       3
       3
       1
       4
       6
       3
       4
       6
       7
       6
       4
       6
       6
       7
       2
       5
       6
       2
       3
       2
       5
       2
       2
       3
       0
       5
       2
       3
       2
       6
       4
       2
       3
       4
       2
       1
       3
       3
       3
       2
       6
       4
       3
       2
       2
       3
       4
       4
       4
       3
       1
       4
       2
       5
       5
       0
       3
       4
       3
       2
       5
       3
       2
       2
       3
       3
       6
       1
       3
       2
       5
       3
       6
       4
       1
       4
       2
       4
       2
       3
       4
       6
       5
       4
       2
       4
       5
       3
       3
       6
       6
       4
       4
       6
       2
       4
       5
       1
       5
       3
       1
       3
       6
       7
       4
       6
       3
       4
       3
       1
       3
       2
       3
       5
       2
       4
       2
       2
       1
       3
       6
       5
       6
       3
       2
       6
       2
       6
       2
       4
       4
       3
       5
       4
       4
       5
       1
       4
       8
       4
       2
       2
       1
       7
       4
       3
       6
       2
       2
       1
       2
       4
       2
       3
       5
       2
       1
       1
       1
       2
       2
       3
       3
       1
       1
       2
       2
       0
       2
       1
       6
       3
       3
       2
       2
       1
       3
       5
       3
       3
       4
       1
       1
       3
       3
       1
       3
       2
       5
       2
       6
       6
       5
       4
       5
       9
       6
       2
       4
       1
       3
       5
       3
       3
       8
       8
       5
      10
      11
       9
      12
       7
       5
       5
       2
       3
      13
      13
      11
      23
      14
      15
      13
       8
      10
       6
       7
       4
       2
       7
       1
       2
       2
       5
       1
       3
       9
       3
       3
       0
       2
       3
       3
       4
       3
       1
       4
       2
       3
       3
       2
       3
       2
       0
       3
       3
       5
       3
       2
       0
       5
       2
       4
       3
       2
       2
       1
       6
       1
       1
       1
       3
       5
       0
       1
       4
       0
       7
       4
       2
       1
       3
       5
       4
       1
       1
       8
       3
       6
       5
       7
       3
       2
       4
       4
       3
       5
       3
       3
       5
       5
       2
       6
       1
       1
       0
       2
       0
       2
       5
       2
       6
       9
       8
       8
       7
       5
       6
       8
       4
       3
       1
       2
       1
       1
       2
       3
       6
       2
       7
       2
       4
       4
       3
       2
       2
       1
       2
       3
       3
       3
       4
       3
       1
       1
       3
       3
       3
       3
       2
       2
       1
       3
       6
       3
       2
       3
       4
       2
       2
       1
       3
       3
       2
       3
       1
       2
       3
       1
       2
       1
       1
       2
       2
       2
       1
       1
       1
       3
       1
       2
       3
       4
       2
       2
       6
       3
       6
       3
       4
       3
       2
       5
       5
       0
       2
       3
       0
       2
       2
       1
       2
       3
       1
       1
       1
       2
       2
       4
       2
       0
       0
       5
       7
       1
       1
       2
       4
       4
       4
       3
       1
       3
       3
       2
       2
       2
       1
       4
       4
       4
       1
       4
       4
       4
       3
       3
       2
       4
       1
       4
       2
       4
       3
       4
       3
       5
       3
       0
       5
       5
       4
       2
       3
       3
       3
       1
       3
       4
       3
       2
       1
       4
       1
       1
       2
       2
       3
       1
       2
       2
       3
       1
       4
       2
       0
       3
       1
       0
       0
       1
       2
       3
       1
       1
       0
       3
       4
       1
       0
       2
       2
       0
       1
       3
       1
       5
       3
       0
       1
       4
       1
       3
       3
       2
       2
       1
       5
       0
       1
       4
       2
       1
       2
       1
       4
       2
       0
       3
       3
       3
       2
       2
       1
       2
       0
       4
       3
       5
       1
       2
       0
       0
       2
       3
       0
       0
       2
       4
       2
       0
       3
       1
       3
       2
       2
       2
       1
       2
       0
       4
       1
       3
       2
       1
       1
       5
       2
       5
      13
       6
       6
       7
       4
       5
       1
       4
       1
       3
       3
       2
       2
       0
       2
       1
       2
       3
       3
       4
       1
       0
       1
       5
       2
       3
       0
       2
       0
       2
       6
       0
       1
       4
       3
       3
       2
       2
       1
       1
       0
       1
       2
       1
       1
       1
       0
       3
       2
       1
       1
       0
       1
       3
       6
       4
       2
       3
       3
       2
       1
       1
       0
       2
       1
       1
       3
       2
       5
       3
       2
       2
       2
       1
       0
       2
       1
       3
       1
       3
       4
       4
       3
       7
      11
      24
      15
      31
      38
      43
      22
      29
      12
      11
       8
       5
       5
       2
       2
       1
       2
       3
       3
       2
       1
       0
       1
       3
       4
       1
       1
       2
       4
       3
       4
       1
       0
       0
       3
       2
       0
       2
       1
       0
       1
       5
       2
       2
       2
       1
       2
       3
       4
       1
       2
       3
       3
       2
       1
       3
       1
       2
       1
       3
       4
       1
       1
       0
       1
       2
       1
       3
       0
       2
       1
       2
       1
       2
       2
       0
       5
       3
       0
       5
       4
       0
       1
       1
       4
       3
       1
       1
       1
       0
       2
       0
       0
       3
       3
       4
       0
       1
       1
       1
       3
       3
       2
       1
       4
       2
       3
       2
       2
       2
       0
       3
       2
       0
       1
       1
       3
       3
       0
       1
       1
       2
       2
       1
       2
       4
       2
       0
       0
       1
       3
       1
       0
       2
       1
       6
       2
       0
       3
       2
       2
       1
       4
       1
       2
       2
       3
       0
       4
       2
       0
       2
       1
       3
       3
       1
       4
       2
       5
       2
       0
       1
       0
       0
       3
       1
       2
       0
       5
       1
       1
       2
       0
       4
       1
       2
       1
       3
       1
       2
       3
       2
       2
       3
       1
       2
       5
       4
       1
       0
       3
       6
       4
       3
       1
       4
       1
       3
       2
       3
       4
       4
       4
       1
       1
       2
       1
       1
       4
      10
       4
       6
       6
       7
      10
       5
       1
       1
       2
       6
       4
       2
       2
       1
       3
       3
       8
       3
       2
       1
       1
       3
       4
       0
       3
       6
       0
       3
       1
       2
       2
       1
       1
       3
       2
       2
       0
       3
       3
       2
       2
       2
       1
       1
       4
       5
       1
       1
       2
       1
       3
       3
       3
       0
       1
       1
       2
       1
       3
       2
       1
       1
       3
       0
       1
       2
       2
       0
       2
       4
       0
       5
       1
       4
       2
       6
       2
       2
       1
       0
       5
       2
       2
       2
       2
       4
       1
       0
       4
       3
       0
       1
       2
       0
       3
       3
       2
       3
       0
       0
       1
       3
       1
       3
       3
       2
       1
       1
       2
       3
       1
       6
       3
       3
       0
       1
       1
       4
       1
       3
       6
       2
       0
       3
       2
       3
       3
       4
       1
       3
       4
       2
       1
       2
       1
       0
       4
       2
       4
       0
       2
       3
       1
       1
       3
       0
       7
       3
       1
       4
       1
       3
       2
       1
       3
       2
       2
       2
       1
       2
       3
       6
       2
       0
       5
       2
       4
       3
       0
       1
       2
       1
       1
       2
       0
       3
       1
       2
       1
       1
       1
       1
       1
       3
       3
       0
       3
       2
       1
       0
       1
       0
       0
       3
       0
       2
       1
       3
       0
       3
       0
       4
       3
       2
       1
       2
       2
       0
       0
       2
       1
       1
       3
       2
       2
       2
       2
       4
       4
       2
       2
       1
       1
       0
       1
       1
       1
       2
       3
       0
       0
       2
       1
       2
       2
       1
       0
       1
       2
       3
       2
       2
       3
       2
       1
       3
       3
       3
       0
       2
       4
       2
       0
       4
       4
       1
       3
       2
       2
       2
       1
       0
       2
       3
       2
       3
       1
       0
       1
       0
       2
       4
       0
       2
       1
       1
       1
       2
       0
       3
       1
       3
       0
       0
       1
       2
       2
       3
       5
       1
       1
       3
       3
       3
       1
       1
       5
       1
       1
       2
       1
       3
       1
       3
       4
       1
       2
       1
       0
       0
       1
       0
       3
       2
       2
       2
       3
       1
       0
       1
       1
       3
       1
       1
       2
       3
       3
       1
       0
       3
       2
       2
       3
       1
       0
       1
       1
       4
       3
       1
       3
       2
       2
       1
       1
       0
       3
       0
       3
       1
       4
       1
       1
       2
       2
       1
       1
       1
       3
       3
       2
       1
       2
       2
       3
       1
       0
       0
       3
       6
       5
       0
       2
       2
       2
       2
       0
       1
       1
       0
       3
       1
       1
       1
       2
       0
       4
       4
       1
       2
       0
       1
       2
       0
       1
       0
       2
       0
       0
       8
       3
       2
       5
       2
       0
       3
       2
       1
       0
       0
       1
       3
       1
       0
       1
       1
       7
       2
       1
       1
       1
       1
       3
       0
       6
       3
       1
       1
       1
       3
       2
       1
       1
       3
       1
       2
       0
       7
       2
       3
       0
       0
       0
       1
       1
       2
       5
       0
       1
       1
       1
       0
       3
       2
       1
       2
       0
       1
       2
       1
       2
       2
       1
       2
       2
       2
       1
       3
       1
       0
       4
       0
       2
       3
       2
       2
       2
       1
       1
       0
       1
       2
       1
       0
       3
       4
       2
       2
       0
       1
       1
       2
       3
       5
       3
       3
       1
       3
       2
       2
       3
       1
       1
       1
       0
       2
       1
       0
       1
       1
       2
       2
       2
       0
       0
       4
       1
       2
       2
       4
       2
       1
       1
       0
       0
       1
       2
       3
       2
       0
       2
       3
       2
       0
       3
       2
       1
       1
       2
       2
       3
       0
       1
       1
       2
       2
       4
       4
       2
       2
       0
       3
       1
       2
       0
       0
       0
       3
       0
       0
       5
       3
       0
       3
       2
       0
       5
       1
       2
       2
       2
       2
       0
       1
       1
       4
       0
       0
       1
       1
       1
       2
       2
       3
       1
       1
       4
       3
       2
       3
       1
       1
       1
       2
       1
       2
       1
       1
       4
       2
       0
       2
       2
       6
       1
       1
       0
       2
       5
       2
       0
       3
       3
       1
       1
       0
       0
       1
       2
       2
       2
       1
       1
       1
       0
       1
       3
       3
       3
       2
       2
       1
       5
       4
       5
       6
       3
      13
      13
      12
       8
       4
      10
       5
       6
       7
       3
       2
       4
       3
       0
       1
       3
       0
       2
       2
       0
       2
       4
       2
       1
       1
       0
       4
       1
       6
       2
       2
       2
       0
       1
       4
       3
       3
       3
       8
       4
       2
       6
       1
       1
       5
       5
       2
       1
       0
       0
       1
       0
       1
       2
       1
       2
       1
       1
       2
       2
       6
       3
       1
       1
       1
       2
       1
       1
       0
       2
       1
       2
       2
       1
       3
       0
       1
       1
       1
       2
       1
       2
       1
       3
       4
       2
       1
       1
       1
       0
       3
       1
       1
       2
       0
       1
       0
       0
       3
       3
       3
       0
       2
       2
       0
       3
       4
       2
       2
       1
       1
       0
       3
       2
       0
       0
       1
       0
       2
       0
       2
       2
       2
       2
       2
       2
       1
       1
       1
       1
       1
       0
       2
       1
       0
       0
       3
       2
       2
       2
       2
       4
       2
       0
       1
       3
       3
       1
       1
       1
       3
       2
       2
       3
       2
       4
       1
       1
       0
       2
       2
       0
       1
       0
       0
       0
       2
       1
       1
       6
       3
       0
       0
       1
       0
       1
       0
       2
       3
       1
       2
       2
       2
       2
       0
       2
       2
       2
       0
       1
       0
       0
       2
       1
       2
       4
       0
       1
       3
       1
       1
       3
       6
       3
       2
       1
       0
       4
       5
       3
       0
       1
       0
       0
       1
       2
       1
       2
       4
       0
       2
       1
       2
       1
       2
       4
       2
       2
       2
       1
       2
       0
       0
       1
       3
       0
       4
       0
       3
       2
       2
       2
       3
       0
       3
       4
       6
       5
       5
       6
       8
       9
       9
       6
       8
       4
      10
       4
       4
       1
       1
       1
       2
       2
       0
       3
       3
       1
       2
       2
       1
       1
       1
       2
       1
       0
       2
       3
       3
       2
       0
       1
       1
       0
       2
       1
       4
       3
       3
       0
       1
       1
       0
       2
       4
       2
       2
       2
       1
       3
       1
       2
       1
       6
       0
       1
       2
       2
       2
       0
       1
       2
       1
       1
       3
       1
       2
       2
       2
       3
       1
       2
       2
       1
       2
       2
       1
       1
       1
       0
       1
       0
       2
       1
       1
       1
       1
       4
       2
       3
       1
       1
       3
       1
       0
       1
       1
       1
       2
       0
       2
       3
       2
       3
       3
       1
       4
       0
       0
       2
       1
       3
       0
       5
       2
       1
       2
       2
       1
       2
       1
       2
       2
       2
       2
       1
       0
       2
       1
       1
       2
       2
       2
       2
       0
       2
       3
       2
       0
       3
       3
       1
       4
       3
       2
       2
       1
       2
       0
       1
       4
       1
       1
       2
       2
       5
       2
       1
       3
       3
       2
       0
       0
       1
       2
       1
       1
       1
       1
       0
       2
       2
       3
       2
       2
       4
       1
       3
       0
       2
       2
       0
       0
       1
       0
       2
       6
       0
       1
       4
       2
       1
       0
       2
       1
       0
       1
       1
       2
       4
       2
       0
       4
       1
       0
       1
       1
       0
       1
       1
       2
       1
       2
       1
       4
       1
       2
       2
       1
       1
       0
       1
       1
       2
       4
       3
       2
       2
       2
       3
       0
       2
       4
       2
       2
       1
       6
       3
       2
       1
       0
       1
       3
       3
       3
       4
       2
       3
       1
       5
       0
       1
       2
       3
       2
       1
       2
       0
       2
       4
       3
       5
       1
       2
       2
       5
       2
       2
       3
       1
       0
       1
       0
       2
       4
       0
       2
       2
       1
       0
       1
       4
       5
       2
       1
       0
       3
       1
       4
       2
       2
       2
       0
       0
       2
       4
       3
       1
       0
       4
       2
       0
       1
       2
       2
       2
       3
       2
       2
       1
       2
       2
       2
       1
       2
       2
       3
       1
       1
       0
       2
       2
       5
       1
       1
       0
       0
       1
       4
       2
       4
       1
       2
       3
       4
       0
       0
       1
       2
       1
       1
       2
       2
       4
       1
       4
       1
       2
       2
       1
       4
       0
       4
       4
       4
       4
       7
       3
       1
       2
       2
       1
       1
       6
       1
       1
       2
       3
       2
       2
       2
       2
       1
       0
       4
       1
       3
       1
       4
       4
       3
       3
       4
       2
       5
       2
       1
       0
       2
       0
       2
       1
       3
       3
       1
       1
       6
       1
       0
       2
       2
       4
       0
       3
       3
       1
       3
       1
       0
       1
       0
       4
       1
       1
       6
       1
       1
       0
       1
       2
       1
       4
       3
       2
       2
       3
       0
       1
       1
       3
       0
       5
       2
       1
       1
       3
       2
       3
       7
       4
       2
       3
       1
       0
       2
       4
       2
       6
       0
       4
       2
       1
       1
       2
       0
       2
       2
       1
       1
       1
       2
       1
       1
       2
       1
       0
       1
       2
       1
       1
       4
       0
       2
       0
       2
       1
       2
       3
       0
       1
       2
       2
       0
       1
       1
       1
       1
       2
       1
       1
       1
       1
       0
       1
       1
       1
       3
       2
       2
       2
       0
       4
       3
       2
       2
       2
       1
       5
       2
       1
       0
       1
       2
       1
       2
       1
       2
       0
       1
       1
       1
       0
       0
       1
       2
       1
       2
       1
       0
       1
       2
       0
       0
       2
       1
       1
       0
       1
       1
       4
       3
       2
       3
       2
       3
       1
       3
       0
       2
       0
       1
       1
       3
       2
       0
       0
       0
       1
       2
       1
       2
       0
       1
       2
       2
       2
       0
       2
       1
       0
       1
       1
       1
       0
       2
       3
       1
       1
       0
       0
       2
       1
       2
       2
       1
       0
       2
       2
       2
       0
       1
       2
       0
       1
       3
       2
       1
       3
       1
       2
       2
       2
       0
       2
       0
       2
       1
       3
       5
       5
       2
       0
       3
       2
       1
       3
       1
       2
       0
       0
       0
       1
       2
       2
       0
       0
       1
       1
       1
       0
       1
       1
       4
       1
       3
       0
       1
       0
       2
       2
       0
       4
       0
       2
       0
       1
       1
       0
       2
       0
       1
       1
       4
       1
       0
       1
       1
       4
       1
       2
       3
       2
       0
       0
       1
       3
       1
       0
       1
       1
       2
       2
       1
       1
       0
       0
       0
       0
       1
       0
       1
       1
       0
       0
       0
       0
       1
       0
       0
       0
       0
       0
       0
       1
       0
       0
       0
       0
       0
       2
       2
       1
       1
       0
       1
       1
       0
       0
       1
       0
       2
       0
       0
       0
       0
       1
       0
       0
       0
       0
       2
       1
       1
       0
       0
       0
       0
       3
       0
       0
       0
       0
       0
       0
       0
       2
       0
       0
       1
       0
       1
       0
       1
       0
       0
       0
       1
       1
       0
       0
       0
       0
       1
       0
       0
       0
       0
       0
       0
       2
       0
       0
       0
       0
       1
       0
       0
       0
       0
       1
       0
       1
       1
       1
       0
       1
       0
       0
       0
       1
       0
       1
       1
       0
       0
       0
       1
       0
       0
       0
       0
       1
       0
       1
       1
       1
       0
       2
       0
       0
       0
       0
       0
       2
       0
       0
       0
       0
       0
       1
       0
       0
       1
       0
       0
       0
       0
       0
       0
       0
       0
       0
       0
       0
       0
       1
       0
       0
       0
       0
       0
       0
       0
       0
       0
       0
       0
       0
       0
       2
       3
       0
       0
       0
       1
       1
       0
       0
       0
       0
       1
       0
       0
       0
       0
       0
       0
       0
       0
       0
       0
       0
       0
       0
       1
       0
       0
       1
       0
       0
       1
       0
       0
       0
       0
       0
       0
       0
       0
       0
       1
       0
       0
       0
       0
       0
       0
       1
       0
       0
       1
       1
       0
       0
       0
       0
       0
       0
       1
       0
       0
       0
       0
       0
       0
       0
       0
       0
       1
       0
       0
       0
       0
       1
       0
       0
       2
       0
       0
       1
       0
       2
       0
       0
       1
       1
       0
       1
       0
       0
       0
       0
       0
       0
       0
       0
       0
       1
       0
       0
       1
       0
       0
       0
       0
       0
       0
       1
       0
       1
       1
       0
       0
       0
       1
       0
       0
       0
       1
       0
       2
       0
       1
       0
       0
       0
       0
       1
       0
       0
       0
       0
       0
       0
       1
       1
       0
       0
       0
       0
       1
       0
       0
       1
       1
       0
       0
       0
       0
       0
       1
       0
       1
       1
       1
       0
       0
       1
       0
       0
       1
       0
       0
       0
       0
       0
       0
       1
       0
       0
       0
       0
       1
       0
       2
       0
       1
       1
       6
       6
      16
      16
      19
      49
      70
      58
      56
      63
      34
      38
      19
      15
       9
       2
       2
       0
       0
       0
       0
       0
       0
       0
       0
       0
       0
       0
       0
       0
       0
       0
       0
       0
       0
       0
       0
       0
       0
       0
       0
       0
       1
       0
       0
       0
       1
       0
       0
       0
       0
       0
       0
       0
       0
       0
       0
       0
       0
       0
       0
       0
       0
       0
       0
       0
       0
       0
       0
       0
       0
       0
       0
       0
       0
       0
       0
       0
       0
       0
       0
       0
       0
       1
       0
       0
       0
       0
       0
       0
       0
       0
       0
       0
       0
       0
       0
       0
       0
       0
       0
       0
       0
       0
       0
       0
       0
       0
       0
       0
       1
       0
       0
       0
       0
       0
       0
       0
       0
       0
       0
       0
       0
       0
       0
       0
       0
       0
       1
       0
       0
       0
       0
       0
       0
       0
       0
       0
       0
       0
       0
       0
       0
       0
       0
       0
       0
       0
       0
       0
       0
       0
       0
       0
       0
       1
       0
       0
       0
       0
       0
       0
       0
       0
       0
       0
       0
       0
       0
       0
       0
       0
       0
       0
       0
       0
       0
       0
       0
       0
       0
       0
       0
       1
       0
       0
       0
       0
       0
       0
       1
       0
       0
       0
       0
       1
       0
       0
       1
       0
       0
       0
       0
       0
       0
       0
       0
       0
       0
       0
       1
       0
       0
       0
       0
       0
       0
       1
       0
       0
       0
       0
       0
       0
       0
       0
       0
       0
       0
       0
       0
       0
       0
       0
       0
       0
       0
       0
       0
       0
       0
       0
       0
       0
       0
       0
       0
       0
       0
       1
       0
       0
       0
       1
       0
       0
       0
       0
       1
       0
       0
       0
       0
       0
       0
       0
       0
       1
       1
       0
       0
       0
       0
       0
       0
       0
       0
       0
       0
       1
       0
       0
       0
       0
       0
       0
       0
       0
       0
       0
       0
       0
       0
       0
       0
       0
       0
       0
       0
       0
       0
       0
       0
       0
       0
       0
       0
       0
       0
       0
       0
       0
       0
       0
       0
       0
       0
       0
       0
       0
       0
       0
       0
       0
       0
       0
       0
       0
       0
       0
       0
       0
       0
       1
       0
       0
       0
       0
       0
       0
       0
       0
       1
       0
       0
       0
       0
       0
       0
       0
       0
       0
       0
       0
       0
       0
       0
       0
       0
       0
       0
       0
       0
       0
       0
       0
       0
       0
       0
       0
       0
       0
       0
       0
       0
       0
       1
       0
       0
       0
       0
       0
       0
       0
       0
       0
       0
       0
       0
       0
       0
       0
       0
       0
       0
       0
       0
       0
       0
       0
       0
       0
       1
       0
       0
       0
       0
       0
       1
       0
       0
       0
       0
       0
       0
       0
       0
       0
       0
       0
       0
       0
       0
       0
       0
       0
       0
       0
       0
       0
       0
       0
       0
       0
       0
       0
       0
       0
       0
       1
       0
       0
       0
       0
       0
       0
       0
       0
       0
       0
       0
       0
       0
       0
       0
       1
       0
       0
       0
       0
       0
       0
       0
       0
       0
       0
       0
       0
       0
       0
       0
       0
       0
       0
       0
       0
       0
       0
       0
       0
       0
       0
       0
       0
       0
       0
       0
       0
       0
       0
       0
       0
       0
       0
       0
       0
       0
       1
       0
       0
       0
       0
       0
       0
       0
       0
       0
       0
       0
       0
       0
       0
       0
       0
       0
       0
       0
       0
       0
       0
       0
       0
       0
       1
       0
       0
       0
       1
       0
       0
       0
       0
       0
       0
       0
       0
       0
       0
       1
       0
       0
       0
       0
       0
       0
       0
       0
       0
       0
       0
       0
       0
       0
       0
       1
       0
       0
       0
       0
       0
       0
       0
       0
       0
       0
       0
       0
       0
       0
       0
       0
       0
       0
       0
       0
       0
       0
       0
       0
       0
       0
       0
       0
       0
       0
       0
       0
       0
       0
       0
       0
       0
       0
       0
       0
       0
       0
       0
       0
       0
       0
       0
       0
       0
       0
       0
       0
       1
       0
       0
       0
       0
       0
       0
       0
       0
       0
       0
       0
       0
       0
       0
       0
       0
       0
       0
       0
       0
       0
       0
       0
       0
       0
       0
       0
       0
       0
       0
       0
       1
       0
       0
       0
       0
       0
       0
       0
       0
       0
       0
       0
       0
       0
       0
       1
       1
       0
       0
       0
       0
       0
       0
       0
       0
       0
       0
       0
       0
       0
       0
       0
       0
       0
       0
       0
       0
       0
       0
       0
       0
       0
       0
       0
       0
       0
       0
       0
       0
       0
       0
       0
       0
       0
       0
       0
       0
       0
       0
       0
       0
       0
       0
       0
       0
       0
       0
       0
       0
       0
       0
       0
       0
       0
       0
       0
       0
       0
       1
       0
       0
       0
       0
       0
       0
       0
       0
       0
       0
       0
       0
       0
       0
       0
       0
       0
       0
       0
       0
       1
       0
       0
       0
       1
       0
       0
       0
       0
       0
       0
       0
       0
       0
       0
       0
       0
       0
       0
       0
       0
       0
       0
       0
       0
       0
       0
       0
       0
       0
       0
       0
       0
       0
       0
       1
       0
       0
       0
       0
       0
       0
       0
       0
       0
       0
       0
       0
       0
       0
       0
       0
       0
       0
       0
       1
       0
       0
       0
       0
       0
       0
       0
       0
       0
       0
       0
       0
       1
       0
       0
       0
       0
       0
       0
       0
       0
       0
       0
       1
       0
       0
       0
       0
       0
       0
       0
       0
       0
       0
       0
       0
       0
       0
       0
       0
       0
       0
       0
       0
       0
       0
       0
       0
       0
       0
       0
       0
       0
       0
       0
       0
       0
       0
       0
       0
       0
       0
       0
       0
       0
       0
       0
       0
       0
       0
       0
       0
       0
       0
       0
       0
       0
       0
       0
       0
       0
       0
       0
       0
       1
       0
       0
       0
       0
       0
       0
       0
       0
       0
       0
       0
       0
       0
       0
       0
       0
       0
       0
       0
       0
       0
       1
       1
       0
       0
       0
       0
       0
       0
       0
       0
       0
       0
       0
       0
       0
       0
       0
       0
       0
       0
       0
       0
       0
       0
       0
       0
       0
       1
       1
       0
       0
       0
       0
       0
       0
       0
       0
       0
       1
       0
       0
       0
       0
       1
       0
       0
       0
       0
       0
       0
       0
       0
       0
       0
       0
       0
       0
       0
       0
       0
       0
       0
       0
       0
       0
       0
       0
       0
       0
       0
       0
       0
       0
       0
       0
       0
       0
       0
       0
       0
       0
       0
       0
       1
       0
       0
       0
       0
       0
       0
       0
       0
       0
       0
       0
       0
       0
       0
       0
       0
       0
       0
       0
       0
       0
       0
       0
       0
       0
       0
       0
       0
       0
       0
       0
       0
       0
       0
       0
       0
       0
       1
       0
       0
       0
       0
       0
       0
       0
       0
       0
       0
       0
       0
       0
       0
       0
       0
       0
       0
       0
       0
       0
       1
       0
       0
       0
       0
       0
       0
       0
       0
       0
       0
       0
       0
       0
       0
       0
       0
       0
       0
       0
       0
       0
       0
       0
       0
       0
       0
       0
       0
       0
       0
       0
       0
       0
       0
       0
       0
       0
       0
       1
       0
       0
       0
       0
       0
       0
       0
       0
       0
       0
       0
       0
       0
       0
       0
       0
       0
       0
       0
       0
       0
       0
       2
       0
       0
       0
       0
       0
       0
       0
       0
       0
       0
       0
       0
       0
       0
       0
       0
       0
       0
       0
       0
       1
       0
       0
       0
       0
       0
       0
       0
       0
       2
       0
       0
       0
       0
       0
       1
       0
       0
       0
       0
       0
       0
       0
       0
       0
       0
       0
       0
       1
       0
       0
       0
       0
       0
       0
       0
       0
       0
       0
       0
       0
       0
       0
       0
       0
       0
       0
       0
       0
       0
       1
       0
       1
       0
       0
       0
       0
       0
       0
       0
       0
       0
       0
       0
       0
       0
       0
       0
       0
       0
       0
       0
       0
       0
       0
       0
       0
       0
       0
       0
       0
       0
       0
       0
       0
       0
       0
       0
       1
       0
       1
       0
       0
       0
       1
       0
       0
       0
       0
       0
       0
       0
       0
       0
       0
       0
       0
       0
       0
       0
       0
       0
       0
       0
       0
       0
       0
       0
       0
       0
       0
       0
       0
       0
       0
       0
       0
       0
       0
       1
       0
       0
       0
       0
       0
       0
       0
       0
       0
       0
       0
       0
       0
       0
       0
       0
       0
       0
       0
       0
       0
       0
       0
       0
       0
       0
       0
       0
       0
       0
       0
       0
       0
       0
       0
       0
       0
       0
       0
       0
       0
       0
       0
       0
       0
       0
       0
       0
       0
       0
       0
       0
       0
       0
       0
       0
       0
       0
       0
       0
       0
       0
       1
       0
       0
       0
       0
       0
       0
       0
       0
       0
       0
       0
       0
       0
       0
       0
       0
       0
       0
       0
       0
       0
       0
       0
       0
       0
       0
       0
       0
       0
       0
       1
       0
       0
       0
       0
       0
       0
       0
       0
       0
       1
       0
       0
       0
       0
       0
       0
       0
       0
       0
       0
       0
       0
       0
       0
       0
       0
       0
       0
       1
       0
       0
       0
       0
       0
       1
       0
       0
       0
       0
       0
       0
       0
       0
       0
       0
       0
       0
       0
       0
       0
       0
       0
       0
       0
       0
       0
       0
       0
       0
       0
       0
       0
       0
       0
       0
       0
       0
       0
       0
       0
       0
       0
       0
       0
       0
       0
       0
       0
       0
       0
       0
       0
       0
       0
       0
       0
       0
       0
       0
       1
       0
       0
       0
       0
       0
       0
       0
       0
       0
       0
       0
       0
       1
       0
       0
       0
       0
       0
       0
       0
       0
       0
       0
       0
       0
       0
       0
       0
       0
       0
       0
       0
       0
       1
       0
       0
       0
       0
       0
       0
       0
       0
       0
       0
       0
       0
       0
       0
       0
       0
       0
       0
       0
       0
       0
       0
       0
       0
       0
       0
       0
       0
       0
       0
       0
       0
       0
       0
       0
       0
       0
       0
       0
       0
       0
       0
       0
       0
       0
       0
       0
       0
       0
       0
       0
       0
       0
       0
       0
       0
       1
       0
       0
       0
       0
       0
       0
       0
       0
       0
       0
       0
       0
       0
       0
       0
       1
       0
       0
       0
       0
       0
       0
       0
       0
       0
       0
       0
       0
       0
       0
       0
       0
       0
       0
       0
       0
       0
       0
       0
       0
       0
       0
       0
       0
       0
       0
       0
       0
       0
       0
       0
       0
       0
       0
       0
       0
       0
       0
       0
       0
       0
       0
       0
       0
       0
       0
       0
       0
       0
       0
       0
       0
       0
       0
       0
       0
       0
       0
       0
       0
       0
       0
       0
       0
       0
       0
       0
       0
       0
       0
       0
       0
       0
       0
       0
       0
       0
       0
       0
       0
       0
       0
       0
       0
       0
       0
       0
       0
       0
       0
       0
       0
       0
       0
       0
       0
       0
       0
       0
       0
       0
       0
       0
       0
       0
       0
       0
       0
       0
       0
       0
       0
       0
       0
       0
       0
       0
       0
       0
       0
       0
       0
       0
       0
       0
       0
       0
       0
       0
       0
       0
$ROI:
0
$PRESETS:
Real Time
3600
0
$ENER_FIT:
8.931054 0.240803
$MCA_CAL:
3
8.931054E+000 2.408025E-001 6.157388E-008 keV
$SHAPE_CAL:
3
9.658150E+000 -1.618950E-003 2.758845E-007
