# Target Z    :  29
# Target A    :   0
# Target state:  
# Projectile  : p
# Reaction    : (p,x)
# Final Z     :  26
# Final A     :  59
# Final state : *
# Quantity    : Cross section
# Frame       : L
# MF          :    3
# MT          :  998
# X4 ID       : O0276136 
# X4 code     : 29-CU-0(P,X)26-FE-59,CUM,SIG
# Author      : Michel                   
# Year        : 1997
# Data points :    136
#    E(MeV)       xs(mb)      dxs(mb)     dE(MeV)      Evaluation  C/E(F)      Chi-2     Delta(mb)
  3.96000E+01  7.34000E-03  2.65000E-03  9.33000E-01
  4.20000E+01  1.04000E-02  1.38000E-03  6.18000E-01
  4.24000E+01  1.37000E-02  5.03000E-03  6.09000E-01
  4.37000E+01  2.91000E-02  9.71000E-03  8.87000E-01
  4.42000E+01  2.85000E-02  4.63000E-03  5.76000E-01
  4.42000E+01  2.72000E-02  4.47000E-03  5.74000E-01
  4.42000E+01  2.16000E-02  3.07000E-03  5.72000E-01
  4.42000E+01  2.40000E-02  3.14000E-03  8.94000E-01
  4.46000E+01  2.68000E-02  4.98000E-03  5.65000E-01
  4.46000E+01  2.52000E-02  6.39000E-03  5.63000E-01
  4.52000E+01  2.56000E-02  6.60000E-03  8.53000E-01
  4.54000E+01  3.40000E-02  9.37000E-03  8.70000E-01
  4.55000E+01  3.18000E-02  7.78000E-03  8.61000E-01
  4.57000E+01  3.63000E-02  6.27000E-03  8.44000E-01  1.01781E-03  2.8039E-02   31.66      3.5282E-02          
  4.59000E+01  2.33000E-02  5.44000E-03  8.52000E-01  1.30861E-03  5.6164E-02   16.34      2.1991E-02          
  4.59000E+01  2.96000E-02  8.25000E-03  1.23000E+00  1.30861E-03  4.4210E-02   11.76      2.8291E-02          
  4.62000E+01  3.40000E-02  4.55000E-03  1.22000E+00  1.74481E-03  5.1318E-02   50.25      3.2255E-02          
  4.67000E+01  6.15000E-02  5.99000E-03  8.69000E-01  2.47182E-03  4.0192E-02   97.11      5.9028E-02          
  4.67000E+01  4.51000E-02  5.67000E-03  1.22000E+00  2.47182E-03  5.4807E-02   56.52      4.2628E-02          
  4.71000E+01  6.29000E-02  9.02000E-03  8.56000E-01  3.05342E-03  4.8544E-02   44.02      5.9847E-02          
  4.73000E+01  6.45000E-02  5.10000E-03  8.50000E-01  3.34422E-03  5.1848E-02   143.8      6.1156E-02          
  4.74000E+01  8.48000E-02  8.11000E-03  8.32000E-01  3.48962E-03  4.1151E-02   100.5      8.1310E-02          
  4.81000E+01  6.22000E-02  8.37000E-03  1.21000E+00  4.50742E-03  7.2467E-02   47.51      5.7693E-02          
  4.87000E+01  1.08000E-01  1.07000E-02  8.21000E-01  5.37983E-03  4.9813E-02   91.98      0.1026              
  4.88000E+01  1.27000E-01  1.21000E-02  8.37000E-01  5.52523E-03  4.3506E-02   100.8      0.1215              
  4.90000E+01  1.30000E-01  8.17000E-03  8.46000E-01  5.81603E-03  4.4739E-02   231.0      0.1242              
  4.92000E+01  1.19000E-01  1.03000E-02  8.28000E-01  6.10684E-03  5.1318E-02   120.1      0.1129              
  4.93000E+01  1.04000E-01  8.75000E-03  8.23000E-01  6.25224E-03  6.0118E-02   124.8      9.7748E-02          
  5.04000E+01  1.79000E-01  1.41000E-02  8.18000E-01  9.50589E-03  5.3106E-02   144.5      0.1695              
  5.09000E+01  1.86000E-01  1.19000E-02  8.18000E-01  1.23007E-02  6.6133E-02   213.1      0.1737              
  5.10000E+01  2.79000E-01  3.01000E-02  1.82000E+00  1.28596E-02  4.6092E-02   78.18      0.2661              
  5.12000E+01  2.25000E-01  1.25000E-02  8.23000E-01  1.39776E-02  6.2123E-02   285.0      0.2110              
  5.13000E+01  1.82000E-01  1.58000E-02  1.18000E+00  1.45365E-02  7.9871E-02   112.3      0.1675              
  5.20000E+01  2.50000E-01  1.73000E-02  8.01000E-01  1.84492E-02  7.3797E-02   179.1      0.2316              
  5.22000E+01  2.55000E-01  1.53000E-02  7.88000E-01  1.95672E-02  7.6734E-02   236.8      0.2354              
  5.24000E+01  2.11000E-01  2.02000E-02  1.18000E+00  2.06851E-02  9.8034E-02   88.77      0.1903              
  5.25000E+01  2.42000E-01  1.44000E-02  7.92000E-01  2.12440E-02  8.7785E-02   235.0      0.2208              
  5.26000E+01  2.72000E-01  1.66000E-02  7.97000E-01  2.18030E-02  8.0158E-02   227.2      0.2502              
  5.34000E+01  3.34000E-01  1.74000E-02  8.01000E-01  2.62747E-02  7.8667E-02   312.8      0.3077              
  5.34000E+01  2.58000E-01  3.10000E-02  1.18000E+00  2.62747E-02  0.1018       55.88      0.2317              
  5.35000E+01  3.33000E-01  2.15000E-02  7.89000E-01  2.68336E-02  8.0582E-02   202.8      0.3062              
  5.38000E+01  3.27000E-01  2.67000E-02  1.17000E+00  2.85105E-02  8.7188E-02   125.0      0.2985              
  5.43000E+01  3.54000E-01  1.96000E-02  7.78000E-01  3.13053E-02  8.8433E-02   271.1      0.3227              
  5.45000E+01  3.05000E-01  2.56000E-02  1.17000E+00  3.24232E-02  0.1063       113.4      0.2726              
  5.50000E+01  3.96000E-01  2.57000E-02  7.78000E-01  3.52180E-02  8.8934E-02   197.1      0.3608              
  5.53000E+01  4.20000E-01  2.41000E-02  7.60000E-01  3.94517E-02  9.3933E-02   249.3      0.3805              
  5.55000E+01  4.37000E-01  2.37000E-02  7.81000E-01  4.22741E-02  9.6737E-02   277.4      0.3947              
  5.57000E+01  3.85000E-01  3.45000E-02  1.15000E+00  4.50966E-02  0.1171       97.07      0.3399              
  5.60000E+01  4.14000E-01  2.33000E-02  7.58000E-01  4.93302E-02  0.1192       245.0      0.3647              
  5.64000E+01  4.67000E-01  2.57000E-02  7.56000E-01  5.49751E-02  0.1177       257.0      0.4120              
  5.65000E+01  4.66000E-01  2.79000E-02  7.64000E-01  5.63863E-02  0.1210       215.5      0.4096              
  5.70000E+01  4.99000E-01  2.70000E-02  7.41000E-01  6.34424E-02  0.1271       260.2      0.4356              
  5.71000E+01  4.26000E-01  3.47000E-02  1.15000E+00  6.48536E-02  0.1522       108.3      0.3611              
  5.73000E+01  4.89000E-01  2.66000E-02  7.37000E-01  6.76760E-02  0.1384       250.9      0.4213              
  5.74000E+01  4.77000E-01  4.03000E-02  1.15000E+00  6.90873E-02  0.1448       102.5      0.4079              
  5.75000E+01  5.29000E-01  2.87000E-02  7.56000E-01  7.04985E-02  0.1333       255.2      0.4585              
  5.76000E+01  5.43000E-01  5.67000E-02  1.40000E+00  7.19097E-02  0.1324       69.03      0.4711              
  5.78000E+01  4.61000E-01  4.32000E-02  1.14000E+00  7.47321E-02  0.1621       79.95      0.3863              
  5.80000E+01  5.23000E-01  2.88000E-02  7.41000E-01  7.75546E-02  0.1483       239.2      0.4454              
  5.84000E+01  5.50000E-01  3.07000E-02  7.27000E-01  8.31995E-02  0.1513       231.2      0.4668              
  5.87000E+01  5.59000E-01  3.09000E-02  7.23000E-01  8.74331E-02  0.1564       232.9      0.4716              
  5.88000E+01  5.51000E-01  2.91000E-02  7.24000E-01  8.88443E-02  0.1612       252.2      0.4622              
  5.95000E+01  5.70000E-01  3.10000E-02  7.23000E-01  9.87228E-02  0.1732       231.1      0.4713              
  5.95000E+01  5.83000E-01  3.48000E-02  7.27000E-01  9.87228E-02  0.1693       193.7      0.4843              
  5.98000E+01  5.54000E-01  4.18000E-02  1.13000E+00  1.02956E-01  0.1858       116.4      0.4510              
  6.06000E+01  5.94000E-01  3.24000E-02  7.09000E-01  1.18419E-01  0.1994       215.5      0.4756              
  6.06000E+01  5.52000E-01  4.47000E-02  1.12000E+00  1.18419E-01  0.2145       94.09      0.4336              
  6.09000E+01  6.07000E-01  3.30000E-02  6.99000E-01  1.24740E-01  0.2055       213.6      0.4823              
  6.09000E+01  6.10000E-01  3.36000E-02  7.12000E-01  1.24740E-01  0.2045       208.6      0.4853              
  6.17000E+01  6.34000E-01  3.41000E-02  7.09000E-01  1.41594E-01  0.2233       208.5      0.4924              
  6.17000E+01  5.40000E-01  4.37000E-02  1.11000E+00  1.41594E-01  0.2622       83.12      0.3984              
  6.22000E+01  6.13000E-01  4.74000E-02  1.11000E+00  1.52128E-01  0.2482       94.54      0.4609              
  6.23000E+01  6.42000E-01  3.50000E-02  6.86000E-01  1.54235E-01  0.2402       194.2      0.4878              
  6.23000E+01  6.56000E-01  3.88000E-02  6.92000E-01  1.54235E-01  0.2351       167.2      0.5018              
  6.24000E+01  6.26000E-01  5.06000E-02  1.11000E+00  1.56341E-01  0.2497       86.15      0.4697              
  6.26000E+01  6.46000E-01  3.39000E-02  6.92000E-01  1.60555E-01  0.2485       205.1      0.4854              
  6.31000E+01  6.71000E-01  3.67000E-02  6.73000E-01  1.71089E-01  0.2550       185.5      0.4999              
  6.33000E+01  6.48000E-01  3.40000E-02  6.73000E-01  1.75302E-01  0.2705       193.3      0.4727              
  6.36000E+01  6.75000E-01  3.57000E-02  6.84000E-01  1.81622E-01  0.2691       191.0      0.4934              
  6.36000E+01  6.60000E-01  3.68000E-02  6.81000E-01  1.81622E-01  0.2752       169.0      0.4784              
  6.38000E+01  6.53000E-01  5.23000E-02  1.10000E+00  1.85836E-01  0.2846       79.79      0.4672              
  6.40000E+01  6.70000E-01  3.61000E-02  6.73000E-01  1.90050E-01  0.2837       176.8      0.4800              
  6.49000E+01  6.91000E-01  3.75000E-02  6.63000E-01  2.09010E-01  0.3025       165.2      0.4820              
  6.52000E+01  6.58000E-01  6.70000E-02  1.09000E+00  2.15417E-01  0.3274       43.64      0.4426              
  6.55000E+01  7.08000E-01  3.68000E-02  6.59000E-01  2.21868E-01  0.3134       174.5      0.4861              
  6.55000E+01  6.86000E-01  3.71000E-02  6.48000E-01  2.21868E-01  0.3234       156.5      0.4641              
  6.56000E+01  6.12000E-01  5.43000E-02  1.08000E+00  2.24018E-01  0.3660       51.05      0.3880              
  6.58000E+01  6.98000E-01  3.72000E-02  6.40000E-01  2.28318E-01  0.3271       159.4      0.4697              
  6.60000E+01  6.90000E-01  3.64000E-02  6.41000E-01  2.32619E-01  0.3371       157.9      0.4574              
  6.60000E+01  6.90000E-01  5.00000E-02  1.08000E+00  2.32619E-01  0.3371       83.68      0.4574              
  6.62000E+01  6.99000E-01  3.80000E-02  6.41000E-01  2.36919E-01  0.3389       147.9      0.4621              
  6.69000E+01  6.91000E-01  3.90000E-02  6.32000E-01  2.51970E-01  0.3646       126.7      0.4390              
  6.74000E+01  7.25000E-01  3.77000E-02  6.29000E-01  2.62721E-01  0.3624       150.4      0.4623              
  6.74000E+01  6.84000E-01  5.67000E-02  1.07000E+00  2.62721E-01  0.3841       55.20      0.4213              
  6.74000E+01  6.39000E-01  6.57000E-02  1.07000E+00  2.62721E-01  0.4111       32.80      0.3763              
  6.75000E+01  7.24000E-01  3.90000E-02  6.22000E-01  2.64871E-01  0.3658       138.6      0.4591              
  6.77000E+01  6.75000E-01  5.20000E-02  1.07000E+00  2.69171E-01  0.3988       60.91      0.4058              
  6.82000E+01  6.99000E-01  5.51000E-02  1.06000E+00  2.79922E-01  0.4005       57.85      0.4191              
  6.83000E+01  7.29000E-01  3.96000E-02  6.10000E-01  2.82072E-01  0.3869       127.4      0.4469              
  6.85000E+01  7.06000E-01  3.77000E-02  6.01000E-01  2.86372E-01  0.4056       123.9      0.4196              
  6.85000E+01  7.19000E-01  3.84000E-02  6.02000E-01  2.86372E-01  0.3983       126.9      0.4326              
  6.88000E+01  7.34000E-01  3.97000E-02  6.04000E-01  2.92823E-01  0.3989       123.5      0.4412              
  6.92000E+01  7.59000E-01  3.96000E-02  5.97000E-01  3.01423E-01  0.3971       133.5      0.4576              
  6.92000E+01  6.74000E-01  5.89000E-02  1.05000E+00  3.01423E-01  0.4472       40.01      0.3726              
  6.94000E+01  6.61000E-01  7.09000E-02  1.05000E+00  3.05724E-01  0.4625       25.11      0.3553              
  6.96000E+01  7.38000E-01  3.94000E-02  5.88000E-01  3.10024E-01  0.4201       118.0      0.4280              
  7.00000E+01  7.42000E-01  4.03000E-02  5.82000E-01  3.18625E-01  0.4294       110.4      0.4234              
  7.14000E+01  7.49000E-01  3.99000E-02  5.50000E-01  3.42666E-01  0.4575       103.7      0.4063              
  7.14000E+01  7.52000E-01  4.09000E-02  5.49000E-01  3.42666E-01  0.4557       100.2      0.4093              
  7.14000E+01  7.64000E-01  3.97000E-02  5.47000E-01  3.42666E-01  0.4485       112.6      0.4213              
  7.14000E+01  7.74000E-01  4.06000E-02  5.50000E-01  3.42666E-01  0.4427       112.9      0.4313              
  7.14000E+01  6.88000E-01  5.93000E-02  1.03000E+00  3.42666E-01  0.4981       33.91      0.3453              
  7.14000E+01  6.80000E-01  5.90000E-02  1.02000E+00  3.42666E-01  0.5039       32.69      0.3373              
  7.14000E+01  7.46000E-01  5.86000E-02  1.03000E+00  3.42666E-01  0.4593       47.37      0.4033              
  7.14000E+01  7.65000E-01  6.13000E-02  1.03000E+00  3.42666E-01  0.4479       47.47      0.4223              
  7.15000E+01  7.57000E-01  3.99000E-02  5.47000E-01  3.44383E-01  0.4549       106.9      0.4126              
  7.15000E+01  7.70000E-01  4.14000E-02  5.48000E-01  3.44383E-01  0.4473       105.7      0.4256              
  7.40000E+01  7.67000E-01  7.99000E-02  1.04000E+00  3.87314E-01  0.5050       22.58      0.3797              
  8.53000E+01  8.72000E-01  9.29000E-02  1.08000E+00  4.81801E-01  0.5525       17.64      0.3902              
  8.81000E+01  8.34000E-01  8.65000E-02  7.91000E-01  4.92055E-01  0.5900       15.63      0.3419              
  9.99000E+01  1.04000E+00  8.00000E-02  1.50000E+00  4.96989E-01  0.4779       46.07      0.5430              
  1.01000E+02  9.64000E-01  8.96000E-02  1.69000E+00  4.95572E-01  0.5141       27.33      0.4684              
  1.11000E+02  1.00000E+00  8.00000E-02  1.40000E+00  4.81614E-01  0.4816       41.99      0.5184              
  1.11000E+02  1.02000E+00  9.43000E-02  1.61000E+00  4.81614E-01  0.4722       32.60      0.5384              
  1.21000E+02  1.10000E+00  9.00000E-02  1.30000E+00  4.67495E-01  0.4250       49.39      0.6325              
  1.21000E+02  1.08000E+00  9.99000E-02  1.53000E+00  4.67495E-01  0.4329       37.59      0.6125              
  1.31000E+02  1.11000E+00  9.00000E-02  1.30000E+00  4.51967E-01  0.4072       53.46      0.6580              
  1.31000E+02  1.10000E+00  1.01000E-01  1.43000E+00  4.51967E-01  0.4109       41.17      0.6480              
  1.40000E+02  1.18000E+00  9.00000E-02  1.20000E+00  4.39045E-01  0.3721       67.78      0.7410              
  1.40000E+02  1.18000E+00  1.07000E-01  1.34000E+00  4.39045E-01  0.3721       47.95      0.7410              
  1.48000E+02  1.22000E+00  1.00000E-01  1.10000E+00  4.31549E-01  0.3537       62.17      0.7885              
  1.49000E+02  1.18000E+00  1.10000E-01  1.25000E+00  4.30612E-01  0.3649       46.41      0.7494              
  1.58000E+02  1.16000E+00  9.00000E-02  1.10000E+00  4.17539E-01  0.3599       68.06      0.7425              
  1.58000E+02  1.18000E+00  1.11000E-01  1.14000E+00  4.17539E-01  0.3538       47.18      0.7625              
  1.20000E+03  1.96000E+00  3.56000E-02  9.86000E-01
  1.59000E+03  1.76000E+00  4.23000E-02  1.00000E+00
#
# Average deviation:                                                6.246       126.4      0.3881    
#
# Full reference:
#R.Michel,  R.Bodemann,  H.Busemann,  R.Daunke,  M.Gloris, H.-J.Lange,  B.Klug,  A.Krins,  I.Leya,
# M.Luepke, S.Neumann,  H.Reinhardt,  M.Schnatz-Buettgen, U.Herpers,  Th.Schiekel,  F.Sudbrock,  B.Holmqvist, H.Conde,
# P.Malmborg,  M.Suter,  B.Dittrich-Hannen, P.-W.Kubik,  H.-A.Sinal,  D.Filges
#Jour. Nucl. Instrum. Methods in Physics Res., Sect.B Vol.129, p.153, 1997
#Cross sections for the production of residual nuclides by low- and medium-energy protons from the target elements C, N, O, Mg, Al, Si, Ca, Ti, V, Mn, Fe, Co,
#Ni, Cu, Sr, Y, Zr, Nb, Ba and Au.
#
# Quality information:
#
# Quality  O0276136 : T2
# Date     O0276136 : 05-01-2018
# Reaction O0276136 : NP:  136 E-range:   39.6    -  1.590E+03 MeV 29-CU-0(P,X)26-FE-59,CUM,SIG        pdf: y
# Paper    O0276136 : R.Michel+ Jour. Nucl. Instrum. Methods in Physics Res., Sect.B Vol.129, p.153, 1997 Cross sections for the production of residual nuclides b
# Action   O0276136 : 
# Comment  O0276136 : Evaluation        N=   121 F=   6.25     chi-2=   126.     D=  0.388     mb T=  0.183     mb E=  0.538     K1=  6.25     K2= 2.973E+09
# Comment  O0276136 : TALYS             N=   121 F=   6.25     chi-2=   126.     D=  0.388     mb T=  0.183     mb E=  0.538     K1=  6.25     K2= 2.973E+09
# Comment  O0276136 : cendl3.1          N=     0 F=   0.00     chi-2=   0.00     D=   0.00     mb T=   0.00     mb E=  0.538     K1=  0.00     K2=  0.00
# Comment  O0276136 : eaf.2010          N=     0 F=   0.00     chi-2=   0.00     D=   0.00     mb T=   0.00     mb E=  0.538     K1=  0.00     K2=  0.00
# Comment  O0276136 : endfb8.0          N=     0 F=   0.00     chi-2=   0.00     D=   0.00     mb T=   0.00     mb E=  0.538     K1=  0.00     K2=  0.00
# Comment  O0276136 : irdff1.0          N=     0 F=   0.00     chi-2=   0.00     D=   0.00     mb T=   0.00     mb E=  0.538     K1=  0.00     K2=  0.00
# Comment  O0276136 : jeff3.3           N=     0 F=   0.00     chi-2=   0.00     D=   0.00     mb T=   0.00     mb E=  0.538     K1=  0.00     K2=  0.00
# Comment  O0276136 : jendl4.0          N=     0 F=   0.00     chi-2=   0.00     D=   0.00     mb T=   0.00     mb E=  0.538     K1=  0.00     K2=  0.00
# Comment  O0276136 : tendl.2017        N=     0 F=   0.00     chi-2=   0.00     D=   0.00     mb T=   0.00     mb E=  0.538     K1=  0.00     K2=  0.00
