# Target Z    :  13
# Target A    :  27
# Target state:  
# Projectile  : p
# Reaction    : (p,el)
# E-inc       :    0.498 MeV
# Quantity    : Angular distribution
# Frame       : L
# MF          :    4
# MT          :    2
# X4 ID       : D00780022
# X4 code     : 13-AL-27(P,EL)13-AL-27,,DA
# Author      : Ramos                    
# Year        : 2002
# Data points :    322
#  Angle(deg)    xs(mb/sr) dxs(mb/sr) dAngle(deg)
  1.40000E+02  1.08080E+03  8.00000E+00
  1.40000E+02  9.82200E+02  7.60000E+00
  1.40000E+02  8.87600E+02  6.90000E+00
  1.40000E+02  7.94400E+02  5.30000E+00
  1.40000E+02  7.78500E+02  5.00000E+00
  1.40000E+02  7.13300E+02  4.00000E+00
  1.40000E+02  6.50800E+02  4.70000E+00
  1.40000E+02  5.90000E+02  4.20000E+00
  1.40000E+02  5.63700E+02  3.60000E+00
  1.40000E+02  5.49700E+02  3.90000E+00
  1.40000E+02  5.03000E+02  3.70000E+00
  1.40000E+02  4.56700E+02  3.50000E+00
  1.40000E+02  4.35600E+02  2.60000E+00
  1.40000E+02  4.05500E+02  3.30000E+00
  1.40000E+02  3.78700E+02  3.20000E+00
  1.40000E+02  3.74200E+02  3.10000E+00
  1.40000E+02  3.63300E+02  3.00000E+00
  1.40000E+02  3.56000E+02  2.90000E+00
  1.40000E+02  3.47400E+02  2.60000E+00
  1.40000E+02  3.36700E+02  2.60000E+00
  1.40000E+02  3.31500E+02  2.50000E+00
  1.40000E+02  3.25500E+02  2.10000E+00
  1.40000E+02  3.14100E+02  2.30000E+00
  1.40000E+02  3.08600E+02  2.30000E+00
  1.40000E+02  2.97600E+02  2.10000E+00
  1.40000E+02  2.84300E+02  2.20000E+00
  1.40000E+02  2.71500E+02  1.90000E+00
  1.40000E+02  2.68900E+02  1.80000E+00
  1.40000E+02  2.68500E+02  1.50000E+00
  1.40000E+02  2.64300E+02  2.40000E+00
  1.40000E+02  2.59900E+02  2.70000E+00
  1.40000E+02  2.64500E+02  2.80000E+00
  1.40000E+02  2.59500E+02  2.20000E+00
  1.40000E+02  2.61200E+02  2.40000E+00
  1.40000E+02  2.49000E+02  2.20000E+00
  1.40000E+02  2.54200E+02  1.90000E+00
  1.40000E+02  2.47200E+02  2.10000E+00
  1.40000E+02  2.42600E+02  2.10000E+00
  1.40000E+02  2.42800E+02  2.10000E+00
  1.40000E+02  2.44200E+02  1.90000E+00
  1.40000E+02  2.40100E+02  1.90000E+00
  1.40000E+02  2.39900E+02  1.80000E+00
  1.40000E+02  2.32500E+02  1.70000E+00
  1.40000E+02  2.31400E+02  1.80000E+00
  1.40000E+02  2.30100E+02  1.60000E+00
  1.40000E+02  2.26100E+02  1.70000E+00
  1.40000E+02  2.26700E+02  1.70000E+00
  1.40000E+02  2.24100E+02  1.60000E+00
  1.40000E+02  2.11100E+02  1.50000E+00
  1.40000E+02  2.04200E+02  1.50000E+00
  1.40000E+02  1.86900E+02  1.60000E+00
  1.40000E+02  2.00400E+02  1.60000E+00
  1.40000E+02  1.95100E+02  1.40000E+00
  1.40000E+02  1.80500E+02  1.50000E+00
  1.40000E+02  1.74300E+02  1.30000E+00
  1.40000E+02  1.63300E+02  1.40000E+00
  1.40000E+02  1.62200E+02  1.30000E+00
  1.40000E+02  1.57000E+02  1.30000E+00
  1.40000E+02  1.47400E+02  1.20000E+00
  1.40000E+02  1.40400E+02  1.30000E+00
  1.40000E+02  1.47600E+02  1.40000E+00
  1.40000E+02  1.45600E+02  1.40000E+00
  1.40000E+02  1.40700E+02  1.50000E+00
  1.40000E+02  1.39800E+02  1.70000E+00
  1.40000E+02  1.29100E+02  1.50000E+00
  1.40000E+02  1.26300E+02  1.70000E+00
  1.40000E+02  1.10200E+02  1.70000E+00
  1.40000E+02  1.27300E+02  1.70000E+00
  1.40000E+02  1.36600E+02  1.40000E+00
  1.40000E+02  1.29200E+02  1.60000E+00
  1.40000E+02  1.25600E+02  1.60000E+00
  1.40000E+02  1.33200E+02  1.60000E+00
  1.40000E+02  1.11300E+02  1.50000E+00
  1.40000E+02  1.27400E+02  1.50000E+00
  1.40000E+02  1.23800E+02  1.30000E+00
  1.40000E+02  1.26100E+02  1.70000E+00
  1.40000E+02  1.24500E+02  1.50000E+00
  1.40000E+02  1.21800E+02  1.60000E+00
  1.40000E+02  1.19700E+02  1.30000E+00
  1.40000E+02  1.17700E+02  1.50000E+00
  1.40000E+02  1.15400E+02  1.40000E+00
  1.40000E+02  1.06700E+02  1.30000E+00
  1.40000E+02  9.96000E+01  1.40000E+00
  1.40000E+02  1.09800E+02  1.40000E+00
  1.40000E+02  1.21900E+02  1.60000E+00
  1.40000E+02  1.16400E+02  1.60000E+00
  1.40000E+02  1.12500E+02  1.30000E+00
  1.40000E+02  1.10300E+02  1.40000E+00
  1.40000E+02  1.08800E+02  1.40000E+00
  1.40000E+02  1.00600E+02  1.50000E+00
  1.40000E+02  9.74000E+01  1.40000E+00
  1.40000E+02  9.38000E+01  1.40000E+00
  1.40000E+02  8.82000E+01  1.30000E+00
  1.40000E+02  1.19500E+02  1.20000E+00
  1.40000E+02  1.20100E+02  1.30000E+00
  1.40000E+02  1.07500E+02  1.30000E+00
  1.40000E+02  1.01500E+02  1.30000E+00
  1.40000E+02  9.84000E+01  1.20000E+00
  1.40000E+02  8.63000E+01  1.30000E+00
  1.40000E+02  9.91000E+01  1.30000E+00
  1.40000E+02  8.89000E+01  9.00000E-01
  1.40000E+02  9.47000E+01  1.00000E+00
  1.40000E+02  9.72000E+01  1.10000E+00
  1.40000E+02  9.70000E+01  9.00000E-01
  1.40000E+02  9.37000E+01  1.30000E+00
  1.40000E+02  9.23000E+01  1.20000E+00
  1.40000E+02  1.01400E+02  1.00000E+00
  1.40000E+02  1.03400E+02  1.00000E+00
  1.40000E+02  9.97000E+01  1.00000E+00
  1.40000E+02  9.85000E+01  1.00000E+00
  1.40000E+02  9.70000E+01  1.00000E+00
  1.40000E+02  9.72000E+01  1.10000E+00
  1.40000E+02  9.20000E+01  1.00000E+00
  1.40000E+02  9.09000E+01  1.10000E+00
  1.40000E+02  9.18000E+01  1.00000E+00
  1.40000E+02  8.71000E+01  1.10000E+00
  1.40000E+02  9.32000E+01  1.50000E+00
  1.40000E+02  9.43000E+01  1.30000E+00
  1.40000E+02  9.69000E+01  9.00000E-01
  1.40000E+02  9.00000E+01  1.00000E+00
  1.40000E+02  8.90000E+01  9.00000E-01
  1.40000E+02  8.56000E+01  1.00000E+00
  1.40000E+02  8.37000E+01  1.30000E+00
  1.40000E+02  6.78000E+01  1.40000E+00
  1.40000E+02  7.02000E+01  9.00000E-01
  1.40000E+02  6.37000E+01  9.00000E-01
  1.40000E+02  6.29000E+01  8.00000E-01
  1.40000E+02  7.03000E+01  1.20000E+00
  1.40000E+02  5.83000E+01  1.40000E+00
  1.40000E+02  1.07700E+02  1.20000E+00
  1.40000E+02  7.90000E+01  6.90000E+00
  1.40000E+02  6.92000E+01  4.40000E+00
  1.40000E+02  6.51000E+01  3.70000E+00
  1.40000E+02  7.76000E+01  3.80000E+00
  1.40000E+02  8.32000E+01  3.40000E+00
  1.40000E+02  6.70000E+01  3.30000E+00
  1.40000E+02  5.49000E+01  4.30000E+00
  1.40000E+02  5.70000E+01  3.40000E+00
  1.40000E+02  5.85000E+01  3.40000E+00
  1.40000E+02  6.89000E+01  3.00000E+00
  1.40000E+02  6.89000E+01  2.60000E+00
  1.40000E+02  7.12000E+01  2.30000E+00
  1.40000E+02  6.55000E+01  2.60000E+00
  1.40000E+02  6.53000E+01  2.70000E+00
  1.40000E+02  6.26000E+01  2.00000E+00
  1.40000E+02  5.76000E+01  2.10000E+00
  1.40000E+02  5.66000E+01  2.00000E+00
  1.40000E+02  4.56000E+01  2.90000E+00
  1.40000E+02  5.86000E+01  2.00000E+00
  1.40000E+02  4.47000E+01  2.30000E+00
  1.40000E+02  5.07000E+01  2.30000E+00
  1.40000E+02  5.72000E+01  1.90000E+00
  1.40000E+02  5.95000E+01  1.80000E+00
  1.40000E+02  5.66000E+01  3.30000E+00
  1.40000E+02  6.02000E+01  2.10000E+00
  1.40000E+02  5.58000E+01  1.80000E+00
  1.40000E+02  5.77000E+01  1.30000E+00
  1.40000E+02  5.76000E+01  1.90000E+00
  1.40000E+02  5.53000E+01  2.20000E+00
  1.40000E+02  6.06000E+01  2.20000E+00
  1.40000E+02  4.40000E+01  2.00000E+00
  1.40000E+02  5.14000E+01  1.40000E+00
  1.78000E+02  8.74700E+02  3.20000E+00
  1.78000E+02  7.63200E+02  3.00000E+00
  1.78000E+02  6.86100E+02  2.70000E+00
  1.78000E+02  6.35100E+02  2.20000E+00
  1.78000E+02  6.18200E+02  2.00000E+00
  1.78000E+02  5.66900E+02  1.60000E+00
  1.78000E+02  5.19500E+02  1.90000E+00
  1.78000E+02  4.68900E+02  1.70000E+00
  1.78000E+02  4.60800E+02  1.50000E+00
  1.78000E+02  4.32700E+02  1.60000E+00
  1.78000E+02  3.98300E+02  1.50000E+00
  1.78000E+02  3.70400E+02  1.40000E+00
  1.78000E+02  3.36000E+02  1.10000E+00
  1.78000E+02  3.45900E+02  1.30000E+00
  1.78000E+02  3.13400E+02  1.30000E+00
  1.78000E+02  2.95400E+02  1.20000E+00
  1.78000E+02  2.92600E+02  1.20000E+00
  1.78000E+02  2.85500E+02  1.20000E+00
  1.78000E+02  2.74500E+02  1.30000E+00
  1.78000E+02  2.65600E+02  1.00000E+00
  1.78000E+02  2.63600E+02  1.00000E+00
  1.78000E+02  2.61000E+02  1.00000E+00
  1.78000E+02  2.55800E+02  9.00000E-01
  1.78000E+02  2.40700E+02  9.00000E-01
  1.78000E+02  2.32700E+02  9.00000E-01
  1.78000E+02  2.18400E+02  9.00000E-01
  1.78000E+02  2.12200E+02  9.00000E-01
  1.78000E+02  2.11600E+02  7.00000E-01
  1.78000E+02  2.11800E+02  6.00000E-01
  1.78000E+02  2.02200E+02  1.00000E+00
  1.78000E+02  2.00900E+02  1.00000E+00
  1.78000E+02  2.02300E+02  1.10000E+00
  1.78000E+02  2.00100E+02  9.00000E-01
  1.78000E+02  1.98600E+02  9.00000E-01
  1.78000E+02  1.96400E+02  9.00000E-01
  1.78000E+02  1.80800E+02  7.00000E-01
  1.78000E+02  1.86500E+02  8.00000E-01
  1.78000E+02  1.82900E+02  8.00000E-01
  1.78000E+02  1.79700E+02  8.00000E-01
  1.78000E+02  1.82400E+02  8.00000E-01
  1.78000E+02  1.76500E+02  8.00000E-01
  1.78000E+02  1.82400E+02  8.00000E-01
  1.78000E+02  1.75600E+02  7.00000E-01
  1.78000E+02  1.68600E+02  7.00000E-01
  1.78000E+02  1.69000E+02  6.00000E-01
  1.78000E+02  1.67900E+02  7.00000E-01
  1.78000E+02  1.75800E+02  7.00000E-01
  1.78000E+02  1.64100E+02  6.00000E-01
  1.78000E+02  1.53700E+02  7.00000E-01
  1.78000E+02  1.59800E+02  6.00000E-01
  1.78000E+02  1.39200E+02  7.00000E-01
  1.78000E+02  1.71000E+02  6.00000E-01
  1.78000E+02  1.49500E+02  6.00000E-01
  1.78000E+02  1.43700E+02  6.00000E-01
  1.78000E+02  1.31100E+02  5.00000E-01
  1.78000E+02  1.22800E+02  5.00000E-01
  1.78000E+02  1.10800E+02  5.00000E-01
  1.78000E+02  1.15200E+02  5.00000E-01
  1.78000E+02  1.09000E+02  5.00000E-01
  1.78000E+02  1.17600E+02  5.00000E-01
  1.78000E+02  1.11300E+02  6.00000E-01
  1.78000E+02  1.08100E+02  5.00000E-01
  1.78000E+02  1.02100E+02  6.00000E-01
  1.78000E+02  9.41000E+01  5.00000E-01
  1.78000E+02  8.83000E+01  7.00000E-01
  1.78000E+02  1.07100E+02  7.00000E-01
  1.78000E+02  1.06400E+02  6.00000E-01
  1.78000E+02  1.02800E+02  6.00000E-01
  1.78000E+02  9.55000E+01  6.00000E-01
  1.78000E+02  1.04500E+02  6.00000E-01
  1.78000E+02  8.71000E+01  6.00000E-01
  1.78000E+02  9.82000E+01  6.00000E-01
  1.78000E+02  9.87000E+01  5.00000E-01
  1.78000E+02  9.86000E+01  7.00000E-01
  1.78000E+02  9.58000E+01  6.00000E-01
  1.78000E+02  9.71000E+01  6.00000E-01
  1.78000E+02  9.24000E+01  5.00000E-01
  1.78000E+02  9.08000E+01  6.00000E-01
  1.78000E+02  9.58000E+01  4.00000E-01
  1.78000E+02  8.37000E+01  5.00000E-01
  1.78000E+02  7.03000E+01  6.00000E-01
  1.78000E+02  6.60000E+01  6.00000E-01
  1.78000E+02  8.84000E+01  6.00000E-01
  1.78000E+02  1.03000E+02  7.00000E-01
  1.78000E+02  8.76000E+01  6.00000E-01
  1.78000E+02  8.56000E+01  6.00000E-01
  1.78000E+02  8.40000E+01  6.00000E-01
  1.78000E+02  8.46000E+01  6.00000E-01
  1.78000E+02  7.94000E+01  6.00000E-01
  1.78000E+02  7.31000E+01  6.00000E-01
  1.78000E+02  7.53000E+01  6.00000E-01
  1.78000E+02  7.11000E+01  5.00000E-01
  1.78000E+02  9.98000E+01  5.00000E-01
  1.78000E+02  9.53000E+01  5.00000E-01
  1.78000E+02  8.26000E+01  5.00000E-01
  1.78000E+02  7.96000E+01  5.00000E-01
  1.78000E+02  6.76000E+01  5.00000E-01
  1.78000E+02  6.56000E+01  5.00000E-01
  1.78000E+02  6.92000E+01  5.00000E-01
  1.78000E+02  7.59000E+01  3.00000E-01
  1.78000E+02  8.73000E+01  4.00000E-01
  1.78000E+02  8.41000E+01  5.00000E-01
  1.78000E+02  8.25000E+01  4.00000E-01
  1.78000E+02  7.75000E+01  6.00000E-01
  1.78000E+02  9.60000E+01  4.00000E-01
  1.78000E+02  9.11000E+01  4.00000E-01
  1.78000E+02  8.47000E+01  4.00000E-01
  1.78000E+02  8.10000E+01  3.00000E-01
  1.78000E+02  7.69000E+01  4.00000E-01
  1.78000E+02  7.61000E+01  5.00000E-01
  1.78000E+02  8.01000E+01  5.00000E-01
  1.78000E+02  7.41000E+01  6.00000E-01
  1.78000E+02  6.68000E+01  5.00000E-01
  1.78000E+02  6.87000E+01  5.00000E-01
  1.78000E+02  7.29000E+01  6.00000E-01
  1.78000E+02  7.16000E+01  5.00000E-01
  1.78000E+02  7.22000E+01  4.00000E-01
  1.78000E+02  7.05000E+01  3.00000E-01
  1.78000E+02  7.08000E+01  3.00000E-01
  1.78000E+02  6.75000E+01  4.00000E-01
  1.78000E+02  5.45000E+01  5.00000E-01
  1.78000E+02  4.85000E+01  7.00000E-01
  1.78000E+02  4.52000E+01  4.00000E-01
  1.78000E+02  4.67000E+01  4.00000E-01
  1.78000E+02  7.05000E+01  5.00000E-01
  1.78000E+02  5.17000E+01  3.00000E-01
  1.78000E+02  1.00100E+02  6.00000E-01
  1.78000E+02  6.18000E+01  4.30000E+00
  1.78000E+02  5.64000E+01  2.70000E+00
  1.78000E+02  5.60000E+01  1.70000E+00
  1.78000E+02  6.83000E+01  1.50000E+00
  1.78000E+02  6.50000E+01  1.50000E+00
  1.78000E+02  4.69000E+01  1.30000E+00
  1.78000E+02  3.32000E+01  1.30000E+00
  1.78000E+02  2.89000E+01  1.60000E+00
  1.78000E+02  4.34000E+01  1.30000E+00
  1.78000E+02  7.14000E+01  1.30000E+00
  1.78000E+02  6.59000E+01  1.20000E+00
  1.78000E+02  7.99000E+01  1.00000E+00
  1.78000E+02  6.23000E+01  9.00000E-01
  1.78000E+02  5.15000E+01  9.00000E-01
  1.78000E+02  5.42000E+01  8.00000E-01
  1.78000E+02  4.78000E+01  1.00000E+00
  1.78000E+02  4.79000E+01  8.00000E-01
  1.78000E+02  4.49000E+01  9.00000E-01
  1.78000E+02  2.98000E+01  8.00000E-01
  1.78000E+02  3.60000E+01  8.00000E-01
  1.78000E+02  2.96000E+01  9.00000E-01
  1.78000E+02  4.11000E+01  9.00000E-01
  1.78000E+02  5.00000E+01  9.00000E-01
  1.78000E+02  6.05000E+01  7.00000E-01
  1.78000E+02  5.07000E+01  9.00000E-01
  1.78000E+02  4.67000E+01  1.40000E+00
  1.78000E+02  4.26000E+01  9.00000E-01
  1.78000E+02  5.14000E+01  8.00000E-01
  1.78000E+02  4.27000E+01  1.00000E+00
  1.78000E+02  4.34000E+01  8.00000E-01
  1.78000E+02  5.47000E+01  8.00000E-01
  1.78000E+02  2.82000E+01  9.00000E-01
  1.78000E+02  3.24000E+01  9.00000E-01
# Full reference:
#A.R.Ramos,  A.Paul,  L.Rijniers,  M.F.Da Silva, J.C.Soares
#Jour. Nucl. Instrum. Methods in Physics Res., Sect.B Vol.190, p.95, 2002
#Measurement of (p,p) elastic differential cross sections fo carbon, nitrogen, oxygen, aluminium and silicon in  the 500-2500 keV range at 140 deg and
#178 deg laboratory scattering angles
