# Target Z    :  13
# Target A    :  27
# Target state:  
# Projectile  : p
# Reaction    : (p,el)
# E-inc       :   13.000 MeV
# Quantity    : Angular distribution
# Frame       : C
# MF          :    4
# MT          :    2
# X4 ID       : C1332004 
# X4 code     : 13-AL-27(P,EL)13-AL-27,,DA
# Author      : Roy                      
# Year        : 1983
# Data points :    172
#  Angle(deg)    xs(mb/sr) dxs(mb/sr) dAngle(deg)
  1.75999E+01  1.85000E+03  0.00000E+00
  1.97001E+01  1.31000E+03  0.00000E+00
  2.52000E+01  4.91000E+02  0.00000E+00
  2.89001E+01  3.47000E+02  0.00000E+00
  3.06000E+01  2.45000E+02  0.00000E+00
  3.61001E+01  1.07000E+02  0.00000E+00
  3.85000E+01  7.22000E+01  0.00000E+00
  4.15001E+01  4.35000E+01  0.00000E+00
  4.56000E+01  1.96000E+01  0.00000E+00
  4.80000E+01  1.54000E+01  0.00000E+00
  5.14000E+01  1.58000E+01  0.00000E+00
  5.58001E+01  1.94000E+01  0.00000E+00
  6.15001E+01  2.65000E+01  0.00000E+00
  7.13001E+01  3.43000E+01  0.00000E+00
  8.11001E+01  2.28000E+01  0.00000E+00
  9.13001E+01  1.08000E+01  0.00000E+00
  1.79001E+01  1.55000E+03  0.00000E+00
  2.07000E+01  1.02000E+03  0.00000E+00
  2.31001E+01  7.26000E+02  0.00000E+00
  2.54000E+01  5.30000E+02  0.00000E+00
  2.82001E+01  3.58000E+02  0.00000E+00
  3.06000E+01  2.35000E+02  0.00000E+00
  3.33000E+01  1.50000E+02  0.00000E+00
  3.64001E+01  9.14000E+01  0.00000E+00
  3.88001E+01  5.26000E+01  0.00000E+00
  4.15001E+01  2.73000E+01  0.00000E+00
  4.39001E+01  1.37000E+01  0.00000E+00
  4.60000E+01  9.55000E+00  0.00000E+00
  4.90001E+01  1.06000E+01  0.00000E+00
  5.20001E+01  1.70000E+01  0.00000E+00
  5.44001E+01  2.40000E+01  0.00000E+00
  5.67001E+01  3.05000E+01  0.00000E+00
  6.14001E+01  4.19000E+01  0.00000E+00
  7.19001E+01  4.21000E+01  0.00000E+00
  7.70001E+01  3.42000E+01  0.00000E+00
  8.21001E+01  2.57000E+01  0.00000E+00
  8.69001E+01  1.78000E+01  0.00000E+00
  9.13001E+01  1.17000E+01  0.00000E+00
  9.67001E+01  7.51000E+00  0.00000E+00
  1.06000E+02  5.95000E+00  0.00000E+00
  1.10000E+02  6.98000E+00  0.00000E+00
  1.16000E+02  9.10000E+00  0.00000E+00
  1.20000E+02  9.61000E+00  0.00000E+00
  1.26000E+02  1.07000E+01  0.00000E+00
  1.30000E+02  1.16000E+01  0.00000E+00
  1.35000E+02  1.13000E+01  0.00000E+00
  1.40000E+02  1.10000E+01  0.00000E+00
  1.45000E+02  1.13000E+01  0.00000E+00
  1.86001E+01  1.20000E+03  0.00000E+00
  2.10001E+01  7.91000E+02  0.00000E+00
  2.34001E+01  5.76000E+02  0.00000E+00
  2.64001E+01  4.19000E+02  0.00000E+00
  2.88001E+01  2.82000E+02  0.00000E+00
  3.12000E+01  1.89000E+02  0.00000E+00
  3.26000E+01  1.49000E+02  0.00000E+00
  3.46000E+01  1.03000E+02  0.00000E+00
  3.67001E+01  5.60000E+01  0.00000E+00
  3.88001E+01  2.80000E+01  0.00000E+00
  4.15001E+01  1.23000E+01  0.00000E+00
  4.29001E+01  8.74000E+00  0.00000E+00
  4.46001E+01  5.87000E+00  0.00000E+00
  4.66000E+01  7.28000E+00  0.00000E+00
  4.93001E+01  1.21000E+01  0.00000E+00
  5.13000E+01  1.85000E+01  0.00000E+00
  5.30001E+01  2.30000E+01  0.00000E+00
  5.36001E+01  2.84000E+01  0.00000E+00
  5.70001E+01  3.26000E+01  0.00000E+00
  6.27001E+01  4.16000E+01  0.00000E+00
  1.80001E+01  9.63000E+02  0.00000E+00
  2.08001E+01  6.84000E+02  0.00000E+00
  2.28000E+01  5.12000E+02  0.00000E+00
  2.58000E+01  3.45000E+02  0.00000E+00
  2.79001E+01  2.32000E+02  0.00000E+00
  3.06000E+01  1.45000E+02  0.00000E+00
  3.30001E+01  8.56000E+01  0.00000E+00
  3.57001E+01  4.31000E+01  0.00000E+00
  3.81001E+01  2.00000E+01  0.00000E+00
  4.05001E+01  8.62000E+00  0.00000E+00
  4.29001E+01  5.65000E+00  0.00000E+00
  4.59001E+01  9.62000E+00  0.00000E+00
  4.79000E+01  1.63000E+01  0.00000E+00
  5.13000E+01  2.50000E+01  0.00000E+00
  5.36001E+01  3.27000E+01  0.00000E+00
  5.60001E+01  3.55000E+01  0.00000E+00
  6.11001E+01  4.29000E+01  0.00000E+00
  7.16001E+01  2.99000E+01  0.00000E+00
  7.67001E+01  2.02000E+01  0.00000E+00
  8.07001E+01  1.22000E+01  0.00000E+00
  8.62001E+01  8.29000E+00  0.00000E+00
  9.16001E+01  6.39000E+00  0.00000E+00
  9.63002E+01  6.42000E+00  0.00000E+00
  1.06000E+02  7.59000E+00  0.00000E+00
  1.11000E+02  6.68000E+00  0.00000E+00
  1.16000E+02  6.71000E+00  0.00000E+00
  1.20000E+02  6.22000E+00  0.00000E+00
  1.25000E+02  5.77000E+00  0.00000E+00
  1.30000E+02  5.50000E+00  0.00000E+00
  1.35000E+02  5.52000E+00  0.00000E+00
  1.40000E+02  4.61000E+00  0.00000E+00
  1.45000E+02  4.17000E+00  0.00000E+00
  1.86001E+01  1.30000E+03  0.00000E+00
  2.10001E+01  9.57000E+02  0.00000E+00
  2.33001E+01  7.40000E+02  0.00000E+00
  2.63001E+01  4.77000E+02  0.00000E+00
  2.83000E+01  3.16000E+02  0.00000E+00
  2.97001E+01  2.45000E+02  0.00000E+00
  3.07000E+01  1.84000E+02  0.00000E+00
  3.37000E+01  1.05000E+02  0.00000E+00
  3.60001E+01  5.12000E+01  0.00000E+00
  3.90001E+01  2.25000E+01  0.00000E+00
  4.04000E+01  1.57000E+01  0.00000E+00
  4.10000E+01  1.28000E+01  0.00000E+00
  4.34001E+01  1.34000E+01  0.00000E+00
  4.61001E+01  2.18000E+01  0.00000E+00
  4.88000E+01  3.11000E+01  0.00000E+00
  5.02001E+01  3.91000E+01  0.00000E+00
  5.18001E+01  4.33000E+01  0.00000E+00
  5.39001E+01  5.44000E+01  0.00000E+00
  5.66000E+01  5.57000E+01  0.00000E+00
  6.06001E+01  5.84000E+01  0.00000E+00
  1.88000E+01  1.25000E+03  0.00000E+00
  2.08001E+01  8.70000E+02  0.00000E+00
  2.31001E+01  6.54000E+02  0.00000E+00
  2.88001E+01  2.63000E+02  0.00000E+00
  3.12000E+01  1.56000E+02  0.00000E+00
  3.35001E+01  8.58000E+01  0.00000E+00
  3.62000E+01  4.35000E+01  0.00000E+00
  3.86000E+01  2.21000E+01  0.00000E+00
  4.12001E+01  1.38000E+01  0.00000E+00
  4.36001E+01  1.84000E+01  0.00000E+00
  4.59001E+01  2.60000E+01  0.00000E+00
  4.86001E+01  3.86000E+01  0.00000E+00
  5.10001E+01  4.77000E+01  0.00000E+00
  5.33001E+01  5.17000E+01  0.00000E+00
  5.67001E+01  5.46000E+01  0.00000E+00
  6.17001E+01  5.21000E+01  0.00000E+00
  6.68001E+01  3.92000E+01  0.00000E+00
  7.21001E+01  2.46000E+01  0.00000E+00
  7.65001E+01  1.42000E+01  0.00000E+00
  8.15001E+01  8.27000E+00  0.00000E+00
  8.62001E+01  6.56000E+00  0.00000E+00
  9.16001E+01  7.14000E+00  0.00000E+00
  9.60001E+01  8.16000E+00  0.00000E+00
  1.06000E+02  7.82000E+00  0.00000E+00
  1.11000E+02  6.71000E+00  0.00000E+00
  1.16000E+02  5.05000E+00  0.00000E+00
  1.20000E+02  4.12000E+00  0.00000E+00
  1.25000E+02  3.10000E+00  0.00000E+00
  1.30000E+02  2.59000E+00  0.00000E+00
  1.35000E+02  2.53000E+00  0.00000E+00
  1.40000E+02  2.42000E+00  0.00000E+00
  1.45000E+02  2.43000E+00  0.00000E+00
  1.82000E+01  1.22000E+03  0.00000E+00
  2.05000E+01  8.92000E+02  0.00000E+00
  2.38001E+01  6.34000E+02  0.00000E+00
  2.75000E+01  2.60000E+02  0.00000E+00
  2.98001E+01  1.89000E+02  0.00000E+00
  3.11000E+01  1.49000E+02  0.00000E+00
  3.38000E+01  8.20000E+01  0.00000E+00
  3.58001E+01  4.37000E+01  0.00000E+00
  3.84000E+01  2.39000E+01  0.00000E+00
  3.97001E+01  1.79000E+01  0.00000E+00
  4.18001E+01  1.79000E+01  0.00000E+00
  4.34001E+01  2.26000E+01  0.00000E+00
  4.62001E+01  3.09000E+01  0.00000E+00
  4.79000E+01  4.35000E+01  0.00000E+00
  5.02001E+01  4.70000E+01  0.00000E+00
  5.19001E+01  5.35000E+01  0.00000E+00
  5.36001E+01  5.49000E+01  0.00000E+00
  5.63001E+01  5.48000E+01  0.00000E+00
  5.99001E+01  4.68000E+01  0.00000E+00
  6.66001E+01  3.49000E+01  0.00000E+00
# Full reference:
#R.Roy, C.R.Lamontagne, R.J.Slobodrian, J.Arvieux, J.Birchall, H.E.Conzett
#Jour. Nuclear Physics, Section A Vol.411, p.1, 1983
#Diffusion des protons polarises sur 24Mg, 27Al et 32S et anomalies dans la region des resonances geantes de l`25Al, du 28Si et du 33C1
#
