# Target Z    :  13
# Target A    :  27
# Target state:  
# Projectile  : p
# Reaction    : (p,el)
# E-inc       :    2.449 MeV
# Quantity    : Angular distribution
# Frame       : L
# MF          :    4
# MT          :    2
# X4 ID       : D0834002 
# X4 code     : 13-AL-27(P,EL)13-AL-27,,DA
# Author      : Shahzad                  
# Year        : 2016
# Data points :    189
#  Angle(deg)    xs(mb/sr) dxs(mb/sr) dAngle(deg)
  1.65000E+02  6.40240E+01  4.11600E+00
  1.65000E+02  4.84760E+01  2.28700E+00
  1.65000E+02  5.67070E+01  2.74400E+00
  1.65000E+02  1.05640E+02  5.48800E+00
  1.65000E+02  4.57320E+01  2.28700E+00
  1.65000E+02  3.29270E+01  9.15000E-01
  1.65000E+02  3.56710E+01  2.28700E+00
  1.65000E+02  3.38410E+01  2.28700E+00
  1.65000E+02  3.29270E+01  2.74400E+00
  1.65000E+02  5.76220E+01  3.20100E+00
  1.65000E+02  7.17990E+01  3.20100E+00
  1.65000E+02  1.03811E+02  5.48800E+00
  1.65000E+02  4.98480E+01  3.20100E+00
  1.65000E+02  5.39630E+01  3.20100E+00
  1.65000E+02  4.16160E+01  2.28700E+00
  1.65000E+02  6.90550E+01  4.11600E+00
  1.65000E+02  6.58540E+01  2.74400E+00
  1.65000E+02  5.67070E+01  3.20100E+00
  1.65000E+02  5.48780E+01  3.20100E+00
  1.65000E+02  4.07010E+01  2.28700E+00
  1.65000E+02  4.29880E+01  3.20100E+00
  1.65000E+02  5.48780E+01  3.20100E+00
  1.65000E+02  6.90550E+01  2.74400E+00
  1.65000E+02  5.67070E+01  2.74400E+00
  1.65000E+02  4.57320E+01  1.82900E+00
  1.65000E+02  3.29270E+01  9.15000E-01
  1.65000E+02  4.89330E+01  2.74400E+00
  1.65000E+02  2.56100E+01  1.37200E+00
  1.65000E+02  2.69820E+01  9.15000E-01
  1.65000E+02  2.88110E+01  9.15000E-01
  1.65000E+02  6.08230E+01  3.20100E+00
  1.65000E+02  9.37500E+01  4.11600E+00
  1.65000E+02  9.00910E+01  3.65900E+00
  1.65000E+02  6.99700E+01  4.11600E+00
  1.65000E+02  7.22560E+01  2.74400E+00
  1.65000E+02  6.58540E+01  3.65900E+00
  1.65000E+02  6.58540E+01  3.20100E+00
  1.65000E+02  5.85370E+01  3.20100E+00
  1.65000E+02  5.85370E+01  2.74400E+00
  1.65000E+02  4.75610E+01  2.74400E+00
  1.65000E+02  4.98480E+01  3.20100E+00
  1.65000E+02  5.99090E+01  0.00000E+00
  1.65000E+02  4.66460E+01  2.74400E+00
  1.65000E+02  4.80180E+01  2.74400E+00
  1.65000E+02  4.66460E+01  2.74400E+00
  1.65000E+02  3.97870E+01  1.82900E+00
  1.65000E+02  3.97870E+01  1.82900E+00
  1.65000E+02  2.88110E+01  9.15000E-01
  1.65000E+02  2.88110E+01  9.15000E-01
  1.65000E+02  1.69210E+01  0.00000E+00
  1.65000E+02  3.38410E+01  1.37200E+00
  1.65000E+02  9.92380E+01  5.48800E+00
  1.65000E+02  1.69207E+02  7.77400E+00
  1.65000E+02  2.72561E+02  1.28050E+01
  1.65000E+02  2.29116E+02  1.18900E+01
  1.65000E+02  1.80183E+02  9.14600E+00
  1.65000E+02  1.07927E+02  5.94500E+00
  1.65000E+02  8.55180E+01  4.57300E+00
  1.65000E+02  7.22560E+01  4.57300E+00
  1.65000E+02  7.68290E+01  3.20100E+00
  1.65000E+02  6.53960E+01  3.20100E+00
  1.65000E+02  6.76830E+01  3.65900E+00
  1.65000E+02  6.67680E+01  4.11600E+00
  1.65000E+02  6.90550E+01  3.20100E+00
  1.65000E+02  4.75610E+01  2.74400E+00
  1.65000E+02  4.39020E+01  2.74400E+00
  1.65000E+02  4.84760E+01  2.74400E+00
  1.65000E+02  6.08230E+01  2.74400E+00
  1.65000E+02  9.28350E+01  4.57300E+00
  1.65000E+02  1.09299E+02  6.40200E+00
  1.65000E+02  1.07927E+02  5.94500E+00
  1.65000E+02  9.10060E+01  4.11600E+00
  1.65000E+02  7.91160E+01  3.20100E+00
  1.65000E+02  7.17990E+01  3.20100E+00
  1.65000E+02  5.57930E+01  3.20100E+00
  1.65000E+02  2.78960E+01  2.74400E+00
  1.65000E+02  2.41620E+01  0.00000E+00
  1.65000E+02  4.89340E+01  2.64000E+00
  1.65000E+02  4.71070E+01  2.23400E+00
  1.65000E+02  2.82230E+01  0.00000E+00
  1.65000E+02  2.61930E+01  0.00000E+00
  1.65000E+02  2.31470E+01  0.00000E+00
  1.65000E+02  1.80710E+01  0.00000E+00
  1.65000E+02  2.39590E+01  0.00000E+00
  1.65000E+02  2.31470E+01  0.00000E+00
  1.65000E+02  2.72080E+01  0.00000E+00
  1.65000E+02  2.59900E+01  0.00000E+00
  1.65000E+02  2.49750E+01  0.00000E+00
  1.65000E+02  4.22340E+01  1.82700E+00
  1.65000E+02  3.30960E+01  0.00000E+00
  1.65000E+02  2.53810E+01  0.00000E+00
  1.65000E+02  2.21320E+01  0.00000E+00
  1.65000E+02  2.21320E+01  0.00000E+00
  1.65000E+02  2.11170E+01  0.00000E+00
  1.65000E+02  2.11170E+01  0.00000E+00
  1.65000E+02  1.72590E+01  0.00000E+00
  1.65000E+02  2.21320E+01  0.00000E+00
  1.65000E+02  1.31980E+01  0.00000E+00
  1.65000E+02  1.31980E+01  0.00000E+00
  1.65000E+02  5.21830E+01  2.84300E+00
  1.65000E+02  6.21320E+01  3.24900E+00
  1.65000E+02  6.09140E+01  3.45200E+00
  1.65000E+02  3.24870E+01  0.00000E+00
  1.65000E+02  3.08630E+01  0.00000E+00
  1.65000E+02  2.53810E+01  0.00000E+00
  1.65000E+02  2.21320E+01  0.00000E+00
  1.65000E+02  2.92390E+01  0.00000E+00
  1.65000E+02  2.53810E+01  0.00000E+00
  1.65000E+02  2.39590E+01  0.00000E+00
  1.65000E+02  3.06600E+01  1.82700E+00
  1.65000E+02  1.62440E+01  0.00000E+00
  1.65000E+02  1.46190E+01  0.00000E+00
  1.65000E+02  1.50250E+01  0.00000E+00
  1.65000E+02  1.62440E+01  0.00000E+00
  1.65000E+02  3.20810E+01  1.62400E+00
  1.65000E+02  2.92390E+01  1.62400E+00
  1.65000E+02  7.69540E+01  3.85800E+00
  1.65000E+02  6.09140E+01  0.00000E+00
  1.65000E+02  6.01020E+01  2.84300E+00
  1.65000E+02  5.50250E+01  0.00000E+00
  1.65000E+02  5.01520E+01  2.64000E+00
  1.65000E+02  4.50760E+01  2.03000E+00
  1.65000E+02  3.53300E+01  2.03000E+00
  1.65000E+02  3.02540E+01  2.03000E+00
  1.65000E+02  2.72080E+01  0.00000E+00
  1.65000E+02  2.51780E+01  0.00000E+00
  1.65000E+02  3.04570E+01  0.00000E+00
  1.65000E+02  3.10660E+01  0.00000E+00
  1.65000E+02  3.47210E+01  0.00000E+00
  1.65000E+02  3.30960E+01  1.82700E+00
  1.65000E+02  3.43150E+01  1.21800E+00
  1.65000E+02  3.43150E+01  1.42100E+00
  1.65000E+02  3.30960E+01  1.82700E+00
  1.65000E+02  1.62440E+01  0.00000E+00
  1.65000E+02  2.23350E+01  0.00000E+00
  1.65000E+02  3.53300E+01  1.62400E+00
  1.65000E+02  1.42130E+01  0.00000E+00
  1.65000E+02  5.50250E+01  2.84300E+00
  1.65000E+02  4.20300E+01  2.23400E+00
  1.65000E+02  4.52790E+01  2.23400E+00
  1.65000E+02  5.70560E+01  2.84300E+00
  1.65000E+02  6.70050E+01  3.45200E+00
  1.65000E+02  7.30960E+01  3.45200E+00
  1.65000E+02  6.01020E+01  2.64000E+00
  1.65000E+02  5.60410E+01  2.43700E+00
  1.65000E+02  5.50250E+01  3.04600E+00
  1.65000E+02  5.60410E+01  2.84300E+00
  1.65000E+02  5.82740E+01  2.64000E+00
  1.65000E+02  4.89340E+01  2.23400E+00
  1.65000E+02  4.50760E+01  2.43700E+00
  1.65000E+02  4.02030E+01  2.23400E+00
  1.65000E+02  5.62440E+01  3.24900E+00
  1.65000E+02  5.90860E+01  3.24900E+00
  1.65000E+02  6.49750E+01  0.00000E+00
  1.65000E+02  7.02540E+01  3.04600E+00
  1.65000E+02  7.00510E+01  3.45200E+00
  1.65000E+02  5.40100E+01  2.84300E+00
  1.65000E+02  5.03550E+01  2.64000E+00
  1.65000E+02  4.71070E+01  2.64000E+00
  1.65000E+02  4.81220E+01  2.43700E+00
  1.65000E+02  5.82740E+01  3.04600E+00
  1.65000E+02  5.46190E+01  2.64000E+00
  1.65000E+02  2.92390E+01  1.82700E+00
  1.65000E+02  3.81730E+01  1.82700E+00
  1.65000E+02  4.22340E+01  2.23400E+00
  1.65000E+02  4.18270E+01  1.82700E+00
  1.65000E+02  3.63450E+01  1.82700E+00
  1.65000E+02  3.81730E+01  1.42100E+00
  1.65000E+02  5.03550E+01  2.43700E+00
  1.65000E+02  4.91370E+01  2.43700E+00
  1.65000E+02  4.38580E+01  2.43700E+00
  1.65000E+02  5.03550E+01  2.23400E+00
  1.65000E+02  3.71570E+01  0.00000E+00
  1.65000E+02  5.50250E+01  2.64000E+00
  1.65000E+02  6.11170E+01  3.04600E+00
  1.65000E+02  6.49750E+01  3.45200E+00
  1.65000E+02  1.04975E+02  5.48200E+00
  1.65000E+02  4.89340E+01  2.43700E+00
  1.65000E+02  3.22840E+01  1.82700E+00
  1.65000E+02  3.53300E+01  1.82700E+00
  1.65000E+02  3.47210E+01  2.03000E+00
  1.65000E+02  4.14210E+01  2.23400E+00
  1.65000E+02  1.72590E+01  0.00000E+00
  1.65000E+02  2.82230E+01  0.00000E+00
  1.65000E+02  3.85790E+01  2.03000E+00
  1.65000E+02  7.08630E+01  3.04600E+00
  1.65000E+02  4.81220E+01  2.23400E+00
  1.65000E+02  4.24370E+01  2.23400E+00
  1.65000E+02  4.81220E+01  1.82700E+00
# Full reference:
#K.Shahzad, F.J.Qureshi, J.Taj, A.Awais, J.Hussain, W.Akram,  S.Honey, I.Ahmad, M.Malik
#
#Jour. Nuclear Science and Techniques (Shanghai). Vol.27, p.33, 2016
#Differential elastic scattering cross sections of protons from Al in 2.4-4.8 MeV energy range
