# Target Z    :  13
# Target A    :  27
# Target state:  
# Projectile  : p
# Reaction    : (p,el)
# E-inc       :    0.498 MeV
# Quantity    : Angular distribution
# Frame       : L
# MF          :    4
# MT          :    2
# X4 ID       : D00780021
# X4 code     : 13-AL-27(P,EL)13-AL-27,,DA,,RTH
# Author      : Ramos                    
# Year        : 2002
# Data points :    322
#  Angle(deg)    xs(mb/sr) dxs(mb/sr) dAngle(deg)
  1.40000E+02  1.18586E+03  0.00000E+00
  1.40000E+02  1.05276E+03  0.00000E+00
  1.40000E+02  9.52312E+02  0.00000E+00
  1.40000E+02  8.52371E+02  0.00000E+00
  1.40000E+02  8.33146E+02  0.00000E+00
  1.40000E+02  7.65294E+02  0.00000E+00
  1.40000E+02  6.98953E+02  0.00000E+00
  1.40000E+02  6.33207E+02  0.00000E+00
  1.40000E+02  6.05505E+02  0.00000E+00
  1.40000E+02  5.90330E+02  0.00000E+00
  1.40000E+02  5.39628E+02  0.00000E+00
  1.40000E+02  4.90167E+02  0.00000E+00
  1.40000E+02  4.68004E+02  0.00000E+00
  1.40000E+02  4.34976E+02  0.00000E+00
  1.40000E+02  4.06757E+02  0.00000E+00
  1.40000E+02  4.02257E+02  0.00000E+00
  1.40000E+02  3.90749E+02  0.00000E+00
  1.40000E+02  3.83075E+02  0.00000E+00
  1.40000E+02  3.73271E+02  0.00000E+00
  1.40000E+02  3.61648E+02  0.00000E+00
  1.40000E+02  3.56295E+02  0.00000E+00
  1.40000E+02  3.49657E+02  0.00000E+00
  1.40000E+02  3.37535E+02  0.00000E+00
  1.40000E+02  3.31591E+02  0.00000E+00
  1.40000E+02  3.20121E+02  0.00000E+00
  1.40000E+02  3.05588E+02  0.00000E+00
  1.40000E+02  2.91679E+02  0.00000E+00
  1.40000E+02  2.89060E+02  0.00000E+00
  1.40000E+02  2.88853E+02  0.00000E+00
  1.40000E+02  2.83975E+02  0.00000E+00
  1.40000E+02  2.79706E+02  0.00000E+00
  1.40000E+02  2.84488E+02  0.00000E+00
  1.40000E+02  2.79182E+02  0.00000E+00
  1.40000E+02  2.80729E+02  0.00000E+00
  1.40000E+02  2.67673E+02  0.00000E+00
  1.40000E+02  2.73435E+02  0.00000E+00
  1.40000E+02  2.65616E+02  0.00000E+00
  1.40000E+02  2.61148E+02  0.00000E+00
  1.40000E+02  2.61116E+02  0.00000E+00
  1.40000E+02  2.62718E+02  0.00000E+00
  1.40000E+02  2.58415E+02  0.00000E+00
  1.40000E+02  2.58111E+02  0.00000E+00
  1.40000E+02  2.50013E+02  0.00000E+00
  1.40000E+02  2.48998E+02  0.00000E+00
  1.40000E+02  2.47481E+02  0.00000E+00
  1.40000E+02  2.43204E+02  0.00000E+00
  1.40000E+02  2.43749E+02  0.00000E+00
  1.40000E+02  2.41057E+02  0.00000E+00
  1.40000E+02  2.27162E+02  0.00000E+00
  1.40000E+02  2.19791E+02  0.00000E+00
  1.40000E+02  2.01078E+02  0.00000E+00
  1.40000E+02  2.15719E+02  0.00000E+00
  1.40000E+02  2.10060E+02  0.00000E+00
  1.40000E+02  1.94337E+02  0.00000E+00
  1.40000E+02  1.87746E+02  0.00000E+00
  1.40000E+02  1.75815E+02  0.00000E+00
  1.40000E+02  1.74469E+02  0.00000E+00
  1.40000E+02  1.69090E+02  0.00000E+00
  1.40000E+02  1.58620E+02  0.00000E+00
  1.40000E+02  1.51098E+02  0.00000E+00
  1.40000E+02  1.58758E+02  0.00000E+00
  1.40000E+02  1.56665E+02  0.00000E+00
  1.40000E+02  1.51526E+02  0.00000E+00
  1.40000E+02  1.50386E+02  0.00000E+00
  1.40000E+02  1.39008E+02  0.00000E+00
  1.40000E+02  1.35942E+02  0.00000E+00
  1.40000E+02  1.18623E+02  0.00000E+00
  1.40000E+02  1.37069E+02  0.00000E+00
  1.40000E+02  1.47130E+02  0.00000E+00
  1.40000E+02  1.39008E+02  0.00000E+00
  1.40000E+02  1.35239E+02  0.00000E+00
  1.40000E+02  1.43451E+02  0.00000E+00
  1.40000E+02  1.19720E+02  0.00000E+00
  1.40000E+02  1.37120E+02  0.00000E+00
  1.40000E+02  1.33355E+02  0.00000E+00
  1.40000E+02  1.35754E+02  0.00000E+00
  1.40000E+02  1.33971E+02  0.00000E+00
  1.40000E+02  1.31018E+02  0.00000E+00
  1.40000E+02  1.28818E+02  0.00000E+00
  1.40000E+02  1.26766E+02  0.00000E+00
  1.40000E+02  1.24272E+02  0.00000E+00
  1.40000E+02  1.14895E+02  0.00000E+00
  1.40000E+02  1.07311E+02  0.00000E+00
  1.40000E+02  1.18249E+02  0.00000E+00
  1.40000E+02  1.31293E+02  0.00000E+00
  1.40000E+02  1.25374E+02  0.00000E+00
  1.40000E+02  1.21055E+02  0.00000E+00
  1.40000E+02  1.18737E+02  0.00000E+00
  1.40000E+02  1.17189E+02  0.00000E+00
  1.40000E+02  1.08322E+02  0.00000E+00
  1.40000E+02  1.04866E+02  0.00000E+00
  1.40000E+02  1.01042E+02  0.00000E+00
  1.40000E+02  9.49030E+01  0.00000E+00
  1.40000E+02  1.28710E+02  0.00000E+00
  1.40000E+02  1.29294E+02  0.00000E+00
  1.40000E+02  1.15809E+02  0.00000E+00
  1.40000E+02  1.09365E+02  0.00000E+00
  1.40000E+02  1.05935E+02  0.00000E+00
  1.40000E+02  9.28790E+01  0.00000E+00
  1.40000E+02  1.06719E+02  0.00000E+00
  1.40000E+02  9.58440E+01  0.00000E+00
  1.40000E+02  1.02001E+02  0.00000E+00
  1.40000E+02  1.04667E+02  0.00000E+00
  1.40000E+02  1.04427E+02  0.00000E+00
  1.40000E+02  1.00849E+02  0.00000E+00
  1.40000E+02  9.93770E+01  0.00000E+00
  1.40000E+02  1.09185E+02  0.00000E+00
  1.40000E+02  1.11343E+02  0.00000E+00
  1.40000E+02  1.07336E+02  0.00000E+00
  1.40000E+02  1.06050E+02  0.00000E+00
  1.40000E+02  1.04412E+02  0.00000E+00
  1.40000E+02  1.04592E+02  0.00000E+00
  1.40000E+02  9.91500E+01  0.00000E+00
  1.40000E+02  9.80100E+01  0.00000E+00
  1.40000E+02  9.89740E+01  0.00000E+00
  1.40000E+02  9.38100E+01  0.00000E+00
  1.40000E+02  1.00305E+02  0.00000E+00
  1.40000E+02  1.01592E+02  0.00000E+00
  1.40000E+02  1.04393E+02  0.00000E+00
  1.40000E+02  9.69070E+01  0.00000E+00
  1.40000E+02  9.57430E+01  0.00000E+00
  1.40000E+02  9.21990E+01  0.00000E+00
  1.40000E+02  9.00900E+01  0.00000E+00
  1.40000E+02  7.30040E+01  0.00000E+00
  1.40000E+02  7.56110E+01  0.00000E+00
  1.40000E+02  6.85200E+01  0.00000E+00
  1.40000E+02  6.77350E+01  0.00000E+00
  1.40000E+02  7.57160E+01  0.00000E+00
  1.40000E+02  6.27900E+01  0.00000E+00
  1.40000E+02  1.16085E+02  0.00000E+00
  1.40000E+02  8.50950E+01  0.00000E+00
  1.40000E+02  7.45730E+01  0.00000E+00
  1.40000E+02  7.00800E+01  0.00000E+00
  1.40000E+02  8.35790E+01  0.00000E+00
  1.40000E+02  8.96480E+01  0.00000E+00
  1.40000E+02  7.22030E+01  0.00000E+00
  1.40000E+02  5.91940E+01  0.00000E+00
  1.40000E+02  6.14510E+01  0.00000E+00
  1.40000E+02  6.30650E+01  0.00000E+00
  1.40000E+02  7.42200E+01  0.00000E+00
  1.40000E+02  7.42340E+01  0.00000E+00
  1.40000E+02  7.66880E+01  0.00000E+00
  1.40000E+02  7.05700E+01  0.00000E+00
  1.40000E+02  7.03360E+01  0.00000E+00
  1.40000E+02  6.74740E+01  0.00000E+00
  1.40000E+02  6.21350E+01  0.00000E+00
  1.40000E+02  6.09470E+01  0.00000E+00
  1.40000E+02  4.91720E+01  0.00000E+00
  1.40000E+02  6.31780E+01  0.00000E+00
  1.40000E+02  4.81590E+01  0.00000E+00
  1.40000E+02  5.45650E+01  0.00000E+00
  1.40000E+02  6.16450E+01  0.00000E+00
  1.40000E+02  6.40770E+01  0.00000E+00
  1.40000E+02  6.10260E+01  0.00000E+00
  1.40000E+02  6.48610E+01  0.00000E+00
  1.40000E+02  6.00840E+01  0.00000E+00
  1.40000E+02  6.21890E+01  0.00000E+00
  1.40000E+02  6.20310E+01  0.00000E+00
  1.40000E+02  5.95560E+01  0.00000E+00
  1.40000E+02  6.52500E+01  0.00000E+00
  1.40000E+02  4.73730E+01  0.00000E+00
  1.40000E+02  5.53740E+01  0.00000E+00
  1.78000E+02  9.38556E+02  0.00000E+00
  1.78000E+02  8.18268E+02  0.00000E+00
  1.78000E+02  7.35815E+02  0.00000E+00
  1.78000E+02  6.81121E+02  0.00000E+00
  1.78000E+02  6.63827E+02  0.00000E+00
  1.78000E+02  6.10053E+02  0.00000E+00
  1.78000E+02  5.57644E+02  0.00000E+00
  1.78000E+02  5.04804E+02  0.00000E+00
  1.78000E+02  4.96136E+02  0.00000E+00
  1.78000E+02  4.64910E+02  0.00000E+00
  1.78000E+02  4.28361E+02  0.00000E+00
  1.78000E+02  3.98383E+02  0.00000E+00
  1.78000E+02  3.61806E+02  0.00000E+00
  1.78000E+02  3.71614E+02  0.00000E+00
  1.78000E+02  3.36969E+02  0.00000E+00
  1.78000E+02  3.17681E+02  0.00000E+00
  1.78000E+02  3.15121E+02  0.00000E+00
  1.78000E+02  3.07682E+02  0.00000E+00
  1.78000E+02  2.95818E+02  0.00000E+00
  1.78000E+02  2.85857E+02  0.00000E+00
  1.78000E+02  2.83618E+02  0.00000E+00
  1.78000E+02  2.81123E+02  0.00000E+00
  1.78000E+02  2.75317E+02  0.00000E+00
  1.78000E+02  2.58971E+02  0.00000E+00
  1.78000E+02  2.50788E+02  0.00000E+00
  1.78000E+02  2.35223E+02  0.00000E+00
  1.78000E+02  2.28277E+02  0.00000E+00
  1.78000E+02  2.27866E+02  0.00000E+00
  1.78000E+02  2.27929E+02  0.00000E+00
  1.78000E+02  2.17660E+02  0.00000E+00
  1.78000E+02  2.16635E+02  0.00000E+00
  1.78000E+02  2.17903E+02  0.00000E+00
  1.78000E+02  2.15396E+02  0.00000E+00
  1.78000E+02  2.13732E+02  0.00000E+00
  1.78000E+02  2.11462E+02  0.00000E+00
  1.78000E+02  1.94945E+02  0.00000E+00
  1.78000E+02  2.00806E+02  0.00000E+00
  1.78000E+02  1.97156E+02  0.00000E+00
  1.78000E+02  1.93612E+02  0.00000E+00
  1.78000E+02  1.96642E+02  0.00000E+00
  1.78000E+02  1.89911E+02  0.00000E+00
  1.78000E+02  1.96473E+02  0.00000E+00
  1.78000E+02  1.89187E+02  0.00000E+00
  1.78000E+02  1.81626E+02  0.00000E+00
  1.78000E+02  1.82149E+02  0.00000E+00
  1.78000E+02  1.80882E+02  0.00000E+00
  1.78000E+02  1.89393E+02  0.00000E+00
  1.78000E+02  1.76770E+02  0.00000E+00
  1.78000E+02  1.65599E+02  0.00000E+00
  1.78000E+02  1.72197E+02  0.00000E+00
  1.78000E+02  1.49956E+02  0.00000E+00
  1.78000E+02  1.84217E+02  0.00000E+00
  1.78000E+02  1.60923E+02  0.00000E+00
  1.78000E+02  1.54948E+02  0.00000E+00
  1.78000E+02  1.41189E+02  0.00000E+00
  1.78000E+02  1.32209E+02  0.00000E+00
  1.78000E+02  1.19383E+02  0.00000E+00
  1.78000E+02  1.24145E+02  0.00000E+00
  1.78000E+02  1.17392E+02  0.00000E+00
  1.78000E+02  1.26635E+02  0.00000E+00
  1.78000E+02  1.19974E+02  0.00000E+00
  1.78000E+02  1.16579E+02  0.00000E+00
  1.78000E+02  1.09941E+02  0.00000E+00
  1.78000E+02  1.01384E+02  0.00000E+00
  1.78000E+02  9.51340E+01  0.00000E+00
  1.78000E+02  1.15484E+02  0.00000E+00
  1.78000E+02  1.14792E+02  0.00000E+00
  1.78000E+02  1.10827E+02  0.00000E+00
  1.78000E+02  1.02961E+02  0.00000E+00
  1.78000E+02  1.12657E+02  0.00000E+00
  1.78000E+02  9.39310E+01  0.00000E+00
  1.78000E+02  1.05842E+02  0.00000E+00
  1.78000E+02  1.06498E+02  0.00000E+00
  1.78000E+02  1.06320E+02  0.00000E+00
  1.78000E+02  1.03222E+02  0.00000E+00
  1.78000E+02  1.04607E+02  0.00000E+00
  1.78000E+02  9.95160E+01  0.00000E+00
  1.78000E+02  9.78910E+01  0.00000E+00
  1.78000E+02  1.03199E+02  0.00000E+00
  1.78000E+02  9.02540E+01  0.00000E+00
  1.78000E+02  7.57760E+01  0.00000E+00
  1.78000E+02  7.10800E+01  0.00000E+00
  1.78000E+02  9.53080E+01  0.00000E+00
  1.78000E+02  1.11138E+02  0.00000E+00
  1.78000E+02  9.45450E+01  0.00000E+00
  1.78000E+02  9.23260E+01  0.00000E+00
  1.78000E+02  9.05440E+01  0.00000E+00
  1.78000E+02  9.12510E+01  0.00000E+00
  1.78000E+02  8.55800E+01  0.00000E+00
  1.78000E+02  7.88330E+01  0.00000E+00
  1.78000E+02  8.10880E+01  0.00000E+00
  1.78000E+02  7.66270E+01  0.00000E+00
  1.78000E+02  1.07488E+02  0.00000E+00
  1.78000E+02  1.02837E+02  0.00000E+00
  1.78000E+02  8.90840E+01  0.00000E+00
  1.78000E+02  8.58290E+01  0.00000E+00
  1.78000E+02  7.29080E+01  0.00000E+00
  1.78000E+02  7.07490E+01  0.00000E+00
  1.78000E+02  7.46130E+01  0.00000E+00
  1.78000E+02  8.18010E+01  0.00000E+00
  1.78000E+02  9.41810E+01  0.00000E+00
  1.78000E+02  9.06650E+01  0.00000E+00
  1.78000E+02  8.89170E+01  0.00000E+00
  1.78000E+02  8.35960E+01  0.00000E+00
  1.78000E+02  1.03457E+02  0.00000E+00
  1.78000E+02  9.83040E+01  0.00000E+00
  1.78000E+02  9.12810E+01  0.00000E+00
  1.78000E+02  8.73580E+01  0.00000E+00
  1.78000E+02  8.28940E+01  0.00000E+00
  1.78000E+02  8.19780E+01  0.00000E+00
  1.78000E+02  8.63840E+01  0.00000E+00
  1.78000E+02  7.98760E+01  0.00000E+00
  1.78000E+02  7.20620E+01  0.00000E+00
  1.78000E+02  7.39960E+01  0.00000E+00
  1.78000E+02  7.86080E+01  0.00000E+00
  1.78000E+02  7.71730E+01  0.00000E+00
  1.78000E+02  7.78290E+01  0.00000E+00
  1.78000E+02  7.59030E+01  0.00000E+00
  1.78000E+02  7.62810E+01  0.00000E+00
  1.78000E+02  7.27720E+01  0.00000E+00
  1.78000E+02  5.87890E+01  0.00000E+00
  1.78000E+02  5.22700E+01  0.00000E+00
  1.78000E+02  4.87460E+01  0.00000E+00
  1.78000E+02  5.03070E+01  0.00000E+00
  1.78000E+02  7.59940E+01  0.00000E+00
  1.78000E+02  5.57810E+01  0.00000E+00
  1.78000E+02  1.07909E+02  0.00000E+00
  1.78000E+02  6.65560E+01  0.00000E+00
  1.78000E+02  6.07520E+01  0.00000E+00
  1.78000E+02  6.03280E+01  0.00000E+00
  1.78000E+02  7.36340E+01  0.00000E+00
  1.78000E+02  7.00970E+01  0.00000E+00
  1.78000E+02  5.05950E+01  0.00000E+00
  1.78000E+02  3.58450E+01  0.00000E+00
  1.78000E+02  3.11350E+01  0.00000E+00
  1.78000E+02  4.68200E+01  0.00000E+00
  1.78000E+02  7.69760E+01  0.00000E+00
  1.78000E+02  7.10970E+01  0.00000E+00
  1.78000E+02  8.62020E+01  0.00000E+00
  1.78000E+02  6.71980E+01  0.00000E+00
  1.78000E+02  5.56030E+01  0.00000E+00
  1.78000E+02  5.84170E+01  0.00000E+00
  1.78000E+02  5.15370E+01  0.00000E+00
  1.78000E+02  5.17020E+01  0.00000E+00
  1.78000E+02  4.83970E+01  0.00000E+00
  1.78000E+02  3.21030E+01  0.00000E+00
  1.78000E+02  3.88310E+01  0.00000E+00
  1.78000E+02  3.19440E+01  0.00000E+00
  1.78000E+02  4.43560E+01  0.00000E+00
  1.78000E+02  5.39220E+01  0.00000E+00
  1.78000E+02  6.52460E+01  0.00000E+00
  1.78000E+02  5.47070E+01  0.00000E+00
  1.78000E+02  5.03180E+01  0.00000E+00
  1.78000E+02  4.59140E+01  0.00000E+00
  1.78000E+02  5.53950E+01  0.00000E+00
  1.78000E+02  4.59920E+01  0.00000E+00
  1.78000E+02  4.67360E+01  0.00000E+00
  1.78000E+02  5.89340E+01  0.00000E+00
  1.78000E+02  3.04230E+01  0.00000E+00
  1.78000E+02  3.49400E+01  0.00000E+00
# Full reference:
#A.R.Ramos,  A.Paul,  L.Rijniers,  M.F.Da Silva, J.C.Soares
#Jour. Nucl. Instrum. Methods in Physics Res., Sect.B Vol.190, p.95, 2002
#Measurement of (p,p) elastic differential cross sections fo carbon, nitrogen, oxygen, aluminium and silicon in  the 500-2500 keV range at 140 deg and
#178 deg laboratory scattering angles
