# Target Z    :  13
# Target A    :  27
# Target state:  
# Projectile  : p
# Reaction    : (p,el)
# E-inc       :    3.534 MeV
# Quantity    : Angular distribution
# Frame       : C
# MF          :    4
# MT          :    2
# X4 ID       : F1086002 
# X4 code     : 13-AL-27(P,EL)13-AL-27,,DA
# Author      : Mehta                    
# Year        : 1966
# Data points :    668
#  Angle(deg)    xs(mb/sr) dxs(mb/sr) dAngle(deg)
  9.20001E+01  1.85400E+02  0.00000E+00
  9.20001E+01  1.96280E+02  0.00000E+00
  9.20001E+01  1.93990E+02  0.00000E+00
  9.20001E+01  1.95700E+02  0.00000E+00
  9.20001E+01  1.89410E+02  0.00000E+00
  9.20001E+01  1.86550E+02  0.00000E+00
  9.20001E+01  1.78540E+02  0.00000E+00
  9.20001E+01  1.71100E+02  0.00000E+00
  9.20001E+01  1.65370E+02  0.00000E+00
  9.20001E+01  1.54500E+02  0.00000E+00
  9.20001E+01  1.38480E+02  0.00000E+00
  9.20001E+01  1.37910E+02  0.00000E+00
  9.20001E+01  1.41910E+02  0.00000E+00
  9.20001E+01  1.50500E+02  0.00000E+00
  9.20001E+01  1.39620E+02  0.00000E+00
  9.20001E+01  1.23030E+02  0.00000E+00
  9.20001E+01  1.03570E+02  0.00000E+00
  9.20001E+01  1.03000E+02  0.00000E+00
  9.20001E+01  1.23600E+02  0.00000E+00
  9.20001E+01  1.19590E+02  0.00000E+00
  9.20001E+01  1.37910E+02  0.00000E+00
  9.20001E+01  1.46490E+02  0.00000E+00
  9.20001E+01  1.59080E+02  0.00000E+00
  9.20001E+01  1.60220E+02  0.00000E+00
  9.20001E+01  1.89410E+02  0.00000E+00
  9.20001E+01  1.67090E+02  0.00000E+00
  9.20001E+01  1.50490E+02  0.00000E+00
  9.20001E+01  1.47060E+02  0.00000E+00
  9.20001E+01  1.45340E+02  0.00000E+00
  9.20001E+01  1.41340E+02  0.00000E+00
  9.20001E+01  1.23600E+02  0.00000E+00
  9.20001E+01  1.40760E+02  0.00000E+00
  9.20001E+01  1.52210E+02  0.00000E+00
  9.20001E+01  1.53930E+02  0.00000E+00
  9.20001E+01  1.50490E+02  0.00000E+00
  9.20001E+01  1.45340E+02  0.00000E+00
  9.20001E+01  1.32750E+02  0.00000E+00
  9.20001E+01  1.04140E+02  0.00000E+00
  9.20001E+01  1.01280E+02  0.00000E+00
  9.20001E+01  1.29320E+02  0.00000E+00
  9.20001E+01  1.53920E+02  0.00000E+00
  9.20001E+01  1.60220E+02  0.00000E+00
  9.20001E+01  1.65370E+02  0.00000E+00
  9.20001E+01  1.58500E+02  0.00000E+00
  9.20001E+01  1.60790E+02  0.00000E+00
  9.20001E+01  1.61930E+02  0.00000E+00
  9.20001E+01  1.60220E+02  0.00000E+00
  9.20001E+01  1.60220E+02  0.00000E+00
  9.20001E+01  1.59640E+02  0.00000E+00
  9.20001E+01  1.59070E+02  0.00000E+00
  9.20001E+01  1.56210E+02  0.00000E+00
  9.20001E+01  1.55070E+02  0.00000E+00
  9.20001E+01  1.55070E+02  0.00000E+00
  9.20001E+01  1.56210E+02  0.00000E+00
  9.20001E+01  1.51060E+02  0.00000E+00
  9.20001E+01  1.52780E+02  0.00000E+00
  9.20001E+01  1.54490E+02  0.00000E+00
  9.20001E+01  1.52200E+02  0.00000E+00
  9.20001E+01  1.47630E+02  0.00000E+00
  9.20001E+01  1.28740E+02  0.00000E+00
  9.20001E+01  1.36180E+02  0.00000E+00
  9.20001E+01  1.37900E+02  0.00000E+00
  9.20001E+01  1.40190E+02  0.00000E+00
  9.20001E+01  1.47630E+02  0.00000E+00
  9.20001E+01  1.51630E+02  0.00000E+00
  9.20001E+01  1.49340E+02  0.00000E+00
  9.20001E+01  1.45910E+02  0.00000E+00
  9.20001E+01  1.43620E+02  0.00000E+00
  9.20001E+01  1.44190E+02  0.00000E+00
  9.20001E+01  1.43050E+02  0.00000E+00
  9.20001E+01  1.33890E+02  0.00000E+00
  9.20001E+01  1.29880E+02  0.00000E+00
  9.20001E+01  1.07570E+02  0.00000E+00
  9.20001E+01  1.05850E+02  0.00000E+00
  9.20001E+01  1.19010E+02  0.00000E+00
  9.20001E+01  1.47620E+02  0.00000E+00
  9.20001E+01  1.55060E+02  0.00000E+00
  9.20001E+01  1.52770E+02  0.00000E+00
  9.20001E+01  1.48770E+02  0.00000E+00
  9.20001E+01  1.44190E+02  0.00000E+00
  9.20001E+01  1.41900E+02  0.00000E+00
  9.20001E+01  1.38470E+02  0.00000E+00
  9.20001E+01  1.42470E+02  0.00000E+00
  9.20001E+01  1.40760E+02  0.00000E+00
  9.20001E+01  1.42470E+02  0.00000E+00
  9.20001E+01  1.42470E+02  0.00000E+00
  9.20001E+01  1.41900E+02  0.00000E+00
  9.20001E+01  1.40180E+02  0.00000E+00
  9.20001E+01  1.42470E+02  0.00000E+00
  9.20001E+01  1.38470E+02  0.00000E+00
  9.20001E+01  1.31030E+02  0.00000E+00
  9.20001E+01  1.28740E+02  0.00000E+00
  9.20001E+01  1.20730E+02  0.00000E+00
  9.20001E+01  1.16720E+02  0.00000E+00
  9.20001E+01  1.14430E+02  0.00000E+00
  9.20001E+01  1.35030E+02  0.00000E+00
  9.20001E+01  1.36750E+02  0.00000E+00
  9.20001E+01  1.34460E+02  0.00000E+00
  9.20001E+01  1.25300E+02  0.00000E+00
  9.20001E+01  1.29880E+02  0.00000E+00
  9.20001E+01  1.32170E+02  0.00000E+00
  9.20001E+01  1.09850E+02  0.00000E+00
  9.20001E+01  1.02410E+02  0.00000E+00
  9.20001E+01  9.55460E+01  0.00000E+00
  9.20001E+01  9.32570E+01  0.00000E+00
  9.20001E+01  8.92510E+01  0.00000E+00
  9.20001E+01  9.03950E+01  0.00000E+00
  9.20001E+01  9.95510E+01  0.00000E+00
  9.20001E+01  1.00700E+02  0.00000E+00
  9.20001E+01  9.49730E+01  0.00000E+00
  9.20001E+01  1.06420E+02  0.00000E+00
  9.20001E+01  9.32560E+01  0.00000E+00
  9.20001E+01  8.46720E+01  0.00000E+00
  9.20001E+01  8.81050E+01  0.00000E+00
  9.20001E+01  9.26830E+01  0.00000E+00
  9.20001E+01  9.09660E+01  0.00000E+00
  9.20001E+01  9.61160E+01  0.00000E+00
  9.20001E+01  1.08700E+02  0.00000E+00
  9.20001E+01  1.27020E+02  0.00000E+00
  9.20001E+01  1.22440E+02  0.00000E+00
  9.20001E+01  1.28730E+02  0.00000E+00
  9.20001E+01  1.28160E+02  0.00000E+00
  9.20001E+01  1.40180E+02  0.00000E+00
  9.20001E+01  1.43040E+02  0.00000E+00
  9.20001E+01  1.40180E+02  0.00000E+00
  9.20001E+01  1.25300E+02  0.00000E+00
  9.20001E+01  1.25300E+02  0.00000E+00
  9.20001E+01  6.97920E+01  0.00000E+00
  9.20001E+01  4.11800E+01  0.00000E+00
  9.20001E+01  9.26800E+01  0.00000E+00
  9.20001E+01  8.23800E+01  0.00000E+00
  9.20001E+01  8.00910E+01  0.00000E+00
  9.20001E+01  9.21070E+01  0.00000E+00
  9.20001E+01  1.01840E+02  0.00000E+00
  9.20001E+01  1.06980E+02  0.00000E+00
  9.20001E+01  1.23010E+02  0.00000E+00
  9.20001E+01  1.17860E+02  0.00000E+00
  9.20001E+01  1.19000E+02  0.00000E+00
  9.20001E+01  5.37670E+01  0.00000E+00
  9.20001E+01  1.30450E+02  0.00000E+00
  9.20001E+01  8.06610E+01  0.00000E+00
  9.20001E+01  1.33310E+02  0.00000E+00
  9.20001E+01  1.29870E+02  0.00000E+00
  9.20001E+01  1.27580E+02  0.00000E+00
  9.20001E+01  1.29300E+02  0.00000E+00
  9.20001E+01  1.37880E+02  0.00000E+00
  9.20001E+01  1.32160E+02  0.00000E+00
  9.20001E+01  1.24150E+02  0.00000E+00
  9.20001E+01  1.20720E+02  0.00000E+00
  9.20001E+01  1.09270E+02  0.00000E+00
  9.20001E+01  1.09270E+02  0.00000E+00
  9.20001E+01  1.12130E+02  0.00000E+00
  9.20001E+01  1.10420E+02  0.00000E+00
  9.20001E+01  1.05270E+02  0.00000E+00
  9.20001E+01  9.89700E+01  0.00000E+00
  9.20001E+01  8.80980E+01  0.00000E+00
  9.20001E+01  9.49640E+01  0.00000E+00
  9.20001E+01  9.15310E+01  0.00000E+00
  9.20001E+01  8.98140E+01  0.00000E+00
  9.20001E+01  1.05840E+02  0.00000E+00
  9.20001E+01  1.16140E+02  0.00000E+00
  9.20001E+01  1.20710E+02  0.00000E+00
  9.20001E+01  1.16140E+02  0.00000E+00
  9.20001E+01  1.09270E+02  0.00000E+00
  9.20001E+01  1.05260E+02  0.00000E+00
  9.20001E+01  1.08700E+02  0.00000E+00
  9.20001E+01  9.66790E+01  0.00000E+00
  9.20001E+01  8.75230E+01  0.00000E+00
  9.20001E+01  6.63510E+01  0.00000E+00
  9.20001E+01  5.89120E+01  0.00000E+00
  9.20001E+01  8.06560E+01  0.00000E+00
  9.20001E+01  9.09560E+01  0.00000E+00
  9.20001E+01  9.26730E+01  0.00000E+00
  9.20001E+01  1.01830E+02  0.00000E+00
  9.20001E+01  1.09270E+02  0.00000E+00
  9.20001E+01  1.04690E+02  0.00000E+00
  9.20001E+01  1.09270E+02  0.00000E+00
  9.20001E+01  1.04120E+02  0.00000E+00
  9.20001E+01  1.01830E+02  0.00000E+00
  9.20001E+01  9.03820E+01  0.00000E+00
  9.20001E+01  8.92380E+01  0.00000E+00
  9.20001E+01  7.55040E+01  0.00000E+00
  9.20001E+01  7.32150E+01  0.00000E+00
  9.20001E+01  8.40870E+01  0.00000E+00
  9.20001E+01  9.43870E+01  0.00000E+00
  9.20001E+01  1.00110E+02  0.00000E+00
  9.20001E+01  1.04110E+02  0.00000E+00
  9.20001E+01  1.01830E+02  0.00000E+00
  9.20001E+01  1.04110E+02  0.00000E+00
  9.20001E+01  1.02400E+02  0.00000E+00
  9.20001E+01  1.00110E+02  0.00000E+00
  9.20001E+01  9.95360E+01  0.00000E+00
  9.20001E+01  1.00680E+02  0.00000E+00
  9.20001E+01  1.02400E+02  0.00000E+00
  9.20001E+01  1.02970E+02  0.00000E+00
  9.20001E+01  9.20960E+01  0.00000E+00
  9.20001E+01  9.49570E+01  0.00000E+00
  9.20001E+01  9.20960E+01  0.00000E+00
  9.20001E+01  8.69460E+01  0.00000E+00
  9.20001E+01  9.09510E+01  0.00000E+00
  9.20001E+01  9.66740E+01  0.00000E+00
  9.20001E+01  1.01820E+02  0.00000E+00
  9.20001E+01  1.00110E+02  0.00000E+00
  9.20001E+01  9.83900E+01  0.00000E+00
  9.20001E+01  9.61010E+01  0.00000E+00
  9.20001E+01  8.80890E+01  0.00000E+00
  9.20001E+01  8.92340E+01  0.00000E+00
  9.20001E+01  8.23670E+01  0.00000E+00
  9.20001E+01  7.43550E+01  0.00000E+00
  9.20001E+01  7.32110E+01  0.00000E+00
  9.20001E+01  9.32390E+01  0.00000E+00
  9.20001E+01  1.20130E+02  0.00000E+00
  9.20001E+01  1.24710E+02  0.00000E+00
  9.20001E+01  1.29860E+02  0.00000E+00
  9.20001E+01  1.35580E+02  0.00000E+00
  9.20001E+01  1.31000E+02  0.00000E+00
  9.20001E+01  1.24710E+02  0.00000E+00
  9.20001E+01  1.22990E+02  0.00000E+00
  9.20001E+01  1.24140E+02  0.00000E+00
  9.20001E+01  1.29860E+02  0.00000E+00
  9.20001E+01  1.24710E+02  0.00000E+00
  9.20001E+01  1.27570E+02  0.00000E+00
  9.20001E+01  1.26430E+02  0.00000E+00
  9.20001E+01  1.28140E+02  0.00000E+00
  9.20001E+01  1.27570E+02  0.00000E+00
  9.20001E+01  1.21280E+02  0.00000E+00
  9.20001E+01  1.21280E+02  0.00000E+00
  9.20001E+01  1.22420E+02  0.00000E+00
  9.20001E+01  1.29860E+02  0.00000E+00
  9.20001E+01  1.29290E+02  0.00000E+00
  9.20001E+01  1.27000E+02  0.00000E+00
  9.20001E+01  1.27570E+02  0.00000E+00
  9.20001E+01  1.20700E+02  0.00000E+00
  9.20001E+01  1.13830E+02  0.00000E+00
  9.20001E+01  1.09260E+02  0.00000E+00
  9.20001E+01  1.03530E+02  0.00000E+00
  9.20001E+01  1.00100E+02  0.00000E+00
  9.20001E+01  9.72390E+01  0.00000E+00
  9.20001E+01  9.66670E+01  0.00000E+00
  9.20001E+01  7.49220E+01  0.00000E+00
  9.20001E+01  9.03720E+01  0.00000E+00
  9.20001E+01  8.92270E+01  0.00000E+00
  9.20001E+01  8.46490E+01  0.00000E+00
  9.20001E+01  9.03710E+01  0.00000E+00
  9.20001E+01  1.05250E+02  0.00000E+00
  9.20001E+01  1.03530E+02  0.00000E+00
  9.20001E+01  1.03530E+02  0.00000E+00
  9.20001E+01  9.83820E+01  0.00000E+00
  9.20001E+01  1.02960E+02  0.00000E+00
  9.20001E+01  1.01240E+02  0.00000E+00
  9.20001E+01  1.02390E+02  0.00000E+00
  9.20001E+01  1.04100E+02  0.00000E+00
  9.20001E+01  1.05820E+02  0.00000E+00
  9.20001E+01  1.07540E+02  0.00000E+00
  9.20001E+01  1.04100E+02  0.00000E+00
  9.20001E+01  1.00670E+02  0.00000E+00
  9.20001E+01  1.12690E+02  0.00000E+00
  9.20001E+01  1.05820E+02  0.00000E+00
  9.20001E+01  1.08680E+02  0.00000E+00
  9.20001E+01  1.05250E+02  0.00000E+00
  9.20001E+01  1.05820E+02  0.00000E+00
  9.20001E+01  1.07540E+02  0.00000E+00
  9.20001E+01  9.83790E+01  0.00000E+00
  9.20001E+01  9.55180E+01  0.00000E+00
  9.20001E+01  9.03680E+01  0.00000E+00
  9.20001E+01  7.83510E+01  0.00000E+00
  9.20001E+01  7.43450E+01  0.00000E+00
  9.20001E+01  6.29000E+01  0.00000E+00
  9.20001E+01  6.63340E+01  0.00000E+00
  9.20001E+01  7.09110E+01  0.00000E+00
  9.20001E+01  8.00670E+01  0.00000E+00
  9.20001E+01  7.37720E+01  0.00000E+00
  9.20001E+01  8.75050E+01  0.00000E+00
  9.20001E+01  9.37990E+01  0.00000E+00
  9.20001E+01  9.89490E+01  0.00000E+00
  9.20001E+01  9.55160E+01  0.00000E+00
  9.20001E+01  9.60880E+01  0.00000E+00
  9.20001E+01  9.83770E+01  0.00000E+00
  9.20001E+01  9.20820E+01  0.00000E+00
  9.20001E+01  9.49430E+01  0.00000E+00
  9.20001E+01  9.15090E+01  0.00000E+00
  9.20001E+01  9.60870E+01  0.00000E+00
  9.20001E+01  8.63590E+01  0.00000E+00
  9.20001E+01  8.23530E+01  0.00000E+00
  9.20001E+01  8.29250E+01  0.00000E+00
  9.20001E+01  8.00640E+01  0.00000E+00
  9.20001E+01  8.06360E+01  0.00000E+00
  9.20001E+01  7.66300E+01  0.00000E+00
  9.20001E+01  8.12070E+01  0.00000E+00
  9.20001E+01  7.37680E+01  0.00000E+00
  9.20001E+01  6.51850E+01  0.00000E+00
  9.20001E+01  6.23230E+01  0.00000E+00
  9.20001E+01  6.51840E+01  0.00000E+00
  9.20001E+01  7.89180E+01  0.00000E+00
  9.20001E+01  7.09060E+01  0.00000E+00
  9.20001E+01  7.20500E+01  0.00000E+00
  9.20001E+01  6.74720E+01  0.00000E+00
  9.20001E+01  6.34670E+01  0.00000E+00
  9.20001E+01  5.48830E+01  0.00000E+00
  9.20001E+01  4.80160E+01  0.00000E+00
  9.20001E+01  4.62990E+01  0.00000E+00
  9.20001E+01  5.31660E+01  0.00000E+00
  9.20001E+01  6.68990E+01  0.00000E+00
  9.20001E+01  7.89160E+01  0.00000E+00
  9.20001E+01  8.46380E+01  0.00000E+00
  9.20001E+01  8.69270E+01  0.00000E+00
  9.20001E+01  9.77980E+01  0.00000E+00
  9.20001E+01  1.04090E+02  0.00000E+00
  9.20001E+01  1.16110E+02  0.00000E+00
  9.20001E+01  1.13820E+02  0.00000E+00
  9.20001E+01  1.08100E+02  0.00000E+00
  9.20001E+01  1.05810E+02  0.00000E+00
  9.20001E+01  1.07530E+02  0.00000E+00
  9.20001E+01  9.66530E+01  0.00000E+00
  9.20001E+01  8.63520E+01  0.00000E+00
  9.20001E+01  8.80690E+01  0.00000E+00
  9.20001E+01  8.69240E+01  0.00000E+00
  9.20001E+01  9.03580E+01  0.00000E+00
  9.20001E+01  9.43630E+01  0.00000E+00
  9.20001E+01  9.72240E+01  0.00000E+00
  9.20001E+01  9.37900E+01  0.00000E+00
  9.20001E+01  9.20740E+01  0.00000E+00
  9.20001E+01  9.26460E+01  0.00000E+00
  9.20001E+01  9.49340E+01  0.00000E+00
  9.20001E+01  9.49340E+01  0.00000E+00
  9.20001E+01  9.15010E+01  0.00000E+00
  9.20001E+01  8.97840E+01  0.00000E+00
  9.20001E+01  8.69230E+01  0.00000E+00
  9.20001E+01  8.34890E+01  0.00000E+00
  9.20001E+01  8.52050E+01  0.00000E+00
  9.20001E+01  9.49330E+01  0.00000E+00
  9.20001E+01  9.32160E+01  0.00000E+00
  9.20001E+01  8.57770E+01  0.00000E+00
  9.20001E+01  8.86380E+01  0.00000E+00
  9.20001E+01  8.11990E+01  0.00000E+00
  9.20001E+01  7.26150E+01  0.00000E+00
  9.20001E+01  6.51760E+01  0.00000E+00
  9.20001E+01  6.91810E+01  0.00000E+00
  9.20001E+01  7.26140E+01  0.00000E+00
  9.20001E+01  7.89090E+01  0.00000E+00
  9.20001E+01  7.89080E+01  0.00000E+00
  9.20001E+01  7.49030E+01  0.00000E+00
  9.20001E+01  7.26130E+01  0.00000E+00
  9.20001E+01  7.89080E+01  0.00000E+00
  9.20001E+01  8.46300E+01  0.00000E+00
  9.20001E+01  8.63460E+01  0.00000E+00
  9.20001E+01  8.23400E+01  0.00000E+00
  9.20001E+01  8.00510E+01  0.00000E+00
  9.20001E+01  7.08950E+01  0.00000E+00
  9.20001E+01  5.48730E+01  0.00000E+00
  9.20001E+01  5.08670E+01  0.00000E+00
  9.20001E+01  5.14390E+01  0.00000E+00
  9.20001E+01  7.26110E+01  0.00000E+00
  9.20001E+01  7.43280E+01  0.00000E+00
  9.20001E+01  4.74330E+01  0.00000E+00
  9.20001E+01  4.62880E+01  0.00000E+00
  9.20001E+01  5.31550E+01  0.00000E+00
  9.20001E+01  6.34550E+01  0.00000E+00
  9.20001E+01  6.68880E+01  0.00000E+00
  9.20001E+01  6.17380E+01  0.00000E+00
  9.20001E+01  6.23100E+01  0.00000E+00
  9.20001E+01  6.40260E+01  0.00000E+00
  9.20001E+01  7.08930E+01  0.00000E+00
  9.20001E+01  7.37540E+01  0.00000E+00
  9.20001E+01  7.77590E+01  0.00000E+00
  9.20001E+01  6.97480E+01  0.00000E+00
  9.20001E+01  6.40250E+01  0.00000E+00
  9.20001E+01  6.57420E+01  0.00000E+00
  9.20001E+01  6.80310E+01  0.00000E+00
  9.20001E+01  6.11630E+01  0.00000E+00
  9.20001E+01  5.54410E+01  0.00000E+00
  9.20001E+01  6.11630E+01  0.00000E+00
  9.20001E+01  5.48680E+01  0.00000E+00
  9.20001E+01  6.40240E+01  0.00000E+00
  9.20001E+01  5.60120E+01  0.00000E+00
  9.20001E+01  4.97180E+01  0.00000E+00
  9.20001E+01  4.80010E+01  0.00000E+00
  9.20001E+01  4.91450E+01  0.00000E+00
  9.20001E+01  5.48670E+01  0.00000E+00
  9.20001E+01  5.65840E+01  0.00000E+00
  9.20001E+01  5.77280E+01  0.00000E+00
  9.20001E+01  5.77280E+01  0.00000E+00
  9.20001E+01  8.29050E+01  0.00000E+00
  9.20001E+01  8.06160E+01  0.00000E+00
  9.20001E+01  7.77550E+01  0.00000E+00
  9.20001E+01  7.94710E+01  0.00000E+00
  9.20001E+01  7.48930E+01  0.00000E+00
  1.51000E+02  6.93040E+01  0.00000E+00
  1.51000E+02  8.74570E+01  0.00000E+00
  1.51000E+02  1.03910E+02  0.00000E+00
  1.51000E+02  8.74530E+01  0.00000E+00
  1.51000E+02  8.34790E+01  0.00000E+00
  1.51000E+02  8.06400E+01  0.00000E+00
  1.51000E+02  8.23390E+01  0.00000E+00
  1.51000E+02  1.11270E+02  0.00000E+00
  1.51000E+02  8.23360E+01  0.00000E+00
  1.51000E+02  8.91430E+01  0.00000E+00
  1.51000E+02  8.85740E+01  0.00000E+00
  1.51000E+02  9.42460E+01  0.00000E+00
  1.51000E+02  9.76490E+01  0.00000E+00
  1.51000E+02  1.01050E+02  0.00000E+00
  1.51000E+02  1.17500E+02  0.00000E+00
  1.51000E+02  1.13530E+02  0.00000E+00
  1.51000E+02  1.11830E+02  0.00000E+00
  1.51000E+02  1.03310E+02  0.00000E+00
  1.51000E+02  1.01040E+02  0.00000E+00
  1.51000E+02  9.08270E+01  0.00000E+00
  1.51000E+02  1.03870E+02  0.00000E+00
  1.51000E+02  1.14080E+02  0.00000E+00
  1.51000E+02  1.08410E+02  0.00000E+00
  1.51000E+02  1.16920E+02  0.00000E+00
  1.51000E+02  1.18050E+02  0.00000E+00
  1.51000E+02  9.70550E+01  0.00000E+00
  1.51000E+02  9.08120E+01  0.00000E+00
  1.51000E+02  8.74060E+01  0.00000E+00
  1.51000E+02  7.83260E+01  0.00000E+00
  1.51000E+02  7.60550E+01  0.00000E+00
  1.51000E+02  7.77540E+01  0.00000E+00
  1.51000E+02  7.54840E+01  0.00000E+00
  1.51000E+02  8.17230E+01  0.00000E+00
  1.51000E+02  8.51250E+01  0.00000E+00
  1.51000E+02  8.22880E+01  0.00000E+00
  1.51000E+02  8.17180E+01  0.00000E+00
  1.51000E+02  8.45540E+01  0.00000E+00
  1.51000E+02  8.05810E+01  0.00000E+00
  1.51000E+02  7.88770E+01  0.00000E+00
  1.51000E+02  8.45480E+01  0.00000E+00
  1.51000E+02  9.87300E+01  0.00000E+00
  1.51000E+02  9.92960E+01  0.00000E+00
  1.51000E+02  1.05540E+02  0.00000E+00
  1.51000E+02  1.01560E+02  0.00000E+00
  1.51000E+02  9.24820E+01  0.00000E+00
  1.51000E+02  9.02110E+01  0.00000E+00
  1.51000E+02  7.37540E+01  0.00000E+00
  1.51000E+02  6.24040E+01  0.00000E+00
  1.51000E+02  7.71540E+01  0.00000E+00
  1.51000E+02  7.88540E+01  0.00000E+00
  1.51000E+02  7.77170E+01  0.00000E+00
  1.51000E+02  7.43110E+01  0.00000E+00
  1.51000E+02  6.86360E+01  0.00000E+00
  1.51000E+02  6.63640E+01  0.00000E+00
  1.51000E+02  6.74960E+01  0.00000E+00
  1.51000E+02  7.03310E+01  0.00000E+00
  1.51000E+02  6.46550E+01  0.00000E+00
  1.51000E+02  6.23850E+01  0.00000E+00
  1.51000E+02  5.89790E+01  0.00000E+00
  1.51000E+02  4.42250E+01  0.00000E+00
  1.51000E+02  4.02530E+01  0.00000E+00
  1.51000E+02  3.85490E+01  0.00000E+00
  1.51000E+02  4.81910E+01  0.00000E+00
  1.51000E+02  4.36510E+01  0.00000E+00
  1.51000E+02  6.18040E+01  0.00000E+00
  1.51000E+02  6.52070E+01  0.00000E+00
  1.51000E+02  6.69080E+01  0.00000E+00
  1.51000E+02  6.69050E+01  0.00000E+00
  1.51000E+02  7.31430E+01  0.00000E+00
  1.51000E+02  6.97380E+01  0.00000E+00
  1.51000E+02  6.80330E+01  0.00000E+00
  1.51000E+02  5.95200E+01  0.00000E+00
  1.51000E+02  5.72490E+01  0.00000E+00
  1.51000E+02  4.98710E+01  0.00000E+00
  1.51000E+02  4.81680E+01  0.00000E+00
  1.51000E+02  4.93010E+01  0.00000E+00
  1.51000E+02  4.30540E+01  0.00000E+00
  1.51000E+02  4.70230E+01  0.00000E+00
  1.51000E+02  6.46100E+01  0.00000E+00
  1.51000E+02  6.46080E+01  0.00000E+00
  1.51000E+02  5.83660E+01  0.00000E+00
  1.51000E+02  5.49600E+01  0.00000E+00
  1.51000E+02  4.36100E+01  0.00000E+00
  1.51000E+02  4.07710E+01  0.00000E+00
  1.51000E+02  3.79320E+01  0.00000E+00
  1.51000E+02  4.19010E+01  0.00000E+00
  1.51000E+02  4.07650E+01  0.00000E+00
  1.51000E+02  4.24650E+01  0.00000E+00
  1.51000E+02  4.35980E+01  0.00000E+00
  1.51000E+02  4.81350E+01  0.00000E+00
  1.51000E+02  5.38060E+01  0.00000E+00
  1.51000E+02  7.08260E+01  0.00000E+00
  1.51000E+02  8.61430E+01  0.00000E+00
  1.51000E+02  8.95460E+01  0.00000E+00
  1.51000E+02  7.81950E+01  0.00000E+00
  1.51000E+02  7.42210E+01  0.00000E+00
  1.51000E+02  6.91130E+01  0.00000E+00
  1.51000E+02  5.54930E+01  0.00000E+00
  1.51000E+02  4.86830E+01  0.00000E+00
  1.51000E+02  4.18730E+01  0.00000E+00
  1.51000E+02  3.84660E+01  0.00000E+00
  1.51000E+02  4.86760E+01  0.00000E+00
  1.51000E+02  5.83200E+01  0.00000E+00
  1.51000E+02  6.11510E+01  0.00000E+00
  1.51000E+02  6.56880E+01  0.00000E+00
  1.51000E+02  6.00130E+01  0.00000E+00
  1.51000E+02  5.77410E+01  0.00000E+00
  1.51000E+02  4.69550E+01  0.00000E+00
  1.51000E+02  4.97900E+01  0.00000E+00
  1.51000E+02  7.64530E+01  0.00000E+00
  1.51000E+02  8.32590E+01  0.00000E+00
  1.51000E+02  7.81500E+01  0.00000E+00
  1.51000E+02  6.62330E+01  0.00000E+00
  1.51000E+02  5.77200E+01  0.00000E+00
  1.51000E+02  5.77180E+01  0.00000E+00
  1.51000E+02  6.67920E+01  0.00000E+00
  1.51000E+02  7.35990E+01  0.00000E+00
  1.51000E+02  7.81360E+01  0.00000E+00
  1.51000E+02  8.55100E+01  0.00000E+00
  1.51000E+02  7.98360E+01  0.00000E+00
  1.51000E+02  7.92670E+01  0.00000E+00
  1.51000E+02  7.58610E+01  0.00000E+00
  1.51000E+02  7.35890E+01  0.00000E+00
  1.51000E+02  6.90480E+01  0.00000E+00
  1.51000E+02  6.28050E+01  0.00000E+00
  1.51000E+02  5.88300E+01  0.00000E+00
  1.51000E+02  6.16650E+01  0.00000E+00
  1.51000E+02  6.16600E+01  0.00000E+00
  1.51000E+02  6.05230E+01  0.00000E+00
  1.51000E+02  6.56260E+01  0.00000E+00
  1.51000E+02  6.22210E+01  0.00000E+00
  1.51000E+02  6.39200E+01  0.00000E+00
  1.51000E+02  6.95900E+01  0.00000E+00
  1.51000E+02  7.29950E+01  0.00000E+00
  1.51000E+02  7.52620E+01  0.00000E+00
  1.51000E+02  7.69620E+01  0.00000E+00
  1.51000E+02  7.80930E+01  0.00000E+00
  1.51000E+02  7.35520E+01  0.00000E+00
  1.51000E+02  6.61730E+01  0.00000E+00
  1.51000E+02  5.82260E+01  0.00000E+00
  1.51000E+02  6.33290E+01  0.00000E+00
  1.51000E+02  5.76500E+01  0.00000E+00
  1.51000E+02  5.14040E+01  0.00000E+00
  1.51000E+02  4.91320E+01  0.00000E+00
  1.51000E+02  4.79960E+01  0.00000E+00
  1.51000E+02  4.62920E+01  0.00000E+00
  1.51000E+02  4.40180E+01  0.00000E+00
  1.51000E+02  5.59280E+01  0.00000E+00
  1.51000E+02  6.33010E+01  0.00000E+00
  1.51000E+02  7.40790E+01  0.00000E+00
  1.51000E+02  1.00180E+02  0.00000E+00
  1.51000E+02  6.38610E+01  0.00000E+00
  1.51000E+02  9.62010E+01  0.00000E+00
  1.51000E+02  5.59160E+01  0.00000E+00
  1.51000E+02  5.30760E+01  0.00000E+00
  1.51000E+02  5.36410E+01  0.00000E+00
  1.51000E+02  5.70430E+01  0.00000E+00
  1.51000E+02  5.98790E+01  0.00000E+00
  1.51000E+02  7.34930E+01  0.00000E+00
  1.51000E+02  8.08670E+01  0.00000E+00
  1.51000E+02  7.63260E+01  0.00000E+00
  1.51000E+02  7.40550E+01  0.00000E+00
  1.51000E+02  6.95130E+01  0.00000E+00
  1.51000E+02  7.29150E+01  0.00000E+00
  1.51000E+02  6.04310E+01  0.00000E+00
  1.51000E+02  6.44000E+01  0.00000E+00
  1.51000E+02  6.49630E+01  0.00000E+00
  1.51000E+02  5.64500E+01  0.00000E+00
  1.51000E+02  5.47460E+01  0.00000E+00
  1.51000E+02  4.56660E+01  0.00000E+00
  1.51000E+02  4.67990E+01  0.00000E+00
  1.51000E+02  5.30380E+01  0.00000E+00
  1.51000E+02  5.58730E+01  0.00000E+00
  1.51000E+02  5.81390E+01  0.00000E+00
  1.51000E+02  5.87040E+01  0.00000E+00
  1.51000E+02  5.81330E+01  0.00000E+00
  1.51000E+02  5.41590E+01  0.00000E+00
  1.51000E+02  4.67820E+01  0.00000E+00
  1.51000E+02  4.33750E+01  0.00000E+00
  1.51000E+02  3.99690E+01  0.00000E+00
  1.51000E+02  3.48600E+01  0.00000E+00
  1.51000E+02  3.08860E+01  0.00000E+00
  1.51000E+02  2.29400E+01  0.00000E+00
  1.51000E+02  2.06680E+01  0.00000E+00
  1.51000E+02  2.74730E+01  0.00000E+00
  1.51000E+02  2.97410E+01  0.00000E+00
  1.51000E+02  4.22200E+01  0.00000E+00
  1.51000E+02  5.58350E+01  0.00000E+00
  1.51000E+02  7.68260E+01  0.00000E+00
  1.51000E+02  1.12570E+02  0.00000E+00
  1.51000E+02  8.53320E+01  0.00000E+00
  1.51000E+02  8.13600E+01  0.00000E+00
  1.51000E+02  7.28470E+01  0.00000E+00
  1.51000E+02  6.60360E+01  0.00000E+00
  1.51000E+02  6.20620E+01  0.00000E+00
  1.51000E+02  7.28390E+01  0.00000E+00
  1.51000E+02  7.51070E+01  0.00000E+00
  1.51000E+02  9.26930E+01  0.00000E+00
  1.51000E+02  8.98550E+01  0.00000E+00
  1.51000E+02  9.21220E+01  0.00000E+00
  1.51000E+02  9.72260E+01  0.00000E+00
  1.51000E+02  1.01200E+02  0.00000E+00
  1.51000E+02  1.14240E+02  0.00000E+00
  1.51000E+02  1.18780E+02  0.00000E+00
  1.51000E+02  1.10270E+02  0.00000E+00
  1.51000E+02  1.05160E+02  0.00000E+00
  1.51000E+02  9.04070E+01  0.00000E+00
  1.51000E+02  9.26740E+01  0.00000E+00
  1.51000E+02  9.66440E+01  0.00000E+00
  1.51000E+02  1.00050E+02  0.00000E+00
  1.51000E+02  1.01750E+02  0.00000E+00
  1.51000E+02  9.94770E+01  0.00000E+00
  1.51000E+02  9.49350E+01  0.00000E+00
  1.51000E+02  9.83360E+01  0.00000E+00
  1.51000E+02  9.77650E+01  0.00000E+00
  1.51000E+02  9.88980E+01  0.00000E+00
  1.51000E+02  1.01730E+02  0.00000E+00
  1.51000E+02  1.01730E+02  0.00000E+00
  1.51000E+02  8.58420E+01  0.00000E+00
  1.51000E+02  9.03790E+01  0.00000E+00
  1.51000E+02  9.60520E+01  0.00000E+00
  1.51000E+02  9.15110E+01  0.00000E+00
  1.51000E+02  8.69700E+01  0.00000E+00
  1.51000E+02  8.46970E+01  0.00000E+00
  1.51000E+02  8.86660E+01  0.00000E+00
  1.51000E+02  8.97990E+01  0.00000E+00
  1.51000E+02  8.41220E+01  0.00000E+00
  1.51000E+02  9.43320E+01  0.00000E+00
  1.51000E+02  9.43300E+01  0.00000E+00
  1.51000E+02  8.75190E+01  0.00000E+00
  1.51000E+02  8.07080E+01  0.00000E+00
  1.51000E+02  8.58120E+01  0.00000E+00
  1.51000E+02  8.75120E+01  0.00000E+00
  1.51000E+02  9.26160E+01  0.00000E+00
  1.51000E+02  9.48840E+01  0.00000E+00
  1.51000E+02  9.26130E+01  0.00000E+00
  1.51000E+02  8.80710E+01  0.00000E+00
  1.51000E+02  8.80690E+01  0.00000E+00
  1.51000E+02  8.29600E+01  0.00000E+00
  1.51000E+02  8.01220E+01  0.00000E+00
  1.51000E+02  7.33100E+01  0.00000E+00
  1.51000E+02  7.95490E+01  0.00000E+00
  1.51000E+02  9.48650E+01  0.00000E+00
  1.51000E+02  9.31620E+01  0.00000E+00
  1.51000E+02  8.97570E+01  0.00000E+00
  1.51000E+02  8.52160E+01  0.00000E+00
  1.51000E+02  5.06030E+01  0.00000E+00
  1.51000E+02  4.66290E+01  0.00000E+00
  1.51000E+02  4.88960E+01  0.00000E+00
  1.51000E+02  6.19440E+01  0.00000E+00
  1.51000E+02  6.42110E+01  0.00000E+00
  1.51000E+02  4.43500E+01  0.00000E+00
  1.51000E+02  4.09440E+01  0.00000E+00
  1.51000E+02  4.54780E+01  0.00000E+00
  1.51000E+02  5.51220E+01  0.00000E+00
  1.51000E+02  6.13610E+01  0.00000E+00
  1.51000E+02  6.36260E+01  0.00000E+00
  1.51000E+02  6.58940E+01  0.00000E+00
  1.51000E+02  6.87300E+01  0.00000E+00
  1.51000E+02  6.30540E+01  0.00000E+00
  1.51000E+02  5.68100E+01  0.00000E+00
  1.51000E+02  4.88650E+01  0.00000E+00
  1.51000E+02  4.88630E+01  0.00000E+00
  1.51000E+02  5.16970E+01  0.00000E+00
  1.51000E+02  6.13400E+01  0.00000E+00
  1.51000E+02  4.71520E+01  0.00000E+00
  1.51000E+02  3.52350E+01  0.00000E+00
  1.51000E+02  3.23970E+01  0.00000E+00
  1.51000E+02  3.12610E+01  0.00000E+00
  1.51000E+02  3.29620E+01  0.00000E+00
  1.51000E+02  4.71430E+01  0.00000E+00
  1.51000E+02  2.55800E+01  0.00000E+00
  1.51000E+02  2.21750E+01  0.00000E+00
  1.51000E+02  3.23850E+01  0.00000E+00
  1.51000E+02  8.34460E+01  0.00000E+00
  1.51000E+02  7.49340E+01  0.00000E+00
  1.51000E+02  7.94730E+01  0.00000E+00
  1.51000E+02  7.60670E+01  0.00000E+00
  1.51000E+02  7.43630E+01  0.00000E+00
  1.51000E+02  7.20910E+01  0.00000E+00
  1.51000E+02  6.86860E+01  0.00000E+00
# Full reference:
#M.K.Mehta, J.John, S.S.Kerekatte, A.S.Divatia
#Jour. Nuclear Physics Vol.89, p.22, 1966
#Reactions induced by proton bombardment of aluminium.
