# Target Z    :  13
# Target A    :  27
# Target state:  
# Projectile  : p
# Reaction    : (p,el)
# E-inc       :    3.502 MeV
# Quantity    : Angular distribution
# Frame       : L
# MF          :    4
# MT          :    2
# X4 ID       : D0391002 
# X4 code     : 13-AL-27(P,EL)13-AL-27,,DA
# Author      : Elliott                  
# Year        : 1966
# Data points :   1928
#  Angle(deg)    xs(mb/sr) dxs(mb/sr) dAngle(deg)
  9.00000E+01  1.19600E+02  1.19600E+01
  9.00000E+01  1.19200E+02  1.19200E+01
  9.00000E+01  1.26800E+02  1.26800E+01
  9.00000E+01  1.26600E+02  1.26600E+01
  9.00000E+01  1.19000E+02  1.19000E+01
  9.00000E+01  1.18500E+02  1.18500E+01
  9.00000E+01  1.09900E+02  1.09900E+01
  9.00000E+01  1.09500E+02  1.09500E+01
  9.00000E+01  9.53700E+01  9.53700E+00
  9.00000E+01  9.54600E+01  9.54600E+00
  9.00000E+01  9.39400E+01  9.39400E+00
  9.00000E+01  9.36100E+01  9.36100E+00
  9.00000E+01  9.36100E+01  9.36100E+00
  9.00000E+01  9.39300E+01  9.39300E+00
  9.00000E+01  7.70300E+01  7.70300E+00
  9.00000E+01  7.69800E+01  7.69800E+00
  9.00000E+01  7.47200E+01  7.47200E+00
  9.00000E+01  7.47500E+01  7.47500E+00
  9.00000E+01  8.16200E+01  8.16200E+00
  9.00000E+01  8.16000E+01  8.16000E+00
  9.00000E+01  9.69100E+01  9.69100E+00
  9.00000E+01  9.70300E+01  9.70300E+00
  9.00000E+01  1.07600E+02  1.07600E+01
  9.00000E+01  1.07800E+02  1.07800E+01
  9.00000E+01  1.16800E+02  1.16800E+01
  9.00000E+01  1.16600E+02  1.16600E+01
  9.00000E+01  1.06200E+02  1.06200E+01
  9.00000E+01  1.05800E+02  1.05800E+01
  9.00000E+01  1.00700E+02  1.00700E+01
  9.00000E+01  1.00400E+02  1.00400E+01
  9.00000E+01  9.10100E+01  9.10100E+00
  9.00000E+01  9.05500E+01  9.05500E+00
  9.00000E+01  1.07700E+02  1.07700E+01
  9.00000E+01  1.07600E+02  1.07600E+01
  9.00000E+01  1.02300E+02  1.02300E+01
  9.00000E+01  1.03000E+02  1.03000E+01
  9.00000E+01  8.84500E+01  8.84500E+00
  9.00000E+01  7.71700E+01  7.71700E+00
  9.00000E+01  1.11100E+02  1.11100E+01
  9.00000E+01  7.74500E+01  7.74500E+00
  9.00000E+01  1.10800E+02  1.10800E+01
  9.00000E+01  1.14900E+02  1.14900E+01
  9.00000E+01  1.14400E+02  1.14400E+01
  9.00000E+01  1.14100E+02  1.14100E+01
  9.00000E+01  1.13000E+02  1.13000E+01
  9.00000E+01  1.17100E+02  1.17100E+01
  9.00000E+01  1.16300E+02  1.16300E+01
  9.00000E+01  1.16900E+02  1.16900E+01
  9.00000E+01  1.15800E+02  1.15800E+01
  9.00000E+01  1.16100E+02  1.16100E+01
  9.00000E+01  1.16000E+02  1.16000E+01
  9.00000E+01  1.15700E+02  1.15700E+01
  9.00000E+01  1.15600E+02  1.15600E+01
  9.00000E+01  1.15500E+02  1.15500E+01
  9.00000E+01  1.14700E+02  1.14700E+01
  9.00000E+01  1.14400E+02  1.14400E+01
  9.00000E+01  1.14600E+02  1.14600E+01
  9.00000E+01  1.03300E+02  1.03300E+01
  9.00000E+01  1.03600E+02  1.03600E+01
  9.00000E+01  1.02500E+02  1.02500E+01
  9.00000E+01  1.02400E+02  1.02400E+01
  9.00000E+01  1.03500E+02  1.03500E+01
  9.00000E+01  1.05700E+02  1.05700E+01
  9.00000E+01  1.07800E+02  1.07800E+01
  9.00000E+01  1.05600E+02  1.05600E+01
  9.00000E+01  1.13000E+02  1.13000E+01
  9.00000E+01  1.12700E+02  1.12700E+01
  9.00000E+01  1.10400E+02  1.10400E+01
  9.00000E+01  1.10700E+02  1.10700E+01
  9.00000E+01  1.06700E+02  1.06700E+01
  9.00000E+01  9.86400E+01  9.86400E+00
  9.00000E+01  9.84400E+01  9.84400E+00
  9.00000E+01  8.43200E+01  8.43200E+00
  9.00000E+01  8.44000E+01  8.44000E+00
  9.00000E+01  1.12900E+02  1.12900E+01
  9.00000E+01  9.92300E+01  9.92300E+00
  9.00000E+01  1.11900E+02  1.11900E+01
  9.00000E+01  1.12900E+02  1.12900E+01
  9.00000E+01  1.15900E+02  1.15900E+01
  9.00000E+01  1.15900E+02  1.15900E+01
  9.00000E+01  1.10300E+02  1.10300E+01
  9.00000E+01  1.10200E+02  1.10200E+01
  9.00000E+01  1.06500E+02  1.06500E+01
  9.00000E+01  1.06400E+02  1.06400E+01
  9.00000E+01  1.06000E+02  1.06000E+01
  9.00000E+01  1.06400E+02  1.06400E+01
  9.00000E+01  1.06200E+02  1.06200E+01
  9.00000E+01  1.06200E+02  1.06200E+01
  9.00000E+01  1.02800E+02  1.02800E+01
  9.00000E+01  8.68400E+01  8.68400E+00
  9.00000E+01  8.70900E+01  8.70900E+00
  9.00000E+01  1.02600E+02  1.02600E+01
  9.00000E+01  1.02700E+02  1.02700E+01
  9.00000E+01  9.75000E+01  9.75000E+00
  9.00000E+01  9.76600E+01  9.76600E+00
  9.00000E+01  9.28500E+01  9.28500E+00
  9.00000E+01  9.30500E+01  9.30500E+00
  9.00000E+01  8.03900E+01  8.03900E+00
  9.00000E+01  8.03400E+01  8.03400E+00
  9.00000E+01  7.11800E+01  7.11800E+00
  9.00000E+01  7.10600E+01  7.10600E+00
  9.00000E+01  6.91000E+01  6.91000E+00
  9.00000E+01  6.96400E+01  6.96400E+00
  9.00000E+01  6.90300E+01  6.90300E+00
  9.00000E+01  6.65600E+01  6.65600E+00
  9.00000E+01  6.76100E+01  6.76100E+00
  9.00000E+01  6.66000E+01  6.66000E+00
  9.00000E+01  6.17200E+01  6.17200E+00
  9.00000E+01  6.19500E+01  6.19500E+00
  9.00000E+01  6.28700E+01  6.28700E+00
  9.00000E+01  6.31500E+01  6.31500E+00
  9.00000E+01  7.59700E+01  7.59700E+00
  9.00000E+01  7.58400E+01  7.58400E+00
  9.00000E+01  9.37700E+01  9.37700E+00
  9.00000E+01  9.36800E+01  9.36800E+00
  9.00000E+01  9.88100E+01  9.88100E+00
  9.00000E+01  1.02000E+02  1.02000E+01
  9.00000E+01  1.01600E+02  1.01600E+01
  9.00000E+01  1.06900E+02  1.06900E+01
  9.00000E+01  1.06600E+02  1.06600E+01
  9.00000E+01  9.73400E+01  9.73400E+00
  9.00000E+01  9.75700E+01  9.75700E+00
  9.00000E+01  8.37600E+01  8.37600E+00
  9.00000E+01  8.36400E+01  8.36400E+00
  9.00000E+01  6.58000E+01  6.58000E+00
  9.00000E+01  6.58900E+01  6.58900E+00
  9.00000E+01  5.63600E+01  5.63600E+00
  9.00000E+01  5.62000E+01  5.62000E+00
  9.00000E+01  6.57900E+01  6.57900E+00
  9.00000E+01  6.58600E+01  6.58600E+00
  9.00000E+01  7.52100E+01  7.52100E+00
  9.00000E+01  7.49300E+01  7.49300E+00
  9.00000E+01  8.62100E+01  8.62100E+00
  9.00000E+01  8.67100E+01  8.67100E+00
  9.00000E+01  8.74200E+01  8.74200E+00
  9.00000E+01  7.45100E+01  7.45100E+00
  9.00000E+01  9.68800E+01  9.68800E+00
  9.00000E+01  9.65900E+01  9.65900E+00
  9.00000E+01  9.88800E+01  9.88800E+00
  9.00000E+01  9.91100E+01  9.91100E+00
  9.00000E+01  9.48400E+01  9.48400E+00
  9.00000E+01  9.47300E+01  9.47300E+00
  9.00000E+01  1.05100E+02  1.05100E+01
  9.00000E+01  1.06000E+02  1.06000E+01
  9.00000E+01  1.04100E+02  1.04100E+01
  9.00000E+01  1.03300E+02  1.03300E+01
  9.00000E+01  1.04200E+02  1.04200E+01
  9.00000E+01  1.00100E+02  1.00100E+01
  9.00000E+01  1.00900E+02  1.00900E+01
  9.00000E+01  9.24000E+01  9.24000E+00
  9.00000E+01  9.19700E+01  9.19700E+00
  9.00000E+01  7.69800E+01  7.69800E+00
  9.00000E+01  7.68400E+01  7.68400E+00
  9.00000E+01  7.44400E+01  7.44400E+00
  9.00000E+01  7.15800E+01  7.15800E+00
  9.00000E+01  7.21300E+01  7.21300E+00
  9.00000E+01  8.99200E+01  8.99200E+00
  9.00000E+01  9.00700E+01  9.00700E+00
  9.00000E+01  1.01400E+02  1.01400E+01
  9.00000E+01  1.01300E+02  1.01300E+01
  9.00000E+01  9.83600E+01  9.83600E+00
  9.00000E+01  9.83400E+01  9.83400E+00
  9.00000E+01  9.33100E+01  9.33100E+00
  9.00000E+01  9.37300E+01  9.37300E+00
  9.00000E+01  8.96700E+01  8.96700E+00
  9.00000E+01  8.98100E+01  8.98100E+00
  9.00000E+01  6.26500E+01  6.26500E+00
  9.00000E+01  6.26400E+01  6.26400E+00
  9.00000E+01  8.28900E+01  8.28900E+00
  9.00000E+01  8.21800E+01  8.21800E+00
  9.00000E+01  9.36700E+01  9.36700E+00
  9.00000E+01  9.37000E+01  9.37000E+00
  9.00000E+01  1.04100E+02  1.04100E+01
  9.00000E+01  1.04500E+02  1.04500E+01
  9.00000E+01  1.04300E+02  1.04300E+01
  9.00000E+01  9.60500E+01  9.60500E+00
  9.00000E+01  9.59800E+01  9.59800E+00
  9.00000E+01  8.73700E+01  8.73700E+00
  9.00000E+01  8.76900E+01  8.76900E+00
  9.00000E+01  7.45600E+01  7.45600E+00
  9.00000E+01  7.40500E+01  7.40500E+00
  9.00000E+01  9.25900E+01  9.25900E+00
  9.00000E+01  9.27400E+01  9.27400E+00
  9.00000E+01  9.78200E+01  9.78200E+00
  9.00000E+01  9.84800E+01  9.84800E+00
  9.00000E+01  9.66100E+01  9.66100E+00
  9.00000E+01  9.66300E+01  9.66300E+00
  9.00000E+01  9.57000E+01  9.57000E+00
  9.00000E+01  9.55700E+01  9.55700E+00
  9.00000E+01  9.57000E+01  9.57000E+00
  9.00000E+01  9.03200E+01  9.03200E+00
  9.00000E+01  7.70500E+01  7.70500E+00
  9.00000E+01  7.70100E+01  7.70100E+00
  9.00000E+01  8.78900E+01  8.78900E+00
  9.00000E+01  8.76300E+01  8.76300E+00
  9.00000E+01  9.31200E+01  9.31200E+00
  9.00000E+01  9.36000E+01  9.36000E+00
  9.00000E+01  9.15000E+01  9.15000E+00
  9.00000E+01  9.00800E+01  9.00800E+00
  9.00000E+01  9.01400E+01  9.01400E+00
  9.00000E+01  8.52300E+01  8.52300E+00
  9.00000E+01  8.57600E+01  8.57600E+00
  9.00000E+01  7.79300E+01  7.79300E+00
  9.00000E+01  7.75600E+01  7.75600E+00
  9.00000E+01  6.38900E+01  6.38900E+00
  9.00000E+01  6.38400E+01  6.38400E+00
  9.00000E+01  8.17700E+01  8.17700E+00
  9.00000E+01  8.20600E+01  8.20600E+00
  9.00000E+01  8.94300E+01  8.94300E+00
  9.00000E+01  8.96400E+01  8.96400E+00
  9.00000E+01  9.04200E+01  9.04200E+00
  9.00000E+01  9.10200E+01  9.10200E+00
  9.00000E+01  8.71800E+01  8.71800E+00
  9.00000E+01  8.73300E+01  8.73300E+00
  9.00000E+01  8.79900E+01  8.79900E+00
  9.00000E+01  8.82400E+01  8.82400E+00
  9.00000E+01  8.71700E+01  8.71700E+00
  9.00000E+01  8.77700E+01  8.77700E+00
  9.00000E+01  8.87600E+01  8.87600E+00
  9.00000E+01  8.86900E+01  8.86900E+00
  9.00000E+01  8.95600E+01  8.95600E+00
  9.00000E+01  8.98300E+01  8.98300E+00
  9.00000E+01  9.03500E+01  9.03500E+00
  9.00000E+01  9.09700E+01  9.09700E+00
  9.00000E+01  9.17600E+01  9.17600E+00
  9.00000E+01  9.07400E+01  9.07400E+00
  9.00000E+01  9.21100E+01  9.21100E+00
  9.00000E+01  8.89200E+01  8.89200E+00
  9.00000E+01  8.88900E+01  8.88900E+00
  9.00000E+01  8.00400E+01  8.00400E+00
  9.00000E+01  8.06000E+01  8.06000E+00
  9.00000E+01  7.18500E+01  7.18500E+00
  9.00000E+01  7.15600E+01  7.15600E+00
  9.00000E+01  6.76900E+01  6.76900E+00
  9.00000E+01  6.54900E+01  6.54900E+00
  9.00000E+01  6.60800E+01  6.60800E+00
  9.00000E+01  6.00900E+01  6.00900E+00
  9.00000E+01  5.17600E+01  5.17600E+00
  9.00000E+01  5.22500E+01  5.22500E+00
  9.00000E+01  5.80000E+01  5.80000E+00
  9.00000E+01  5.73900E+01  5.73900E+00
  9.00000E+01  6.56500E+01  6.56500E+00
  9.00000E+01  6.76600E+01  6.76600E+00
  9.00000E+01  7.04800E+01  7.04800E+00
  9.00000E+01  7.47100E+01  7.47100E+00
  9.00000E+01  7.54700E+01  7.54700E+00
  9.00000E+01  7.22800E+01  7.22800E+00
  9.00000E+01  7.22400E+01  7.22400E+00
  9.00000E+01  7.56900E+01  7.56900E+00
  9.00000E+01  7.61500E+01  7.61500E+00
  9.00000E+01  7.00400E+01  7.00400E+00
  9.00000E+01  7.03900E+01  7.03900E+00
  9.00000E+01  7.84300E+01  7.84300E+00
  9.00000E+01  7.80900E+01  7.80900E+00
  9.00000E+01  7.70800E+01  7.70800E+00
  9.00000E+01  7.60600E+01  7.60600E+00
  9.00000E+01  7.63500E+01  7.63500E+00
  9.00000E+01  7.56500E+01  7.56500E+00
  9.00000E+01  7.61200E+01  7.61200E+00
  9.00000E+01  6.31400E+01  6.31400E+00
  9.00000E+01  6.34500E+01  6.34500E+00
  9.00000E+01  5.38500E+01  5.38500E+00
  9.00000E+01  5.42400E+01  5.42400E+00
  9.00000E+01  4.54900E+01  4.54900E+00
  9.00000E+01  4.43700E+01  4.43700E+00
  9.00000E+01  4.50200E+01  4.50200E+00
  9.00000E+01  4.41500E+01  4.41500E+00
  9.00000E+01  5.18000E+01  5.18000E+00
  9.00000E+01  5.14600E+01  5.14600E+00
  9.00000E+01  6.46900E+01  6.46900E+00
  9.00000E+01  6.47900E+01  6.47900E+00
  9.00000E+01  7.19400E+01  7.19400E+00
  9.00000E+01  7.21500E+01  7.21500E+00
  9.00000E+01  7.01200E+01  7.01200E+00
  9.00000E+01  6.96100E+01  6.96100E+00
  9.00000E+01  7.23200E+01  7.23200E+00
  9.00000E+01  7.13100E+01  7.13100E+00
  9.00000E+01  7.28300E+01  7.28300E+00
  9.00000E+01  7.09800E+01  7.09800E+00
  9.00000E+01  6.88800E+01  6.88800E+00
  9.00000E+01  6.89000E+01  6.89000E+00
  9.00000E+01  6.36200E+01  6.36200E+00
  9.00000E+01  6.38300E+01  6.38300E+00
  9.00000E+01  5.95800E+01  5.95800E+00
  9.00000E+01  5.99100E+01  5.99100E+00
  9.00000E+01  5.89600E+01  5.89600E+00
  9.00000E+01  5.92100E+01  5.92100E+00
  9.00000E+01  4.98800E+01  4.98800E+00
  9.00000E+01  5.00000E+01  5.00000E+00
  9.00000E+01  5.45000E+01  5.45000E+00
  9.00000E+01  5.32100E+01  5.32100E+00
  9.00000E+01  6.31600E+01  6.31600E+00
  9.00000E+01  6.35600E+01  6.35600E+00
  9.00000E+01  5.67000E+01  5.67000E+00
  9.00000E+01  5.66500E+01  5.66500E+00
  9.00000E+01  4.39900E+01  4.39900E+00
  9.00000E+01  4.39900E+01  4.39900E+00
  9.00000E+01  3.59100E+01  3.59100E+00
  9.00000E+01  3.59200E+01  3.59200E+00
  9.00000E+01  4.90000E+01  4.90000E+00
  9.00000E+01  4.90300E+01  4.90300E+00
  9.00000E+01  6.69400E+01  6.69400E+00
  9.00000E+01  6.77500E+01  6.77500E+00
  9.00000E+01  7.49900E+01  7.49900E+00
  9.00000E+01  8.68600E+01  8.68600E+00
  9.00000E+01  7.59700E+01  7.59700E+00
  9.00000E+01  7.71800E+01  7.71800E+00
  9.00000E+01  7.57500E+01  7.57500E+00
  9.00000E+01  7.09000E+01  7.09000E+00
  9.00000E+01  6.76700E+01  6.76700E+00
  9.00000E+01  7.20800E+01  7.20800E+00
  9.00000E+01  7.16600E+01  7.16600E+00
  9.00000E+01  6.94400E+01  6.94400E+00
  9.00000E+01  6.64000E+01  6.64000E+00
  9.00000E+01  5.59100E+01  5.59100E+00
  9.00000E+01  6.17400E+01  6.17400E+00
  9.00000E+01  5.99000E+01  5.99000E+00
  9.00000E+01  5.06100E+01  5.06100E+00
  9.00000E+01  4.85900E+01  4.85900E+00
  9.00000E+01  5.14000E+01  5.14000E+00
  9.00000E+01  4.81500E+01  4.81500E+00
  9.00000E+01  5.11800E+01  5.11800E+00
  9.00000E+01  5.25900E+01  5.25900E+00
  9.00000E+01  5.58000E+01  5.58000E+00
  9.00000E+01  5.59900E+01  5.59900E+00
  9.00000E+01  4.99300E+01  4.99300E+00
  9.00000E+01  4.12600E+01  4.12600E+00
  9.00000E+01  3.76200E+01  3.76200E+00
  9.00000E+01  4.04300E+01  4.04300E+00
  9.00000E+01  4.34400E+01  4.34400E+00
  9.00000E+01  4.46500E+01  4.46500E+00
  9.00000E+01  4.30300E+01  4.30300E+00
  9.00000E+01  5.41100E+01  5.41100E+00
  9.00000E+01  5.71200E+01  5.71200E+00
  9.00000E+01  6.57700E+01  6.57700E+00
  9.00000E+01  6.23400E+01  6.23400E+00
  9.00000E+01  6.11200E+01  6.11200E+00
  9.00000E+01  6.23200E+01  6.23200E+00
  9.00000E+01  6.31100E+01  6.31100E+00
  9.00000E+01  6.02800E+01  6.02800E+00
  9.00000E+01  5.86600E+01  5.86600E+00
  9.00000E+01  5.34000E+01  5.34000E+00
  9.00000E+01  5.15800E+01  5.15800E+00
  9.00000E+01  5.41900E+01  5.41900E+00
  9.00000E+01  6.14400E+01  6.14400E+00
  9.00000E+01  6.30400E+01  6.30400E+00
  9.00000E+01  6.44400E+01  6.44400E+00
  9.00000E+01  6.28200E+01  6.28200E+00
  9.00000E+01  6.16000E+01  6.16000E+00
  9.00000E+01  5.63500E+01  5.63500E+00
  9.00000E+01  6.40000E+01  6.40000E+00
  9.00000E+01  6.19700E+01  6.19700E+00
  9.00000E+01  5.59000E+01  5.59000E+00
  9.00000E+01  5.08500E+01  5.08500E+00
  9.00000E+01  5.00300E+01  5.00300E+00
  9.00000E+01  5.48600E+01  5.48600E+00
  9.00000E+01  5.94800E+01  5.94800E+00
  9.00000E+01  6.51100E+01  6.51100E+00
  9.00000E+01  5.48100E+01  5.48100E+00
  9.00000E+01  5.19800E+01  5.19800E+00
  9.00000E+01  5.57900E+01  5.57900E+00
  9.00000E+01  4.75200E+01  4.75200E+00
  9.00000E+01  3.62200E+01  3.62200E+00
  9.00000E+01  4.02200E+01  4.02200E+00
  9.00000E+01  4.46500E+01  4.46500E+00
  9.00000E+01  4.54500E+01  4.54500E+00
  9.00000E+01  3.93800E+01  3.93800E+00
  9.00000E+01  4.20000E+01  4.20000E+00
  9.00000E+01  5.10600E+01  5.10600E+00
  9.00000E+01  5.20600E+01  5.20600E+00
  9.00000E+01  5.30600E+01  5.30600E+00
  9.00000E+01  4.90200E+01  4.90200E+00
  9.00000E+01  4.11400E+01  4.11400E+00
  9.00000E+01  4.55700E+01  4.55700E+00
  9.00000E+01  5.08000E+01  5.08000E+00
  9.00000E+01  4.45400E+01  4.45400E+00
  9.00000E+01  4.75500E+01  4.75500E+00
  9.00000E+01  4.85500E+01  4.85500E+00
  9.00000E+01  5.11600E+01  5.11600E+00
  9.00000E+01  5.03500E+01  5.03500E+00
  9.00000E+01  5.23500E+01  5.23500E+00
  9.00000E+01  5.87900E+01  5.87900E+00
  9.00000E+01  5.77700E+01  5.77700E+00
  9.00000E+01  4.93000E+01  4.93000E+00
  9.00000E+01  5.05100E+01  5.05100E+00
  9.00000E+01  4.50600E+01  4.50600E+00
  9.00000E+01  4.10100E+01  4.10100E+00
  9.00000E+01  4.24000E+01  4.24000E+00
  9.00000E+01  4.29900E+01  4.29900E+00
  9.00000E+01  4.37900E+01  4.37900E+00
  9.00000E+01  4.27800E+01  4.27800E+00
  9.00000E+01  3.83300E+01  3.83300E+00
  9.00000E+01  3.06600E+01  3.06600E+00
  9.00000E+01  3.46800E+01  3.46800E+00
  9.00000E+01  3.72900E+01  3.72900E+00
  9.00000E+01  3.80900E+01  3.80900E+00
  9.00000E+01  4.27200E+01  4.27200E+00
  9.00000E+01  5.19800E+01  5.19800E+00
  9.00000E+01  5.29900E+01  5.29900E+00
  9.00000E+01  5.13500E+01  5.13500E+00
  9.00000E+01  5.94000E+01  5.94000E+00
  9.00000E+01  5.49500E+01  5.49500E+00
  9.00000E+01  5.61600E+01  5.61600E+00
  9.00000E+01  5.71700E+01  5.71700E+00
  9.00000E+01  5.03000E+01  5.03000E+00
  9.00000E+01  4.56600E+01  4.56600E+00
  9.00000E+01  4.02000E+01  4.02000E+00
  9.00000E+01  3.53600E+01  3.53600E+00
  9.00000E+01  4.20000E+01  4.20000E+00
  9.00000E+01  4.07800E+01  4.07800E+00
  9.00000E+01  4.01700E+01  4.01700E+00
  9.00000E+01  4.17700E+01  4.17700E+00
  9.00000E+01  4.21700E+01  4.21700E+00
  9.00000E+01  3.95400E+01  3.95400E+00
  9.00000E+01  3.57000E+01  3.57000E+00
  9.00000E+01  3.93300E+01  3.93300E+00
  9.00000E+01  4.71800E+01  4.71800E+00
  9.00000E+01  4.33500E+01  4.33500E+00
  9.00000E+01  4.79700E+01  4.79700E+00
  9.00000E+01  4.73600E+01  4.73600E+00
  9.00000E+01  4.71400E+01  4.71400E+00
  9.00000E+01  4.63200E+01  4.63200E+00
  9.00000E+01  4.34900E+01  4.34900E+00
  9.00000E+01  4.51000E+01  4.51000E+00
  9.00000E+01  4.22700E+01  4.22700E+00
  9.00000E+01  4.26600E+01  4.26600E+00
  9.00000E+01  4.16300E+01  4.16300E+00
  9.00000E+01  4.28300E+01  4.28300E+00
  9.00000E+01  4.36300E+01  4.36300E+00
  9.00000E+01  4.20100E+01  4.20100E+00
  9.00000E+01  3.91800E+01  3.91800E+00
  9.00000E+01  3.51500E+01  3.51500E+00
  9.00000E+01  3.23200E+01  3.23200E+00
  9.00000E+01  3.03000E+01  3.03000E+00
  9.00000E+01  3.23100E+01  3.23100E+00
  9.00000E+01  3.49200E+01  3.49200E+00
  9.00000E+01  3.83400E+01  3.83400E+00
  9.00000E+01  3.87300E+01  3.87300E+00
  9.00000E+01  4.23500E+01  4.23500E+00
  9.00000E+01  4.77800E+01  4.77800E+00
  9.00000E+01  4.63700E+01  4.63700E+00
  9.00000E+01  4.47500E+01  4.47500E+00
  9.00000E+01  4.59500E+01  4.59500E+00
  9.00000E+01  4.49400E+01  4.49400E+00
  9.00000E+01  4.33200E+01  4.33200E+00
  9.00000E+01  4.22900E+01  4.22900E+00
  9.00000E+01  4.08800E+01  4.08800E+00
  9.00000E+01  3.96600E+01  3.96600E+00
  9.00000E+01  3.84500E+01  3.84500E+00
  9.00000E+01  3.72400E+01  3.72400E+00
  9.00000E+01  4.20600E+01  4.20600E+00
  9.00000E+01  4.36500E+01  4.36500E+00
  9.00000E+01  4.48400E+01  4.48400E+00
  9.00000E+01  4.36200E+01  4.36200E+00
  9.00000E+01  4.44200E+01  4.44200E+00
  9.00000E+01  4.29900E+01  4.29900E+00
  9.00000E+01  4.21800E+01  4.21800E+00
  9.00000E+01  3.91400E+01  3.91400E+00
  9.00000E+01  3.79100E+01  3.79100E+00
  9.00000E+01  3.48700E+01  3.48700E+00
  9.00000E+01  3.62800E+01  3.62800E+00
  9.00000E+01  3.68800E+01  3.68800E+00
  9.00000E+01  4.08900E+01  4.08900E+00
  9.00000E+01  4.12800E+01  4.12800E+00
  9.00000E+01  4.04700E+01  4.04700E+00
  9.00000E+01  3.78400E+01  3.78400E+00
  9.00000E+01  3.36000E+01  3.36000E+00
  9.00000E+01  2.95500E+01  2.95500E+00
  9.00000E+01  2.77300E+01  2.77300E+00
  9.00000E+01  2.87200E+01  2.87200E+00
  9.00000E+01  3.43600E+01  3.43600E+00
  9.00000E+01  3.57500E+01  3.57500E+00
  9.00000E+01  3.77500E+01  3.77500E+00
  9.00000E+01  3.81400E+01  3.81400E+00
  9.00000E+01  3.71200E+01  3.71200E+00
  9.00000E+01  3.48900E+01  3.48900E+00
  9.00000E+01  3.02500E+01  3.02500E+00
  9.00000E+01  3.08400E+01  3.08400E+00
  9.00000E+01  3.78900E+01  3.78900E+00
  9.00000E+01  4.53400E+01  4.53400E+00
  9.00000E+01  4.83600E+01  4.83600E+00
  9.00000E+01  4.91600E+01  4.91600E+00
  9.00000E+01  4.77300E+01  4.77300E+00
  9.00000E+01  4.47100E+01  4.47100E+00
  9.00000E+01  4.08700E+01  4.08700E+00
  9.00000E+01  4.44800E+01  4.44800E+00
  9.00000E+01  4.97200E+01  4.97200E+00
  9.00000E+01  5.05100E+01  5.05100E+00
  9.00000E+01  4.94900E+01  4.94900E+00
  9.00000E+01  4.84800E+01  4.84800E+00
  9.00000E+01  4.74600E+01  4.74600E+00
  9.00000E+01  4.60300E+01  4.60300E+00
  9.00000E+01  4.40000E+01  4.40000E+00
  9.00000E+01  4.23800E+01  4.23800E+00
  9.00000E+01  4.01600E+01  4.01600E+00
  9.00000E+01  3.89500E+01  3.89500E+00
  9.00000E+01  3.63100E+01  3.63100E+00
  9.00000E+01  3.16500E+01  3.16500E+00
  9.00000E+01  3.24500E+01  3.24500E+00
  9.00000E+01  3.16100E+01  3.16100E+00
  9.00000E+01  3.22000E+01  3.22000E+00
  9.00000E+01  3.35900E+01  3.35900E+00
  9.00000E+01  3.41800E+01  3.41800E+00
  9.00000E+01  3.35700E+01  3.35700E+00
  9.00000E+01  3.55700E+01  3.55700E+00
  9.00000E+01  3.89900E+01  3.89900E+00
  9.00000E+01  4.12100E+01  4.12100E+00
  9.00000E+01  4.42200E+01  4.42200E+00
  9.00000E+01  4.72300E+01  4.72300E+00
  9.00000E+01  4.58100E+01  4.58100E+00
  9.00000E+01  4.33800E+01  4.33800E+00
  9.00000E+01  3.75300E+01  3.75300E+00
  9.00000E+01  3.36800E+01  3.36800E+00
  9.00000E+01  3.28600E+01  3.28600E+00
  9.00000E+01  3.64800E+01  3.64800E+00
  9.00000E+01  3.88900E+01  3.88900E+00
  9.00000E+01  4.19000E+01  4.19000E+00
  9.00000E+01  4.06700E+01  4.06700E+00
  9.00000E+01  3.94600E+01  3.94600E+00
  9.00000E+01  3.88400E+01  3.88400E+00
  9.00000E+01  3.96400E+01  3.96400E+00
  9.00000E+01  3.78100E+01  3.78100E+00
  9.00000E+01  3.76000E+01  3.76000E+00
  9.00000E+01  3.59700E+01  3.59700E+00
  9.00000E+01  3.47600E+01  3.47600E+00
  9.00000E+01  3.41400E+01  3.41400E+00
  9.00000E+01  3.59500E+01  3.59500E+00
  9.00000E+01  3.61300E+01  3.61300E+00
  9.00000E+01  3.45100E+01  3.45100E+00
  9.00000E+01  3.32900E+01  3.32900E+00
  9.00000E+01  3.02600E+01  3.02600E+00
  9.00000E+01  2.84300E+01  2.84300E+00
  9.00000E+01  2.70100E+01  2.70100E+00
  9.00000E+01  2.64100E+01  2.64100E+00
  9.00000E+01  2.53900E+01  2.53900E+00
  9.00000E+01  2.94100E+01  2.94100E+00
  9.00000E+01  3.56500E+01  3.56500E+00
  9.00000E+01  3.18200E+01  3.18200E+00
  9.00000E+01  3.88700E+01  3.88700E+00
  9.00000E+01  4.02700E+01  4.02700E+00
  9.00000E+01  4.18700E+01  4.18700E+00
  9.00000E+01  4.26700E+01  4.26700E+00
  9.00000E+01  4.24500E+01  4.24500E+00
  9.00000E+01  4.18400E+01  4.18400E+00
  9.00000E+01  4.24300E+01  4.24300E+00
  9.00000E+01  4.10100E+01  4.10100E+00
  9.00000E+01  3.91900E+01  3.91900E+00
  9.00000E+01  3.63500E+01  3.63500E+00
  9.00000E+01  3.77500E+01  3.77500E+00
  9.00000E+01  4.07800E+01  4.07800E+00
  9.00000E+01  4.17700E+01  4.17700E+00
  9.00000E+01  4.31800E+01  4.31800E+00
  9.00000E+01  4.21700E+01  4.21700E+00
  9.00000E+01  3.89400E+01  3.89400E+00
  9.00000E+01  3.77200E+01  3.77200E+00
  9.00000E+01  3.60900E+01  3.60900E+00
  9.00000E+01  3.38600E+01  3.38600E+00
  9.00000E+01  3.12300E+01  3.12300E+00
  9.00000E+01  3.18300E+01  3.18300E+00
  9.00000E+01  3.56400E+01  3.56400E+00
  9.00000E+01  3.48200E+01  3.48200E+00
  9.00000E+01  3.38100E+01  3.38100E+00
  9.00000E+01  3.44000E+01  3.44000E+00
  9.00000E+01  3.70100E+01  3.70100E+00
  9.00000E+01  4.08200E+01  4.08200E+00
  9.00000E+01  4.18000E+01  4.18000E+00
  9.00000E+01  4.23800E+01  4.23800E+00
  9.00000E+01  4.05400E+01  4.05400E+00
  9.00000E+01  3.73100E+01  3.73100E+00
  9.00000E+01  3.81100E+01  3.81100E+00
  9.00000E+01  3.50800E+01  3.50800E+00
  9.00000E+01  3.34500E+01  3.34500E+00
  9.00000E+01  3.46400E+01  3.46400E+00
  9.00000E+01  3.18000E+01  3.18000E+00
  9.00000E+01  3.13900E+01  3.13900E+00
  9.00000E+01  3.25700E+01  3.25700E+00
  9.00000E+01  3.39700E+01  3.39700E+00
  9.00000E+01  3.39600E+01  3.39600E+00
  9.00000E+01  2.87000E+01  2.87000E+00
  9.00000E+01  3.23100E+01  3.23100E+00
  9.00000E+01  3.24900E+01  3.24900E+00
  9.00000E+01  3.20600E+01  3.20600E+00
  9.00000E+01  2.90200E+01  2.90200E+00
  9.00000E+01  2.67900E+01  2.67900E+00
  9.00000E+01  2.77800E+01  2.77800E+00
  9.00000E+01  2.91900E+01  2.91900E+00
  9.00000E+01  3.48100E+01  3.48100E+00
  9.00000E+01  3.54000E+01  3.54000E+00
  9.00000E+01  3.37800E+01  3.37800E+00
  9.00000E+01  3.27600E+01  3.27600E+00
  9.00000E+01  3.17500E+01  3.17500E+00
  9.00000E+01  3.05300E+01  3.05300E+00
  9.00000E+01  2.85100E+01  2.85100E+00
  9.00000E+01  2.72900E+01  2.72900E+00
  9.00000E+01  2.62700E+01  2.62700E+00
  9.00000E+01  2.72800E+01  2.72800E+00
  9.00000E+01  3.17100E+01  3.17100E+00
  9.00000E+01  3.04900E+01  3.04900E+00
  9.00000E+01  2.80600E+01  2.80600E+00
  9.00000E+01  2.70300E+01  2.70300E+00
  9.00000E+01  2.74200E+01  2.74200E+00
  9.00000E+01  2.84100E+01  2.84100E+00
  9.00000E+01  2.92100E+01  2.92100E+00
  9.00000E+01  2.85900E+01  2.85900E+00
  9.00000E+01  3.18100E+01  3.18100E+00
  9.00000E+01  3.50300E+01  3.50300E+00
  9.00000E+01  3.09800E+01  3.09800E+00
  9.00000E+01  3.52000E+01  3.52000E+00
  9.00000E+01  4.08400E+01  4.08400E+00
  9.00000E+01  4.24400E+01  4.24400E+00
  9.00000E+01  4.18200E+01  4.18200E+00
  9.00000E+01  4.32200E+01  4.32200E+00
  9.00000E+01  4.28100E+01  4.28100E+00
  9.00000E+01  3.91700E+01  3.91700E+00
  9.00000E+01  3.55300E+01  3.55300E+00
  9.00000E+01  3.37000E+01  3.37000E+00
  9.00000E+01  3.26800E+01  3.26800E+00
  9.00000E+01  3.14700E+01  3.14700E+00
  9.00000E+01  3.10500E+01  3.10500E+00
  9.00000E+01  3.42700E+01  3.42700E+00
  9.00000E+01  3.38500E+01  3.38500E+00
  9.00000E+01  3.30400E+01  3.30400E+00
  9.00000E+01  3.08100E+01  3.08100E+00
  9.00000E+01  3.32100E+01  3.32100E+00
  9.00000E+01  3.21800E+01  3.21800E+00
  9.00000E+01  3.15600E+01  3.15600E+00
  9.00000E+01  3.15400E+01  3.15400E+00
  9.00000E+01  3.33400E+01  3.33400E+00
  9.00000E+01  3.59500E+01  3.59500E+00
  9.00000E+01  3.71500E+01  3.71500E+00
  9.00000E+01  3.85500E+01  3.85500E+00
  9.00000E+01  3.81300E+01  3.81300E+00
  9.00000E+01  3.71100E+01  3.71100E+00
  9.00000E+01  3.56900E+01  3.56900E+00
  9.00000E+01  3.72900E+01  3.72900E+00
  9.00000E+01  3.62700E+01  3.62700E+00
  9.00000E+01  3.88800E+01  3.88800E+00
  9.00000E+01  3.60500E+01  3.60500E+00
  9.00000E+01  3.28200E+01  3.28200E+00
  9.00000E+01  2.89900E+01  2.89900E+00
  9.00000E+01  3.10000E+01  3.10000E+00
  9.00000E+01  3.20000E+01  3.20000E+00
  9.00000E+01  3.09900E+01  3.09900E+00
  9.00000E+01  3.44000E+01  3.44000E+00
  9.00000E+01  3.33800E+01  3.33800E+00
  9.00000E+01  3.13500E+01  3.13500E+00
  9.00000E+01  3.13300E+01  3.13300E+00
  9.00000E+01  3.27200E+01  3.27200E+00
  9.00000E+01  3.21000E+01  3.21000E+00
  9.00000E+01  3.08800E+01  3.08800E+00
  9.00000E+01  3.00700E+01  3.00700E+00
  9.00000E+01  3.04600E+01  3.04600E+00
  9.00000E+01  3.28500E+01  3.28500E+00
  9.00000E+01  3.34400E+01  3.34400E+00
  9.00000E+01  3.18200E+01  3.18200E+00
  9.00000E+01  3.26100E+01  3.26100E+00
  9.00000E+01  3.50200E+01  3.50200E+00
  9.00000E+01  3.66200E+01  3.66200E+00
  9.00000E+01  3.80100E+01  3.80100E+00
  9.00000E+01  3.70000E+01  3.70000E+00
  9.00000E+01  3.57800E+01  3.57800E+00
  9.00000E+01  3.45700E+01  3.45700E+00
  9.00000E+01  3.29400E+01  3.29400E+00
  9.00000E+01  3.35200E+01  3.35200E+00
  9.00000E+01  3.16900E+01  3.16900E+00
  9.00000E+01  3.12700E+01  3.12700E+00
  9.00000E+01  3.46900E+01  3.46900E+00
  9.00000E+01  3.69000E+01  3.69000E+00
  9.00000E+01  3.91100E+01  3.91100E+00
  9.00000E+01  4.13200E+01  4.13200E+00
  9.00000E+01  3.99000E+01  3.99000E+00
  9.00000E+01  3.86800E+01  3.86800E+00
  9.00000E+01  3.74600E+01  3.74600E+00
  9.00000E+01  3.70400E+01  3.70400E+00
  9.00000E+01  3.54300E+01  3.54300E+00
  9.00000E+01  3.13800E+01  3.13800E+00
  9.00000E+01  3.29800E+01  3.29800E+00
  9.00000E+01  3.23600E+01  3.23600E+00
  9.00000E+01  3.25400E+01  3.25400E+00
  9.00000E+01  3.19300E+01  3.19300E+00
  9.00000E+01  3.09000E+01  3.09000E+00
  9.00000E+01  3.29100E+01  3.29100E+00
  9.00000E+01  3.69300E+01  3.69300E+00
  9.00000E+01  3.93400E+01  3.93400E+00
  9.00000E+01  4.09400E+01  4.09400E+00
  9.00000E+01  4.05300E+01  4.05300E+00
  9.00000E+01  4.09200E+01  4.09200E+00
  9.00000E+01  4.13100E+01  4.13100E+00
  9.00000E+01  4.00900E+01  4.00900E+00
  9.00000E+01  4.10900E+01  4.10900E+00
  9.00000E+01  3.94600E+01  3.94600E+00
  9.00000E+01  3.76400E+01  3.76400E+00
  9.00000E+01  3.52100E+01  3.52100E+00
  9.00000E+01  3.27800E+01  3.27800E+00
  9.00000E+01  3.39700E+01  3.39700E+00
  9.00000E+01  3.51800E+01  3.51800E+00
  9.00000E+01  3.71900E+01  3.71900E+00
  9.00000E+01  3.86000E+01  3.86000E+00
  9.00000E+01  3.81800E+01  3.81800E+00
  9.00000E+01  3.69600E+01  3.69600E+00
  9.00000E+01  3.61400E+01  3.61400E+00
  9.00000E+01  3.61200E+01  3.61200E+00
  9.00000E+01  3.85200E+01  3.85200E+00
  9.00000E+01  4.01200E+01  4.01200E+00
  9.00000E+01  4.03000E+01  4.03000E+00
  9.00000E+01  3.88800E+01  3.88800E+00
  9.00000E+01  3.84500E+01  3.84500E+00
  9.00000E+01  4.04600E+01  4.04600E+00
  9.00000E+01  3.98500E+01  3.98500E+00
  9.00000E+01  3.88300E+01  3.88300E+00
  9.00000E+01  3.70000E+01  3.70000E+00
  9.00000E+01  3.59800E+01  3.59800E+00
  9.00000E+01  3.67800E+01  3.67800E+00
  9.00000E+01  3.79800E+01  3.79800E+00
  9.00000E+01  3.89800E+01  3.89800E+00
  9.00000E+01  3.93800E+01  3.93800E+00
  9.00000E+01  3.83500E+01  3.83500E+00
  9.00000E+01  3.67300E+01  3.67300E+00
  9.00000E+01  3.81400E+01  3.81400E+00
  9.00000E+01  3.59100E+01  3.59100E+00
  9.00000E+01  3.55000E+01  3.55000E+00
  9.00000E+01  3.77000E+01  3.77000E+00
  9.00000E+01  3.91100E+01  3.91100E+00
  9.00000E+01  4.03100E+01  4.03100E+00
  9.00000E+01  3.94900E+01  3.94900E+00
  9.00000E+01  3.74600E+01  3.74600E+00
  9.00000E+01  3.54300E+01  3.54300E+00
  9.00000E+01  3.64400E+01  3.64400E+00
  9.00000E+01  3.01800E+01  3.01800E+00
  9.00000E+01  3.07800E+01  3.07800E+00
  9.00000E+01  3.23800E+01  3.23800E+00
  9.00000E+01  3.19600E+01  3.19600E+00
  9.00000E+01  3.25500E+01  3.25500E+00
  9.00000E+01  3.37500E+01  3.37500E+00
  9.00000E+01  3.33400E+01  3.33400E+00
  9.00000E+01  3.37400E+01  3.37400E+00
  9.00000E+01  3.51300E+01  3.51300E+00
  9.00000E+01  3.43000E+01  3.43000E+00
  9.00000E+01  3.38800E+01  3.38800E+00
  9.00000E+01  3.48800E+01  3.48800E+00
  9.00000E+01  3.40700E+01  3.40700E+00
  9.00000E+01  3.12300E+01  3.12300E+00
  9.00000E+01  2.90000E+01  2.90000E+00
  9.00000E+01  2.89800E+01  2.89800E+00
  9.00000E+01  2.85700E+01  2.85700E+00
  9.00000E+01  2.99600E+01  2.99600E+00
  9.00000E+01  3.07600E+01  3.07600E+00
  9.00000E+01  3.15500E+01  3.15500E+00
  9.00000E+01  3.35600E+01  3.35600E+00
  9.00000E+01  3.39500E+01  3.39500E+00
  9.00000E+01  3.45500E+01  3.45500E+00
  9.00000E+01  3.47400E+01  3.47400E+00
  9.00000E+01  3.43200E+01  3.43200E+00
  9.00000E+01  3.49200E+01  3.49200E+00
  9.00000E+01  3.34900E+01  3.34900E+00
  9.00000E+01  3.32800E+01  3.32800E+00
  9.00000E+01  3.42800E+01  3.42800E+00
  9.00000E+01  3.32600E+01  3.32600E+00
  9.00000E+01  3.22400E+01  3.22400E+00
  9.00000E+01  3.12200E+01  3.12200E+00
  9.00000E+01  3.02000E+01  3.02000E+00
  9.00000E+01  3.16000E+01  3.16000E+00
  9.00000E+01  3.07900E+01  3.07900E+00
  9.00000E+01  3.01800E+01  3.01800E+00
  9.00000E+01  2.85500E+01  2.85500E+00
  9.00000E+01  2.89400E+01  2.89400E+00
  9.00000E+01  2.93300E+01  2.93300E+00
  9.00000E+01  3.03200E+01  3.03200E+00
  9.00000E+01  2.99100E+01  2.99100E+00
  9.00000E+01  3.03100E+01  3.03100E+00
  9.00000E+01  2.98900E+01  2.98900E+00
  9.00000E+01  2.88700E+01  2.88700E+00
  9.00000E+01  2.82500E+01  2.82500E+00
  9.00000E+01  2.74300E+01  2.74300E+00
  9.00000E+01  2.72200E+01  2.72200E+00
  9.00000E+01  2.61900E+01  2.61900E+00
  9.00000E+01  2.55800E+01  2.55800E+00
  9.00000E+01  2.59700E+01  2.59700E+00
  9.00000E+01  2.73700E+01  2.73700E+00
  9.00000E+01  2.69500E+01  2.69500E+00
  9.00000E+01  2.75400E+01  2.75400E+00
  9.00000E+01  2.63200E+01  2.63200E+00
  9.00000E+01  2.71100E+01  2.71100E+00
  9.00000E+01  2.73000E+01  2.73000E+00
  9.00000E+01  2.87000E+01  2.87000E+00
  9.00000E+01  2.93000E+01  2.93000E+00
  9.00000E+01  3.05000E+01  3.05000E+00
  9.00000E+01  3.06900E+01  3.06900E+00
  9.00000E+01  3.00800E+01  3.00800E+00
  9.00000E+01  2.90500E+01  2.90500E+00
  9.00000E+01  2.80200E+01  2.80200E+00
  9.00000E+01  2.82100E+01  2.82100E+00
  9.00000E+01  2.83900E+01  2.83900E+00
  9.00000E+01  2.71700E+01  2.71700E+00
  9.00000E+01  2.59500E+01  2.59500E+00
  9.00000E+01  2.49300E+01  2.49300E+00
  9.00000E+01  2.33000E+01  2.33000E+00
  9.00000E+01  2.24800E+01  2.24800E+00
  9.00000E+01  2.08600E+01  2.08600E+00
  9.00000E+01  2.16700E+01  2.16700E+00
  9.00000E+01  2.14500E+01  2.14500E+00
  9.00000E+01  2.20400E+01  2.20400E+00
  9.00000E+01  2.14300E+01  2.14300E+00
  9.00000E+01  2.28400E+01  2.28400E+00
  9.00000E+01  2.36300E+01  2.36300E+00
  9.00000E+01  2.40200E+01  2.40200E+00
  9.00000E+01  2.50200E+01  2.50200E+00
  9.00000E+01  2.56200E+01  2.56200E+00
  9.00000E+01  2.54100E+01  2.54100E+00
  9.00000E+01  2.31800E+01  2.31800E+00
  9.00000E+01  2.43800E+01  2.43800E+00
  9.00000E+01  2.57800E+01  2.57800E+00
  9.00000E+01  2.65700E+01  2.65700E+00
  9.00000E+01  2.61600E+01  2.61600E+00
  9.00000E+01  2.49300E+01  2.49300E+00
  9.00000E+01  2.49200E+01  2.49200E+00
  9.00000E+01  2.55100E+01  2.55100E+00
  9.00000E+01  2.65100E+01  2.65100E+00
  9.00000E+01  2.73100E+01  2.73100E+00
  9.00000E+01  2.83100E+01  2.83100E+00
  9.00000E+01  2.83000E+01  2.83000E+00
  9.00000E+01  2.80800E+01  2.80800E+00
  9.00000E+01  2.76600E+01  2.76600E+00
  9.00000E+01  2.70400E+01  2.70400E+00
  9.00000E+01  2.70300E+01  2.70300E+00
  9.00000E+01  2.70100E+01  2.70100E+00
  9.00000E+01  2.66000E+01  2.66000E+00
  9.00000E+01  2.55600E+01  2.55600E+00
  9.00000E+01  2.43400E+01  2.43400E+00
  9.00000E+01  2.35100E+01  2.35100E+00
  9.00000E+01  2.39000E+01  2.39000E+00
  9.00000E+01  2.32800E+01  2.32800E+00
  9.00000E+01  2.36700E+01  2.36700E+00
  9.00000E+01  2.34500E+01  2.34500E+00
  9.00000E+01  2.32400E+01  2.32400E+00
  9.00000E+01  2.36300E+01  2.36300E+00
  9.00000E+01  2.22100E+01  2.22100E+00
  9.00000E+01  2.18000E+01  2.18000E+00
  9.00000E+01  2.23900E+01  2.23900E+00
  9.00000E+01  2.27800E+01  2.27800E+00
  9.00000E+01  2.41800E+01  2.41800E+00
  9.00000E+01  2.55800E+01  2.55800E+00
  9.00000E+01  2.63700E+01  2.63700E+00
  9.00000E+01  2.49400E+01  2.49400E+00
  9.00000E+01  2.45300E+01  2.45300E+00
  9.00000E+01  2.47200E+01  2.47200E+00
  9.00000E+01  2.61200E+01  2.61200E+00
  9.00000E+01  2.81200E+01  2.81200E+00
  9.00000E+01  2.95200E+01  2.95200E+00
  9.00000E+01  2.99000E+01  2.99000E+00
  9.00000E+01  2.98800E+01  2.98800E+00
  9.00000E+01  2.80600E+01  2.80600E+00
  9.00000E+01  2.78400E+01  2.78400E+00
  9.00000E+01  2.80300E+01  2.80300E+00
  9.00000E+01  2.84200E+01  2.84200E+00
  9.00000E+01  2.76000E+01  2.76000E+00
  9.00000E+01  2.70000E+01  2.70000E+00
  9.00000E+01  2.65800E+01  2.65800E+00
  9.00000E+01  2.55600E+01  2.55600E+00
  9.00000E+01  2.53400E+01  2.53400E+00
  9.00000E+01  2.55300E+01  2.55300E+00
  9.00000E+01  2.59200E+01  2.59200E+00
  9.00000E+01  2.65100E+01  2.65100E+00
  9.00000E+01  2.75000E+01  2.75000E+00
  9.00000E+01  2.72900E+01  2.72900E+00
  9.00000E+01  2.68700E+01  2.68700E+00
  9.00000E+01  2.64600E+01  2.64600E+00
  9.00000E+01  2.60400E+01  2.60400E+00
  9.00000E+01  2.58300E+01  2.58300E+00
  9.00000E+01  2.50100E+01  2.50100E+00
  9.00000E+01  2.35900E+01  2.35900E+00
  9.00000E+01  2.35800E+01  2.35800E+00
  9.00000E+01  2.27600E+01  2.27600E+00
  9.00000E+01  2.23400E+01  2.23400E+00
  9.00000E+01  2.17200E+01  2.17200E+00
  9.00000E+01  2.19100E+01  2.19100E+00
  9.00000E+01  2.21000E+01  2.21000E+00
  9.00000E+01  2.34900E+01  2.34900E+00
  9.00000E+01  2.44800E+01  2.44800E+00
  9.00000E+01  2.52800E+01  2.52800E+00
  9.00000E+01  2.62700E+01  2.62700E+00
  9.00000E+01  2.58500E+01  2.58500E+00
  9.00000E+01  2.58400E+01  2.58400E+00
  9.00000E+01  2.54200E+01  2.54200E+00
  9.00000E+01  2.56100E+01  2.56100E+00
  9.00000E+01  2.70100E+01  2.70100E+00
  9.00000E+01  2.64000E+01  2.64000E+00
  9.00000E+01  2.80000E+01  2.80000E+00
  9.00000E+01  2.81900E+01  2.81900E+00
  9.00000E+01  2.71700E+01  2.71700E+00
  9.00000E+01  2.57500E+01  2.57500E+00
  9.00000E+01  2.51300E+01  2.51300E+00
  9.00000E+01  2.49200E+01  2.49200E+00
  9.00000E+01  2.59100E+01  2.59100E+00
  9.00000E+01  2.71000E+01  2.71000E+00
  9.00000E+01  2.68900E+01  2.68900E+00
  9.00000E+01  2.72800E+01  2.72800E+00
  9.00000E+01  2.80700E+01  2.80700E+00
  9.00000E+01  2.86600E+01  2.86600E+00
  9.00000E+01  2.84400E+01  2.84400E+00
  9.00000E+01  2.74300E+01  2.74300E+00
  9.00000E+01  2.68100E+01  2.68100E+00
  9.00000E+01  2.59900E+01  2.59900E+00
  9.00000E+01  2.57700E+01  2.57700E+00
  9.00000E+01  2.59600E+01  2.59600E+00
  9.00000E+01  2.57500E+01  2.57500E+00
  9.00000E+01  2.47300E+01  2.47300E+00
  9.00000E+01  2.43100E+01  2.43100E+00
  9.00000E+01  2.36900E+01  2.36900E+00
  9.00000E+01  2.38800E+01  2.38800E+00
  9.00000E+01  2.38600E+01  2.38600E+00
  1.40000E+02  4.61800E+01  4.61800E+00
  1.40000E+02  4.64800E+01  4.64800E+00
  1.40000E+02  4.32500E+01  4.32500E+00
  1.40000E+02  4.27500E+01  4.27500E+00
  1.40000E+02  4.41500E+01  4.41500E+00
  1.40000E+02  4.77600E+01  4.77600E+00
  1.40000E+02  5.40600E+01  5.40600E+00
  1.40000E+02  5.39700E+01  5.39700E+00
  1.40000E+02  5.63700E+01  5.63700E+00
  1.40000E+02  6.09500E+01  6.09500E+00
  1.40000E+02  6.11600E+01  6.11600E+00
  1.40000E+02  6.18700E+01  6.18700E+00
  1.40000E+02  5.38100E+01  5.38100E+00
  1.40000E+02  5.35200E+01  5.35200E+00
  1.40000E+02  5.26500E+01  5.26500E+00
  1.40000E+02  5.31000E+01  5.31000E+00
  1.40000E+02  5.26400E+01  5.26400E+00
  1.40000E+02  5.52900E+01  5.52900E+00
  1.40000E+02  5.53900E+01  5.53900E+00
  1.40000E+02  6.04900E+01  6.04900E+00
  1.40000E+02  6.06800E+01  6.06800E+00
  1.40000E+02  5.78700E+01  5.78700E+00
  1.40000E+02  5.76800E+01  5.76800E+00
  1.40000E+02  5.21500E+01  5.21500E+00
  1.40000E+02  5.18400E+01  5.18400E+00
  1.40000E+02  6.38800E+01  6.38800E+00
  1.40000E+02  6.28500E+01  6.28500E+00
  1.40000E+02  6.18400E+01  6.18400E+00
  1.40000E+02  6.11100E+01  6.11100E+00
  1.40000E+02  6.08300E+01  6.08300E+00
  1.40000E+02  6.31700E+01  6.31700E+00
  1.40000E+02  6.26200E+01  6.26200E+00
  1.40000E+02  6.13200E+01  6.13200E+00
  1.40000E+02  6.14000E+01  6.14000E+00
  1.40000E+02  6.46000E+01  6.46000E+00
  1.40000E+02  6.50000E+01  6.50000E+00
  1.40000E+02  5.78600E+01  5.78600E+00
  1.40000E+02  5.75700E+01  5.75700E+00
  1.40000E+02  5.41700E+01  5.41700E+00
  1.40000E+02  5.39500E+01  5.39500E+00
  1.40000E+02  7.18800E+01  7.18800E+00
  1.40000E+02  7.17700E+01  7.17700E+00
  1.40000E+02  6.03700E+01  6.03700E+00
  1.40000E+02  6.01300E+01  6.01300E+00
  1.40000E+02  5.27600E+01  5.27600E+00
  1.40000E+02  5.23000E+01  5.23000E+00
  1.40000E+02  4.88500E+01  4.88500E+00
  1.40000E+02  4.84800E+01  4.84800E+00
  1.40000E+02  4.49300E+01  4.49300E+00
  1.40000E+02  4.42600E+01  4.42600E+00
  1.40000E+02  4.35400E+01  4.35400E+00
  1.40000E+02  4.28400E+01  4.28400E+00
  1.40000E+02  4.28400E+01  4.28400E+00
  1.40000E+02  4.26200E+01  4.26200E+00
  1.40000E+02  4.32900E+01  4.32900E+00
  1.40000E+02  4.30100E+01  4.30100E+00
  1.40000E+02  4.37500E+01  4.37500E+00
  1.40000E+02  4.37900E+01  4.37900E+00
  1.40000E+02  4.81100E+01  4.81100E+00
  1.40000E+02  4.76000E+01  4.76000E+00
  1.40000E+02  4.57900E+01  4.57900E+00
  1.40000E+02  4.58000E+01  4.58000E+00
  1.40000E+02  4.67800E+01  4.67800E+00
  1.40000E+02  4.85600E+01  4.85600E+00
  1.40000E+02  4.77700E+01  4.77700E+00
  1.40000E+02  4.80900E+01  4.80900E+00
  1.40000E+02  3.93400E+01  3.93400E+00
  1.40000E+02  3.93200E+01  3.93200E+00
  1.40000E+02  4.07100E+01  4.07100E+00
  1.40000E+02  4.05100E+01  4.05100E+00
  1.40000E+02  4.53100E+01  4.53100E+00
  1.40000E+02  4.47100E+01  4.47100E+00
  1.40000E+02  4.48400E+01  4.48400E+00
  1.40000E+02  4.47000E+01  4.47000E+00
  1.40000E+02  6.71400E+01  6.71400E+00
  1.40000E+02  7.55600E+01  7.55600E+00
  1.40000E+02  4.89700E+01  4.89700E+00
  1.40000E+02  7.89600E+01  7.89600E+00
  1.40000E+02  7.91100E+01  7.91100E+00
  1.40000E+02  6.18400E+01  6.18400E+00
  1.40000E+02  6.16900E+01  6.16900E+00
  1.40000E+02  4.57300E+01  4.57300E+00
  1.40000E+02  4.54400E+01  4.54400E+00
  1.40000E+02  4.04300E+01  4.04300E+00
  1.40000E+02  3.76600E+01  3.76600E+00
  1.40000E+02  3.60400E+01  3.60400E+00
  1.40000E+02  3.69900E+01  3.69900E+00
  1.40000E+02  3.46500E+01  3.46500E+00
  1.40000E+02  3.55700E+01  3.55700E+00
  1.40000E+02  3.02700E+01  3.02700E+00
  1.40000E+02  3.37600E+01  3.37600E+00
  1.40000E+02  3.14200E+01  3.14200E+00
  1.40000E+02  2.99400E+01  2.99400E+00
  1.40000E+02  3.18800E+01  3.18800E+00
  1.40000E+02  3.15300E+01  3.15300E+00
  1.40000E+02  4.11500E+01  4.11500E+00
  1.40000E+02  4.40600E+01  4.40600E+00
  1.40000E+02  4.88900E+01  4.88900E+00
  1.40000E+02  4.83500E+01  4.83500E+00
  1.40000E+02  3.78400E+01  3.78400E+00
  1.40000E+02  3.75100E+01  3.75100E+00
  1.40000E+02  5.41700E+01  5.41700E+00
  1.40000E+02  5.37300E+01  5.37300E+00
  1.40000E+02  3.25300E+01  3.25300E+00
  1.40000E+02  3.41300E+01  3.41300E+00
  1.40000E+02  3.28600E+01  3.28600E+00
  1.40000E+02  3.40500E+01  3.40500E+00
  1.40000E+02  4.70100E+01  4.70100E+00
  1.40000E+02  4.66700E+01  4.66700E+00
  1.40000E+02  4.56200E+01  4.56200E+00
  1.40000E+02  4.52500E+01  4.52500E+00
  1.40000E+02  4.90600E+01  4.90600E+00
  1.40000E+02  4.97600E+01  4.97600E+00
  1.40000E+02  7.16900E+01  7.16900E+00
  1.40000E+02  7.16100E+01  7.16100E+00
  1.40000E+02  8.90900E+01  8.90900E+00
  1.40000E+02  8.93100E+01  8.93100E+00
  1.40000E+02  8.40200E+01  8.40200E+00
  1.40000E+02  8.40900E+01  8.40900E+00
  1.40000E+02  6.96500E+01  6.96500E+00
  1.40000E+02  6.95100E+01  6.95100E+00
  1.40000E+02  5.21900E+01  5.21900E+00
  1.40000E+02  5.27100E+01  5.27100E+00
  1.40000E+02  5.15500E+01  5.15500E+00
  1.40000E+02  5.13800E+01  5.13800E+00
  1.40000E+02  4.95600E+01  4.95600E+00
  1.40000E+02  4.94700E+01  4.94700E+00
  1.40000E+02  4.94700E+01  4.94700E+00
  1.40000E+02  4.99500E+01  4.99500E+00
  1.40000E+02  6.87700E+01  6.87700E+00
  1.40000E+02  6.87900E+01  6.87900E+00
  1.40000E+02  7.99900E+01  7.99900E+00
  1.40000E+02  7.95900E+01  7.95900E+00
  1.40000E+02  7.55600E+01  7.55600E+00
  1.40000E+02  5.97900E+01  5.97900E+00
  1.40000E+02  5.47000E+01  5.47000E+00
  1.40000E+02  5.99100E+01  5.99100E+00
  1.40000E+02  3.90700E+01  3.90700E+00
  1.40000E+02  3.92500E+01  3.92500E+00
  1.40000E+02  5.60900E+01  5.60900E+00
  1.40000E+02  5.62800E+01  5.62800E+00
  1.40000E+02  5.50600E+01  5.50600E+00
  1.40000E+02  6.52900E+01  6.52900E+00
  1.40000E+02  4.45700E+01  4.45700E+00
  1.40000E+02  4.44200E+01  4.44200E+00
  1.40000E+02  4.89400E+01  4.89400E+00
  1.40000E+02  4.86200E+01  4.86200E+00
  1.40000E+02  4.29500E+01  4.29500E+00
  1.40000E+02  4.29900E+01  4.29900E+00
  1.40000E+02  3.35100E+01  3.35100E+00
  1.40000E+02  3.33500E+01  3.33500E+00
  1.40000E+02  3.58000E+01  3.58000E+00
  1.40000E+02  3.51500E+01  3.51500E+00
  1.40000E+02  3.32600E+01  3.32600E+00
  1.40000E+02  3.27200E+01  3.27200E+00
  1.40000E+02  4.19400E+01  4.19400E+00
  1.40000E+02  5.32700E+01  5.32700E+00
  1.40000E+02  5.27600E+01  5.27600E+00
  1.40000E+02  5.95700E+01  5.95700E+00
  1.40000E+02  6.04000E+01  6.04000E+00
  1.40000E+02  6.83800E+01  6.83800E+00
  1.40000E+02  6.86700E+01  6.86700E+00
  1.40000E+02  5.51300E+01  5.51300E+00
  1.40000E+02  5.57800E+01  5.57800E+00
  1.40000E+02  4.70300E+01  4.70300E+00
  1.40000E+02  4.68900E+01  4.68900E+00
  1.40000E+02  4.24200E+01  4.24200E+00
  1.40000E+02  4.20700E+01  4.20700E+00
  1.40000E+02  3.75800E+01  3.75800E+00
  1.40000E+02  3.74400E+01  3.74400E+00
  1.40000E+02  4.28600E+01  4.28600E+00
  1.40000E+02  4.24400E+01  4.24400E+00
  1.40000E+02  5.64300E+01  5.64300E+00
  1.40000E+02  5.60600E+01  5.60600E+00
  1.40000E+02  4.28500E+01  4.28500E+00
  1.40000E+02  4.28100E+01  4.28100E+00
  1.40000E+02  3.13300E+01  3.13300E+00
  1.40000E+02  3.13700E+01  3.13700E+00
  1.40000E+02  2.92600E+01  2.92600E+00
  1.40000E+02  2.91500E+01  2.91500E+00
  1.40000E+02  2.48800E+01  2.48800E+00
  1.40000E+02  2.41300E+01  2.41300E+00
  1.40000E+02  3.59200E+01  3.59200E+00
  1.40000E+02  5.72000E+01  5.72000E+00
  1.40000E+02  7.04200E+01  7.04200E+00
  1.40000E+02  3.55400E+01  3.55400E+00
  1.40000E+02  7.08800E+01  7.08800E+00
  1.40000E+02  6.76000E+01  6.76000E+00
  1.40000E+02  6.78800E+01  6.78800E+00
  1.40000E+02  5.67600E+01  5.67600E+00
  1.40000E+02  5.68300E+01  5.68300E+00
  1.40000E+02  4.87200E+01  4.87200E+00
  1.40000E+02  4.90000E+01  4.90000E+00
  1.40000E+02  3.40400E+01  3.40400E+00
  1.40000E+02  3.38700E+01  3.38700E+00
  1.40000E+02  4.32300E+01  4.32300E+00
  1.40000E+02  4.20700E+01  4.20700E+00
  1.40000E+02  4.25300E+01  4.25300E+00
  1.40000E+02  5.60900E+01  5.60900E+00
  1.40000E+02  5.63300E+01  5.63300E+00
  1.40000E+02  5.03400E+01  5.03400E+00
  1.40000E+02  4.41200E+01  4.41200E+00
  1.40000E+02  4.14100E+01  4.14100E+00
  1.40000E+02  4.22700E+01  4.22700E+00
  1.40000E+02  3.58200E+01  3.58200E+00
  1.40000E+02  3.53800E+01  3.53800E+00
  1.40000E+02  4.59400E+01  4.59400E+00
  1.40000E+02  4.53900E+01  4.53900E+00
  1.40000E+02  3.60400E+01  3.60400E+00
  1.40000E+02  3.55500E+01  3.55500E+00
  1.40000E+02  2.93600E+01  2.93600E+00
  1.40000E+02  2.85200E+01  2.85200E+00
  1.40000E+02  3.55600E+01  3.55600E+00
  1.40000E+02  3.49200E+01  3.49200E+00
  1.40000E+02  4.31500E+01  4.31500E+00
  1.40000E+02  4.25300E+01  4.25300E+00
  1.40000E+02  5.05000E+01  5.05000E+00
  1.40000E+02  4.99300E+01  4.99300E+00
  1.40000E+02  4.77200E+01  4.77200E+00
  1.40000E+02  4.81900E+01  4.81900E+00
  1.40000E+02  4.29000E+01  4.29000E+00
  1.40000E+02  4.10500E+01  4.10500E+00
  1.40000E+02  4.08700E+01  4.08700E+00
  1.40000E+02  3.94300E+01  3.94300E+00
  1.40000E+02  3.90500E+01  3.90500E+00
  1.40000E+02  3.82400E+01  3.82400E+00
  1.40000E+02  3.87300E+01  3.87300E+00
  1.40000E+02  3.82600E+01  3.82600E+00
  1.40000E+02  3.78200E+01  3.78200E+00
  1.40000E+02  3.84900E+01  3.84900E+00
  1.40000E+02  4.14100E+01  4.14100E+00
  1.40000E+02  4.21600E+01  4.21600E+00
  1.40000E+02  4.79000E+01  4.79000E+00
  1.40000E+02  4.72000E+01  4.72000E+00
  1.40000E+02  4.49900E+01  4.49900E+00
  1.40000E+02  4.58300E+01  4.58300E+00
  1.40000E+02  3.93800E+01  3.93800E+00
  1.40000E+02  3.85600E+01  3.85600E+00
  1.40000E+02  3.54600E+01  3.54600E+00
  1.40000E+02  3.51400E+01  3.51400E+00
  1.40000E+02  3.91300E+01  3.91300E+00
  1.40000E+02  3.85300E+01  3.85300E+00
  1.40000E+02  3.68200E+01  3.68200E+00
  1.40000E+02  3.57000E+01  3.57000E+00
  1.40000E+02  3.10600E+01  3.10600E+00
  1.40000E+02  3.06900E+01  3.06900E+00
  1.40000E+02  2.62200E+01  2.62200E+00
  1.40000E+02  2.60600E+01  2.60600E+00
  1.40000E+02  2.48500E+01  2.48500E+00
  1.40000E+02  2.43700E+01  2.43700E+00
  1.40000E+02  2.46000E+01  2.46000E+00
  1.40000E+02  2.34200E+01  2.34200E+00
  1.40000E+02  3.14900E+01  3.14900E+00
  1.40000E+02  2.54200E+01  2.54200E+00
  1.40000E+02  3.48300E+01  3.48300E+00
  1.40000E+02  4.00000E+01  4.00000E+00
  1.40000E+02  3.86300E+01  3.86300E+00
  1.40000E+02  4.52400E+01  4.52400E+00
  1.40000E+02  4.62000E+01  4.62000E+00
  1.40000E+02  3.14700E+01  3.14700E+00
  1.40000E+02  3.07900E+01  3.07900E+00
  1.40000E+02  3.59900E+01  3.59900E+00
  1.40000E+02  3.74400E+01  3.74400E+00
  1.40000E+02  4.52000E+01  4.52000E+00
  1.40000E+02  5.82100E+01  5.82100E+00
  1.40000E+02  5.86000E+01  5.86000E+00
  1.40000E+02  5.60000E+01  5.60000E+00
  1.40000E+02  5.65200E+01  5.65200E+00
  1.40000E+02  4.89700E+01  4.89700E+00
  1.40000E+02  4.98400E+01  4.98400E+00
  1.40000E+02  4.77500E+01  4.77500E+00
  1.40000E+02  4.82200E+01  4.82200E+00
  1.40000E+02  4.43300E+01  4.43300E+00
  1.40000E+02  4.49900E+01  4.49900E+00
  1.40000E+02  3.34900E+01  3.34900E+00
  1.40000E+02  3.39400E+01  3.39400E+00
  1.40000E+02  3.60800E+01  3.60800E+00
  1.40000E+02  3.64600E+01  3.64600E+00
  1.40000E+02  3.70800E+01  3.70800E+00
  1.40000E+02  4.58900E+01  4.58900E+00
  1.40000E+02  4.58900E+01  4.58900E+00
  1.40000E+02  4.78800E+01  4.78800E+00
  1.40000E+02  4.84100E+01  4.84100E+00
  1.40000E+02  4.32500E+01  4.32500E+00
  1.40000E+02  4.40300E+01  4.40300E+00
  1.40000E+02  3.78300E+01  3.78300E+00
  1.40000E+02  3.82700E+01  3.82700E+00
  1.40000E+02  3.28100E+01  3.28100E+00
  1.40000E+02  3.32000E+01  3.32000E+00
  1.40000E+02  2.28400E+01  2.28400E+00
  1.40000E+02  2.23600E+01  2.23600E+00
  1.40000E+02  1.61600E+01  1.61600E+00
  1.40000E+02  1.59400E+01  1.59400E+00
  1.40000E+02  1.69300E+01  1.69300E+00
  1.40000E+02  1.70700E+01  1.70700E+00
  1.40000E+02  2.78800E+01  2.78800E+00
  1.40000E+02  2.77400E+01  2.77400E+00
  1.40000E+02  4.71700E+01  4.71700E+00
  1.40000E+02  8.32500E+01  8.32500E+00
  1.40000E+02  4.90400E+01  4.90400E+00
  1.40000E+02  8.35500E+01  8.35500E+00
  1.40000E+02  7.28100E+01  7.28100E+00
  1.40000E+02  6.21700E+01  6.21700E+00
  1.40000E+02  5.59400E+01  5.59400E+00
  1.40000E+02  5.11200E+01  5.11200E+00
  1.40000E+02  4.66900E+01  4.66900E+00
  1.40000E+02  5.92900E+01  5.92900E+00
  1.40000E+02  6.16900E+01  6.16900E+00
  1.40000E+02  5.36500E+01  5.36500E+00
  1.40000E+02  5.26400E+01  5.26400E+00
  1.40000E+02  5.18300E+01  5.18300E+00
  1.40000E+02  4.96000E+01  4.96000E+00
  1.40000E+02  4.95900E+01  4.95900E+00
  1.40000E+02  5.25800E+01  5.25800E+00
  1.40000E+02  3.97200E+01  3.97200E+00
  1.40000E+02  3.69000E+01  3.69000E+00
  1.40000E+02  3.98900E+01  3.98900E+00
  1.40000E+02  4.12900E+01  4.12900E+00
  1.40000E+02  4.36800E+01  4.36800E+00
  1.40000E+02  4.46700E+01  4.46700E+00
  1.40000E+02  4.34500E+01  4.34500E+00
  1.40000E+02  5.08600E+01  5.08600E+00
  1.40000E+02  5.26500E+01  5.26500E+00
  1.40000E+02  4.62200E+01  4.62200E+00
  1.40000E+02  4.32000E+01  4.32000E+00
  1.40000E+02  4.64000E+01  4.64000E+00
  1.40000E+02  4.93900E+01  4.93900E+00
  1.40000E+02  6.60300E+01  6.60300E+00
  1.40000E+02  5.65900E+01  5.65900E+00
  1.40000E+02  5.33800E+01  5.33800E+00
  1.40000E+02  4.85700E+01  4.85700E+00
  1.40000E+02  5.37700E+01  5.37700E+00
  1.40000E+02  5.63600E+01  5.63600E+00
  1.40000E+02  4.35100E+01  4.35100E+00
  1.40000E+02  2.98700E+01  2.98700E+00
  1.40000E+02  3.00600E+01  3.00600E+00
  1.40000E+02  3.78600E+01  3.78600E+00
  1.40000E+02  4.52600E+01  4.52600E+00
  1.40000E+02  4.76600E+01  4.76600E+00
  1.40000E+02  4.64400E+01  4.64400E+00
  1.40000E+02  4.52300E+01  4.52300E+00
  1.40000E+02  4.66300E+01  4.66300E+00
  1.40000E+02  4.86200E+01  4.86200E+00
  1.40000E+02  4.74100E+01  4.74100E+00
  1.40000E+02  4.64000E+01  4.64000E+00
  1.40000E+02  5.26000E+01  5.26000E+00
  1.40000E+02  5.17900E+01  5.17900E+00
  1.40000E+02  5.09700E+01  5.09700E+00
  1.40000E+02  4.83500E+01  4.83500E+00
  1.40000E+02  4.51300E+01  4.51300E+00
  1.40000E+02  4.81200E+01  4.81200E+00
  1.40000E+02  4.41000E+01  4.41000E+00
  1.40000E+02  3.90700E+01  3.90700E+00
  1.40000E+02  2.98300E+01  2.98300E+00
  1.40000E+02  2.56000E+01  2.56000E+00
  1.40000E+02  2.19800E+01  2.19800E+00
  1.40000E+02  2.03800E+01  2.03800E+00
  1.40000E+02  2.05600E+01  2.05600E+00
  1.40000E+02  2.17600E+01  2.17600E+00
  1.40000E+02  2.91700E+01  2.91700E+00
  1.40000E+02  3.51800E+01  3.51800E+00
  1.40000E+02  3.73800E+01  3.73800E+00
  1.40000E+02  4.69800E+01  4.69800E+00
  1.40000E+02  3.29400E+01  3.29400E+00
  1.40000E+02  2.53000E+01  2.53000E+00
  1.40000E+02  3.05000E+01  3.05000E+00
  1.40000E+02  2.84900E+01  2.84900E+00
  1.40000E+02  2.92800E+01  2.92800E+00
  1.40000E+02  4.02800E+01  4.02800E+00
  1.40000E+02  5.17000E+01  5.17000E+00
  1.40000E+02  5.06800E+01  5.06800E+00
  1.40000E+02  4.54600E+01  4.54600E+00
  1.40000E+02  4.00300E+01  4.00300E+00
  1.40000E+02  3.46000E+01  3.46000E+00
  1.40000E+02  3.58000E+01  3.58000E+00
  1.40000E+02  4.18100E+01  4.18100E+00
  1.40000E+02  4.30000E+01  4.30000E+00
  1.40000E+02  3.93800E+01  3.93800E+00
  1.40000E+02  3.79700E+01  3.79700E+00
  1.40000E+02  3.93600E+01  3.93600E+00
  1.40000E+02  5.03800E+01  5.03800E+00
  1.40000E+02  5.83900E+01  5.83900E+00
  1.40000E+02  6.11900E+01  6.11900E+00
  1.40000E+02  5.45600E+01  5.45600E+00
  1.40000E+02  5.55400E+01  5.55400E+00
  1.40000E+02  5.95400E+01  5.95400E+00
  1.40000E+02  5.85200E+01  5.85200E+00
  1.40000E+02  5.93100E+01  5.93100E+00
  1.40000E+02  5.50800E+01  5.50800E+00
  1.40000E+02  5.86800E+01  5.86800E+00
  1.40000E+02  6.88900E+01  6.88900E+00
  1.40000E+02  7.36900E+01  7.36900E+00
  1.40000E+02  5.52400E+01  5.52400E+00
  1.40000E+02  4.86000E+01  4.86000E+00
  1.40000E+02  4.81900E+01  4.81900E+00
  1.40000E+02  5.03800E+01  5.03800E+00
  1.40000E+02  4.63400E+01  4.63400E+00
  1.40000E+02  4.73400E+01  4.73400E+00
  1.40000E+02  3.69000E+01  3.69000E+00
  1.40000E+02  4.75100E+01  4.75100E+00
  1.40000E+02  5.35100E+01  5.35100E+00
  1.40000E+02  6.01200E+01  6.01200E+00
  1.40000E+02  5.89100E+01  5.89100E+00
  1.40000E+02  5.38900E+01  5.38900E+00
  1.40000E+02  5.70900E+01  5.70900E+00
  1.40000E+02  5.80800E+01  5.80800E+00
  1.40000E+02  5.98700E+01  5.98700E+00
  1.40000E+02  5.52500E+01  5.52500E+00
  1.40000E+02  4.76200E+01  4.76200E+00
  1.40000E+02  3.95800E+01  3.95800E+00
  1.40000E+02  3.87700E+01  3.87700E+00
  1.40000E+02  3.79500E+01  3.79500E+00
  1.40000E+02  3.99300E+01  3.99300E+00
  1.40000E+02  3.73100E+01  3.73100E+00
  1.40000E+02  3.65100E+01  3.65100E+00
  1.40000E+02  3.95000E+01  3.95000E+00
  1.40000E+02  3.80900E+01  3.80900E+00
  1.40000E+02  4.07000E+01  4.07000E+00
  1.40000E+02  4.46900E+01  4.46900E+00
  1.40000E+02  4.44700E+01  4.44700E+00
  1.40000E+02  4.52600E+01  4.52600E+00
  1.40000E+02  4.44500E+01  4.44500E+00
  1.40000E+02  4.54500E+01  4.54500E+00
  1.40000E+02  4.60400E+01  4.60400E+00
  1.40000E+02  4.48200E+01  4.48200E+00
  1.40000E+02  4.38100E+01  4.38100E+00
  1.40000E+02  3.89800E+01  3.89800E+00
  1.40000E+02  3.99800E+01  3.99800E+00
  1.40000E+02  3.83700E+01  3.83700E+00
  1.40000E+02  3.73500E+01  3.73500E+00
  1.40000E+02  3.65300E+01  3.65300E+00
  1.40000E+02  3.55200E+01  3.55200E+00
  1.40000E+02  3.45100E+01  3.45100E+00
  1.40000E+02  3.08900E+01  3.08900E+00
  1.40000E+02  2.70800E+01  2.70800E+00
  1.40000E+02  2.62600E+01  2.62600E+00
  1.40000E+02  2.80600E+01  2.80600E+00
  1.40000E+02  2.68500E+01  2.68500E+00
  1.40000E+02  3.26500E+01  3.26500E+00
  1.40000E+02  4.04600E+01  4.04600E+00
  1.40000E+02  4.74700E+01  4.74700E+00
  1.40000E+02  4.90500E+01  4.90500E+00
  1.40000E+02  5.02400E+01  5.02400E+00
  1.40000E+02  4.42200E+01  4.42200E+00
  1.40000E+02  3.73800E+01  3.73800E+00
  1.40000E+02  3.61700E+01  3.61700E+00
  1.40000E+02  3.51700E+01  3.51700E+00
  1.40000E+02  3.43500E+01  3.43500E+00
  1.40000E+02  3.95500E+01  3.95500E+00
  1.40000E+02  4.59500E+01  4.59500E+00
  1.40000E+02  4.77500E+01  4.77500E+00
  1.40000E+02  4.63300E+01  4.63300E+00
  1.40000E+02  4.55200E+01  4.55200E+00
  1.40000E+02  4.69000E+01  4.69000E+00
  1.40000E+02  4.74900E+01  4.74900E+00
  1.40000E+02  4.64600E+01  4.64600E+00
  1.40000E+02  4.52500E+01  4.52500E+00
  1.40000E+02  4.52400E+01  4.52400E+00
  1.40000E+02  4.88300E+01  4.88300E+00
  1.40000E+02  5.24300E+01  5.24300E+00
  1.40000E+02  5.16200E+01  5.16200E+00
  1.40000E+02  5.08100E+01  5.08100E+00
  1.40000E+02  4.86000E+01  4.86000E+00
  1.40000E+02  4.39600E+01  4.39600E+00
  1.40000E+02  4.23500E+01  4.23500E+00
  1.40000E+02  4.13500E+01  4.13500E+00
  1.40000E+02  4.07300E+01  4.07300E+00
  1.40000E+02  3.17000E+01  3.17000E+00
  1.40000E+02  2.14500E+01  2.14500E+00
  1.40000E+02  2.14400E+01  2.14400E+00
  1.40000E+02  2.28400E+01  2.28400E+00
  1.40000E+02  2.88300E+01  2.88300E+00
  1.40000E+02  2.98300E+01  2.98300E+00
  1.40000E+02  3.08300E+01  3.08300E+00
  1.40000E+02  3.64300E+01  3.64300E+00
  1.40000E+02  3.76300E+01  3.76300E+00
  1.40000E+02  3.88300E+01  3.88300E+00
  1.40000E+02  3.68000E+01  3.68000E+00
  1.40000E+02  3.80000E+01  3.80000E+00
  1.40000E+02  3.55900E+01  3.55900E+00
  1.40000E+02  3.65800E+01  3.65800E+00
  1.40000E+02  3.79800E+01  3.79800E+00
  1.40000E+02  3.93700E+01  3.93700E+00
  1.40000E+02  4.13700E+01  4.13700E+00
  1.40000E+02  4.29600E+01  4.29600E+00
  1.40000E+02  4.51600E+01  4.51600E+00
  1.40000E+02  4.77500E+01  4.77500E+00
  1.40000E+02  4.95500E+01  4.95500E+00
  1.40000E+02  5.29400E+01  5.29400E+00
  1.40000E+02  5.39200E+01  5.39200E+00
  1.40000E+02  5.13100E+01  5.13100E+00
  1.40000E+02  4.42900E+01  4.42900E+00
  1.40000E+02  4.67000E+01  4.67000E+00
  1.40000E+02  3.72600E+01  3.72600E+00
  1.40000E+02  3.22500E+01  3.22500E+00
  1.40000E+02  2.94300E+01  2.94300E+00
  1.40000E+02  3.34300E+01  3.34300E+00
  1.40000E+02  3.54300E+01  3.54300E+00
  1.40000E+02  3.80200E+01  3.80200E+00
  1.40000E+02  3.64000E+01  3.64000E+00
  1.40000E+02  3.74100E+01  3.74100E+00
  1.40000E+02  3.42000E+01  3.42000E+00
  1.40000E+02  3.31800E+01  3.31800E+00
  1.40000E+02  3.27800E+01  3.27800E+00
  1.40000E+02  3.31700E+01  3.31700E+00
  1.40000E+02  3.43500E+01  3.43500E+00
  1.40000E+02  3.57500E+01  3.57500E+00
  1.40000E+02  3.75400E+01  3.75400E+00
  1.40000E+02  3.83500E+01  3.83500E+00
  1.40000E+02  4.03400E+01  4.03400E+00
  1.40000E+02  4.03300E+01  4.03300E+00
  1.40000E+02  4.03100E+01  4.03100E+00
  1.40000E+02  3.87000E+01  3.87000E+00
  1.40000E+02  3.56900E+01  3.56900E+00
  1.40000E+02  3.42800E+01  3.42800E+00
  1.40000E+02  2.92600E+01  2.92600E+00
  1.40000E+02  2.70500E+01  2.70500E+00
  1.40000E+02  2.60300E+01  2.60300E+00
  1.40000E+02  2.42200E+01  2.42200E+00
  1.40000E+02  2.52100E+01  2.52100E+00
  1.40000E+02  2.92200E+01  2.92200E+00
  1.40000E+02  3.40200E+01  3.40200E+00
  1.40000E+02  3.82200E+01  3.82200E+00
  1.40000E+02  4.36200E+01  4.36200E+00
  1.40000E+02  4.28100E+01  4.28100E+00
  1.40000E+02  4.10000E+01  4.10000E+00
  1.40000E+02  3.91800E+01  3.91800E+00
  1.40000E+02  3.97700E+01  3.97700E+00
  1.40000E+02  4.27600E+01  4.27600E+00
  1.40000E+02  4.19500E+01  4.19500E+00
  1.40000E+02  4.29400E+01  4.29400E+00
  1.40000E+02  4.17300E+01  4.17300E+00
  1.40000E+02  3.87100E+01  3.87100E+00
  1.40000E+02  3.52900E+01  3.52900E+00
  1.40000E+02  3.38700E+01  3.38700E+00
  1.40000E+02  3.28600E+01  3.28600E+00
  1.40000E+02  2.80400E+01  2.80400E+00
  1.40000E+02  2.66300E+01  2.66300E+00
  1.40000E+02  2.82300E+01  2.82300E+00
  1.40000E+02  3.24300E+01  3.24300E+00
  1.40000E+02  3.56300E+01  3.56300E+00
  1.40000E+02  3.66200E+01  3.66200E+00
  1.40000E+02  3.90300E+01  3.90300E+00
  1.40000E+02  4.16200E+01  4.16200E+00
  1.40000E+02  4.22100E+01  4.22100E+00
  1.40000E+02  4.06000E+01  4.06000E+00
  1.40000E+02  3.71700E+01  3.71700E+00
  1.40000E+02  3.19500E+01  3.19500E+00
  1.40000E+02  2.55200E+01  2.55200E+00
  1.40000E+02  2.81300E+01  2.81300E+00
  1.40000E+02  2.41100E+01  2.41100E+00
  1.40000E+02  2.57000E+01  2.57000E+00
  1.40000E+02  3.11000E+01  3.11000E+00
  1.40000E+02  3.30900E+01  3.30900E+00
  1.40000E+02  3.44800E+01  3.44800E+00
  1.40000E+02  3.54700E+01  3.54700E+00
  1.40000E+02  3.56600E+01  3.56600E+00
  1.40000E+02  3.42500E+01  3.42500E+00
  1.40000E+02  3.10200E+01  3.10200E+00
  1.40000E+02  3.02100E+01  3.02100E+00
  1.40000E+02  2.88000E+01  2.88000E+00
  1.40000E+02  2.59800E+01  2.59800E+00
  1.40000E+02  2.45800E+01  2.45800E+00
  1.40000E+02  2.35700E+01  2.35700E+00
  1.40000E+02  2.45500E+01  2.45500E+00
  1.40000E+02  2.61600E+01  2.61600E+00
  1.40000E+02  3.25600E+01  3.25600E+00
  1.40000E+02  3.61600E+01  3.61600E+00
  1.40000E+02  3.79600E+01  3.79600E+00
  1.40000E+02  3.95500E+01  3.95500E+00
  1.40000E+02  4.05400E+01  4.05400E+00
  1.40000E+02  3.53100E+01  3.53100E+00
  1.40000E+02  3.22900E+01  3.22900E+00
  1.40000E+02  3.08900E+01  3.08900E+00
  1.40000E+02  2.94700E+01  2.94700E+00
  1.40000E+02  2.68600E+01  2.68600E+00
  1.40000E+02  2.48500E+01  2.48500E+00
  1.40000E+02  2.42300E+01  2.42300E+00
  1.40000E+02  2.56200E+01  2.56200E+00
  1.40000E+02  2.82300E+01  2.82300E+00
  1.40000E+02  3.06100E+01  3.06100E+00
  1.40000E+02  3.16100E+01  3.16100E+00
  1.40000E+02  3.01900E+01  3.01900E+00
  1.40000E+02  3.13800E+01  3.13800E+00
  1.40000E+02  3.01600E+01  3.01600E+00
  1.40000E+02  2.87400E+01  2.87400E+00
  1.40000E+02  2.31200E+01  2.31200E+00
  1.40000E+02  2.21100E+01  2.21100E+00
  1.40000E+02  2.41000E+01  2.41000E+00
  1.40000E+02  2.32800E+01  2.32800E+00
  1.40000E+02  2.24700E+01  2.24700E+00
  1.40000E+02  2.32600E+01  2.32600E+00
  1.40000E+02  2.42600E+01  2.42600E+00
  1.40000E+02  2.56400E+01  2.56400E+00
  1.40000E+02  2.46300E+01  2.46300E+00
  1.40000E+02  2.78200E+01  2.78200E+00
  1.40000E+02  2.98200E+01  2.98200E+00
  1.40000E+02  3.04100E+01  3.04100E+00
  1.40000E+02  2.79900E+01  2.79900E+00
  1.40000E+02  2.65800E+01  2.65800E+00
  1.40000E+02  2.49700E+01  2.49700E+00
  1.40000E+02  2.33600E+01  2.33600E+00
  1.40000E+02  2.11400E+01  2.11400E+00
  1.40000E+02  2.07200E+01  2.07200E+00
  1.40000E+02  2.05100E+01  2.05100E+00
  1.40000E+02  1.89000E+01  1.89000E+00
  1.40000E+02  1.88800E+01  1.88800E+00
  1.40000E+02  2.00800E+01  2.00800E+00
  1.40000E+02  2.10700E+01  2.10700E+00
  1.40000E+02  2.30600E+01  2.30600E+00
  1.40000E+02  2.32500E+01  2.32500E+00
  1.40000E+02  2.30300E+01  2.30300E+00
  1.40000E+02  2.20300E+01  2.20300E+00
  1.40000E+02  2.10100E+01  2.10100E+00
  1.40000E+02  2.22100E+01  2.22100E+00
  1.40000E+02  2.50100E+01  2.50100E+00
  1.40000E+02  2.42000E+01  2.42000E+00
  1.40000E+02  2.49900E+01  2.49900E+00
  1.40000E+02  2.43700E+01  2.43700E+00
  1.40000E+02  2.47600E+01  2.47600E+00
  1.40000E+02  2.67500E+01  2.67500E+00
  1.40000E+02  2.81400E+01  2.81400E+00
  1.40000E+02  2.97400E+01  2.97400E+00
  1.40000E+02  3.17400E+01  3.17400E+00
  1.40000E+02  3.31300E+01  3.31300E+00
  1.40000E+02  3.41300E+01  3.41300E+00
  1.40000E+02  3.27100E+01  3.27100E+00
  1.40000E+02  2.84800E+01  2.84800E+00
  1.40000E+02  2.72700E+01  2.72700E+00
  1.40000E+02  2.44500E+01  2.44500E+00
  1.40000E+02  2.28300E+01  2.28300E+00
  1.40000E+02  2.26100E+01  2.26100E+00
  1.40000E+02  2.48100E+01  2.48100E+00
  1.40000E+02  2.74100E+01  2.74100E+00
  1.40000E+02  2.84100E+01  2.84100E+00
  1.40000E+02  3.16100E+01  3.16100E+00
  1.40000E+02  3.42100E+01  3.42100E+00
  1.40000E+02  3.51900E+01  3.51900E+00
  1.40000E+02  3.61900E+01  3.61900E+00
  1.40000E+02  3.53700E+01  3.53700E+00
  1.40000E+02  3.47600E+01  3.47600E+00
  1.40000E+02  3.35400E+01  3.35400E+00
  1.40000E+02  3.43400E+01  3.43400E+00
  1.40000E+02  3.69400E+01  3.69400E+00
  1.40000E+02  3.71300E+01  3.71300E+00
  1.40000E+02  3.81100E+01  3.81100E+00
  1.40000E+02  3.95000E+01  3.95000E+00
  1.40000E+02  3.86900E+01  3.86900E+00
  1.40000E+02  3.92800E+01  3.92800E+00
  1.40000E+02  3.66500E+01  3.66500E+00
  1.40000E+02  3.52400E+01  3.52400E+00
  1.40000E+02  3.46200E+01  3.46200E+00
  1.40000E+02  2.65900E+01  2.65900E+00
  1.40000E+02  2.63700E+01  2.63700E+00
  1.40000E+02  2.49600E+01  2.49600E+00
  1.40000E+02  2.53500E+01  2.53500E+00
  1.40000E+02  2.69300E+01  2.69300E+00
  1.40000E+02  2.77300E+01  2.77300E+00
  1.40000E+02  2.93200E+01  2.93200E+00
  1.40000E+02  3.07000E+01  3.07000E+00
  1.40000E+02  3.13000E+01  3.13000E+00
  1.40000E+02  2.56700E+01  2.56700E+00
  1.40000E+02  2.46500E+01  2.46500E+00
  1.40000E+02  2.54400E+01  2.54400E+00
  1.40000E+02  2.46300E+01  2.46300E+00
  1.40000E+02  2.24100E+01  2.24100E+00
  1.40000E+02  2.32000E+01  2.32000E+00
  1.40000E+02  2.37800E+01  2.37800E+00
  1.40000E+02  2.45800E+01  2.45800E+00
  1.40000E+02  2.49800E+01  2.49800E+00
  1.40000E+02  2.45600E+01  2.45600E+00
  1.40000E+02  2.37400E+01  2.37400E+00
  1.40000E+02  2.29200E+01  2.29200E+00
  1.40000E+02  2.17000E+01  2.17000E+00
  1.40000E+02  2.23000E+01  2.23000E+00
  1.40000E+02  2.30900E+01  2.30900E+00
  1.40000E+02  2.40800E+01  2.40800E+00
  1.40000E+02  2.50800E+01  2.50800E+00
  1.40000E+02  2.72800E+01  2.72800E+00
  1.40000E+02  2.76600E+01  2.76600E+00
  1.40000E+02  2.74400E+01  2.74400E+00
  1.40000E+02  2.64400E+01  2.64400E+00
  1.40000E+02  2.58300E+01  2.58300E+00
  1.40000E+02  2.42000E+01  2.42000E+00
  1.40000E+02  2.54000E+01  2.54000E+00
  1.40000E+02  3.04000E+01  3.04000E+00
  1.40000E+02  3.16000E+01  3.16000E+00
  1.40000E+02  3.21900E+01  3.21900E+00
  1.40000E+02  3.33800E+01  3.33800E+00
  1.40000E+02  3.25700E+01  3.25700E+00
  1.40000E+02  3.19600E+01  3.19600E+00
  1.40000E+02  3.09400E+01  3.09400E+00
  1.40000E+02  2.97400E+01  2.97400E+00
  1.40000E+02  2.89200E+01  2.89200E+00
  1.40000E+02  2.81100E+01  2.81100E+00
  1.40000E+02  2.67000E+01  2.67000E+00
  1.40000E+02  2.62900E+01  2.62900E+00
  1.40000E+02  2.64700E+01  2.64700E+00
  1.40000E+02  2.68600E+01  2.68600E+00
  1.40000E+02  2.48500E+01  2.48500E+00
  1.40000E+02  2.58400E+01  2.58400E+00
  1.40000E+02  2.62300E+01  2.62300E+00
  1.40000E+02  2.76200E+01  2.76200E+00
  1.40000E+02  2.90200E+01  2.90200E+00
  1.40000E+02  3.14100E+01  3.14100E+00
  1.40000E+02  3.24000E+01  3.24000E+00
  1.40000E+02  2.75700E+01  2.75700E+00
  1.40000E+02  2.63400E+01  2.63400E+00
  1.40000E+02  2.49300E+01  2.49300E+00
  1.40000E+02  2.45200E+01  2.45200E+00
  1.40000E+02  2.33100E+01  2.33100E+00
  1.40000E+02  2.36900E+01  2.36900E+00
  1.40000E+02  2.56800E+01  2.56800E+00
  1.40000E+02  2.46700E+01  2.46700E+00
  1.40000E+02  2.44500E+01  2.44500E+00
  1.40000E+02  2.68400E+01  2.68400E+00
  1.40000E+02  2.82300E+01  2.82300E+00
  1.40000E+02  3.08300E+01  3.08300E+00
  1.40000E+02  2.98100E+01  2.98100E+00
  1.40000E+02  2.78000E+01  2.78000E+00
  1.40000E+02  2.71900E+01  2.71900E+00
  1.40000E+02  2.35700E+01  2.35700E+00
  1.40000E+02  2.35500E+01  2.35500E+00
  1.40000E+02  2.35300E+01  2.35300E+00
  1.40000E+02  2.05100E+01  2.05100E+00
  1.40000E+02  1.90900E+01  1.90900E+00
  1.40000E+02  1.78800E+01  1.78800E+00
  1.40000E+02  1.78500E+01  1.78500E+00
  1.40000E+02  1.64400E+01  1.64400E+00
  1.40000E+02  1.72300E+01  1.72300E+00
  1.40000E+02  1.58200E+01  1.58200E+00
  1.40000E+02  1.62000E+01  1.62000E+00
  1.40000E+02  1.73900E+01  1.73900E+00
  1.40000E+02  1.67800E+01  1.67800E+00
  1.40000E+02  1.83600E+01  1.83600E+00
  1.40000E+02  1.91500E+01  1.91500E+00
  1.40000E+02  1.83400E+01  1.83400E+00
  1.40000E+02  1.79300E+01  1.79300E+00
  1.40000E+02  1.75200E+01  1.75200E+00
  1.40000E+02  1.77100E+01  1.77100E+00
  1.40000E+02  1.87000E+01  1.87000E+00
  1.40000E+02  1.98900E+01  1.98900E+00
  1.40000E+02  2.00900E+01  2.00900E+00
  1.40000E+02  2.10700E+01  2.10700E+00
  1.40000E+02  2.18700E+01  2.18700E+00
  1.40000E+02  2.34600E+01  2.34600E+00
  1.40000E+02  2.22500E+01  2.22500E+00
  1.40000E+02  2.12500E+01  2.12500E+00
  1.40000E+02  2.02300E+01  2.02300E+00
  1.40000E+02  1.96100E+01  1.96100E+00
  1.40000E+02  2.00100E+01  2.00100E+00
  1.40000E+02  2.02000E+01  2.02000E+00
  1.40000E+02  2.10000E+01  2.10000E+00
  1.40000E+02  2.19900E+01  2.19900E+00
  1.40000E+02  2.27900E+01  2.27900E+00
  1.40000E+02  2.35800E+01  2.35800E+00
  1.40000E+02  2.25600E+01  2.25600E+00
  1.40000E+02  2.07600E+01  2.07600E+00
  1.40000E+02  2.05400E+01  2.05400E+00
  1.40000E+02  2.07200E+01  2.07200E+00
  1.40000E+02  1.99100E+01  1.99100E+00
  1.40000E+02  1.95000E+01  1.95000E+00
  1.40000E+02  1.90900E+01  1.90900E+00
  1.40000E+02  1.94700E+01  1.94700E+00
  1.40000E+02  2.04500E+01  2.04500E+00
  1.40000E+02  2.12400E+01  2.12400E+00
  1.40000E+02  2.16300E+01  2.16300E+00
  1.40000E+02  2.12100E+01  2.12100E+00
  1.40000E+02  1.99900E+01  1.99900E+00
  1.40000E+02  2.01800E+01  2.01800E+00
  1.40000E+02  2.05700E+01  2.05700E+00
  1.40000E+02  2.13500E+01  2.13500E+00
  1.40000E+02  1.99400E+01  1.99400E+00
  1.40000E+02  1.85200E+01  1.85200E+00
  1.40000E+02  1.75100E+01  1.75100E+00
  1.40000E+02  1.70900E+01  1.70900E+00
  1.40000E+02  1.70800E+01  1.70800E+00
  1.40000E+02  1.80700E+01  1.80700E+00
  1.40000E+02  1.94600E+01  1.94600E+00
  1.40000E+02  2.00500E+01  2.00500E+00
  1.40000E+02  1.82400E+01  1.82400E+00
  1.40000E+02  1.78300E+01  1.78300E+00
  1.40000E+02  1.86300E+01  1.86300E+00
  1.40000E+02  1.80200E+01  1.80200E+00
  1.40000E+02  1.88000E+01  1.88000E+00
  1.40000E+02  1.95900E+01  1.95900E+00
  1.40000E+02  2.03800E+01  2.03800E+00
  1.40000E+02  2.03700E+01  2.03700E+00
  1.40000E+02  2.05600E+01  2.05600E+00
  1.40000E+02  1.93300E+01  1.93300E+00
  1.40000E+02  1.95200E+01  1.95200E+00
  1.40000E+02  1.91000E+01  1.91000E+00
  1.40000E+02  1.74900E+01  1.74900E+00
  1.40000E+02  1.62800E+01  1.62800E+00
  1.40000E+02  1.50600E+01  1.50600E+00
  1.40000E+02  1.36500E+01  1.36500E+00
  1.40000E+02  1.32400E+01  1.32400E+00
  1.40000E+02  1.32300E+01  1.32300E+00
  1.40000E+02  1.36100E+01  1.36100E+00
  1.40000E+02  1.31900E+01  1.31900E+00
  1.40000E+02  1.29700E+01  1.29700E+00
  1.40000E+02  1.41600E+01  1.41600E+00
  1.40000E+02  1.53500E+01  1.53500E+00
  1.40000E+02  1.61500E+01  1.61500E+00
  1.40000E+02  1.71400E+01  1.71400E+00
  1.40000E+02  1.79300E+01  1.79300E+00
  1.40000E+02  1.91300E+01  1.91300E+00
  1.40000E+02  2.03300E+01  2.03300E+00
  1.40000E+02  2.13300E+01  2.13300E+00
  1.40000E+02  2.27200E+01  2.27200E+00
  1.40000E+02  2.39300E+01  2.39300E+00
  1.40000E+02  2.31100E+01  2.31100E+00
  1.40000E+02  2.19000E+01  2.19000E+00
  1.40000E+02  2.10900E+01  2.10900E+00
  1.40000E+02  2.02800E+01  2.02800E+00
  1.40000E+02  2.06700E+01  2.06700E+00
  1.40000E+02  2.14500E+01  2.14500E+00
  1.40000E+02  2.12300E+01  2.12300E+00
  1.40000E+02  2.06100E+01  2.06100E+00
  1.40000E+02  2.12000E+01  2.12000E+00
  1.40000E+02  2.23800E+01  2.23800E+00
  1.40000E+02  2.33700E+01  2.33700E+00
  1.40000E+02  2.35600E+01  2.35600E+00
  1.40000E+02  2.47400E+01  2.47400E+00
  1.40000E+02  2.55300E+01  2.55300E+00
  1.40000E+02  2.47100E+01  2.47100E+00
  1.40000E+02  2.57100E+01  2.57100E+00
  1.40000E+02  2.31000E+01  2.31000E+00
  1.40000E+02  2.20900E+01  2.20900E+00
  1.40000E+02  2.14800E+01  2.14800E+00
  1.40000E+02  2.22700E+01  2.22700E+00
  1.40000E+02  2.26600E+01  2.26600E+00
  1.40000E+02  2.18400E+01  2.18400E+00
  1.40000E+02  2.12300E+01  2.12300E+00
  1.40000E+02  2.04200E+01  2.04200E+00
  1.40000E+02  2.00000E+01  2.00000E+00
  1.40000E+02  1.93900E+01  1.93900E+00
  1.40000E+02  1.87700E+01  1.87700E+00
  1.40000E+02  1.89500E+01  1.89500E+00
  1.40000E+02  1.93500E+01  1.93500E+00
  1.40000E+02  1.99400E+01  1.99400E+00
  1.40000E+02  2.11300E+01  2.11300E+00
  1.40000E+02  2.17200E+01  2.17200E+00
  1.40000E+02  2.11000E+01  2.11000E+00
  1.40000E+02  2.14900E+01  2.14900E+00
  1.40000E+02  2.10800E+01  2.10800E+00
  1.40000E+02  2.02700E+01  2.02700E+00
  1.40000E+02  1.92600E+01  1.92600E+00
  1.40000E+02  1.86500E+01  1.86500E+00
  1.40000E+02  1.92400E+01  1.92400E+00
  1.40000E+02  2.10200E+01  2.10200E+00
  1.40000E+02  1.94000E+01  1.94000E+00
  1.40000E+02  2.03900E+01  2.03900E+00
  1.40000E+02  2.03800E+01  2.03800E+00
  1.40000E+02  1.95700E+01  1.95700E+00
  1.40000E+02  1.93500E+01  1.93500E+00
  1.40000E+02  1.85300E+01  1.85300E+00
  1.40000E+02  1.85000E+01  1.85000E+00
  1.40000E+02  1.90800E+01  1.90800E+00
  1.40000E+02  2.00700E+01  2.00700E+00
  1.40000E+02  2.08600E+01  2.08600E+00
  1.40000E+02  2.14500E+01  2.14500E+00
  1.40000E+02  2.30500E+01  2.30500E+00
  1.40000E+02  2.36400E+01  2.36400E+00
  1.40000E+02  2.38200E+01  2.38200E+00
  1.40000E+02  2.40100E+01  2.40100E+00
  1.40000E+02  2.30000E+01  2.30000E+00
  1.40000E+02  2.19900E+01  2.19900E+00
  1.40000E+02  2.17700E+01  2.17700E+00
  1.40000E+02  2.23400E+01  2.23400E+00
  1.40000E+02  2.33500E+01  2.33500E+00
  1.40000E+02  2.41400E+01  2.41400E+00
  1.40000E+02  2.31300E+01  2.31300E+00
  1.40000E+02  2.07100E+01  2.07100E+00
  1.40000E+02  1.94800E+01  1.94800E+00
  1.40000E+02  1.90600E+01  1.90600E+00
  1.40000E+02  1.88400E+01  1.88400E+00
  1.40000E+02  1.80300E+01  1.80300E+00
  1.40000E+02  1.84200E+01  1.84200E+00
  1.40000E+02  1.80000E+01  1.80000E+00
  1.40000E+02  1.67900E+01  1.67900E+00
  1.40000E+02  1.75700E+01  1.75700E+00
  1.40000E+02  1.79600E+01  1.79600E+00
  1.40000E+02  1.83500E+01  1.83500E+00
  1.40000E+02  1.87400E+01  1.87400E+00
  1.40000E+02  1.99300E+01  1.99300E+00
  1.40000E+02  2.07300E+01  2.07300E+00
  1.40000E+02  2.11300E+01  2.11300E+00
  1.40000E+02  2.29000E+01  2.29000E+00
  1.40000E+02  2.39000E+01  2.39000E+00
  1.40000E+02  2.46900E+01  2.46900E+00
  1.40000E+02  2.44800E+01  2.44800E+00
  1.40000E+02  2.40600E+01  2.40600E+00
  1.40000E+02  2.46600E+01  2.46600E+00
  1.40000E+02  2.46500E+01  2.46500E+00
  1.40000E+02  2.46400E+01  2.46400E+00
  1.40000E+02  2.38100E+01  2.38100E+00
  1.40000E+02  2.26000E+01  2.26000E+00
  1.40000E+02  2.11900E+01  2.11900E+00
  1.40000E+02  1.99800E+01  1.99800E+00
  1.40000E+02  1.91700E+01  1.91700E+00
  1.40000E+02  2.05600E+01  2.05600E+00
  1.40000E+02  1.93400E+01  1.93400E+00
  1.40000E+02  2.03400E+01  2.03400E+00
  1.40000E+02  1.75200E+01  1.75200E+00
  1.40000E+02  1.71000E+01  1.71000E+00
  1.40000E+02  1.74900E+01  1.74900E+00
  1.40000E+02  1.84700E+01  1.84700E+00
  1.40000E+02  1.86600E+01  1.86600E+00
  1.40000E+02  1.90400E+01  1.90400E+00
  1.40000E+02  1.84300E+01  1.84300E+00
  1.40000E+02  1.86100E+01  1.86100E+00
  1.40000E+02  2.02000E+01  2.02000E+00
  1.40000E+02  2.03900E+01  2.03900E+00
  1.40000E+02  2.11700E+01  2.11700E+00
  1.40000E+02  2.11600E+01  2.11600E+00
  1.40000E+02  2.01400E+01  2.01400E+00
  1.40000E+02  1.95400E+01  1.95400E+00
  1.40000E+02  1.83300E+01  1.83300E+00
  1.40000E+02  1.73100E+01  1.73100E+00
  1.40000E+02  1.58900E+01  1.58900E+00
  1.40000E+02  1.62800E+01  1.62800E+00
  1.40000E+02  1.64600E+01  1.64600E+00
  1.40000E+02  1.76500E+01  1.76500E+00
  1.40000E+02  1.84400E+01  1.84400E+00
  1.40000E+02  1.94200E+01  1.94200E+00
  1.40000E+02  1.90200E+01  1.90200E+00
  1.40000E+02  1.92000E+01  1.92000E+00
  1.40000E+02  1.91900E+01  1.91900E+00
  1.40000E+02  2.01700E+01  2.01700E+00
  1.40000E+02  2.03600E+01  2.03600E+00
  1.40000E+02  1.99400E+01  1.99400E+00
  1.40000E+02  1.85100E+01  1.85100E+00
  1.40000E+02  1.89200E+01  1.89200E+00
  1.40000E+02  1.98900E+01  1.98900E+00
  1.40000E+02  2.04900E+01  2.04900E+00
  1.40000E+02  1.98600E+01  1.98600E+00
  1.40000E+02  2.08600E+01  2.08600E+00
  1.40000E+02  2.10500E+01  2.10500E+00
  1.40000E+02  2.12400E+01  2.12400E+00
  1.40000E+02  2.06200E+01  2.06200E+00
  1.40000E+02  2.02100E+01  2.02100E+00
  1.40000E+02  1.98000E+01  1.98000E+00
  1.40000E+02  1.93800E+01  1.93800E+00
  1.40000E+02  1.87600E+01  1.87600E+00
  1.40000E+02  1.77500E+01  1.77500E+00
  1.40000E+02  1.75300E+01  1.75300E+00
  1.40000E+02  1.77200E+01  1.77200E+00
  1.40000E+02  1.79000E+01  1.79000E+00
  1.40000E+02  1.74900E+01  1.74900E+00
  1.40000E+02  1.76600E+01  1.76600E+00
  1.40000E+02  1.72500E+01  1.72500E+00
  1.40000E+02  1.66400E+01  1.66400E+00
  1.40000E+02  1.66200E+01  1.66200E+00
  1.40000E+02  1.54000E+01  1.54000E+00
  1.40000E+02  1.57900E+01  1.57900E+00
  1.40000E+02  1.65800E+01  1.65800E+00
  1.40000E+02  1.75700E+01  1.75700E+00
  1.40000E+02  1.87500E+01  1.87500E+00
  1.40000E+02  1.95400E+01  1.95400E+00
  1.40000E+02  1.99400E+01  1.99400E+00
  1.40000E+02  1.99200E+01  1.99200E+00
  1.40000E+02  1.93000E+01  1.93000E+00
  1.40000E+02  1.88900E+01  1.88900E+00
  1.40000E+02  1.80800E+01  1.80800E+00
  1.40000E+02  1.76600E+01  1.76600E+00
  1.40000E+02  1.64400E+01  1.64400E+00
  1.40000E+02  1.68200E+01  1.68200E+00
  1.40000E+02  1.78000E+01  1.78000E+00
  1.40000E+02  1.90000E+01  1.90000E+00
  1.40000E+02  1.91900E+01  1.91900E+00
  1.40000E+02  1.91700E+01  1.91700E+00
  1.40000E+02  1.81500E+01  1.81500E+00
  1.40000E+02  1.75300E+01  1.75300E+00
  1.40000E+02  1.71200E+01  1.71200E+00
  1.40000E+02  1.71200E+01  1.71200E+00
  1.40000E+02  1.61000E+01  1.61000E+00
  1.40000E+02  1.64800E+01  1.64800E+00
  1.40000E+02  1.66600E+01  1.66600E+00
  1.40000E+02  1.72600E+01  1.72600E+00
  1.40000E+02  1.78400E+01  1.78400E+00
  1.40000E+02  1.88300E+01  1.88300E+00
  1.40000E+02  1.98200E+01  1.98200E+00
  1.40000E+02  2.08100E+01  2.08100E+00
  1.40000E+02  2.20000E+01  2.20000E+00
  1.40000E+02  2.27900E+01  2.27900E+00
  1.40000E+02  2.33800E+01  2.33800E+00
  1.40000E+02  2.35700E+01  2.35700E+00
  1.40000E+02  2.39500E+01  2.39500E+00
  1.40000E+02  2.41400E+01  2.41400E+00
  1.40000E+02  2.47200E+01  2.47200E+00
  1.40000E+02  2.47100E+01  2.47100E+00
  1.40000E+02  2.48900E+01  2.48900E+00
  1.40000E+02  2.42700E+01  2.42700E+00
  1.40000E+02  2.38500E+01  2.38500E+00
  1.40000E+02  2.32400E+01  2.32400E+00
  1.40000E+02  2.26200E+01  2.26200E+00
  1.40000E+02  2.22000E+01  2.22000E+00
  1.40000E+02  2.13900E+01  2.13900E+00
  1.40000E+02  2.05700E+01  2.05700E+00
  1.40000E+02  2.15600E+01  2.15600E+00
  1.40000E+02  2.19500E+01  2.19500E+00
  1.40000E+02  2.35400E+01  2.35400E+00
  1.40000E+02  2.31200E+01  2.31200E+00
  1.40000E+02  2.31000E+01  2.31000E+00
  1.40000E+02  2.34800E+01  2.34800E+00
  1.40000E+02  2.36700E+01  2.36700E+00
  1.40000E+02  2.38600E+01  2.38600E+00
  1.40000E+02  2.40400E+01  2.40400E+00
  1.40000E+02  2.38200E+01  2.38200E+00
  1.40000E+02  2.49800E+01  2.49800E+00
  1.40000E+02  2.51700E+01  2.51700E+00
  1.40000E+02  2.49600E+01  2.49600E+00
  1.40000E+02  2.43400E+01  2.43400E+00
  1.40000E+02  2.41300E+01  2.41300E+00
  1.40000E+02  2.31100E+01  2.31100E+00
  1.40000E+02  2.23000E+01  2.23000E+00
# Full reference:
#R.V.Elliott, R.H.Spear
#Jour. Nuclear Physics Vol.84, p.209, 1966
#Proton Scattering from 27Al in the Energy Range from 3.5 to 11.3 MeV
