# Target Z    :  13
# Target A    :  27
# Target state:  
# Projectile  : p
# Reaction    : (p,xn)
# E-inc       :  256.000 MeV
# Quantity    : Double-differential cross section
# Frame       : C
# MF          :    6
# MT          :  201
# X4 ID       : C0511004 
# X4 code     : 13-AL-27(P,X)0-NN-1,,DA/DE
# Author      : Stamer                   
# Year        : 1993
# Data points :   1449
# E-out(MeV) xs(mb/MeV.sr) dxs(mb/MeV.sr) dE(MeV)      Evaluation  C/E(F)      Chi-2     Delta(mb)
  8.50000E+00  0.00000E+00  0.00000E+00  5.00000E-01  7.49994E+00
  9.50000E+00  0.00000E+00  0.00000E+00  5.00000E-01  7.49994E+00
  1.05000E+01  2.93500E-06  4.38400E-07  5.00000E-01  7.49994E+00
  1.15000E+01  5.86900E-06  8.76200E-07  5.00000E-01  7.49994E+00
  1.25000E+01  1.83800E-06  2.74400E-07  5.00000E-01  7.49994E+00
  1.35000E+01  1.06800E-06  1.59400E-07  5.00000E-01  7.49994E+00
  1.45000E+01  8.46500E-07  1.26300E-07  5.00000E-01  7.49994E+00
  1.55000E+01  7.28300E-07  1.08700E-07  5.00000E-01  7.49994E+00
  1.65000E+01  6.01800E-07  8.98400E-08  5.00000E-01  7.49994E+00
  1.75000E+01  5.17000E-07  7.71800E-08  5.00000E-01  7.49994E+00
  1.85000E+01  4.81300E-07  7.18500E-08  5.00000E-01  7.49994E+00
  1.95000E+01  5.03100E-07  7.51100E-08  5.00000E-01  7.49994E+00
  2.05000E+01  4.62000E-07  6.89700E-08  5.00000E-01  7.49994E+00
  2.15000E+01  4.47900E-07  6.68700E-08  5.00000E-01  7.49994E+00
  2.25000E+01  4.39200E-07  6.56100E-08  5.00000E-01  7.49994E+00
  2.35000E+01  4.54700E-07  6.78800E-08  5.00000E-01  7.49994E+00
  2.45000E+01  4.84100E-07  7.22700E-08  5.00000E-01  7.49994E+00
  2.55000E+01  4.79300E-07  7.15500E-08  5.00000E-01  7.49994E+00
  2.65000E+01  4.72600E-07  7.05500E-08  5.00000E-01  7.49994E+00
  2.75000E+01  4.79400E-07  7.15700E-08  5.00000E-01  7.49994E+00
  2.85000E+01  4.66000E-07  6.95700E-08  5.00000E-01  7.49994E+00
  2.95000E+01  4.63200E-07  6.91500E-08  5.00000E-01  7.49994E+00
  3.05000E+01  4.30400E-07  6.42500E-08  5.00000E-01  7.49994E+00
  3.15000E+01  4.28300E-07  6.39400E-08  5.00000E-01  7.49994E+00
  3.25000E+01  4.08000E-07  6.09500E-08  5.00000E-01  7.49994E+00
  3.35000E+01  4.20000E-07  6.27000E-08  5.00000E-01  7.49994E+00
  3.45000E+01  4.02800E-07  6.01700E-08  5.00000E-01  7.49994E+00
  3.55000E+01  4.03700E-07  6.02700E-08  5.00000E-01  7.49994E+00
  3.65000E+01  3.92600E-07  5.86100E-08  5.00000E-01  7.49994E+00
  3.75000E+01  3.86300E-07  5.76700E-08  5.00000E-01  7.49994E+00
  3.85000E+01  3.73100E-07  5.57000E-08  5.00000E-01  7.49994E+00
  3.95000E+01  3.76900E-07  5.62700E-08  5.00000E-01  7.49994E+00
  4.05000E+01  3.65900E-07  5.46200E-08  5.00000E-01  7.49994E+00
  4.15000E+01  3.50000E-07  5.22900E-08  5.00000E-01  7.49994E+00
  4.25000E+01  3.58400E-07  5.35000E-08  5.00000E-01  7.49994E+00
  4.35000E+01  3.64300E-07  5.43900E-08  5.00000E-01  7.49994E+00
  4.45000E+01  3.60600E-07  5.38300E-08  5.00000E-01  7.49994E+00
  4.55000E+01  3.54500E-07  5.29200E-08  5.00000E-01  7.49994E+00
  4.65000E+01  3.60000E-07  5.37400E-08  5.00000E-01  7.49994E+00
  4.75000E+01  3.59000E-07  5.35900E-08  5.00000E-01  7.49994E+00
  4.85000E+01  3.39900E-07  5.07800E-08  5.00000E-01  7.49994E+00
  4.95000E+01  3.50000E-07  5.22500E-08  5.00000E-01  7.49994E+00
  5.05000E+01  3.41800E-07  5.10300E-08  5.00000E-01  7.49994E+00
  5.15000E+01  3.38800E-07  5.05800E-08  5.00000E-01  7.49994E+00
  5.25000E+01  3.33300E-07  4.97600E-08  5.00000E-01  7.49994E+00
  5.35000E+01  3.44200E-07  5.13800E-08  5.00000E-01  7.49994E+00
  5.45000E+01  3.40000E-07  5.07600E-08  5.00000E-01  7.49994E+00
  5.55000E+01  3.16800E-07  4.73300E-08  5.00000E-01  7.49994E+00
  5.65000E+01  3.24100E-07  4.84200E-08  5.00000E-01  7.49994E+00
  5.75000E+01  3.20100E-07  4.78200E-08  5.00000E-01  7.49994E+00
  5.85000E+01  3.21200E-07  4.79800E-08  5.00000E-01  7.49994E+00
  5.95000E+01  3.10800E-07  4.64300E-08  5.00000E-01  7.49994E+00
  6.05000E+01  3.16000E-07  4.72100E-08  5.00000E-01  7.49994E+00
  6.15000E+01  3.11000E-07  4.64600E-08  5.00000E-01  7.49994E+00
  6.25000E+01  3.16100E-07  4.72200E-08  5.00000E-01  7.49994E+00
  6.35000E+01  3.23300E-07  4.83000E-08  5.00000E-01  7.49994E+00
  6.45000E+01  3.10300E-07  4.63500E-08  5.00000E-01  7.49994E+00
  6.55000E+01  3.09500E-07  4.62300E-08  5.00000E-01  7.49994E+00
  6.65000E+01  3.12400E-07  4.66700E-08  5.00000E-01  7.49994E+00
  6.75000E+01  3.09000E-07  4.61600E-08  5.00000E-01  7.49994E+00
  6.85000E+01  3.19100E-07  4.76700E-08  5.00000E-01  7.49994E+00
  6.95000E+01  3.18300E-07  4.75500E-08  5.00000E-01  7.49994E+00
  7.05000E+01  3.12500E-07  4.66800E-08  5.00000E-01  7.49994E+00
  7.15000E+01  3.05600E-07  4.56800E-08  5.00000E-01  7.49994E+00
  7.25000E+01  3.09400E-07  4.62200E-08  5.00000E-01  7.49994E+00
  7.35000E+01  3.10000E-07  4.63400E-08  5.00000E-01  7.49994E+00
  7.45000E+01  3.13100E-07  4.67700E-08  5.00000E-01  7.49994E+00
  7.55000E+01  3.12800E-07  4.67300E-08  5.00000E-01  7.49994E+00
  7.65000E+01  3.00400E-07  4.49100E-08  5.00000E-01  7.49994E+00
  7.75000E+01  3.09000E-07  4.61900E-08  5.00000E-01  7.49994E+00
  7.85000E+01  3.04900E-07  4.55800E-08  5.00000E-01  7.49994E+00
  7.95000E+01  3.12000E-07  4.66400E-08  5.00000E-01  7.49994E+00
  8.05000E+01  3.05700E-07  4.57000E-08  5.00000E-01  7.49994E+00
  8.15000E+01  3.07900E-07  4.60300E-08  5.00000E-01  7.49994E+00
  8.25000E+01  3.00400E-07  4.49100E-08  5.00000E-01  7.49994E+00
  8.35000E+01  3.12900E-07  4.67700E-08  5.00000E-01  7.49994E+00
  8.45000E+01  3.01900E-07  4.51300E-08  5.00000E-01  7.49994E+00
  8.55000E+01  3.04800E-07  4.55600E-08  5.00000E-01  7.49994E+00
  8.65000E+01  2.98600E-07  4.46700E-08  5.00000E-01  7.49994E+00
  8.75000E+01  3.02900E-07  4.52800E-08  5.00000E-01  7.49994E+00
  8.85000E+01  3.11400E-07  4.65800E-08  5.00000E-01  7.49994E+00
  8.95000E+01  2.90700E-07  4.34800E-08  5.00000E-01  7.49994E+00
  9.05000E+01  2.93500E-07  4.39000E-08  5.00000E-01  7.49994E+00
  9.15000E+01  2.99100E-07  4.47400E-08  5.00000E-01  7.49994E+00
  9.25000E+01  2.83700E-07  4.24700E-08  5.00000E-01  7.49994E+00
  9.35000E+01  2.91300E-07  4.35700E-08  5.00000E-01  7.49994E+00
  9.45000E+01  2.97600E-07  4.45200E-08  5.00000E-01  7.49994E+00
  9.55000E+01  2.87800E-07  4.30800E-08  5.00000E-01  7.49994E+00
  9.65000E+01  2.86500E-07  4.28800E-08  5.00000E-01  7.49994E+00
  9.75000E+01  2.84500E-07  4.25900E-08  5.00000E-01  7.49994E+00
  9.85000E+01  2.86000E-07  4.28100E-08  5.00000E-01  7.49994E+00
  9.95000E+01  2.82700E-07  4.23200E-08  5.00000E-01  7.49994E+00
  1.00500E+02  2.76600E-07  4.14300E-08  5.00000E-01  7.49994E+00
  1.01500E+02  2.81900E-07  4.22000E-08  5.00000E-01  7.49994E+00
  1.02500E+02  2.81000E-07  4.20600E-08  5.00000E-01  7.49994E+00
  1.03500E+02  2.77100E-07  4.15100E-08  5.00000E-01  7.49994E+00
  1.04500E+02  2.69900E-07  4.04300E-08  5.00000E-01  7.49994E+00
  1.05500E+02  2.63400E-07  3.94800E-08  5.00000E-01  7.49994E+00
  1.06500E+02  2.74700E-07  4.11500E-08  5.00000E-01  7.49994E+00
  1.07500E+02  2.78300E-07  4.17100E-08  5.00000E-01  7.49994E+00
  1.08500E+02  2.77400E-07  4.15500E-08  5.00000E-01  7.49994E+00
  1.09500E+02  2.75800E-07  4.13100E-08  5.00000E-01  7.49994E+00
  1.10500E+02  2.77900E-07  4.16200E-08  5.00000E-01  7.49994E+00
  1.11500E+02  2.63600E-07  3.95100E-08  5.00000E-01  7.49994E+00
  1.12500E+02  2.74100E-07  4.10800E-08  5.00000E-01  7.49994E+00
  1.13500E+02  2.66400E-07  3.99000E-08  5.00000E-01  7.49994E+00
  1.14500E+02  2.71800E-07  4.07400E-08  5.00000E-01  7.49994E+00
  1.15500E+02  2.75400E-07  4.12800E-08  5.00000E-01  7.49994E+00
  1.16500E+02  2.64000E-07  3.95400E-08  5.00000E-01  7.49994E+00
  1.17500E+02  2.76000E-07  4.13700E-08  5.00000E-01  7.49994E+00
  1.18500E+02  2.88600E-07  4.32000E-08  5.00000E-01  7.49994E+00
  1.19500E+02  2.77800E-07  4.16100E-08  5.00000E-01  7.49994E+00
  1.20500E+02  2.87200E-07  4.30200E-08  5.00000E-01  7.49994E+00
  1.21500E+02  2.86300E-07  4.28800E-08  5.00000E-01  7.49994E+00
  1.22500E+02  2.64800E-07  3.96900E-08  5.00000E-01  7.49994E+00
  1.23500E+02  2.84000E-07  4.25100E-08  5.00000E-01  7.49994E+00
  1.24500E+02  2.84700E-07  4.26400E-08  5.00000E-01  7.49994E+00
  1.25500E+02  2.92600E-07  4.38000E-08  5.00000E-01  7.49994E+00
  1.26500E+02  3.00400E-07  4.49700E-08  5.00000E-01  7.49994E+00
  1.27500E+02  3.14000E-07  4.69700E-08  5.00000E-01  7.49994E+00
  1.28500E+02  3.02800E-07  4.53200E-08  5.00000E-01  7.49994E+00
  1.29500E+02  3.13100E-07  4.68400E-08  5.00000E-01  7.49994E+00
  1.30500E+02  2.94300E-07  4.40500E-08  5.00000E-01  7.49994E+00
  1.31500E+02  2.89100E-07  4.32700E-08  5.00000E-01  7.49994E+00
  1.32500E+02  3.12300E-07  4.67200E-08  5.00000E-01  7.49994E+00
  1.33500E+02  3.18600E-07  4.76600E-08  5.00000E-01  7.49994E+00
  1.34500E+02  3.16200E-07  4.73000E-08  5.00000E-01  7.49994E+00
  1.35500E+02  3.26900E-07  4.89000E-08  5.00000E-01  7.49994E+00
  1.36500E+02  3.27000E-07  4.89100E-08  5.00000E-01  7.49994E+00
  1.37500E+02  3.20100E-07  4.78800E-08  5.00000E-01  7.49994E+00
  1.38500E+02  3.23100E-07  4.83300E-08  5.00000E-01  7.49994E+00
  1.39500E+02  3.41600E-07  5.10600E-08  5.00000E-01  7.49994E+00
  1.40500E+02  3.38200E-07  5.05600E-08  5.00000E-01  7.49994E+00
  1.41500E+02  3.30700E-07  4.94400E-08  5.00000E-01  7.49994E+00
  1.42500E+02  3.46600E-07  5.18100E-08  5.00000E-01  7.49994E+00
  1.43500E+02  3.45200E-07  5.16000E-08  5.00000E-01  7.49994E+00
  1.44500E+02  3.68300E-07  5.50200E-08  5.00000E-01  7.49994E+00
  1.45500E+02  3.57500E-07  5.34400E-08  5.00000E-01  7.49994E+00
  1.46500E+02  3.66400E-07  5.47400E-08  5.00000E-01  7.49994E+00
  1.47500E+02  3.67000E-07  5.48300E-08  5.00000E-01  7.49994E+00
  1.48500E+02  3.76300E-07  5.62100E-08  5.00000E-01  7.49994E+00
  1.49500E+02  3.75200E-07  5.60500E-08  5.00000E-01  7.49994E+00
  1.50500E+02  3.85100E-07  5.74900E-08  5.00000E-01  7.49994E+00
  1.51500E+02  3.86500E-07  5.77400E-08  5.00000E-01  7.49994E+00
  1.52500E+02  4.07600E-07  6.08500E-08  5.00000E-01  7.49994E+00
  1.53500E+02  4.14700E-07  6.19100E-08  5.00000E-01  7.49994E+00
  1.54500E+02  4.03400E-07  6.02200E-08  5.00000E-01  7.49994E+00
  1.55500E+02  4.01700E-07  5.99700E-08  5.00000E-01  7.49994E+00
  1.56500E+02  4.17000E-07  6.22500E-08  5.00000E-01  7.49994E+00
  1.57500E+02  4.27900E-07  6.38800E-08  5.00000E-01  7.49994E+00
  1.58500E+02  4.28400E-07  6.39600E-08  5.00000E-01  7.49994E+00
  1.59500E+02  4.27900E-07  6.38800E-08  5.00000E-01  7.49994E+00
  1.60500E+02  4.29800E-07  6.41200E-08  5.00000E-01  7.49994E+00
  1.61500E+02  4.60100E-07  6.86400E-08  5.00000E-01  7.49994E+00
  1.62500E+02  4.72400E-07  7.04800E-08  5.00000E-01  7.49994E+00
  1.63500E+02  4.82200E-07  7.18900E-08  5.00000E-01  7.49994E+00
  1.64500E+02  4.81800E-07  7.18300E-08  5.00000E-01  7.49994E+00
  1.65500E+02  5.08100E-07  7.57500E-08  5.00000E-01  7.49994E+00
  1.66500E+02  5.09500E-07  7.59600E-08  5.00000E-01  7.49994E+00
  1.67500E+02  4.95600E-07  7.38900E-08  5.00000E-01  7.49994E+00
  1.68500E+02  5.17200E-07  7.71100E-08  5.00000E-01  7.49994E+00
  1.69500E+02  5.22200E-07  7.78600E-08  5.00000E-01  7.49994E+00
  1.70500E+02  5.42400E-07  8.08700E-08  5.00000E-01  7.49994E+00
  1.71500E+02  5.55400E-07  8.27500E-08  5.00000E-01  7.49994E+00
  1.72500E+02  5.56600E-07  8.29300E-08  5.00000E-01  7.49994E+00
  1.73500E+02  5.60700E-07  8.35400E-08  5.00000E-01  7.49994E+00
  1.74500E+02  5.90200E-07  8.79400E-08  5.00000E-01  7.49994E+00
  1.75500E+02  6.12500E-07  9.12600E-08  5.00000E-01  7.49994E+00
  1.76500E+02  6.23200E-07  9.28500E-08  5.00000E-01  7.49994E+00
  1.77500E+02  6.33000E-07  9.43100E-08  5.00000E-01  7.49994E+00
  1.78500E+02  6.28100E-07  9.35800E-08  5.00000E-01  7.49994E+00
  1.79500E+02  6.54400E-07  9.75000E-08  5.00000E-01  7.49994E+00
  1.80500E+02  6.73200E-07  1.00200E-07  5.00000E-01  7.49994E+00
  1.81500E+02  7.23300E-07  1.07700E-07  5.00000E-01  7.49994E+00
  1.82500E+02  7.33600E-07  1.09200E-07  5.00000E-01  7.49994E+00
  1.83500E+02  7.53000E-07  1.12100E-07  5.00000E-01  7.49994E+00
  1.84500E+02  8.01500E-07  1.19300E-07  5.00000E-01  7.49994E+00
  1.85500E+02  8.08700E-07  1.20400E-07  5.00000E-01  7.49994E+00
  1.86500E+02  8.09800E-07  1.20500E-07  5.00000E-01  7.49994E+00
  1.87500E+02  8.24300E-07  1.22600E-07  5.00000E-01  7.49994E+00
  1.88500E+02  8.67600E-07  1.29100E-07  5.00000E-01  7.49994E+00
  1.89500E+02  9.34400E-07  1.39000E-07  5.00000E-01  7.49994E+00
  1.90500E+02  9.53300E-07  1.41800E-07  5.00000E-01  7.49994E+00
  1.91500E+02  9.77800E-07  1.45500E-07  5.00000E-01  7.49994E+00
  1.92500E+02  1.00500E-06  1.49500E-07  5.00000E-01  7.49994E+00
  1.93500E+02  1.02700E-06  1.52800E-07  5.00000E-01  7.49994E+00
  1.94500E+02  1.05800E-06  1.57400E-07  5.00000E-01  7.49994E+00
  1.95500E+02  1.10000E-06  1.63500E-07  5.00000E-01  7.49994E+00
  1.96500E+02  1.13900E-06  1.69300E-07  5.00000E-01  7.49994E+00
  1.97500E+02  1.18200E-06  1.75700E-07  5.00000E-01  7.49994E+00
  1.98500E+02  1.20200E-06  1.78700E-07  5.00000E-01  7.49994E+00
  1.99500E+02  1.22900E-06  1.82700E-07  5.00000E-01  7.49994E+00
  2.00500E+02  1.27900E-06  1.90100E-07  5.00000E-01  7.49994E+00
  2.01500E+02  1.36600E-06  2.03100E-07  5.00000E-01  7.49994E+00
  2.02500E+02  1.39000E-06  2.06600E-07  5.00000E-01  7.49994E+00
  2.03500E+02  1.41400E-06  2.10200E-07  5.00000E-01  7.49994E+00
  2.04500E+02  1.43900E-06  2.13900E-07  5.00000E-01  7.49994E+00
  2.05500E+02  1.45700E-06  2.16600E-07  5.00000E-01  7.49994E+00
  2.06500E+02  1.53300E-06  2.27900E-07  5.00000E-01  7.49994E+00
  2.07500E+02  1.55500E-06  2.31000E-07  5.00000E-01  7.49994E+00
  2.08500E+02  1.60700E-06  2.38800E-07  5.00000E-01  7.49994E+00
  2.09500E+02  1.58000E-06  2.34700E-07  5.00000E-01  7.49994E+00
  2.10500E+02  1.65500E-06  2.45900E-07  5.00000E-01  7.49994E+00
  2.11500E+02  1.62200E-06  2.41000E-07  5.00000E-01  7.49994E+00
  2.12500E+02  1.58700E-06  2.35800E-07  5.00000E-01  7.49994E+00
  2.13500E+02  1.52000E-06  2.26000E-07  5.00000E-01  7.49994E+00
  2.14500E+02  1.45300E-06  2.16000E-07  5.00000E-01  7.49994E+00
  2.15500E+02  1.36600E-06  2.03100E-07  5.00000E-01  7.49994E+00
  2.16500E+02  1.25100E-06  1.86000E-07  5.00000E-01  7.49994E+00
  2.17500E+02  1.12600E-06  1.67400E-07  5.00000E-01  7.49994E+00
  2.18500E+02  1.01200E-06  1.50500E-07  5.00000E-01  7.49994E+00
  2.19500E+02  8.65900E-07  1.28800E-07  5.00000E-01  7.49994E+00
  2.20500E+02  7.69500E-07  1.14500E-07  5.00000E-01  7.49994E+00
  2.21500E+02  6.73700E-07  1.00300E-07  5.00000E-01  7.49994E+00
  2.22500E+02  4.95300E-07  7.38900E-08  5.00000E-01  7.49994E+00
  2.23500E+02  4.24000E-07  6.33000E-08  5.00000E-01  7.49994E+00
  2.24500E+02  3.59800E-07  5.37500E-08  5.00000E-01  7.49994E+00
  2.25500E+02  3.08400E-07  4.61300E-08  5.00000E-01  7.49994E+00
  2.26500E+02  2.68100E-07  4.01600E-08  5.00000E-01  7.49994E+00
  2.27500E+02  2.33000E-07  3.49500E-08  5.00000E-01  7.49994E+00
  2.28500E+02  2.01600E-07  3.02800E-08  5.00000E-01  7.49994E+00
  2.29500E+02  1.63600E-07  2.46500E-08  5.00000E-01  7.49994E+00
  2.30500E+02  1.31200E-07  1.98500E-08  5.00000E-01  7.49994E+00
  2.31500E+02  9.97800E-08  1.51700E-08  5.00000E-01  7.49994E+00
  2.32500E+02  8.21600E-08  1.25600E-08  5.00000E-01  7.49994E+00
  2.33500E+02  6.04200E-08  9.33400E-09  5.00000E-01  7.49994E+00
  2.34500E+02  4.98200E-08  7.76200E-09  5.00000E-01  7.49994E+00
  2.35500E+02  4.20400E-08  6.60000E-09  5.00000E-01  7.49994E+00
  2.36500E+02  3.51200E-08  5.57000E-09  5.00000E-01  7.49994E+00
  2.37500E+02  3.22400E-08  5.14200E-09  5.00000E-01  7.49994E+00
  2.38500E+02  3.05200E-08  4.87100E-09  5.00000E-01  7.49994E+00
  2.39500E+02  2.54600E-08  4.12200E-09  5.00000E-01  7.49994E+00
  2.40500E+02  2.11900E-08  3.49000E-09  5.00000E-01  7.49994E+00
  2.41500E+02  1.95000E-08  3.22700E-09  5.00000E-01  7.49994E+00
  2.42500E+02  1.93100E-08  3.21300E-09  5.00000E-01  7.49994E+00
  2.43500E+02  2.01200E-08  3.31900E-09  5.00000E-01  7.49994E+00
  2.44500E+02  1.99800E-08  3.30000E-09  5.00000E-01  7.49994E+00
  2.45500E+02  1.88200E-08  3.12700E-09  5.00000E-01  7.49994E+00
  2.46500E+02  1.85700E-08  3.09000E-09  5.00000E-01  7.49994E+00
  2.47500E+02  1.78400E-08  2.97900E-09  5.00000E-01  7.49994E+00
  2.48500E+02  1.87900E-08  3.12200E-09  5.00000E-01  7.49994E+00
  2.49500E+02  1.86500E-08  3.10300E-09  5.00000E-01  7.49994E+00
  2.50500E+02  1.74500E-08  2.92200E-09  5.00000E-01  7.49994E+00
  2.51500E+02  1.83400E-08  3.05500E-09  5.00000E-01  7.49994E+00
  2.52500E+02  1.92700E-08  3.19100E-09  5.00000E-01  7.49994E+00
  2.53500E+02  1.84500E-08  3.07000E-09  5.00000E-01  7.49994E+00
  2.54500E+02  1.72800E-08  2.89600E-09  5.00000E-01  7.49994E+00
  2.55500E+02  1.69500E-08  2.84700E-09  5.00000E-01  7.49994E+00
  2.56500E+02  1.75400E-08  2.93600E-09  5.00000E-01  7.49994E+00
  2.57500E+02  1.68900E-08  2.83700E-09  5.00000E-01  7.49994E+00
  2.58500E+02  1.67100E-08  2.81400E-09  5.00000E-01  7.49994E+00
  2.59500E+02  1.69500E-08  2.85100E-09  5.00000E-01  7.49994E+00
  2.60500E+02  1.80900E-08  3.01900E-09  5.00000E-01  7.49994E+00
  2.61500E+02  1.79500E-08  2.99700E-09  5.00000E-01  7.49994E+00
  2.62500E+02  1.87400E-08  3.11600E-09  5.00000E-01  7.49994E+00
  2.63500E+02  1.94200E-08  3.21700E-09  5.00000E-01  7.49994E+00
  2.64500E+02  1.82700E-08  3.04700E-09  5.00000E-01  7.49994E+00
  2.65500E+02  1.62300E-08  2.74100E-09  5.00000E-01  7.49994E+00
  2.66500E+02  1.86000E-08  3.09600E-09  5.00000E-01  7.49994E+00
  2.67500E+02  1.73500E-08  2.90900E-09  5.00000E-01  7.49994E+00
  2.68500E+02  1.56300E-08  2.65400E-09  5.00000E-01  7.49994E+00
  2.69500E+02  1.57700E-08  2.67300E-09  5.00000E-01  7.49994E+00
  2.70500E+02  1.73900E-08  2.91600E-09  5.00000E-01  7.49994E+00
  2.71500E+02  1.73700E-08  2.90700E-09  5.00000E-01  7.49994E+00
  2.72500E+02  1.76700E-08  2.95900E-09  5.00000E-01  7.49994E+00
  2.73500E+02  1.63800E-08  2.76400E-09  5.00000E-01  7.49994E+00
  2.74500E+02  1.65400E-08  2.78800E-09  5.00000E-01  7.49994E+00
  2.75500E+02  1.70800E-08  2.87200E-09  5.00000E-01  7.49994E+00
  2.76500E+02  1.75000E-08  1.12000E-08  5.00000E-01  7.49994E+00
  2.77500E+02  8.75000E-09  1.29800E-09  5.00000E-01  7.49994E+00
  2.78500E+02  4.37500E-09  6.49600E-10  5.00000E-01  7.49994E+00
  2.79500E+02  2.18800E-09  3.24900E-10  5.00000E-01  7.49994E+00
  2.80500E+02  1.09400E-09  1.62500E-10  5.00000E-01  7.49994E+00
  2.81500E+02  5.46900E-10  8.13200E-11  5.00000E-01  7.49994E+00
  2.82500E+02  2.73400E-10  4.07300E-11  5.00000E-01  7.49994E+00
  2.83500E+02  1.36700E-10  2.04500E-11  5.00000E-01  7.49994E+00
  2.84500E+02  6.83600E-11  1.03000E-11  5.00000E-01  7.49994E+00
  2.85500E+02  3.41800E-11  5.23300E-12  5.00000E-01  7.49994E+00
  2.86500E+02  1.70900E-11  2.69300E-12  5.00000E-01  7.49994E+00
  2.87500E+02  8.54500E-12  1.42100E-12  5.00000E-01  7.49994E+00
  2.88500E+02  4.27300E-12  7.79400E-13  5.00000E-01  7.49994E+00
  2.89500E+02  2.13600E-12  4.51900E-13  5.00000E-01  7.49994E+00
  2.90500E+02  1.06800E-12  2.77400E-13  5.00000E-01  7.49994E+00
  2.91500E+02  5.34100E-13  1.79500E-13  5.00000E-01  7.49994E+00
  2.92500E+02  2.67000E-13  1.15900E-13  5.00000E-01  7.49994E+00
  2.93500E+02  1.33500E-13  7.95700E-14  5.00000E-01  7.49994E+00
  2.94500E+02  6.67600E-14  6.74900E-14  5.00000E-01  7.49994E+00
  2.95500E+02  3.33800E-14  3.37400E-14  5.00000E-01  7.49994E+00
  2.96500E+02  1.66900E-14  1.68700E-14  5.00000E-01  7.49994E+00
  2.97500E+02  8.34500E-15  8.43600E-15  5.00000E-01  7.49994E+00
  2.98500E+02  4.17200E-15  4.21700E-15  5.00000E-01  7.49994E+00
  2.99500E+02  2.08600E-15  2.10800E-15  5.00000E-01  7.49994E+00
  1.15000E+01  0.00000E+00  0.00000E+00  5.00000E-01  3.00000E+01
  1.25000E+01  0.00000E+00  0.00000E+00  5.00000E-01  3.00000E+01
  1.35000E+01  1.87800E-06  2.80000E-07  5.00000E-01  3.00000E+01
  1.45000E+01  1.28900E-06  1.92100E-07  5.00000E-01  3.00000E+01
  1.55000E+01  1.07500E-06  1.60200E-07  5.00000E-01  3.00000E+01
  1.65000E+01  7.93300E-07  1.18200E-07  5.00000E-01  3.00000E+01
  1.75000E+01  7.14100E-07  1.06400E-07  5.00000E-01  3.00000E+01
  1.85000E+01  6.73300E-07  1.00300E-07  5.00000E-01  3.00000E+01
  1.95000E+01  6.61300E-07  9.86000E-08  5.00000E-01  3.00000E+01
  2.05000E+01  6.56300E-07  9.78500E-08  5.00000E-01  3.00000E+01
  2.15000E+01  6.18800E-07  9.22600E-08  5.00000E-01  3.00000E+01
  2.25000E+01  6.29200E-07  9.38100E-08  5.00000E-01  3.00000E+01
  2.35000E+01  6.55700E-07  9.77600E-08  5.00000E-01  3.00000E+01
  2.45000E+01  6.52400E-07  9.72700E-08  5.00000E-01  3.00000E+01
  2.55000E+01  6.47000E-07  9.64600E-08  5.00000E-01  3.00000E+01
  2.65000E+01  6.49600E-07  9.68500E-08  5.00000E-01  3.00000E+01
  2.75000E+01  6.76800E-07  1.00900E-07  5.00000E-01  3.00000E+01
  2.85000E+01  6.60900E-07  9.85400E-08  5.00000E-01  3.00000E+01
  2.95000E+01  6.33100E-07  9.43900E-08  5.00000E-01  3.00000E+01
  3.05000E+01  6.31400E-07  9.41400E-08  5.00000E-01  3.00000E+01
  3.15000E+01  5.99700E-07  8.94100E-08  5.00000E-01  3.00000E+01
  3.25000E+01  5.79800E-07  8.64400E-08  5.00000E-01  3.00000E+01
  3.35000E+01  5.97700E-07  8.91100E-08  5.00000E-01  3.00000E+01
  3.45000E+01  5.54100E-07  8.26100E-08  5.00000E-01  3.00000E+01
  3.55000E+01  5.54400E-07  8.26600E-08  5.00000E-01  3.00000E+01
  3.65000E+01  5.31100E-07  7.91800E-08  5.00000E-01  3.00000E+01
  3.75000E+01  5.36600E-07  8.00000E-08  5.00000E-01  3.00000E+01
  3.85000E+01  5.18500E-07  7.73000E-08  5.00000E-01  3.00000E+01
  3.95000E+01  5.07900E-07  7.57200E-08  5.00000E-01  3.00000E+01
  4.05000E+01  5.07900E-07  7.57200E-08  5.00000E-01  3.00000E+01
  4.15000E+01  5.01900E-07  7.48300E-08  5.00000E-01  3.00000E+01
  4.25000E+01  5.06100E-07  7.54600E-08  5.00000E-01  3.00000E+01
  4.35000E+01  5.02000E-07  7.48400E-08  5.00000E-01  3.00000E+01
  4.45000E+01  4.91800E-07  7.33200E-08  5.00000E-01  3.00000E+01
  4.55000E+01  4.99800E-07  7.45200E-08  5.00000E-01  3.00000E+01
  4.65000E+01  4.85700E-07  7.24100E-08  5.00000E-01  3.00000E+01
  4.75000E+01  4.96200E-07  7.39800E-08  5.00000E-01  3.00000E+01
  4.85000E+01  4.95700E-07  7.38500E-08  5.00000E-01  3.00000E+01
  4.95000E+01  4.88600E-07  7.28500E-08  5.00000E-01  3.00000E+01
  5.05000E+01  4.81700E-07  7.18200E-08  5.00000E-01  3.00000E+01
  5.15000E+01  4.84500E-07  7.22300E-08  5.00000E-01  3.00000E+01
  5.25000E+01  4.64500E-07  6.92500E-08  5.00000E-01  3.00000E+01
  5.35000E+01  4.61200E-07  6.87600E-08  5.00000E-01  3.00000E+01
  5.45000E+01  4.63400E-07  6.90900E-08  5.00000E-01  3.00000E+01
  5.55000E+01  4.55400E-07  6.79000E-08  5.00000E-01  3.00000E+01
  5.65000E+01  4.72700E-07  7.04800E-08  5.00000E-01  3.00000E+01
  5.75000E+01  4.59400E-07  6.84900E-08  5.00000E-01  3.00000E+01
  5.85000E+01  4.56400E-07  6.80400E-08  5.00000E-01  3.00000E+01
  5.95000E+01  4.61900E-07  6.88600E-08  5.00000E-01  3.00000E+01
  6.05000E+01  4.65800E-07  6.94500E-08  5.00000E-01  3.00000E+01
  6.15000E+01  4.47100E-07  6.66600E-08  5.00000E-01  3.00000E+01
  6.25000E+01  4.51100E-07  6.72500E-08  5.00000E-01  3.00000E+01
  6.35000E+01  4.40100E-07  6.56100E-08  5.00000E-01  3.00000E+01
  6.45000E+01  4.44400E-07  6.62600E-08  5.00000E-01  3.00000E+01
  6.55000E+01  4.50300E-07  6.71400E-08  5.00000E-01  3.00000E+01
  6.65000E+01  4.40500E-07  6.56700E-08  5.00000E-01  3.00000E+01
  6.75000E+01  4.38800E-07  6.54200E-08  5.00000E-01  3.00000E+01
  6.85000E+01  4.33400E-07  6.46200E-08  5.00000E-01  3.00000E+01
  6.95000E+01  4.40800E-07  6.57200E-08  5.00000E-01  3.00000E+01
  7.05000E+01  4.50300E-07  6.71400E-08  5.00000E-01  3.00000E+01
  7.15000E+01  4.34700E-07  6.48100E-08  5.00000E-01  3.00000E+01
  7.25000E+01  4.51000E-07  6.72400E-08  5.00000E-01  3.00000E+01
  7.35000E+01  4.32500E-07  6.44800E-08  5.00000E-01  3.00000E+01
  7.45000E+01  4.45500E-07  6.64200E-08  5.00000E-01  3.00000E+01
  7.55000E+01  4.43100E-07  6.60600E-08  5.00000E-01  3.00000E+01
  7.65000E+01  4.34100E-07  6.47200E-08  5.00000E-01  3.00000E+01
  7.75000E+01  4.35700E-07  6.49600E-08  5.00000E-01  3.00000E+01
  7.85000E+01  4.31600E-07  6.43500E-08  5.00000E-01  3.00000E+01
  7.95000E+01  4.33000E-07  6.45600E-08  5.00000E-01  3.00000E+01
  8.05000E+01  4.49900E-07  6.70800E-08  5.00000E-01  3.00000E+01
  8.15000E+01  4.37900E-07  6.52900E-08  5.00000E-01  3.00000E+01
  8.25000E+01  4.63600E-07  6.91200E-08  5.00000E-01  3.00000E+01
  8.35000E+01  4.39500E-07  6.55200E-08  5.00000E-01  3.00000E+01
  8.45000E+01  4.42000E-07  6.59000E-08  5.00000E-01  3.00000E+01
  8.55000E+01  4.58800E-07  6.84000E-08  5.00000E-01  3.00000E+01
  8.65000E+01  4.42500E-07  6.59700E-08  5.00000E-01  3.00000E+01
  8.75000E+01  4.36100E-07  6.50200E-08  5.00000E-01  3.00000E+01
  8.85000E+01  4.52800E-07  6.75100E-08  5.00000E-01  3.00000E+01
  8.95000E+01  4.51100E-07  6.72500E-08  5.00000E-01  3.00000E+01
  9.05000E+01  4.75300E-07  7.08600E-08  5.00000E-01  3.00000E+01
  9.15000E+01  4.56300E-07  6.80300E-08  5.00000E-01  3.00000E+01
  9.25000E+01  4.50000E-07  6.70900E-08  5.00000E-01  3.00000E+01
  9.35000E+01  4.74200E-07  7.07000E-08  5.00000E-01  3.00000E+01
  9.45000E+01  4.64600E-07  6.92700E-08  5.00000E-01  3.00000E+01
  9.55000E+01  4.44600E-07  6.62900E-08  5.00000E-01  3.00000E+01
  9.65000E+01  4.64700E-07  6.92800E-08  5.00000E-01  3.00000E+01
  9.75000E+01  4.69400E-07  6.99800E-08  5.00000E-01  3.00000E+01
  9.85000E+01  4.57500E-07  6.82100E-08  5.00000E-01  3.00000E+01
  9.95000E+01  4.66000E-07  6.94800E-08  5.00000E-01  3.00000E+01
  1.00500E+02  4.81100E-07  7.17300E-08  5.00000E-01  3.00000E+01
  1.01500E+02  4.95400E-07  7.38600E-08  5.00000E-01  3.00000E+01
  1.02500E+02  4.72900E-07  7.05000E-08  5.00000E-01  3.00000E+01
  1.03500E+02  4.76100E-07  7.09800E-08  5.00000E-01  3.00000E+01
  1.04500E+02  5.07700E-07  7.56400E-08  5.00000E-01  3.00000E+01
  1.05500E+02  5.01000E-07  7.46900E-08  5.00000E-01  3.00000E+01
  1.06500E+02  4.75400E-07  7.08800E-08  5.00000E-01  3.00000E+01
  1.07500E+02  4.79800E-07  7.15300E-08  5.00000E-01  3.00000E+01
  1.08500E+02  4.96500E-07  7.40200E-08  5.00000E-01  3.00000E+01
  1.09500E+02  4.85300E-07  7.23500E-08  5.00000E-01  3.00000E+01
  1.10500E+02  4.92400E-07  7.34100E-08  5.00000E-01  3.00000E+01
  1.11500E+02  5.13200E-07  7.64600E-08  5.00000E-01  3.00000E+01
  1.12500E+02  5.17600E-07  7.71200E-08  5.00000E-01  3.00000E+01
  1.13500E+02  5.17500E-07  7.71000E-08  5.00000E-01  3.00000E+01
  1.14500E+02  5.13600E-07  7.65200E-08  5.00000E-01  3.00000E+01
  1.15500E+02  5.17500E-07  7.71000E-08  5.00000E-01  3.00000E+01
  1.16500E+02  5.11100E-07  7.61500E-08  5.00000E-01  3.00000E+01
  1.17500E+02  5.42500E-07  8.08300E-08  5.00000E-01  3.00000E+01
  1.18500E+02  5.46200E-07  8.13800E-08  5.00000E-01  3.00000E+01
  1.19500E+02  5.44400E-07  8.11100E-08  5.00000E-01  3.00000E+01
  1.20500E+02  5.50800E-07  8.20600E-08  5.00000E-01  3.00000E+01
  1.21500E+02  5.52100E-07  8.22600E-08  5.00000E-01  3.00000E+01
  1.22500E+02  5.47800E-07  8.16200E-08  5.00000E-01  3.00000E+01
  1.23500E+02  5.50900E-07  8.20800E-08  5.00000E-01  3.00000E+01
  1.24500E+02  5.63700E-07  8.39900E-08  5.00000E-01  3.00000E+01
  1.25500E+02  5.45600E-07  8.12900E-08  5.00000E-01  3.00000E+01
  1.26500E+02  5.60200E-07  8.34700E-08  5.00000E-01  3.00000E+01
  1.27500E+02  5.82500E-07  8.67900E-08  5.00000E-01  3.00000E+01
  1.28500E+02  5.71800E-07  8.51900E-08  5.00000E-01  3.00000E+01
  1.29500E+02  5.59700E-07  8.33900E-08  5.00000E-01  3.00000E+01
  1.30500E+02  5.42000E-07  8.07500E-08  5.00000E-01  3.00000E+01
  1.31500E+02  5.63400E-07  8.39400E-08  5.00000E-01  3.00000E+01
  1.32500E+02  5.77400E-07  8.60300E-08  5.00000E-01  3.00000E+01
  1.33500E+02  5.79200E-07  8.63000E-08  5.00000E-01  3.00000E+01
  1.34500E+02  5.78600E-07  8.62100E-08  5.00000E-01  3.00000E+01
  1.35500E+02  5.54100E-07  8.25600E-08  5.00000E-01  3.00000E+01
  1.36500E+02  5.80600E-07  8.65000E-08  5.00000E-01  3.00000E+01
  1.37500E+02  5.80600E-07  8.65000E-08  5.00000E-01  3.00000E+01
  1.38500E+02  5.97200E-07  8.89800E-08  5.00000E-01  3.00000E+01
  1.39500E+02  5.99200E-07  8.92800E-08  5.00000E-01  3.00000E+01
  1.40500E+02  5.99700E-07  8.93500E-08  5.00000E-01  3.00000E+01
  1.41500E+02  5.75000E-07  8.56700E-08  5.00000E-01  3.00000E+01
  1.42500E+02  5.69300E-07  8.48200E-08  5.00000E-01  3.00000E+01
  1.43500E+02  5.80600E-07  8.65000E-08  5.00000E-01  3.00000E+01
  1.44500E+02  5.83300E-07  8.69100E-08  5.00000E-01  3.00000E+01
  1.45500E+02  6.04800E-07  9.01100E-08  5.00000E-01  3.00000E+01
  1.46500E+02  5.76000E-07  8.58200E-08  5.00000E-01  3.00000E+01
  1.47500E+02  5.67600E-07  8.45700E-08  5.00000E-01  3.00000E+01
  1.48500E+02  5.65800E-07  8.43000E-08  5.00000E-01  3.00000E+01
  1.49500E+02  5.74700E-07  8.56300E-08  5.00000E-01  3.00000E+01
  1.50500E+02  6.00600E-07  8.94800E-08  5.00000E-01  3.00000E+01
  1.51500E+02  5.98100E-07  8.91100E-08  5.00000E-01  3.00000E+01
  1.52500E+02  5.86800E-07  8.74300E-08  5.00000E-01  3.00000E+01
  1.53500E+02  5.73300E-07  8.54200E-08  5.00000E-01  3.00000E+01
  1.54500E+02  5.47000E-07  8.15000E-08  5.00000E-01  3.00000E+01
  1.55500E+02  5.60500E-07  8.35100E-08  5.00000E-01  3.00000E+01
  1.56500E+02  5.65300E-07  8.42300E-08  5.00000E-01  3.00000E+01
  1.57500E+02  5.83800E-07  8.69800E-08  5.00000E-01  3.00000E+01
  1.58500E+02  5.93100E-07  8.83700E-08  5.00000E-01  3.00000E+01
  1.59500E+02  5.70300E-07  8.49700E-08  5.00000E-01  3.00000E+01
  1.60500E+02  5.61000E-07  8.35800E-08  5.00000E-01  3.00000E+01
  1.61500E+02  5.58500E-07  8.32100E-08  5.00000E-01  3.00000E+01
  1.62500E+02  5.35800E-07  7.98300E-08  5.00000E-01  3.00000E+01
  1.63500E+02  5.37800E-07  8.01300E-08  5.00000E-01  3.00000E+01
  1.64500E+02  5.57200E-07  8.30200E-08  5.00000E-01  3.00000E+01
  1.65500E+02  5.70700E-07  8.50300E-08  5.00000E-01  3.00000E+01
  1.66500E+02  5.62400E-07  8.37900E-08  5.00000E-01  3.00000E+01
  1.67500E+02  5.57600E-07  8.30800E-08  5.00000E-01  3.00000E+01
  1.68500E+02  5.17700E-07  7.71300E-08  5.00000E-01  3.00000E+01
  1.69500E+02  5.06500E-07  7.54600E-08  5.00000E-01  3.00000E+01
  1.70500E+02  5.17400E-07  7.70900E-08  5.00000E-01  3.00000E+01
  1.71500E+02  5.21900E-07  7.77600E-08  5.00000E-01  3.00000E+01
  1.72500E+02  5.30800E-07  7.90800E-08  5.00000E-01  3.00000E+01
  1.73500E+02  5.35500E-07  7.97900E-08  5.00000E-01  3.00000E+01
  1.74500E+02  5.33800E-07  7.95300E-08  5.00000E-01  3.00000E+01
  1.75500E+02  5.10000E-07  7.59900E-08  5.00000E-01  3.00000E+01
  1.76500E+02  4.90200E-07  7.30800E-08  5.00000E-01  3.00000E+01
  1.77500E+02  4.82600E-07  7.19500E-08  5.00000E-01  3.00000E+01
  1.78500E+02  4.81000E-07  7.17100E-08  5.00000E-01  3.00000E+01
  1.79500E+02  4.77400E-07  7.11800E-08  5.00000E-01  3.00000E+01
  1.80500E+02  4.82600E-07  7.19500E-08  5.00000E-01  3.00000E+01
  1.81500E+02  4.89100E-07  7.29200E-08  5.00000E-01  3.00000E+01
  1.82500E+02  4.71000E-07  7.02200E-08  5.00000E-01  3.00000E+01
  1.83500E+02  4.77700E-07  7.12200E-08  5.00000E-01  3.00000E+01
  1.84500E+02  4.45400E-07  6.64000E-08  5.00000E-01  3.00000E+01
  1.85500E+02  4.35200E-07  6.48800E-08  5.00000E-01  3.00000E+01
  1.86500E+02  4.21100E-07  6.28200E-08  5.00000E-01  3.00000E+01
  1.87500E+02  4.12200E-07  6.15000E-08  5.00000E-01  3.00000E+01
  1.88500E+02  3.98300E-07  5.94200E-08  5.00000E-01  3.00000E+01
  1.89500E+02  3.95700E-07  5.90300E-08  5.00000E-01  3.00000E+01
  1.90500E+02  3.93500E-07  5.87100E-08  5.00000E-01  3.00000E+01
  1.91500E+02  3.92300E-07  5.85300E-08  5.00000E-01  3.00000E+01
  1.92500E+02  3.79400E-07  5.66000E-08  5.00000E-01  3.00000E+01
  1.93500E+02  3.78200E-07  5.64600E-08  5.00000E-01  3.00000E+01
  1.94500E+02  3.66600E-07  5.47300E-08  5.00000E-01  3.00000E+01
  1.95500E+02  3.41200E-07  5.09700E-08  5.00000E-01  3.00000E+01
  1.96500E+02  3.42500E-07  5.11300E-08  5.00000E-01  3.00000E+01
  1.97500E+02  3.21600E-07  4.80400E-08  5.00000E-01  3.00000E+01
  1.98500E+02  3.17000E-07  4.73600E-08  5.00000E-01  3.00000E+01
  1.99500E+02  3.14700E-07  4.70100E-08  5.00000E-01  3.00000E+01
  2.00500E+02  3.07700E-07  4.59700E-08  5.00000E-01  3.00000E+01
  2.01500E+02  3.01500E-07  4.50700E-08  5.00000E-01  3.00000E+01
  2.02500E+02  2.90500E-07  4.34300E-08  5.00000E-01  3.00000E+01
  2.03500E+02  2.73000E-07  4.08400E-08  5.00000E-01  3.00000E+01
  2.04500E+02  2.64000E-07  3.94900E-08  5.00000E-01  3.00000E+01
  2.05500E+02  2.49200E-07  3.73000E-08  5.00000E-01  3.00000E+01
  2.06500E+02  2.42900E-07  3.63600E-08  5.00000E-01  3.00000E+01
  2.07500E+02  2.26200E-07  3.38800E-08  5.00000E-01  3.00000E+01
  2.08500E+02  2.18800E-07  3.27900E-08  5.00000E-01  3.00000E+01
  2.09500E+02  2.16000E-07  3.23700E-08  5.00000E-01  3.00000E+01
  2.10500E+02  2.11100E-07  3.16400E-08  5.00000E-01  3.00000E+01
  2.11500E+02  2.01500E-07  3.02200E-08  5.00000E-01  3.00000E+01
  2.12500E+02  1.95900E-07  2.93800E-08  5.00000E-01  3.00000E+01
  2.13500E+02  1.92500E-07  2.88900E-08  5.00000E-01  3.00000E+01
  2.14500E+02  1.83400E-07  2.75200E-08  5.00000E-01  3.00000E+01
  2.15500E+02  1.71500E-07  2.57700E-08  5.00000E-01  3.00000E+01
  2.16500E+02  1.60000E-07  2.40600E-08  5.00000E-01  3.00000E+01
  2.17500E+02  1.45400E-07  2.18900E-08  5.00000E-01  3.00000E+01
  2.18500E+02  1.33600E-07  2.01400E-08  5.00000E-01  3.00000E+01
  2.19500E+02  1.21600E-07  1.83600E-08  5.00000E-01  3.00000E+01
  2.20500E+02  1.09800E-07  1.66100E-08  5.00000E-01  3.00000E+01
  2.21500E+02  9.75800E-08  1.47900E-08  5.00000E-01  3.00000E+01
  2.22500E+02  7.69100E-08  1.17200E-08  5.00000E-01  3.00000E+01
  2.23500E+02  7.09900E-08  1.08500E-08  5.00000E-01  3.00000E+01
  2.24500E+02  6.37000E-08  9.77100E-09  5.00000E-01  3.00000E+01
  2.25500E+02  5.31000E-08  8.19300E-09  5.00000E-01  3.00000E+01
  2.26500E+02  4.52000E-08  7.01900E-09  5.00000E-01  3.00000E+01
  2.27500E+02  3.67600E-08  5.76700E-09  5.00000E-01  3.00000E+01
  2.28500E+02  3.09200E-08  4.91000E-09  5.00000E-01  3.00000E+01
  2.29500E+02  2.78200E-08  4.43700E-09  5.00000E-01  3.00000E+01
  2.30500E+02  2.18200E-08  3.54100E-09  5.00000E-01  3.00000E+01
  2.31500E+02  2.05300E-08  3.35000E-09  5.00000E-01  3.00000E+01
  2.32500E+02  1.86600E-08  3.07700E-09  5.00000E-01  3.00000E+01
  2.33500E+02  1.26600E-08  2.18200E-09  5.00000E-01  3.00000E+01
  2.34500E+02  9.15800E-09  1.64200E-09  5.00000E-01  3.00000E+01
  2.35500E+02  7.03700E-09  1.34800E-09  5.00000E-01  3.00000E+01
  2.36500E+02  5.10200E-09  1.01400E-09  5.00000E-01  3.00000E+01
  2.37500E+02  2.81300E-09  6.61900E-10  5.00000E-01  3.00000E+01
  2.38500E+02  1.83600E-09  4.92700E-10  5.00000E-01  3.00000E+01
  2.39500E+02  1.34800E-09  4.01400E-10  5.00000E-01  3.00000E+01
  2.40500E+02  9.26600E-10  3.23600E-10  5.00000E-01  3.00000E+01
  2.41500E+02  6.15200E-10  2.67200E-10  5.00000E-01  3.00000E+01
  2.42500E+02  2.90600E-10  1.73200E-10  5.00000E-01  3.00000E+01
  2.43500E+02  1.88000E-10  1.35800E-10  5.00000E-01  3.00000E+01
  2.44500E+02  1.19700E-10  1.21000E-10  5.00000E-01  3.00000E+01
  2.45500E+02  1.71000E-10  1.23500E-10  5.00000E-01  3.00000E+01
  2.46500E+02  8.54900E-11  6.17600E-11  5.00000E-01  3.00000E+01
  2.47500E+02  6.84000E-11  4.94100E-11  5.00000E-01  3.00000E+01
  2.48500E+02  2.22300E-10  1.32500E-10  5.00000E-01  3.00000E+01
  2.49500E+02  1.02600E-10  7.41200E-11  5.00000E-01  3.00000E+01
  2.50500E+02  1.71100E-11  1.72900E-11  5.00000E-01  3.00000E+01
  2.51500E+02  8.55300E-12  8.64700E-12  5.00000E-01  3.00000E+01
  2.52500E+02 -4.31400E-12  4.36100E-12  5.00000E-01  3.00000E+01
  2.53500E+02 -1.71800E-11  1.73600E-11  5.00000E-01  3.00000E+01
  2.54500E+02 -8.59100E-12  8.68500E-12  5.00000E-01  3.00000E+01
  2.55500E+02  4.29800E-12  4.34500E-12  5.00000E-01  3.00000E+01
  2.56500E+02  1.71900E-11  1.73700E-11  5.00000E-01  3.00000E+01
  2.57500E+02 -1.66100E-15  1.67900E-15  5.00000E-01  3.00000E+01
  2.58500E+02 -1.71900E-11  1.73700E-11  5.00000E-01  3.00000E+01
  2.59500E+02  5.15700E-11  5.21300E-11  5.00000E-01  3.00000E+01
  2.60500E+02  5.15800E-11  5.21400E-11  5.00000E-01  3.00000E+01
  2.61500E+02  5.19000E-11  5.24700E-11  5.00000E-01  3.00000E+01
  2.62500E+02  1.73000E-11  1.74900E-11  5.00000E-01  3.00000E+01
  2.63500E+02  3.46100E-11  3.49900E-11  5.00000E-01  3.00000E+01
  2.64500E+02  5.19200E-11  5.24900E-11  5.00000E-01  3.00000E+01
  2.65500E+02  3.46200E-11  3.50000E-11  5.00000E-01  3.00000E+01
  2.66500E+02  1.73100E-11  1.75000E-11  5.00000E-01  3.00000E+01
  2.67500E+02  5.19400E-11  5.25100E-11  5.00000E-01  3.00000E+01
  2.68500E+02  1.73100E-11  1.75000E-11  5.00000E-01  3.00000E+01
  2.69500E+02  8.65700E-12  8.75200E-12  5.00000E-01  3.00000E+01
  2.70500E+02  4.32800E-12  4.37500E-12  5.00000E-01  3.00000E+01
  2.71500E+02  2.16400E-12  2.18700E-12  5.00000E-01  3.00000E+01
  2.72500E+02  9.87000E-12  9.97800E-12  5.00000E-01  3.00000E+01
  2.73500E+02  1.75800E-11  1.77700E-11  5.00000E-01  3.00000E+01
  2.74500E+02  3.51500E-11  3.55300E-11  5.00000E-01  3.00000E+01
  2.75500E+02  3.51600E-11  3.55400E-11  5.00000E-01  3.00000E+01
  2.76500E+02 -4.39600E-11  4.44400E-11  5.00000E-01  3.00000E+01
  2.77500E+02 -1.23100E-10  1.24400E-10  5.00000E-01  3.00000E+01
  2.78500E+02 -2.46200E-10  2.48900E-10  5.00000E-01  3.00000E+01
  2.79500E+02 -3.51700E-11  5.23600E-12  5.00000E-01  3.00000E+01
  2.80500E+02 -1.75900E-11  2.61500E-12  5.00000E-01  3.00000E+01
  2.81500E+02 -8.79200E-12  1.30900E-12  5.00000E-01  3.00000E+01
  2.82500E+02 -4.39600E-12  6.56700E-13  5.00000E-01  3.00000E+01
  2.83500E+02 -2.19800E-12  3.30300E-13  5.00000E-01  3.00000E+01
  2.84500E+02 -1.09900E-12  1.67100E-13  5.00000E-01  3.00000E+01
  2.85500E+02 -5.49500E-13  8.55500E-14  5.00000E-01  3.00000E+01
  2.86500E+02 -2.74800E-13  4.47300E-14  5.00000E-01  3.00000E+01
  2.87500E+02 -1.37400E-13  2.40500E-14  5.00000E-01  3.00000E+01
  2.88500E+02 -6.86900E-14  1.36100E-14  5.00000E-01  3.00000E+01
  2.89500E+02 -3.43400E-14  8.16200E-15  5.00000E-01  3.00000E+01
  2.90500E+02 -1.71700E-14  5.24800E-15  5.00000E-01  3.00000E+01
  2.91500E+02 -8.58600E-15  3.48600E-15  5.00000E-01  3.00000E+01
  2.92500E+02 -4.29300E-15  2.23900E-15  5.00000E-01  3.00000E+01
  2.93500E+02 -2.14700E-15  1.55100E-15  5.00000E-01  3.00000E+01
  2.94500E+02 -1.07300E-15  1.08400E-15  5.00000E-01  3.00000E+01
  2.95500E+02 -5.36600E-16  5.42500E-16  5.00000E-01  3.00000E+01
  2.96500E+02 -2.68300E-16  2.71200E-16  5.00000E-01  3.00000E+01
  2.97500E+02 -1.34200E-16  1.35600E-16  5.00000E-01  3.00000E+01
  2.98500E+02 -6.70800E-17  6.78100E-17  5.00000E-01  3.00000E+01
  2.99500E+02 -3.35400E-17  3.39000E-17  5.00000E-01  3.00000E+01
  6.50000E+00  0.00000E+00  0.00000E+00  5.00000E-01  6.00001E+01
  7.50000E+00  0.00000E+00  0.00000E+00  5.00000E-01  6.00001E+01
  8.50000E+00  1.15100E-09  2.96000E-10  5.00000E-01  6.00001E+01
  9.50000E+00  3.29800E-10  7.66100E-11  5.00000E-01  6.00001E+01
  1.05000E+01  2.36800E-09  4.88500E-10  5.00000E-01  6.00001E+01
  1.15000E+01  7.06300E-09  1.14600E-09  5.00000E-01  6.00001E+01
  1.25000E+01  2.65100E-08  4.00800E-09  5.00000E-01  6.00001E+01
  1.35000E+01  5.54200E-08  8.29600E-09  5.00000E-01  6.00001E+01
  1.45000E+01  8.77500E-08  1.30900E-08  5.00000E-01  6.00001E+01
  1.55000E+01  1.17000E-07  1.74300E-08  5.00000E-01  6.00001E+01
  1.65000E+01  1.41200E-07  2.10200E-08  5.00000E-01  6.00001E+01
  1.75000E+01  1.62700E-07  2.42100E-08  5.00000E-01  6.00001E+01
  1.85000E+01  1.80600E-07  2.68700E-08  5.00000E-01  6.00001E+01
  1.95000E+01  1.97900E-07  2.94400E-08  5.00000E-01  6.00001E+01
  2.05000E+01  1.96500E-07  2.92300E-08  5.00000E-01  6.00001E+01
  2.15000E+01  2.07800E-07  3.09200E-08  5.00000E-01  6.00001E+01
  2.25000E+01  2.02400E-07  3.01100E-08  5.00000E-01  6.00001E+01
  2.35000E+01  2.04800E-07  3.04700E-08  5.00000E-01  6.00001E+01
  2.45000E+01  2.03000E-07  3.02000E-08  5.00000E-01  6.00001E+01
  2.55000E+01  2.05100E-07  3.05100E-08  5.00000E-01  6.00001E+01
  2.65000E+01  2.07200E-07  3.08100E-08  5.00000E-01  6.00001E+01
  2.75000E+01  2.16400E-07  3.21700E-08  5.00000E-01  6.00001E+01
  2.85000E+01  2.11100E-07  3.13900E-08  5.00000E-01  6.00001E+01
  2.95000E+01  2.15900E-07  3.21000E-08  5.00000E-01  6.00001E+01
  3.05000E+01  2.10300E-07  3.12700E-08  5.00000E-01  6.00001E+01
  3.15000E+01  2.10500E-07  3.13000E-08  5.00000E-01  6.00001E+01
  3.25000E+01  2.09500E-07  3.11500E-08  5.00000E-01  6.00001E+01
  3.35000E+01  2.09300E-07  3.11200E-08  5.00000E-01  6.00001E+01
  3.45000E+01  2.04200E-07  3.03600E-08  5.00000E-01  6.00001E+01
  3.55000E+01  1.96800E-07  2.92600E-08  5.00000E-01  6.00001E+01
  3.65000E+01  1.95900E-07  2.91300E-08  5.00000E-01  6.00001E+01
  3.75000E+01  1.95100E-07  2.90100E-08  5.00000E-01  6.00001E+01
  3.85000E+01  1.91600E-07  2.84900E-08  5.00000E-01  6.00001E+01
  3.95000E+01  1.87400E-07  2.78600E-08  5.00000E-01  6.00001E+01
  4.05000E+01  1.82900E-07  2.71900E-08  5.00000E-01  6.00001E+01
  4.15000E+01  1.80900E-07  2.69000E-08  5.00000E-01  6.00001E+01
  4.25000E+01  1.75600E-07  2.61100E-08  5.00000E-01  6.00001E+01
  4.35000E+01  1.76800E-07  2.62900E-08  5.00000E-01  6.00001E+01
  4.45000E+01  1.77400E-07  2.63700E-08  5.00000E-01  6.00001E+01
  4.55000E+01  1.82200E-07  2.70900E-08  5.00000E-01  6.00001E+01
  4.65000E+01  1.80100E-07  2.67800E-08  5.00000E-01  6.00001E+01
  4.75000E+01  1.74000E-07  2.58700E-08  5.00000E-01  6.00001E+01
  4.85000E+01  1.74000E-07  2.58700E-08  5.00000E-01  6.00001E+01
  4.95000E+01  1.74200E-07  2.59000E-08  5.00000E-01  6.00001E+01
  5.05000E+01  1.73800E-07  2.58400E-08  5.00000E-01  6.00001E+01
  5.15000E+01  1.73000E-07  2.57200E-08  5.00000E-01  6.00001E+01
  5.25000E+01  1.73400E-07  2.57800E-08  5.00000E-01  6.00001E+01
  5.35000E+01  1.71600E-07  2.55100E-08  5.00000E-01  6.00001E+01
  5.45000E+01  1.72800E-07  2.56900E-08  5.00000E-01  6.00001E+01
  5.55000E+01  1.69800E-07  2.52400E-08  5.00000E-01  6.00001E+01
  5.65000E+01  1.74100E-07  2.58800E-08  5.00000E-01  6.00001E+01
  5.75000E+01  1.67900E-07  2.49600E-08  5.00000E-01  6.00001E+01
  5.85000E+01  1.67500E-07  2.49000E-08  5.00000E-01  6.00001E+01
  5.95000E+01  1.73100E-07  2.57400E-08  5.00000E-01  6.00001E+01
  6.05000E+01  1.69500E-07  2.52000E-08  5.00000E-01  6.00001E+01
  6.15000E+01  1.72300E-07  2.56200E-08  5.00000E-01  6.00001E+01
  6.25000E+01  1.71300E-07  2.54700E-08  5.00000E-01  6.00001E+01
  6.35000E+01  1.66800E-07  2.48000E-08  5.00000E-01  6.00001E+01
  6.45000E+01  1.62000E-07  2.40800E-08  5.00000E-01  6.00001E+01
  6.55000E+01  1.63900E-07  2.43700E-08  5.00000E-01  6.00001E+01
  6.65000E+01  1.62100E-07  2.41000E-08  5.00000E-01  6.00001E+01
  6.75000E+01  1.60800E-07  2.39100E-08  5.00000E-01  6.00001E+01
  6.85000E+01  1.58700E-07  2.35900E-08  5.00000E-01  6.00001E+01
  6.95000E+01  1.62700E-07  2.42100E-08  5.00000E-01  6.00001E+01
  7.05000E+01  1.62800E-07  2.42000E-08  5.00000E-01  6.00001E+01
  7.15000E+01  1.62300E-07  2.41300E-08  5.00000E-01  6.00001E+01
  7.25000E+01  1.58100E-07  2.35200E-08  5.00000E-01  6.00001E+01
  7.35000E+01  1.52200E-07  2.26400E-08  5.00000E-01  6.00001E+01
  7.45000E+01  1.59000E-07  2.36500E-08  5.00000E-01  6.00001E+01
  7.55000E+01  1.53700E-07  2.28700E-08  5.00000E-01  6.00001E+01
  7.65000E+01  1.53700E-07  2.28700E-08  5.00000E-01  6.00001E+01
  7.75000E+01  1.49200E-07  2.22000E-08  5.00000E-01  6.00001E+01
  7.85000E+01  1.50600E-07  2.24000E-08  5.00000E-01  6.00001E+01
  7.95000E+01  1.48500E-07  2.20900E-08  5.00000E-01  6.00001E+01
  8.05000E+01  1.44800E-07  2.15400E-08  5.00000E-01  6.00001E+01
  8.15000E+01  1.43000E-07  2.12700E-08  5.00000E-01  6.00001E+01
  8.25000E+01  1.43200E-07  2.13000E-08  5.00000E-01  6.00001E+01
  8.35000E+01  1.42700E-07  2.12300E-08  5.00000E-01  6.00001E+01
  8.45000E+01  1.36500E-07  2.03100E-08  5.00000E-01  6.00001E+01
  8.55000E+01  1.35100E-07  2.01000E-08  5.00000E-01  6.00001E+01
  8.65000E+01  1.37600E-07  2.04700E-08  5.00000E-01  6.00001E+01
  8.75000E+01  1.34600E-07  2.00200E-08  5.00000E-01  6.00001E+01
  8.85000E+01  1.33700E-07  1.98900E-08  5.00000E-01  6.00001E+01
  8.95000E+01  1.33700E-07  1.98900E-08  5.00000E-01  6.00001E+01
  9.05000E+01  1.36400E-07  2.02900E-08  5.00000E-01  6.00001E+01
  9.15000E+01  1.26800E-07  1.88800E-08  5.00000E-01  6.00001E+01
  9.25000E+01  1.25400E-07  1.86700E-08  5.00000E-01  6.00001E+01
  9.35000E+01  1.33300E-07  1.98400E-08  5.00000E-01  6.00001E+01
  9.45000E+01  1.23000E-07  1.83100E-08  5.00000E-01  6.00001E+01
  9.55000E+01  1.24300E-07  1.85000E-08  5.00000E-01  6.00001E+01
  9.65000E+01  1.25100E-07  1.86200E-08  5.00000E-01  6.00001E+01
  9.75000E+01  1.13800E-07  1.69400E-08  5.00000E-01  6.00001E+01
  9.85000E+01  1.21200E-07  1.80400E-08  5.00000E-01  6.00001E+01
  9.95000E+01  1.15400E-07  1.71800E-08  5.00000E-01  6.00001E+01
  1.00500E+02  1.08700E-07  1.61800E-08  5.00000E-01  6.00001E+01
  1.01500E+02  1.17500E-07  1.74900E-08  5.00000E-01  6.00001E+01
  1.02500E+02  1.02900E-07  1.53300E-08  5.00000E-01  6.00001E+01
  1.03500E+02  1.11200E-07  1.65500E-08  5.00000E-01  6.00001E+01
  1.04500E+02  1.00800E-07  1.50100E-08  5.00000E-01  6.00001E+01
  1.05500E+02  1.05500E-07  1.57200E-08  5.00000E-01  6.00001E+01
  1.06500E+02  1.01600E-07  1.51300E-08  5.00000E-01  6.00001E+01
  1.07500E+02  9.79900E-08  1.46000E-08  5.00000E-01  6.00001E+01
  1.08500E+02  9.77500E-08  1.45600E-08  5.00000E-01  6.00001E+01
  1.09500E+02  9.52000E-08  1.41800E-08  5.00000E-01  6.00001E+01
  1.10500E+02  9.73800E-08  1.45100E-08  5.00000E-01  6.00001E+01
  1.11500E+02  9.07700E-08  1.35200E-08  5.00000E-01  6.00001E+01
  1.12500E+02  9.13200E-08  1.36000E-08  5.00000E-01  6.00001E+01
  1.13500E+02  8.83200E-08  1.31600E-08  5.00000E-01  6.00001E+01
  1.14500E+02  8.70900E-08  1.29800E-08  5.00000E-01  6.00001E+01
  1.15500E+02  8.61300E-08  1.28400E-08  5.00000E-01  6.00001E+01
  1.16500E+02  8.33700E-08  1.24300E-08  5.00000E-01  6.00001E+01
  1.17500E+02  7.96200E-08  1.18700E-08  5.00000E-01  6.00001E+01
  1.18500E+02  8.14600E-08  1.21400E-08  5.00000E-01  6.00001E+01
  1.19500E+02  7.40300E-08  1.10400E-08  5.00000E-01  6.00001E+01
  1.20500E+02  7.81600E-08  1.16600E-08  5.00000E-01  6.00001E+01
  1.21500E+02  7.13900E-08  1.06500E-08  5.00000E-01  6.00001E+01
  1.22500E+02  7.61300E-08  1.13500E-08  5.00000E-01  6.00001E+01
  1.23500E+02  6.65600E-08  9.93700E-09  5.00000E-01  6.00001E+01
  1.24500E+02  6.92300E-08  1.03300E-08  5.00000E-01  6.00001E+01
  1.25500E+02  6.71400E-08  1.00200E-08  5.00000E-01  6.00001E+01
  1.26500E+02  6.28600E-08  9.38500E-09  5.00000E-01  6.00001E+01
  1.27500E+02  6.63400E-08  9.90400E-09  5.00000E-01  6.00001E+01
  1.28500E+02  5.89000E-08  8.79900E-09  5.00000E-01  6.00001E+01
  1.29500E+02  6.22800E-08  9.29800E-09  5.00000E-01  6.00001E+01
  1.30500E+02  5.83300E-08  8.71400E-09  5.00000E-01  6.00001E+01
  1.31500E+02  5.61300E-08  8.39100E-09  5.00000E-01  6.00001E+01
  1.32500E+02  5.75900E-08  8.60300E-09  5.00000E-01  6.00001E+01
  1.33500E+02  5.21900E-08  7.80200E-09  5.00000E-01  6.00001E+01
  1.34500E+02  5.19400E-08  7.76500E-09  5.00000E-01  6.00001E+01
  1.35500E+02  5.18200E-08  7.74700E-09  5.00000E-01  6.00001E+01
  1.36500E+02  4.46200E-08  6.67900E-09  5.00000E-01  6.00001E+01
  1.37500E+02  5.05100E-08  7.55600E-09  5.00000E-01  6.00001E+01
  1.38500E+02  4.50700E-08  6.74700E-09  5.00000E-01  6.00001E+01
  1.39500E+02  4.50600E-08  6.74500E-09  5.00000E-01  6.00001E+01
  1.40500E+02  4.67600E-08  6.99500E-09  5.00000E-01  6.00001E+01
  1.41500E+02  4.25500E-08  6.36900E-09  5.00000E-01  6.00001E+01
  1.42500E+02  4.26000E-08  6.38100E-09  5.00000E-01  6.00001E+01
  1.43500E+02  4.35700E-08  6.52200E-09  5.00000E-01  6.00001E+01
  1.44500E+02  3.90700E-08  5.85600E-09  5.00000E-01  6.00001E+01
  1.45500E+02  3.86400E-08  5.79200E-09  5.00000E-01  6.00001E+01
  1.46500E+02  3.99500E-08  5.98800E-09  5.00000E-01  6.00001E+01
  1.47500E+02  3.51200E-08  5.27100E-09  5.00000E-01  6.00001E+01
  1.48500E+02  3.64000E-08  5.46000E-09  5.00000E-01  6.00001E+01
  1.49500E+02  3.16700E-08  4.75600E-09  5.00000E-01  6.00001E+01
  1.50500E+02  3.22600E-08  4.84500E-09  5.00000E-01  6.00001E+01
  1.51500E+02  3.41500E-08  5.12500E-09  5.00000E-01  6.00001E+01
  1.52500E+02  3.03800E-08  4.56600E-09  5.00000E-01  6.00001E+01
  1.53500E+02  2.92200E-08  4.39400E-09  5.00000E-01  6.00001E+01
  1.54500E+02  3.14100E-08  4.72000E-09  5.00000E-01  6.00001E+01
  1.55500E+02  2.90600E-08  4.37000E-09  5.00000E-01  6.00001E+01
  1.56500E+02  2.53100E-08  3.81400E-09  5.00000E-01  6.00001E+01
  1.57500E+02  2.72200E-08  4.09600E-09  5.00000E-01  6.00001E+01
  1.58500E+02  2.57500E-08  3.88000E-09  5.00000E-01  6.00001E+01
  1.59500E+02  2.39900E-08  3.62000E-09  5.00000E-01  6.00001E+01
  1.60500E+02  2.33900E-08  3.52700E-09  5.00000E-01  6.00001E+01
  1.61500E+02  2.49100E-08  3.75600E-09  5.00000E-01  6.00001E+01
  1.62500E+02  2.32500E-08  3.51000E-09  5.00000E-01  6.00001E+01
  1.63500E+02  2.06600E-08  3.12300E-09  5.00000E-01  6.00001E+01
  1.64500E+02  2.19300E-08  3.31300E-09  5.00000E-01  6.00001E+01
  1.65500E+02  2.25700E-08  3.40800E-09  5.00000E-01  6.00001E+01
  1.66500E+02  1.98000E-08  2.99700E-09  5.00000E-01  6.00001E+01
  1.67500E+02  1.88700E-08  2.85800E-09  5.00000E-01  6.00001E+01
  1.68500E+02  2.11400E-08  3.19600E-09  5.00000E-01  6.00001E+01
  1.69500E+02  1.95500E-08  2.95900E-09  5.00000E-01  6.00001E+01
  1.70500E+02  1.74000E-08  2.64100E-09  5.00000E-01  6.00001E+01
  1.71500E+02  1.71600E-08  2.60400E-09  5.00000E-01  6.00001E+01
  1.72500E+02  1.78100E-08  2.70100E-09  5.00000E-01  6.00001E+01
  1.73500E+02  1.76200E-08  2.67300E-09  5.00000E-01  6.00001E+01
  1.74500E+02  1.55500E-08  2.36600E-09  5.00000E-01  6.00001E+01
  1.75500E+02  1.57600E-08  2.39700E-09  5.00000E-01  6.00001E+01
  1.76500E+02  1.66900E-08  2.53500E-09  5.00000E-01  6.00001E+01
  1.77500E+02  1.52800E-08  2.32500E-09  5.00000E-01  6.00001E+01
  1.78500E+02  1.34000E-08  2.04600E-09  5.00000E-01  6.00001E+01
  1.79500E+02  1.34500E-08  2.05500E-09  5.00000E-01  6.00001E+01
  1.80500E+02  1.49600E-08  2.27800E-09  5.00000E-01  6.00001E+01
  1.81500E+02  1.41400E-08  2.15700E-09  5.00000E-01  6.00001E+01
  1.82500E+02  1.24300E-08  1.90400E-09  5.00000E-01  6.00001E+01
  1.83500E+02  1.20800E-08  1.85100E-09  5.00000E-01  6.00001E+01
  1.84500E+02  1.26400E-08  1.93500E-09  5.00000E-01  6.00001E+01
  1.85500E+02  1.26300E-08  1.93400E-09  5.00000E-01  6.00001E+01
  1.86500E+02  1.11300E-08  1.71100E-09  5.00000E-01  6.00001E+01
  1.87500E+02  1.10400E-08  1.69800E-09  5.00000E-01  6.00001E+01
  1.88500E+02  1.15200E-08  1.76900E-09  5.00000E-01  6.00001E+01
  1.89500E+02  1.07000E-08  1.64600E-09  5.00000E-01  6.00001E+01
  1.90500E+02  9.40800E-09  1.45300E-09  5.00000E-01  6.00001E+01
  1.91500E+02  9.61500E-09  1.48500E-09  5.00000E-01  6.00001E+01
  1.92500E+02  9.95500E-09  1.53600E-09  5.00000E-01  6.00001E+01
  1.93500E+02  1.07700E-08  1.65700E-09  5.00000E-01  6.00001E+01
  1.94500E+02  9.83900E-09  1.51900E-09  5.00000E-01  6.00001E+01
  1.95500E+02  8.19400E-09  1.27500E-09  5.00000E-01  6.00001E+01
  1.96500E+02  9.04900E-09  1.40100E-09  5.00000E-01  6.00001E+01
  1.97500E+02  9.52200E-09  1.47200E-09  5.00000E-01  6.00001E+01
  1.98500E+02  9.67000E-09  1.49400E-09  5.00000E-01  6.00001E+01
  1.99500E+02  8.52100E-09  1.32400E-09  5.00000E-01  6.00001E+01
  2.00500E+02  7.81900E-09  1.21900E-09  5.00000E-01  6.00001E+01
  2.01500E+02  8.41400E-09  1.30800E-09  5.00000E-01  6.00001E+01
  2.02500E+02  8.61400E-09  1.33600E-09  5.00000E-01  6.00001E+01
  2.03500E+02  8.49600E-09  1.32000E-09  5.00000E-01  6.00001E+01
  2.04500E+02  7.39700E-09  1.15700E-09  5.00000E-01  6.00001E+01
  2.05500E+02  7.27900E-09  1.13900E-09  5.00000E-01  6.00001E+01
  2.06500E+02  7.32400E-09  1.14500E-09  5.00000E-01  6.00001E+01
  2.07500E+02  7.87400E-09  1.22600E-09  5.00000E-01  6.00001E+01
  2.08500E+02  7.19200E-09  1.12700E-09  5.00000E-01  6.00001E+01
  2.09500E+02  7.05800E-09  1.10600E-09  5.00000E-01  6.00001E+01
  2.10500E+02  6.81700E-09  1.06900E-09  5.00000E-01  6.00001E+01
  2.11500E+02  6.09600E-09  9.63700E-10  5.00000E-01  6.00001E+01
  2.12500E+02  6.64100E-09  1.04200E-09  5.00000E-01  6.00001E+01
  2.13500E+02  7.48100E-09  1.16800E-09  5.00000E-01  6.00001E+01
  2.14500E+02  6.18500E-09  9.77200E-10  5.00000E-01  6.00001E+01
  2.15500E+02  5.95000E-09  9.40100E-10  5.00000E-01  6.00001E+01
  2.16500E+02  5.62700E-09  8.93000E-10  5.00000E-01  6.00001E+01
  2.17500E+02  5.64200E-09  8.95900E-10  5.00000E-01  6.00001E+01
  2.18500E+02  6.33500E-09  9.98400E-10  5.00000E-01  6.00001E+01
  2.19500E+02  6.18800E-09  9.76400E-10  5.00000E-01  6.00001E+01
  2.20500E+02  5.63500E-09  8.94200E-10  5.00000E-01  6.00001E+01
  2.21500E+02  5.82500E-09  9.22100E-10  5.00000E-01  6.00001E+01
  2.22500E+02  5.46000E-09  8.67500E-10  5.00000E-01  6.00001E+01
  2.23500E+02  5.75300E-09  9.11200E-10  5.00000E-01  6.00001E+01
  2.24500E+02  5.97200E-09  9.44700E-10  5.00000E-01  6.00001E+01
  2.25500E+02  5.63700E-09  8.94000E-10  5.00000E-01  6.00001E+01
  2.26500E+02  5.71000E-09  9.05600E-10  5.00000E-01  6.00001E+01
  2.27500E+02  5.24400E-09  8.35300E-10  5.00000E-01  6.00001E+01
  2.28500E+02  5.24400E-09  8.36900E-10  5.00000E-01  6.00001E+01
  2.29500E+02  5.37600E-09  8.54700E-10  5.00000E-01  6.00001E+01
  2.30500E+02  5.65600E-09  8.97000E-10  5.00000E-01  6.00001E+01
  2.31500E+02  5.65600E-09  8.97000E-10  5.00000E-01  6.00001E+01
  2.32500E+02  5.00900E-09  8.00900E-10  5.00000E-01  6.00001E+01
  2.33500E+02  5.24500E-09  8.37600E-10  5.00000E-01  6.00001E+01
  2.34500E+02  4.84200E-09  7.76600E-10  5.00000E-01  6.00001E+01
  2.35500E+02  5.04800E-09  8.05600E-10  5.00000E-01  6.00001E+01
  2.36500E+02  4.96000E-09  7.93100E-10  5.00000E-01  6.00001E+01
  2.37500E+02  4.99000E-09  7.97900E-10  5.00000E-01  6.00001E+01
  2.38500E+02  4.97600E-09  7.95600E-10  5.00000E-01  6.00001E+01
  2.39500E+02  4.69600E-09  7.53700E-10  5.00000E-01  6.00001E+01
  2.40500E+02  4.38700E-09  7.08000E-10  5.00000E-01  6.00001E+01
  2.41500E+02  4.75600E-09  7.62800E-10  5.00000E-01  6.00001E+01
  2.42500E+02  4.69700E-09  7.54300E-10  5.00000E-01  6.00001E+01
  2.43500E+02  5.06500E-09  8.10400E-10  5.00000E-01  6.00001E+01
  2.44500E+02  4.44700E-09  7.15900E-10  5.00000E-01  6.00001E+01
  2.45500E+02  4.59500E-09  7.38800E-10  5.00000E-01  6.00001E+01
  2.46500E+02  4.33000E-09  6.99700E-10  5.00000E-01  6.00001E+01
  2.47500E+02  4.30100E-09  6.97100E-10  5.00000E-01  6.00001E+01
  2.48500E+02  4.47800E-09  7.20900E-10  5.00000E-01  6.00001E+01
  2.49500E+02  5.04700E-09  8.09000E-10  5.00000E-01  6.00001E+01
  2.50500E+02  4.46300E-09  7.19400E-10  5.00000E-01  6.00001E+01
  2.51500E+02  4.64300E-09  7.47500E-10  5.00000E-01  6.00001E+01
  2.52500E+02  4.47900E-09  7.22400E-10  5.00000E-01  6.00001E+01
  2.53500E+02  4.41900E-09  7.15400E-10  5.00000E-01  6.00001E+01
  2.54500E+02  3.73000E-09  6.10200E-10  5.00000E-01  6.00001E+01
  2.55500E+02  3.97000E-09  6.47100E-10  5.00000E-01  6.00001E+01
  2.56500E+02  4.67400E-09  7.52000E-10  5.00000E-01  6.00001E+01
  2.57500E+02  4.57000E-09  7.38000E-10  5.00000E-01  6.00001E+01
  2.58500E+02  4.46500E-09  7.19300E-10  5.00000E-01  6.00001E+01
  2.59500E+02  4.14200E-09  6.71800E-10  5.00000E-01  6.00001E+01
  2.60500E+02  3.98000E-09  6.47500E-10  5.00000E-01  6.00001E+01
  2.61500E+02  3.71500E-09  6.07400E-10  5.00000E-01  6.00001E+01
  2.62500E+02  3.68500E-09  6.03600E-10  5.00000E-01  6.00001E+01
  2.63500E+02  3.53800E-09  5.81200E-10  5.00000E-01  6.00001E+01
  2.64500E+02  4.23100E-09  6.85000E-10  5.00000E-01  6.00001E+01
  2.65500E+02  4.24600E-09  6.87000E-10  5.00000E-01  6.00001E+01
  2.66500E+02  4.17300E-09  6.76400E-10  5.00000E-01  6.00001E+01
  2.67500E+02  3.70100E-09  6.06200E-10  5.00000E-01  6.00001E+01
  2.68500E+02  3.80400E-09  6.21100E-10  5.00000E-01  6.00001E+01
  2.69500E+02  3.59800E-09  5.92900E-10  5.00000E-01  6.00001E+01
  2.70500E+02  3.41900E-09  5.64100E-10  5.00000E-01  6.00001E+01
  2.71500E+02  3.65900E-09  6.02600E-10  5.00000E-01  6.00001E+01
  2.72500E+02  3.92900E-09  6.40800E-10  5.00000E-01  6.00001E+01
  2.73500E+02  3.53900E-09  5.82500E-10  5.00000E-01  6.00001E+01
  2.74500E+02  3.97400E-09  6.47300E-10  5.00000E-01  6.00001E+01
  2.75500E+02  3.15000E-09  5.27600E-10  5.00000E-01  6.00001E+01
  2.76500E+02  3.28500E-09  5.45600E-10  5.00000E-01  6.00001E+01
  2.77500E+02  3.54000E-09  5.81900E-10  5.00000E-01  6.00001E+01
  2.78500E+02  3.37700E-09  5.57800E-10  5.00000E-01  6.00001E+01
  2.79500E+02  3.85300E-09  6.28800E-10  5.00000E-01  6.00001E+01
  2.80500E+02  3.54100E-09  5.82800E-10  5.00000E-01  6.00001E+01
  2.81500E+02  3.57100E-09  5.86700E-10  5.00000E-01  6.00001E+01
  2.82500E+02  3.54100E-09  5.82800E-10  5.00000E-01  6.00001E+01
  2.83500E+02  3.08000E-09  5.13700E-10  5.00000E-01  6.00001E+01
  2.84500E+02  2.73800E-09  4.61300E-10  5.00000E-01  6.00001E+01
  2.85500E+02  2.75300E-09  4.64900E-10  5.00000E-01  6.00001E+01
  2.86500E+02  2.84200E-09  4.78300E-10  5.00000E-01  6.00001E+01
  2.87500E+02  3.31900E-09  5.91100E-09  5.00000E-01  6.00001E+01
  2.88500E+02  1.65900E-09  2.46300E-10  5.00000E-01  6.00001E+01
  2.89500E+02  8.29700E-10  1.23200E-10  5.00000E-01  6.00001E+01
  2.90500E+02  4.14800E-10  6.17200E-11  5.00000E-01  6.00001E+01
  2.91500E+02  2.07400E-10  3.09200E-11  5.00000E-01  6.00001E+01
  2.92500E+02  1.03700E-10  1.55300E-11  5.00000E-01  6.00001E+01
  2.93500E+02  5.18600E-11  7.83600E-12  5.00000E-01  6.00001E+01
  2.94500E+02  2.59300E-11  3.98800E-12  5.00000E-01  6.00001E+01
  2.95500E+02  1.29600E-11  2.05900E-12  5.00000E-01  6.00001E+01
  2.96500E+02  6.48200E-12  1.09400E-12  5.00000E-01  6.00001E+01
  2.97500E+02  3.24100E-12  6.06300E-13  5.00000E-01  6.00001E+01
  2.98500E+02  1.62100E-12  3.53800E-13  5.00000E-01  6.00001E+01
  2.99500E+02  8.10300E-13  2.21300E-13  5.00000E-01  6.00001E+01
  1.55000E+01  0.00000E+00  0.00000E+00  5.00000E-01  1.20000E+02
  1.65000E+01  0.00000E+00  0.00000E+00  5.00000E-01  1.20000E+02
  1.75000E+01  2.06200E-06  3.06400E-07  5.00000E-01  1.20000E+02
  1.85000E+01  9.63600E-07  1.43100E-07  5.00000E-01  1.20000E+02
  1.95000E+01  6.36000E-07  9.45100E-08  5.00000E-01  1.20000E+02
  2.05000E+01  5.03800E-07  7.48600E-08  5.00000E-01  1.20000E+02
  2.15000E+01  4.16900E-07  6.19500E-08  5.00000E-01  1.20000E+02
  2.25000E+01  3.62800E-07  5.39100E-08  5.00000E-01  1.20000E+02
  2.35000E+01  3.38600E-07  5.03100E-08  5.00000E-01  1.20000E+02
  2.45000E+01  2.93800E-07  4.36500E-08  5.00000E-01  1.20000E+02
  2.55000E+01  2.65800E-07  3.95200E-08  5.00000E-01  1.20000E+02
  2.65000E+01  2.52700E-07  3.75700E-08  5.00000E-01  1.20000E+02
  2.75000E+01  2.38600E-07  3.54800E-08  5.00000E-01  1.20000E+02
  2.85000E+01  2.41500E-07  3.59100E-08  5.00000E-01  1.20000E+02
  2.95000E+01  2.44400E-07  3.63400E-08  5.00000E-01  1.20000E+02
  3.05000E+01  2.17400E-07  3.23200E-08  5.00000E-01  1.20000E+02
  3.15000E+01  2.04100E-07  3.03500E-08  5.00000E-01  1.20000E+02
  3.25000E+01  1.99600E-07  2.96800E-08  5.00000E-01  1.20000E+02
  3.35000E+01  2.00800E-07  2.98500E-08  5.00000E-01  1.20000E+02
  3.45000E+01  1.88900E-07  2.81000E-08  5.00000E-01  1.20000E+02
  3.55000E+01  1.86100E-07  2.76900E-08  5.00000E-01  1.20000E+02
  3.65000E+01  1.70400E-07  2.53500E-08  5.00000E-01  1.20000E+02
  3.75000E+01  1.61800E-07  2.40700E-08  5.00000E-01  1.20000E+02
  3.85000E+01  1.49100E-07  2.21800E-08  5.00000E-01  1.20000E+02
  3.95000E+01  1.48500E-07  2.20900E-08  5.00000E-01  1.20000E+02
  4.05000E+01  1.39000E-07  2.06900E-08  5.00000E-01  1.20000E+02
  4.15000E+01  1.26600E-07  1.88500E-08  5.00000E-01  1.20000E+02
  4.25000E+01  1.18200E-07  1.76000E-08  5.00000E-01  1.20000E+02
  4.35000E+01  1.09500E-07  1.63100E-08  5.00000E-01  1.20000E+02
  4.45000E+01  1.08900E-07  1.62200E-08  5.00000E-01  1.20000E+02
  4.55000E+01  1.03500E-07  1.54200E-08  5.00000E-01  1.20000E+02
  4.65000E+01  1.00100E-07  1.49100E-08  5.00000E-01  1.20000E+02
  4.75000E+01  9.23300E-08  1.37500E-08  5.00000E-01  1.20000E+02
  4.85000E+01  8.86200E-08  1.32000E-08  5.00000E-01  1.20000E+02
  4.95000E+01  8.49100E-08  1.26600E-08  5.00000E-01  1.20000E+02
  5.05000E+01  7.87200E-08  1.17300E-08  5.00000E-01  1.20000E+02
  5.15000E+01  7.07000E-08  1.05400E-08  5.00000E-01  1.20000E+02
  5.25000E+01  6.92200E-08  1.03200E-08  5.00000E-01  1.20000E+02
  5.35000E+01  6.54600E-08  9.76600E-09  5.00000E-01  1.20000E+02
  5.45000E+01  6.36500E-08  9.49600E-09  5.00000E-01  1.20000E+02
  5.55000E+01  5.74800E-08  8.58100E-09  5.00000E-01  1.20000E+02
  5.65000E+01  5.52200E-08  8.24900E-09  5.00000E-01  1.20000E+02
  5.75000E+01  5.56400E-08  8.30700E-09  5.00000E-01  1.20000E+02
  5.85000E+01  5.08300E-08  7.59400E-09  5.00000E-01  1.20000E+02
  5.95000E+01  4.58500E-08  6.85400E-09  5.00000E-01  1.20000E+02
  6.05000E+01  4.70700E-08  7.03700E-09  5.00000E-01  1.20000E+02
  6.15000E+01  4.00900E-08  6.00100E-09  5.00000E-01  1.20000E+02
  6.25000E+01  4.05400E-08  6.06800E-09  5.00000E-01  1.20000E+02
  6.35000E+01  4.08900E-08  6.12100E-09  5.00000E-01  1.20000E+02
  6.45000E+01  3.66600E-08  5.49100E-09  5.00000E-01  1.20000E+02
  6.55000E+01  3.68600E-08  5.52100E-09  5.00000E-01  1.20000E+02
  6.65000E+01  3.29100E-08  4.93600E-09  5.00000E-01  1.20000E+02
  6.75000E+01  3.20400E-08  4.80200E-09  5.00000E-01  1.20000E+02
  6.85000E+01  3.06400E-08  4.59900E-09  5.00000E-01  1.20000E+02
  6.95000E+01  2.85600E-08  4.28600E-09  5.00000E-01  1.20000E+02
  7.05000E+01  2.83900E-08  4.26400E-09  5.00000E-01  1.20000E+02
  7.15000E+01  2.76000E-08  4.14200E-09  5.00000E-01  1.20000E+02
  7.25000E+01  2.63000E-08  3.95200E-09  5.00000E-01  1.20000E+02
  7.35000E+01  2.50000E-08  3.76000E-09  5.00000E-01  1.20000E+02
  7.45000E+01  2.54800E-08  3.82900E-09  5.00000E-01  1.20000E+02
  7.55000E+01  2.18400E-08  3.29100E-09  5.00000E-01  1.20000E+02
  7.65000E+01  2.45900E-08  3.70000E-09  5.00000E-01  1.20000E+02
  7.75000E+01  2.00900E-08  3.03100E-09  5.00000E-01  1.20000E+02
  7.85000E+01  2.26900E-08  3.41900E-09  5.00000E-01  1.20000E+02
  7.95000E+01  1.87100E-08  2.82700E-09  5.00000E-01  1.20000E+02
  8.05000E+01  1.90500E-08  2.87800E-09  5.00000E-01  1.20000E+02
  8.15000E+01  1.99200E-08  3.00700E-09  5.00000E-01  1.20000E+02
  8.25000E+01  1.76400E-08  2.67000E-09  5.00000E-01  1.20000E+02
  8.35000E+01  1.71900E-08  2.60200E-09  5.00000E-01  1.20000E+02
  8.45000E+01  1.58100E-08  2.39800E-09  5.00000E-01  1.20000E+02
  8.55000E+01  1.64400E-08  2.49200E-09  5.00000E-01  1.20000E+02
  8.65000E+01  1.66200E-08  2.51900E-09  5.00000E-01  1.20000E+02
  8.75000E+01  1.33200E-08  2.03000E-09  5.00000E-01  1.20000E+02
  8.85000E+01  1.49200E-08  2.26700E-09  5.00000E-01  1.20000E+02
  8.95000E+01  1.38900E-08  2.11200E-09  5.00000E-01  1.20000E+02
  9.05000E+01  1.20800E-08  1.84700E-09  5.00000E-01  1.20000E+02
  9.15000E+01  1.30800E-08  1.99400E-09  5.00000E-01  1.20000E+02
  9.25000E+01  1.32000E-08  2.01500E-09  5.00000E-01  1.20000E+02
  9.35000E+01  1.06100E-08  1.62600E-09  5.00000E-01  1.20000E+02
  9.45000E+01  1.16400E-08  1.78200E-09  5.00000E-01  1.20000E+02
  9.55000E+01  1.19900E-08  1.83400E-09  5.00000E-01  1.20000E+02
  9.65000E+01  9.62600E-09  1.48200E-09  5.00000E-01  1.20000E+02
  9.75000E+01  1.03400E-08  1.58800E-09  5.00000E-01  1.20000E+02
  9.85000E+01  1.06800E-08  1.63900E-09  5.00000E-01  1.20000E+02
  9.95000E+01  9.42700E-09  1.45000E-09  5.00000E-01  1.20000E+02
  1.00500E+02  8.53100E-09  1.31800E-09  5.00000E-01  1.20000E+02
  1.01500E+02  9.08100E-09  1.40000E-09  5.00000E-01  1.20000E+02
  1.02500E+02  9.63000E-09  1.48400E-09  5.00000E-01  1.20000E+02
  1.03500E+02  8.88700E-09  1.37300E-09  5.00000E-01  1.20000E+02
  1.04500E+02  7.52400E-09  1.17000E-09  5.00000E-01  1.20000E+02
  1.05500E+02  7.80300E-09  1.21300E-09  5.00000E-01  1.20000E+02
  1.06500E+02  8.48000E-09  1.31400E-09  5.00000E-01  1.20000E+02
  1.07500E+02  7.37900E-09  1.14900E-09  5.00000E-01  1.20000E+02
  1.08500E+02  6.56600E-09  1.03000E-09  5.00000E-01  1.20000E+02
  1.09500E+02  6.83500E-09  1.07100E-09  5.00000E-01  1.20000E+02
  1.10500E+02  7.34000E-09  1.14400E-09  5.00000E-01  1.20000E+02
  1.11500E+02  6.97100E-09  1.08900E-09  5.00000E-01  1.20000E+02
  1.12500E+02  6.27700E-09  9.87300E-10  5.00000E-01  1.20000E+02
  1.13500E+02  5.85200E-09  9.21600E-10  5.00000E-01  1.20000E+02
  1.14500E+02  6.83700E-09  1.07000E-09  5.00000E-01  1.20000E+02
  1.15500E+02  5.38100E-09  8.53400E-10  5.00000E-01  1.20000E+02
  1.16500E+02  5.35400E-09  8.52800E-10  5.00000E-01  1.20000E+02
  1.17500E+02  4.60400E-09  7.37100E-10  5.00000E-01  1.20000E+02
  1.18500E+02  5.80800E-09  9.18200E-10  5.00000E-01  1.20000E+02
  1.19500E+02  5.91500E-09  9.35700E-10  5.00000E-01  1.20000E+02
  1.20500E+02  4.97500E-09  7.95500E-10  5.00000E-01  1.20000E+02
  1.21500E+02  4.22800E-09  6.85300E-10  5.00000E-01  1.20000E+02
  1.22500E+02  4.27200E-09  6.90300E-10  5.00000E-01  1.20000E+02
  1.23500E+02  4.41900E-09  7.14100E-10  5.00000E-01  1.20000E+02
  1.24500E+02  4.69200E-09  7.51600E-10  5.00000E-01  1.20000E+02
  1.25500E+02  4.47800E-09  7.28100E-10  5.00000E-01  1.20000E+02
  1.26500E+02  3.32200E-09  5.47100E-10  5.00000E-01  1.20000E+02
  1.27500E+02  3.67700E-09  6.02600E-10  5.00000E-01  1.20000E+02
  1.28500E+02  3.97700E-09  6.48200E-10  5.00000E-01  1.20000E+02
  1.29500E+02  4.72000E-09  7.57000E-10  5.00000E-01  1.20000E+02
  1.30500E+02  3.85300E-09  6.28000E-10  5.00000E-01  1.20000E+02
  1.31500E+02  3.59800E-09  5.93600E-10  5.00000E-01  1.20000E+02
  1.32500E+02  3.02000E-09  5.00700E-10  5.00000E-01  1.20000E+02
  1.33500E+02  3.25600E-09  5.36200E-10  5.00000E-01  1.20000E+02
  1.34500E+02  3.49200E-09  5.75400E-10  5.00000E-01  1.20000E+02
  1.35500E+02  3.33900E-09  5.52900E-10  5.00000E-01  1.20000E+02
  1.36500E+02  3.48700E-09  5.74600E-10  5.00000E-01  1.20000E+02
  1.37500E+02  3.54900E-09  5.81300E-10  5.00000E-01  1.20000E+02
  1.38500E+02  2.90300E-09  4.88800E-10  5.00000E-01  1.20000E+02
  1.39500E+02  2.93600E-09  4.95600E-10  5.00000E-01  1.20000E+02
  1.40500E+02  3.20600E-09  5.29900E-10  5.00000E-01  1.20000E+02
  1.41500E+02  3.53900E-09  5.83200E-10  5.00000E-01  1.20000E+02
  1.42500E+02  3.08300E-09  5.12000E-10  5.00000E-01  1.20000E+02
  1.43500E+02  3.26500E-09  5.41000E-10  5.00000E-01  1.20000E+02
  1.44500E+02  2.94400E-09  4.94000E-10  5.00000E-01  1.20000E+02
  1.45500E+02  2.49000E-09  4.26700E-10  5.00000E-01  1.20000E+02
  1.46500E+02  3.25900E-09  5.38700E-10  5.00000E-01  1.20000E+02
  1.47500E+02  3.18500E-09  5.30900E-10  5.00000E-01  1.20000E+02
  1.48500E+02  2.97800E-09  4.99400E-10  5.00000E-01  1.20000E+02
  1.49500E+02  2.94000E-09  4.95600E-10  5.00000E-01  1.20000E+02
  1.50500E+02  2.66400E-09  4.50200E-10  5.00000E-01  1.20000E+02
  1.51500E+02  2.20000E-09  3.85000E-10  5.00000E-01  1.20000E+02
  1.52500E+02  2.31700E-09  4.01700E-10  5.00000E-01  1.20000E+02
  1.53500E+02  2.38600E-09  4.13400E-10  5.00000E-01  1.20000E+02
  1.54500E+02  2.60800E-09  4.43100E-10  5.00000E-01  1.20000E+02
  1.55500E+02  2.83100E-09  4.78100E-10  5.00000E-01  1.20000E+02
  1.56500E+02  2.82800E-09  4.80700E-10  5.00000E-01  1.20000E+02
  1.57500E+02  1.62200E-09  2.94800E-10  5.00000E-01  1.20000E+02
  1.58500E+02  1.91500E-09  3.41400E-10  5.00000E-01  1.20000E+02
  1.59500E+02  1.99900E-09  3.51600E-10  5.00000E-01  1.20000E+02
  1.60500E+02  1.96400E-09  3.47400E-10  5.00000E-01  1.20000E+02
  1.61500E+02  2.56700E-09  4.36900E-10  5.00000E-01  1.20000E+02
  1.62500E+02  2.46300E-09  4.19900E-10  5.00000E-01  1.20000E+02
  1.63500E+02  2.54600E-09  4.36300E-10  5.00000E-01  1.20000E+02
  1.64500E+02  2.18500E-09  3.78000E-10  5.00000E-01  1.20000E+02
  1.65500E+02  1.94400E-09  3.47200E-10  5.00000E-01  1.20000E+02
  1.66500E+02  1.99500E-09  3.52700E-10  5.00000E-01  1.20000E+02
  1.67500E+02  1.90900E-09  3.40300E-10  5.00000E-01  1.20000E+02
  1.68500E+02  1.94100E-09  3.42000E-10  5.00000E-01  1.20000E+02
  1.69500E+02  1.86300E-09  3.35300E-10  5.00000E-01  1.20000E+02
  1.70500E+02  1.78400E-09  3.14300E-10  5.00000E-01  1.20000E+02
  1.71500E+02  2.57000E-09  4.38900E-10  5.00000E-01  1.20000E+02
  1.72500E+02  2.36000E-09  4.07300E-10  5.00000E-01  1.20000E+02
  1.73500E+02  2.13000E-09  3.73600E-10  5.00000E-01  1.20000E+02
  1.74500E+02  1.67600E-09  3.03100E-10  5.00000E-01  1.20000E+02
  1.75500E+02  1.60600E-09  2.92400E-10  5.00000E-01  1.20000E+02
  1.76500E+02  1.67600E-09  3.00800E-10  5.00000E-01  1.20000E+02
  1.77500E+02  1.79800E-09  3.24300E-10  5.00000E-01  1.20000E+02
  1.78500E+02  2.01600E-09  3.58800E-10  5.00000E-01  1.20000E+02
  1.79500E+02  1.69300E-09  3.05200E-10  5.00000E-01  1.20000E+02
  1.80500E+02  1.87100E-09  3.36700E-10  5.00000E-01  1.20000E+02
  1.81500E+02  2.22700E-09  3.86300E-10  5.00000E-01  1.20000E+02
  1.82500E+02  1.69200E-09  3.04200E-10  5.00000E-01  1.20000E+02
  1.83500E+02  1.47800E-09  2.77800E-10  5.00000E-01  1.20000E+02
  1.84500E+02  1.69000E-09  3.04300E-10  5.00000E-01  1.20000E+02
  1.85500E+02  1.42300E-09  2.68900E-10  5.00000E-01  1.20000E+02
  1.86500E+02  1.67200E-09  3.08100E-10  5.00000E-01  1.20000E+02
  1.87500E+02  1.44100E-09  2.68600E-10  5.00000E-01  1.20000E+02
  1.88500E+02  1.67300E-09  3.09000E-10  5.00000E-01  1.20000E+02
  1.89500E+02  1.99600E-09  3.55200E-10  5.00000E-01  1.20000E+02
  1.90500E+02  1.58200E-09  2.93400E-10  5.00000E-01  1.20000E+02
  1.91500E+02  1.54500E-09  2.85800E-10  5.00000E-01  1.20000E+02
  1.92500E+02  1.52600E-09  2.84900E-10  5.00000E-01  1.20000E+02
  1.93500E+02  1.29300E-09  2.49200E-10  5.00000E-01  1.20000E+02
  1.94500E+02  1.20300E-09  2.28500E-10  5.00000E-01  1.20000E+02
  1.95500E+02  1.27500E-09  2.40300E-10  5.00000E-01  1.20000E+02
  1.96500E+02  1.47200E-09  2.72300E-10  5.00000E-01  1.20000E+02
  1.97500E+02  1.70500E-09  3.10400E-10  5.00000E-01  1.20000E+02
  1.98500E+02  1.74600E-09  3.17200E-10  5.00000E-01  1.20000E+02
  1.99500E+02  1.58300E-09  2.96300E-10  5.00000E-01  1.20000E+02
  2.00500E+02  1.67300E-09  3.02400E-10  5.00000E-01  1.20000E+02
  2.01500E+02  1.54700E-09  2.88000E-10  5.00000E-01  1.20000E+02
  2.02500E+02  1.29500E-09  2.48100E-10  5.00000E-01  1.20000E+02
  2.03500E+02  1.34900E-09  2.52400E-10  5.00000E-01  1.20000E+02
  2.04500E+02  1.42100E-09  2.64000E-10  5.00000E-01  1.20000E+02
  2.05500E+02  1.31300E-09  2.53100E-10  5.00000E-01  1.20000E+02
  2.06500E+02  1.09700E-09  2.18000E-10  5.00000E-01  1.20000E+02
  2.07500E+02  1.43700E-09  2.68800E-10  5.00000E-01  1.20000E+02
  2.08500E+02  1.28400E-09  2.44600E-10  5.00000E-01  1.20000E+02
  2.09500E+02  1.13100E-09  2.20800E-10  5.00000E-01  1.20000E+02
  2.10500E+02  1.25800E-09  2.41000E-10  5.00000E-01  1.20000E+02
  2.11500E+02  1.47700E-09  2.77000E-10  5.00000E-01  1.20000E+02
  2.12500E+02  1.45900E-09  2.73700E-10  5.00000E-01  1.20000E+02
  2.13500E+02  1.33100E-09  2.53500E-10  5.00000E-01  1.20000E+02
  2.14500E+02  1.38500E-09  2.63100E-10  5.00000E-01  1.20000E+02
  2.15500E+02  1.38500E-09  2.62400E-10  5.00000E-01  1.20000E+02
  2.16500E+02  1.31200E-09  2.46100E-10  5.00000E-01  1.20000E+02
  2.17500E+02  1.18500E-09  2.36500E-10  5.00000E-01  1.20000E+02
  2.18500E+02  8.38200E-10  1.72600E-10  5.00000E-01  1.20000E+02
  2.19500E+02  1.11900E-09  2.18500E-10  5.00000E-01  1.20000E+02
  2.20500E+02  1.28400E-09  2.50700E-10  5.00000E-01  1.20000E+02
  2.21500E+02  1.19200E-09  2.35100E-10  5.00000E-01  1.20000E+02
  2.22500E+02  1.02700E-09  2.02700E-10  5.00000E-01  1.20000E+02
  2.23500E+02  1.13700E-09  2.20600E-10  5.00000E-01  1.20000E+02
  2.24500E+02  1.24700E-09  2.45100E-10  5.00000E-01  1.20000E+02
  2.25500E+02  1.24700E-09  2.42600E-10  5.00000E-01  1.20000E+02
  2.26500E+02  1.08100E-09  2.11800E-10  5.00000E-01  1.20000E+02
  2.27500E+02  1.08100E-09  2.18400E-10  5.00000E-01  1.20000E+02
  2.28500E+02  1.11800E-09  2.17000E-10  5.00000E-01  1.20000E+02
  2.29500E+02  9.05000E-10  1.94500E-10  5.00000E-01  1.20000E+02
  2.30500E+02  8.31100E-10  1.81000E-10  5.00000E-01  1.20000E+02
  2.31500E+02  8.12500E-10  1.69000E-10  5.00000E-01  1.20000E+02
  2.32500E+02  1.07100E-09  2.12200E-10  5.00000E-01  1.20000E+02
  2.33500E+02  1.01600E-09  2.02000E-10  5.00000E-01  1.20000E+02
  2.34500E+02  1.01500E-09  2.09900E-10  5.00000E-01  1.20000E+02
  2.35500E+02  1.12500E-09  2.19700E-10  5.00000E-01  1.20000E+02
  2.36500E+02  1.18000E-09  2.28200E-10  5.00000E-01  1.20000E+02
  2.37500E+02  1.19900E-09  2.31100E-10  5.00000E-01  1.20000E+02
  2.38500E+02  1.08800E-09  2.21700E-10  5.00000E-01  1.20000E+02
  2.39500E+02  1.22200E-09  2.40200E-10  5.00000E-01  1.20000E+02
  2.40500E+02  1.22200E-09  2.32900E-10  5.00000E-01  1.20000E+02
  2.41500E+02  9.02400E-10  1.86800E-10  5.00000E-01  1.20000E+02
  2.42500E+02  1.07200E-09  2.20600E-10  5.00000E-01  1.20000E+02
  2.43500E+02  1.20300E-09  2.31200E-10  5.00000E-01  1.20000E+02
  2.44500E+02  9.58600E-10  1.95600E-10  5.00000E-01  1.20000E+02
  2.45500E+02  9.21000E-10  1.90600E-10  5.00000E-01  1.20000E+02
  2.46500E+02  8.64500E-10  1.89500E-10  5.00000E-01  1.20000E+02
  2.47500E+02  9.58400E-10  1.99100E-10  5.00000E-01  1.20000E+02
  2.48500E+02  9.95900E-10  1.97300E-10  5.00000E-01  1.20000E+02
  2.49500E+02  8.90200E-10  1.95200E-10  5.00000E-01  1.20000E+02
  2.50500E+02  8.52300E-10  1.76400E-10  5.00000E-01  1.20000E+02
  2.51500E+02  8.42800E-10  1.81200E-10  5.00000E-01  1.20000E+02
  2.52500E+02  8.33300E-10  1.78000E-10  5.00000E-01  1.20000E+02
  2.53500E+02  9.09000E-10  1.90800E-10  5.00000E-01  1.20000E+02
  2.54500E+02  9.46800E-10  1.97700E-10  5.00000E-01  1.20000E+02
  2.55500E+02  1.02200E-09  2.10300E-10  5.00000E-01  1.20000E+02
  2.56500E+02  9.84500E-10  1.98200E-10  5.00000E-01  1.20000E+02
  2.57500E+02  9.65500E-10  1.97900E-10  5.00000E-01  1.20000E+02
  2.58500E+02  9.08700E-10  1.88100E-10  5.00000E-01  1.20000E+02
  2.59500E+02  8.70700E-10  1.90900E-10  5.00000E-01  1.20000E+02
  2.60500E+02  8.39600E-10  1.84100E-10  5.00000E-01  1.20000E+02
  2.61500E+02  8.20500E-10  1.79900E-10  5.00000E-01  1.20000E+02
  2.62500E+02  7.25000E-10  1.56200E-10  5.00000E-01  1.20000E+02
  2.63500E+02  7.43300E-10  1.60100E-10  5.00000E-01  1.20000E+02
  2.64500E+02  8.19400E-10  1.75400E-10  5.00000E-01  1.20000E+02
  2.65500E+02  7.81300E-10  1.76500E-10  5.00000E-01  1.20000E+02
  2.66500E+02  7.43100E-10  1.60100E-10  5.00000E-01  1.20000E+02
  2.67500E+02  8.19300E-10  1.73300E-10  5.00000E-01  1.20000E+02
  2.68500E+02  8.76400E-10  1.83300E-10  5.00000E-01  1.20000E+02
  2.69500E+02  8.76300E-10  1.82300E-10  5.00000E-01  1.20000E+02
  2.70500E+02  9.10100E-10  1.90300E-10  5.00000E-01  1.20000E+02
  2.71500E+02  9.29400E-10  1.92300E-10  5.00000E-01  1.20000E+02
  2.72500E+02  9.48700E-10  1.96300E-10  5.00000E-01  1.20000E+02
  2.73500E+02  8.90500E-10  1.86200E-10  5.00000E-01  1.20000E+02
  2.74500E+02  8.71100E-10  1.83200E-10  5.00000E-01  1.20000E+02
  2.75500E+02  8.90400E-10  1.86200E-10  5.00000E-01  1.20000E+02
  2.76500E+02  8.90400E-10  1.95200E-10  5.00000E-01  1.20000E+02
  2.77500E+02  6.96800E-10  1.54300E-10  5.00000E-01  1.20000E+02
  2.78500E+02  6.96700E-10  1.64600E-10  5.00000E-01  1.20000E+02
  2.79500E+02  5.99900E-10  1.44700E-10  5.00000E-01  1.20000E+02
  2.80500E+02  5.99900E-10  1.33900E-10  5.00000E-01  1.20000E+02
  2.81500E+02  6.57900E-10  1.50500E-10  5.00000E-01  1.20000E+02
  2.82500E+02  6.57900E-10  1.47900E-10  5.00000E-01  1.20000E+02
  2.83500E+02  6.77200E-10  1.51100E-10  5.00000E-01  1.20000E+02
  2.84500E+02  6.96500E-10  1.55400E-10  5.00000E-01  1.20000E+02
  2.85500E+02  7.54500E-10  1.71800E-10  5.00000E-01  1.20000E+02
  2.86500E+02  7.54500E-10  1.61500E-10  5.00000E-01  1.20000E+02
  2.87500E+02  7.15700E-10  1.65900E-10  5.00000E-01  1.20000E+02
  2.88500E+02  7.15700E-10  1.56200E-10  5.00000E-01  1.20000E+02
  2.89500E+02  9.86400E-10  2.01300E-10  5.00000E-01  1.20000E+02
  2.90500E+02  1.09800E-09  2.19200E-10  5.00000E-01  1.20000E+02
  2.91500E+02  8.86000E-10  1.84300E-10  5.00000E-01  1.20000E+02
  2.92500E+02  7.51100E-10  1.63900E-10  5.00000E-01  1.20000E+02
  2.93500E+02  7.51100E-10  1.63900E-10  5.00000E-01  1.20000E+02
  2.94500E+02  7.31800E-10  1.60900E-10  5.00000E-01  1.20000E+02
  2.95500E+02  7.31800E-10  1.60900E-10  5.00000E-01  1.20000E+02
  2.96500E+02  7.31800E-10  1.60900E-10  5.00000E-01  1.20000E+02
  2.97500E+02  7.12500E-10  1.56600E-10  5.00000E-01  1.20000E+02
  2.98500E+02  7.12400E-10  1.56600E-10  5.00000E-01  1.20000E+02
  2.99500E+02  5.58400E-10  1.43400E-10  5.00000E-01  1.20000E+02
  1.15000E+01  0.00000E+00  0.00000E+00  5.00000E-01  1.50000E+02
  1.25000E+01  0.00000E+00  0.00000E+00  5.00000E-01  1.50000E+02
  1.35000E+01  2.02800E-08  3.67600E-09  5.00000E-01  1.50000E+02
  1.45000E+01  3.32400E-09  5.86600E-10  5.00000E-01  1.50000E+02
  1.55000E+01  3.13600E-09  5.10500E-10  5.00000E-01  1.50000E+02
  1.65000E+01  6.07200E-09  9.35000E-10  5.00000E-01  1.50000E+02
  1.75000E+01  1.96700E-08  2.94000E-09  5.00000E-01  1.50000E+02
  1.85000E+01  4.40200E-08  6.55400E-09  5.00000E-01  1.50000E+02
  1.95000E+01  5.58500E-08  8.30400E-09  5.00000E-01  1.50000E+02
  2.05000E+01  6.76800E-08  1.00600E-08  5.00000E-01  1.50000E+02
  2.15000E+01  8.27600E-08  1.23000E-08  5.00000E-01  1.50000E+02
  2.25000E+01  9.40000E-08  1.39600E-08  5.00000E-01  1.50000E+02
  2.35000E+01  1.00100E-07  1.48700E-08  5.00000E-01  1.50000E+02
  2.45000E+01  1.01400E-07  1.50600E-08  5.00000E-01  1.50000E+02
  2.55000E+01  9.96000E-08  1.48000E-08  5.00000E-01  1.50000E+02
  2.65000E+01  9.40000E-08  1.39600E-08  5.00000E-01  1.50000E+02
  2.75000E+01  9.01300E-08  1.33900E-08  5.00000E-01  1.50000E+02
  2.85000E+01  8.67000E-08  1.28900E-08  5.00000E-01  1.50000E+02
  2.95000E+01  8.32600E-08  1.23800E-08  5.00000E-01  1.50000E+02
  3.05000E+01  8.18800E-08  1.21700E-08  5.00000E-01  1.50000E+02
  3.15000E+01  7.44600E-08  1.10700E-08  5.00000E-01  1.50000E+02
  3.25000E+01  7.06600E-08  1.05000E-08  5.00000E-01  1.50000E+02
  3.35000E+01  6.59700E-08  9.80900E-09  5.00000E-01  1.50000E+02
  3.45000E+01  6.10900E-08  9.08400E-09  5.00000E-01  1.50000E+02
  3.55000E+01  5.80500E-08  8.63700E-09  5.00000E-01  1.50000E+02
  3.65000E+01  5.93900E-08  8.83700E-09  5.00000E-01  1.50000E+02
  3.75000E+01  5.42900E-08  8.07800E-09  5.00000E-01  1.50000E+02
  3.85000E+01  5.12500E-08  7.62600E-09  5.00000E-01  1.50000E+02
  3.95000E+01  4.91900E-08  7.31900E-09  5.00000E-01  1.50000E+02
  4.05000E+01  4.71500E-08  7.01500E-09  5.00000E-01  1.50000E+02
  4.15000E+01  4.47700E-08  6.66100E-09  5.00000E-01  1.50000E+02
  4.25000E+01  4.11900E-08  6.13300E-09  5.00000E-01  1.50000E+02
  4.35000E+01  3.94300E-08  5.87100E-09  5.00000E-01  1.50000E+02
  4.45000E+01  3.53700E-08  5.26600E-09  5.00000E-01  1.50000E+02
  4.55000E+01  3.22100E-08  4.79900E-09  5.00000E-01  1.50000E+02
  4.65000E+01  2.89400E-08  4.31200E-09  5.00000E-01  1.50000E+02
  4.75000E+01  2.87000E-08  4.27600E-09  5.00000E-01  1.50000E+02
  4.85000E+01  2.54100E-08  3.78600E-09  5.00000E-01  1.50000E+02
  4.95000E+01  2.39000E-08  3.56300E-09  5.00000E-01  1.50000E+02
  5.05000E+01  2.23300E-08  3.32900E-09  5.00000E-01  1.50000E+02
  5.15000E+01  2.15400E-08  3.21100E-09  5.00000E-01  1.50000E+02
  5.25000E+01  2.07600E-08  3.09500E-09  5.00000E-01  1.50000E+02
  5.35000E+01  1.94100E-08  2.89600E-09  5.00000E-01  1.50000E+02
  5.45000E+01  1.77700E-08  2.65100E-09  5.00000E-01  1.50000E+02
  5.55000E+01  1.71900E-08  2.56600E-09  5.00000E-01  1.50000E+02
  5.65000E+01  1.56400E-08  2.33500E-09  5.00000E-01  1.50000E+02
  5.75000E+01  1.54600E-08  2.30800E-09  5.00000E-01  1.50000E+02
  5.85000E+01  1.49000E-08  2.22600E-09  5.00000E-01  1.50000E+02
  5.95000E+01  1.36400E-08  2.03900E-09  5.00000E-01  1.50000E+02
  6.05000E+01  1.26000E-08  1.88300E-09  5.00000E-01  1.50000E+02
  6.15000E+01  1.23700E-08  1.84900E-09  5.00000E-01  1.50000E+02
  6.25000E+01  1.16900E-08  1.74800E-09  5.00000E-01  1.50000E+02
  6.35000E+01  1.08400E-08  1.62200E-09  5.00000E-01  1.50000E+02
  6.45000E+01  1.04100E-08  1.55800E-09  5.00000E-01  1.50000E+02
  6.55000E+01  9.95100E-09  1.49000E-09  5.00000E-01  1.50000E+02
  6.65000E+01  9.49200E-09  1.42100E-09  5.00000E-01  1.50000E+02
  6.75000E+01  8.77300E-09  1.31600E-09  5.00000E-01  1.50000E+02
  6.85000E+01  8.14300E-09  1.22200E-09  5.00000E-01  1.50000E+02
  6.95000E+01  8.27700E-09  1.24200E-09  5.00000E-01  1.50000E+02
  7.05000E+01  7.29900E-09  1.09700E-09  5.00000E-01  1.50000E+02
  7.15000E+01  6.76800E-09  1.01700E-09  5.00000E-01  1.50000E+02
  7.25000E+01  6.50700E-09  9.79300E-10  5.00000E-01  1.50000E+02
  7.35000E+01  6.40100E-09  9.64600E-10  5.00000E-01  1.50000E+02
  7.45000E+01  6.24500E-09  9.41100E-10  5.00000E-01  1.50000E+02
  7.55000E+01  5.85700E-09  8.83200E-10  5.00000E-01  1.50000E+02
  7.65000E+01  5.83100E-09  8.79900E-10  5.00000E-01  1.50000E+02
  7.75000E+01  5.40400E-09  8.16000E-10  5.00000E-01  1.50000E+02
  7.85000E+01  4.64700E-09  7.04000E-10  5.00000E-01  1.50000E+02
  7.95000E+01  4.71700E-09  7.13200E-10  5.00000E-01  1.50000E+02
  8.05000E+01  4.55800E-09  6.90000E-10  5.00000E-01  1.50000E+02
  8.15000E+01  4.39900E-09  6.66000E-10  5.00000E-01  1.50000E+02
  8.25000E+01  3.97100E-09  6.03500E-10  5.00000E-01  1.50000E+02
  8.35000E+01  3.84800E-09  5.84900E-10  5.00000E-01  1.50000E+02
  8.45000E+01  3.78900E-09  5.76300E-10  5.00000E-01  1.50000E+02
  8.55000E+01  3.59400E-09  5.47700E-10  5.00000E-01  1.50000E+02
  8.65000E+01  3.20900E-09  4.90000E-10  5.00000E-01  1.50000E+02
  8.75000E+01  3.23200E-09  4.93800E-10  5.00000E-01  1.50000E+02
  8.85000E+01  2.96800E-09  4.54700E-10  5.00000E-01  1.50000E+02
  8.95000E+01  3.11000E-09  4.75500E-10  5.00000E-01  1.50000E+02
  9.05000E+01  2.62000E-09  4.02900E-10  5.00000E-01  1.50000E+02
  9.15000E+01  2.65900E-09  4.08900E-10  5.00000E-01  1.50000E+02
  9.25000E+01  2.52400E-09  3.89400E-10  5.00000E-01  1.50000E+02
  9.35000E+01  2.04200E-09  3.17100E-10  5.00000E-01  1.50000E+02
  9.45000E+01  2.15400E-09  3.33800E-10  5.00000E-01  1.50000E+02
  9.55000E+01  2.07600E-09  3.22600E-10  5.00000E-01  1.50000E+02
  9.65000E+01  1.95500E-09  3.03800E-10  5.00000E-01  1.50000E+02
  9.75000E+01  1.83600E-09  2.86200E-10  5.00000E-01  1.50000E+02
  9.85000E+01  1.71700E-09  2.69500E-10  5.00000E-01  1.50000E+02
  9.95000E+01  1.58200E-09  2.48500E-10  5.00000E-01  1.50000E+02
  1.00500E+02  1.58300E-09  2.50400E-10  5.00000E-01  1.50000E+02
  1.01500E+02  1.31200E-09  2.08700E-10  5.00000E-01  1.50000E+02
  1.02500E+02  1.38400E-09  2.19900E-10  5.00000E-01  1.50000E+02
  1.03500E+02  1.07000E-09  1.73000E-10  5.00000E-01  1.50000E+02
  1.04500E+02  1.32000E-09  2.10500E-10  5.00000E-01  1.50000E+02
  1.05500E+02  1.19700E-09  1.92600E-10  5.00000E-01  1.50000E+02
  1.06500E+02  1.17900E-09  1.89200E-10  5.00000E-01  1.50000E+02
  1.07500E+02  1.04000E-09  1.69300E-10  5.00000E-01  1.50000E+02
  1.08500E+02  9.16100E-10  1.51200E-10  5.00000E-01  1.50000E+02
  1.09500E+02  1.06700E-09  1.73200E-10  5.00000E-01  1.50000E+02
  1.10500E+02  8.46200E-10  1.40300E-10  5.00000E-01  1.50000E+02
  1.11500E+02  8.44900E-10  1.40800E-10  5.00000E-01  1.50000E+02
  1.12500E+02  6.56900E-10  1.13000E-10  5.00000E-01  1.50000E+02
  1.13500E+02  6.40200E-10  1.09000E-10  5.00000E-01  1.50000E+02
  1.14500E+02  7.79600E-10  1.29600E-10  5.00000E-01  1.50000E+02
  1.15500E+02  7.63400E-10  1.27700E-10  5.00000E-01  1.50000E+02
  1.16500E+02  7.47200E-10  1.24600E-10  5.00000E-01  1.50000E+02
  1.17500E+02  6.21700E-10  1.07100E-10  5.00000E-01  1.50000E+02
  1.18500E+02  5.28300E-10  9.30800E-11  5.00000E-01  1.50000E+02
  1.19500E+02  3.72300E-10  6.95800E-11  5.00000E-01  1.50000E+02
  1.20500E+02  3.87300E-10  6.94800E-11  5.00000E-01  1.50000E+02
  1.21500E+02  4.51900E-10  8.67600E-11  5.00000E-01  1.50000E+02
  1.22500E+02  1.55800E-10  3.35700E-11  5.00000E-01  1.50000E+02
  1.23500E+02  4.35500E-10  7.93400E-11  5.00000E-01  1.50000E+02
  1.24500E+02  4.03800E-10  7.42900E-11  5.00000E-01  1.50000E+02
  1.25500E+02  3.57100E-10  6.63400E-11  5.00000E-01  1.50000E+02
  1.26500E+02  2.17000E-10  4.46500E-11  5.00000E-01  1.50000E+02
  1.27500E+02  3.25100E-10  6.23200E-11  5.00000E-01  1.50000E+02
  1.28500E+02  3.09500E-10  6.04400E-11  5.00000E-01  1.50000E+02
  1.29500E+02  2.62700E-10  5.40900E-11  5.00000E-01  1.50000E+02
  1.30500E+02  2.62600E-10  5.20200E-11  5.00000E-01  1.50000E+02
  1.31500E+02  2.24300E-10  4.84200E-11  5.00000E-01  1.50000E+02
  1.32500E+02  2.24000E-10  4.58700E-11  5.00000E-01  1.50000E+02
  1.33500E+02  1.91900E-10  4.62100E-11  5.00000E-01  1.50000E+02
  1.34500E+02  1.27700E-10  2.84100E-11  5.00000E-01  1.50000E+02
  1.35500E+02  1.43700E-10  3.19700E-11  5.00000E-01  1.50000E+02
  1.36500E+02  1.59600E-10  3.57800E-11  5.00000E-01  1.50000E+02
  1.37500E+02  1.59400E-10  3.73100E-11  5.00000E-01  1.50000E+02
  1.38500E+02  1.11400E-10  3.33000E-11  5.00000E-01  1.50000E+02
  1.39500E+02  7.95700E-11  1.88100E-11  5.00000E-01  1.50000E+02
  1.40500E+02  1.58900E-10  4.13600E-11  5.00000E-01  1.50000E+02
  1.41500E+02  6.35500E-11  2.28300E-11  5.00000E-01  1.50000E+02
  1.42500E+02  7.99400E-11  2.29900E-11  5.00000E-01  1.50000E+02
  1.43500E+02  6.39300E-11  1.99600E-11  5.00000E-01  1.50000E+02
  1.44500E+02  3.19600E-11  1.90200E-11  5.00000E-01  1.50000E+02
  1.45500E+02  4.78700E-11  1.58600E-11  5.00000E-01  1.50000E+02
  1.46500E+02  7.97600E-11  2.51000E-11  5.00000E-01  1.50000E+02
  1.47500E+02  6.37200E-11  2.06000E-11  5.00000E-01  1.50000E+02
  1.48500E+02  4.77800E-11  1.63700E-11  5.00000E-01  1.50000E+02
  1.49500E+02  7.95200E-11  2.55500E-11  5.00000E-01  1.50000E+02
  1.50500E+02  4.77000E-11  1.50000E-11  5.00000E-01  1.50000E+02
  1.51500E+02  6.35800E-11  2.17800E-11  5.00000E-01  1.50000E+02
  1.52500E+02  6.30000E-11  1.91600E-11  5.00000E-01  1.50000E+02
  1.53500E+02  4.72400E-11  2.18300E-11  5.00000E-01  1.50000E+02
  1.54500E+02  3.14500E-11  1.02000E-11  5.00000E-01  1.50000E+02
  1.55500E+02  4.19600E-15  3.66600E-15  5.00000E-01  1.50000E+02
  1.56500E+02 -3.14400E-11  2.19000E-11  5.00000E-01  1.50000E+02
  1.57500E+02  1.57200E-11  8.58600E-12  5.00000E-01  1.50000E+02
  1.58500E+02  4.70900E-11  2.17600E-11  5.00000E-01  1.50000E+02
  1.59500E+02  1.56900E-11  1.03700E-11  5.00000E-01  1.50000E+02
  1.60500E+02  1.56800E-11  1.09200E-11  5.00000E-01  1.50000E+02
  1.61500E+02  1.56700E-11  4.53900E-11  5.00000E-01  1.50000E+02
  1.62500E+02  7.83400E-12  3.33800E-11  5.00000E-01  1.50000E+02
  1.63500E+02 -4.08900E-12  2.23300E-12  5.00000E-01  1.50000E+02
  1.64500E+02 -1.60100E-11  1.61800E-11  5.00000E-01  1.50000E+02
  1.65500E+02  7.99800E-12  1.19600E-11  5.00000E-01  1.50000E+02
  1.66500E+02  3.20100E-11  1.59700E-11  5.00000E-01  1.50000E+02
  1.67500E+02  1.59800E-11  4.62900E-11  5.00000E-01  1.50000E+02
  1.68500E+02  1.59800E-11  1.67600E-11  5.00000E-01  1.50000E+02
  1.69500E+02 -1.59700E-11  4.62600E-11  5.00000E-01  1.50000E+02
  1.70500E+02 -1.59500E-11  1.61200E-11  5.00000E-01  1.50000E+02
  1.71500E+02  1.59500E-11  4.62000E-11  5.00000E-01  1.50000E+02
  1.72500E+02 -3.18900E-11  3.22400E-11  5.00000E-01  1.50000E+02
  1.73500E+02  1.60700E-11  4.65500E-11  5.00000E-01  1.50000E+02
  1.74500E+02 -1.60500E-11  1.15900E-11  5.00000E-01  1.50000E+02
  1.75500E+02  1.60500E-11  4.64900E-11  5.00000E-01  1.50000E+02
  1.76500E+02  1.60400E-11  7.55800E-12  5.00000E-01  1.50000E+02
  1.77500E+02  1.71300E-15  1.79600E-15  5.00000E-01  1.50000E+02
  1.78500E+02 -1.60400E-11  2.39900E-11  5.00000E-01  1.50000E+02
  1.79500E+02 -1.60200E-11  1.61900E-11  5.00000E-01  1.50000E+02
  1.80500E+02 -1.60200E-11  1.61900E-11  5.00000E-01  1.50000E+02
  1.81500E+02 -1.60100E-11  4.63800E-11  5.00000E-01  1.50000E+02
  1.82500E+02 -1.60100E-11  4.63800E-11  5.00000E-01  1.50000E+02
  1.83500E+02  5.25800E-14  3.13400E-14  5.00000E-01  1.50000E+02
  1.84500E+02  1.61100E-11  1.62800E-11  5.00000E-01  1.50000E+02
  1.85500E+02  8.05700E-12  8.14500E-12  5.00000E-01  1.50000E+02
  1.86500E+02  1.20800E-11  8.72700E-12  5.00000E-01  1.50000E+02
  1.87500E+02  1.61000E-11  1.62700E-11  5.00000E-01  1.50000E+02
  1.88500E+02 -1.60800E-11  1.62500E-11  5.00000E-01  1.50000E+02
  1.89500E+02 -1.60800E-11  1.62500E-11  5.00000E-01  1.50000E+02
  1.90500E+02 -3.05900E-15  2.21000E-15  5.00000E-01  1.50000E+02
  1.91500E+02  1.60800E-11  1.16100E-11  5.00000E-01  1.50000E+02
  1.92500E+02  8.03800E-12  5.80700E-12  5.00000E-01  1.50000E+02
  1.93500E+02  1.20400E-11  8.69800E-12  5.00000E-01  1.50000E+02
  1.94500E+02  1.60500E-11  1.62200E-11  5.00000E-01  1.50000E+02
  1.95500E+02  8.02500E-12  5.79800E-12  5.00000E-01  1.50000E+02
  1.96500E+02  1.20300E-11  1.21600E-11  5.00000E-01  1.50000E+02
  1.97500E+02  1.60400E-11  1.62100E-11  5.00000E-01  1.50000E+02
  1.98500E+02 -1.60200E-11  1.61900E-11  5.00000E-01  1.50000E+02
  1.99500E+02 -8.01000E-12  8.09800E-12  5.00000E-01  1.50000E+02
  2.00500E+02  4.00200E-12  2.89100E-12  5.00000E-01  1.50000E+02
  2.01500E+02  1.60100E-11  1.15600E-11  5.00000E-01  1.50000E+02
  2.02500E+02 -1.60100E-11  1.61800E-11  5.00000E-01  1.50000E+02
  2.03500E+02 -4.80300E-11  4.85500E-11  5.00000E-01  1.50000E+02
  2.04500E+02 -3.20100E-11  3.23600E-11  5.00000E-01  1.50000E+02
  2.05500E+02 -1.64000E-11  1.65800E-11  5.00000E-01  1.50000E+02
  2.06500E+02  1.63800E-11  1.65600E-11  5.00000E-01  1.50000E+02
  2.07500E+02 -1.63800E-11  1.18300E-11  5.00000E-01  1.50000E+02
  2.08500E+02 -8.18900E-12  8.27900E-12  5.00000E-01  1.50000E+02
  2.09500E+02  4.09100E-12  2.95500E-12  5.00000E-01  1.50000E+02
  2.10500E+02  1.63700E-11  1.18200E-11  5.00000E-01  1.50000E+02
  2.11500E+02  2.61400E-15  2.64200E-15  5.00000E-01  1.50000E+02
  2.12500E+02 -1.63700E-11  1.18200E-11  5.00000E-01  1.50000E+02
  2.13500E+02 -1.12800E-14  1.14000E-14  5.00000E-01  1.50000E+02
  2.14500E+02  1.63400E-11  1.18000E-11  5.00000E-01  1.50000E+02
  2.15500E+02  8.17100E-12  8.26000E-12  5.00000E-01  1.50000E+02
  2.16500E+02  4.08600E-12  4.13000E-12  5.00000E-01  1.50000E+02
  2.17500E+02  1.01400E-11  1.02500E-11  5.00000E-01  1.50000E+02
  2.18500E+02  1.62000E-11  9.65600E-12  5.00000E-01  1.50000E+02
  2.19500E+02  8.09900E-12  5.85100E-12  5.00000E-01  1.50000E+02
  2.20500E+02  4.05000E-12  4.09400E-12  5.00000E-01  1.50000E+02
  2.21500E+02  2.02500E-12  2.04700E-12  5.00000E-01  1.50000E+02
  2.22500E+02  1.01200E-12  1.02300E-12  5.00000E-01  1.50000E+02
  2.23500E+02  5.06200E-13  5.11700E-13  5.00000E-01  1.50000E+02
  2.24500E+02  2.53100E-13  2.55800E-13  5.00000E-01  1.50000E+02
  2.25500E+02  1.26600E-13  1.27900E-13  5.00000E-01  1.50000E+02
  2.26500E+02  8.21100E-12  8.30100E-12  5.00000E-01  1.50000E+02
  2.27500E+02  1.63000E-11  1.64700E-11  5.00000E-01  1.50000E+02
  2.28500E+02  2.28700E-15  2.31200E-15  5.00000E-01  1.50000E+02
  2.29500E+02 -1.62900E-11  1.64600E-11  5.00000E-01  1.50000E+02
  2.30500E+02 -1.62900E-11  1.17700E-11  5.00000E-01  1.50000E+02
  2.31500E+02 -8.14400E-12  8.23300E-12  5.00000E-01  1.50000E+02
  2.32500E+02 -1.22100E-11  1.23400E-11  5.00000E-01  1.50000E+02
  2.33500E+02 -1.62800E-11  1.64500E-11  5.00000E-01  1.50000E+02
  2.34500E+02 -1.62800E-11  1.64500E-11  5.00000E-01  1.50000E+02
  2.35500E+02 -7.70800E-14  7.79200E-14  5.00000E-01  1.50000E+02
  2.36500E+02  1.61300E-11  1.16500E-11  5.00000E-01  1.50000E+02
  2.37500E+02  8.06300E-12  8.15100E-12  5.00000E-01  1.50000E+02
  2.38500E+02  4.03100E-12  4.07500E-12  5.00000E-01  1.50000E+02
  2.39500E+02  2.01600E-12  2.03800E-12  5.00000E-01  1.50000E+02
  2.40500E+02  1.00800E-12  1.01900E-12  5.00000E-01  1.50000E+02
  2.41500E+02  5.03900E-13  5.09400E-13  5.00000E-01  1.50000E+02
  2.42500E+02  2.52000E-13  2.54700E-13  5.00000E-01  1.50000E+02
  2.43500E+02  1.26000E-13  1.27300E-13  5.00000E-01  1.50000E+02
  2.44500E+02 -7.99100E-12  8.07800E-12  5.00000E-01  1.50000E+02
  2.45500E+02 -1.61100E-11  1.62800E-11  5.00000E-01  1.50000E+02
  2.46500E+02  1.59700E-11  1.61400E-11  5.00000E-01  1.50000E+02
  2.47500E+02  7.98700E-12  8.07400E-12  5.00000E-01  1.50000E+02
  2.48500E+02  3.99400E-12  4.03700E-12  5.00000E-01  1.50000E+02
  2.49500E+02  1.99700E-12  2.01900E-12  5.00000E-01  1.50000E+02
  2.50500E+02 -6.98500E-12  7.06100E-12  5.00000E-01  1.50000E+02
  2.51500E+02 -1.59700E-11  1.15300E-11  5.00000E-01  1.50000E+02
  2.52500E+02  1.59500E-11  1.15200E-11  5.00000E-01  1.50000E+02
  2.53500E+02  1.59400E-11  9.50100E-12  5.00000E-01  1.50000E+02
  2.54500E+02  1.86100E-15  1.88100E-15  5.00000E-01  1.50000E+02
  2.55500E+02 -1.59400E-11  1.61100E-11  5.00000E-01  1.50000E+02
  2.56500E+02 -1.59400E-11  1.61100E-11  5.00000E-01  1.50000E+02
  2.57500E+02  6.36900E-14  6.43900E-14  5.00000E-01  1.50000E+02
  2.58500E+02  1.60700E-11  1.62400E-11  5.00000E-01  1.50000E+02
  2.59500E+02  8.03400E-12  8.12200E-12  5.00000E-01  1.50000E+02
  2.60500E+02  4.01700E-12  4.06100E-12  5.00000E-01  1.50000E+02
  2.61500E+02  1.00400E-11  1.01500E-11  5.00000E-01  1.50000E+02
  2.62500E+02  1.60600E-11  1.16000E-11  5.00000E-01  1.50000E+02
  2.63500E+02  1.60600E-11  1.16000E-11  5.00000E-01  1.50000E+02
  2.64500E+02  1.60600E-11  1.62300E-11  5.00000E-01  1.50000E+02
  2.65500E+02  8.02800E-12  8.11600E-12  5.00000E-01  1.50000E+02
  2.66500E+02  4.01400E-12  4.05800E-12  5.00000E-01  1.50000E+02
  2.67500E+02  2.00700E-12  2.02900E-12  5.00000E-01  1.50000E+02
  2.68500E+02  1.00300E-12  1.01400E-12  5.00000E-01  1.50000E+02
  2.69500E+02 -7.52100E-12  7.60300E-12  5.00000E-01  1.50000E+02
  2.70500E+02 -1.60500E-11  1.62200E-11  5.00000E-01  1.50000E+02
  2.71500E+02 -1.60400E-11  1.62100E-11  5.00000E-01  1.50000E+02
  2.72500E+02 -1.60400E-11  1.62100E-11  5.00000E-01  1.50000E+02
  2.73500E+02  1.60400E-11  1.62100E-11  5.00000E-01  1.50000E+02
  2.74500E+02  8.02100E-12  8.10900E-12  5.00000E-01  1.50000E+02
  2.75500E+02  4.01000E-12  4.05400E-12  5.00000E-01  1.50000E+02
  2.76500E+02  2.00500E-12  2.02700E-12  5.00000E-01  1.50000E+02
  2.77500E+02 -7.14800E-12  7.22600E-12  5.00000E-01  1.50000E+02
  2.78500E+02 -1.63000E-11  1.64700E-11  5.00000E-01  1.50000E+02
  2.79500E+02 -8.15100E-12  8.24000E-12  5.00000E-01  1.50000E+02
  2.80500E+02 -4.07500E-12  4.11900E-12  5.00000E-01  1.50000E+02
  2.81500E+02 -2.03800E-12  2.06000E-12  5.00000E-01  1.50000E+02
  2.82500E+02 -1.01900E-12  1.03000E-12  5.00000E-01  1.50000E+02
  2.83500E+02 -5.09400E-13  5.15000E-13  5.00000E-01  1.50000E+02
  2.84500E+02 -2.54700E-13  2.57500E-13  5.00000E-01  1.50000E+02
  2.85500E+02 -8.27200E-12  8.36300E-12  5.00000E-01  1.50000E+02
  2.86500E+02 -1.62900E-11  1.64600E-11  5.00000E-01  1.50000E+02
  2.87500E+02 -1.61500E-11  1.63200E-11  5.00000E-01  1.50000E+02
  2.88500E+02 -1.60200E-11  1.61900E-11  5.00000E-01  1.50000E+02
  2.89500E+02 -8.01000E-12  8.09800E-12  5.00000E-01  1.50000E+02
  2.90500E+02 -1.20100E-11  1.21400E-11  5.00000E-01  1.50000E+02
  2.91500E+02 -1.60100E-11  1.61800E-11  5.00000E-01  1.50000E+02
  2.92500E+02 -8.00700E-12  8.09500E-12  5.00000E-01  1.50000E+02
  2.93500E+02  4.00200E-12  4.04600E-12  5.00000E-01  1.50000E+02
  2.94500E+02  1.60100E-11  1.61800E-11  5.00000E-01  1.50000E+02
  2.95500E+02  8.00500E-12  8.09300E-12  5.00000E-01  1.50000E+02
  2.96500E+02  4.00300E-12  4.04700E-12  5.00000E-01  1.50000E+02
  2.97500E+02  2.00100E-12  2.02300E-12  5.00000E-01  1.50000E+02
  2.98500E+02  1.00100E-12  1.01200E-12  5.00000E-01  1.50000E+02
  2.99500E+02  8.63400E-12  8.72900E-12  5.00000E-01  1.50000E+02
# Full reference:
#S.Stamer, W.Scobel, W.B.Amian, R.C.Byrd, M.Blann, B.A.Pohl, J.Bisplinghoff, R.Bonetti
#
#Jour. Physical Review, Part C, Nuclear Physics Vol.47, p.1647, 1993
#Double differential cross sections for neutron emission induced by 256 MeV and 800 MeV protons
