# Target Z    :  13
# Target A    :  27
# Target state:  
# Projectile  : p
# Reaction    : (p,xn)
# E-inc       :  256.000 MeV
# Quantity    : Double-differential cross section
# Frame       : L
# MF          :    6
# MT          :  201
# X4 ID       : C0168005 
# X4 code     : 13-AL-27(P,X)0-NN-1,,DA/DE
# Author      : Meier                    
# Year        : 1992
# Data points :    337
# E-out(MeV) xs(mb/MeV.sr) dxs(mb/MeV.sr) dE(MeV)      Evaluation  C/E(F)      Chi-2     Delta(mb)
  1.07500E+00  4.18500E-06  5.42500E-07  1.00000E-01  7.49994E+00
  1.15000E+00  4.82900E-06  4.53600E-07  1.00000E-01  7.49994E+00
  1.25000E+00  4.69300E-06  3.95000E-07  1.00000E-01  7.49994E+00
  1.35000E+00  3.53500E-06  4.13800E-07  1.00000E-01  7.49994E+00
  1.45000E+00  4.07100E-06  3.91700E-07  1.00000E-01  7.49994E+00
  1.55000E+00  3.17400E-06  3.65600E-07  1.00000E-01  7.49994E+00
  1.65000E+00  4.27400E-06  3.43100E-07  1.00000E-01  7.49994E+00
  1.75000E+00  3.75700E-06  3.20800E-07  1.00000E-01  7.49994E+00
  1.85000E+00  3.68600E-06  3.33700E-07  1.00000E-01  7.49994E+00
  1.95000E+00  4.13200E-06  3.23600E-07  1.00000E-01  7.49994E+00
  2.10000E+00  3.56400E-06  2.17200E-07  2.00000E-01  7.49994E+00
  2.30000E+00  4.22500E-06  2.42500E-07  2.00000E-01  7.49994E+00
  2.50000E+00  4.95700E-06  2.73400E-07  2.00000E-01  7.49994E+00
  2.70000E+00  4.33300E-06  2.40800E-07  2.00000E-01  7.49994E+00
  2.90000E+00  3.89700E-06  2.46900E-07  2.00000E-01  7.49994E+00
  3.10000E+00  3.60000E-06  2.34700E-07  2.00000E-01  7.49994E+00
  3.30000E+00  3.20100E-06  2.07200E-07  2.00000E-01  7.49994E+00
  3.50000E+00  3.15700E-06  1.87200E-07  2.00000E-01  7.49994E+00
  3.70000E+00  2.94700E-06  1.85700E-07  2.00000E-01  7.49994E+00
  3.90000E+00  2.44200E-06  1.60700E-07  2.00000E-01  7.49994E+00
  4.10000E+00  2.33900E-06  1.66800E-07  2.00000E-01  7.49994E+00
  4.30000E+00  2.68400E-06  1.68400E-07  2.00000E-01  7.49994E+00
  4.50000E+00  2.62200E-06  1.54100E-07  2.00000E-01  7.49994E+00
  4.70000E+00  2.55600E-06  1.52700E-07  2.00000E-01  7.49994E+00
  4.90000E+00  2.41000E-06  1.44900E-07  2.00000E-01  7.49994E+00
  5.25000E+00  1.99300E-06  8.89400E-08  5.00000E-01  7.49994E+00
  5.75000E+00  2.04700E-06  8.93000E-08  5.00000E-01  7.49994E+00
  6.25000E+00  1.57300E-06  7.13400E-08  5.00000E-01  7.49994E+00
  6.75000E+00  1.49600E-06  6.70600E-08  5.00000E-01  7.49994E+00
  7.25000E+00  1.31500E-06  6.37800E-08  5.00000E-01  7.49994E+00
  7.75000E+00  1.27800E-06  5.91800E-08  5.00000E-01  7.49994E+00
  8.25000E+00  1.15500E-06  5.44900E-08  5.00000E-01  7.49994E+00
  8.75000E+00  1.04000E-06  5.14500E-08  5.00000E-01  7.49994E+00
  9.25000E+00  1.02900E-06  4.89300E-08  5.00000E-01  7.49994E+00
  9.75000E+00  9.20500E-07  4.76200E-08  5.00000E-01  7.49994E+00
  1.07500E+01  7.94300E-07  3.24300E-08  1.00000E+00  7.49994E+00
  1.15000E+01  7.44800E-07  3.23000E-08  1.00000E+00  7.49994E+00
  1.25000E+01  7.21200E-07  3.04400E-08  1.00000E+00  7.49994E+00
  1.35000E+01  6.31900E-07  2.96100E-08  1.00000E+00  7.49994E+00
  1.45000E+01  5.97800E-07  2.80600E-08  1.00000E+00  7.49994E+00
  1.55000E+01  5.40100E-07  2.75300E-08  1.00000E+00  7.49994E+00
  1.65000E+01  5.69200E-07  2.75800E-08  1.00000E+00  7.49994E+00
  1.75000E+01  5.26500E-07  2.74400E-08  1.00000E+00  7.49994E+00
  1.85000E+01  5.33400E-07  2.85000E-08  1.00000E+00  7.49994E+00
  1.95000E+01  4.47100E-07  2.69900E-08  1.00000E+00  7.49994E+00
  2.10000E+01  4.39300E-07  1.89000E-08  2.00000E+00  7.49994E+00
  2.30000E+01  3.94300E-07  1.79700E-08  2.00000E+00  7.49994E+00
  2.50000E+01  3.60300E-07  1.67200E-08  2.00000E+00  7.49994E+00
  2.70000E+01  3.21200E-07  1.56900E-08  2.00000E+00  7.49994E+00
  2.90000E+01  2.93900E-07  1.54700E-08  2.00000E+00  7.49994E+00
  3.10000E+01  3.31300E-07  1.57000E-08  2.00000E+00  7.49994E+00
  3.30000E+01  3.42600E-07  1.63100E-08  2.00000E+00  7.49994E+00
  3.50000E+01  2.74800E-07  1.84600E-08  2.00000E+00  7.49994E+00
  3.70000E+01  3.23500E-07  1.92300E-08  2.00000E+00  7.49994E+00
  3.90000E+01  3.06300E-07  1.91100E-08  2.00000E+00  7.49994E+00
  4.10000E+01  3.07400E-07  1.87900E-08  2.00000E+00  7.49994E+00
  4.30000E+01  3.14800E-07  1.83800E-08  2.00000E+00  7.49994E+00
  4.50000E+01  3.13100E-07  1.91600E-08  2.00000E+00  7.49994E+00
  4.70000E+01  3.58700E-07  2.05100E-08  2.00000E+00  7.49994E+00
  4.90000E+01  3.31600E-07  1.96900E-08  2.00000E+00  7.49994E+00
  5.25000E+01  3.01600E-07  1.28800E-08  5.00000E+00  7.49994E+00
  5.75000E+01  2.91700E-07  1.26300E-08  5.00000E+00  7.49994E+00
  6.25000E+01  2.86700E-07  1.26600E-08  5.00000E+00  7.49994E+00
  6.75000E+01  2.77700E-07  1.25000E-08  5.00000E+00  7.49994E+00
  7.25000E+01  3.16300E-07  1.34400E-08  5.00000E+00  7.49994E+00
  7.75000E+01  2.96600E-07  1.33800E-08  5.00000E+00  7.49994E+00
  8.25000E+01  2.82500E-07  1.37200E-08  5.00000E+00  7.49994E+00
  8.75000E+01  2.88400E-07  1.33100E-08  5.00000E+00  7.49994E+00
  9.25000E+01  2.80200E-07  1.32400E-08  5.00000E+00  7.49994E+00
  9.75000E+01  2.87800E-07  1.29500E-08  5.00000E+00  7.49994E+00
  1.07500E+02  3.01100E-07  1.02900E-08  1.00000E+01  7.49994E+00
  1.15000E+02  2.84700E-07  1.02100E-08  1.00000E+01  7.49994E+00
  1.25000E+02  2.80100E-07  1.00300E-08  1.00000E+01  7.49994E+00
  1.35000E+02  2.88200E-07  1.01600E-08  1.00000E+01  7.49994E+00
  1.45000E+02  3.16300E-07  1.06800E-08  1.00000E+01  7.49994E+00
  1.55000E+02  3.38000E-07  1.13200E-08  1.00000E+01  7.49994E+00
  1.65000E+02  3.64500E-07  1.18600E-08  1.00000E+01  7.49994E+00
  1.75000E+02  4.37400E-07  1.34400E-08  1.00000E+01  7.49994E+00
  1.85000E+02  5.54600E-07  1.59600E-08  1.00000E+01  7.49994E+00
  1.95000E+02  7.25800E-07  1.97300E-08  1.00000E+01  7.49994E+00
  2.10000E+02  1.09300E-06  2.54600E-08  2.00000E+01  7.49994E+00
  2.30000E+02  1.13000E-06  2.63700E-08  2.00000E+01  7.49994E+00
  2.50000E+02  1.45900E-07  5.29100E-09  2.00000E+01  7.49994E+00
  2.70000E+02  1.35300E-09  5.34300E-10  2.00000E+01  7.49994E+00
  6.25000E-01  3.65400E-06  1.63500E-07  5.00000E-02  3.00000E+01
  6.75000E-01  3.56900E-06  1.56100E-07  5.00000E-02  3.00000E+01
  7.25000E-01  3.82800E-06  1.54100E-07  5.00000E-02  3.00000E+01
  7.75000E-01  4.14200E-06  1.57000E-07  5.00000E-02  3.00000E+01
  8.25000E-01  4.15700E-06  1.54700E-07  5.00000E-02  3.00000E+01
  8.75000E-01  4.65500E-06  1.59900E-07  5.00000E-02  3.00000E+01
  9.25000E-01  4.98800E-06  1.68900E-07  5.00000E-02  3.00000E+01
  9.75000E-01  4.54000E-06  1.59400E-07  5.00000E-02  3.00000E+01
  1.07500E+00  4.39500E-06  1.25300E-07  1.00000E-01  3.00000E+01
  1.15000E+00  4.43500E-06  1.21900E-07  1.00000E-01  3.00000E+01
  1.25000E+00  4.61200E-06  1.23600E-07  1.00000E-01  3.00000E+01
  1.35000E+00  4.38100E-06  1.19500E-07  1.00000E-01  3.00000E+01
  1.45000E+00  4.45700E-06  1.18800E-07  1.00000E-01  3.00000E+01
  1.55000E+00  4.30100E-06  1.16100E-07  1.00000E-01  3.00000E+01
  1.65000E+00  4.56100E-06  1.20100E-07  1.00000E-01  3.00000E+01
  1.75000E+00  4.16500E-06  1.11700E-07  1.00000E-01  3.00000E+01
  1.85000E+00  4.40200E-06  1.16800E-07  1.00000E-01  3.00000E+01
  1.95000E+00  4.48400E-06  1.19000E-07  1.00000E-01  3.00000E+01
  2.10000E+00  4.22700E-06  1.00300E-07  2.00000E-01  3.00000E+01
  2.30000E+00  4.60500E-06  1.09400E-07  2.00000E-01  3.00000E+01
  2.50000E+00  4.86500E-06  1.15800E-07  2.00000E-01  3.00000E+01
  2.70000E+00  4.39500E-06  1.05200E-07  2.00000E-01  3.00000E+01
  2.90000E+00  4.26600E-06  1.03600E-07  2.00000E-01  3.00000E+01
  3.10000E+00  3.93300E-06  9.68100E-08  2.00000E-01  3.00000E+01
  3.30000E+00  3.57000E-06  8.89300E-08  2.00000E-01  3.00000E+01
  3.50000E+00  3.31100E-06  8.29100E-08  2.00000E-01  3.00000E+01
  3.70000E+00  3.15200E-06  7.99800E-08  2.00000E-01  3.00000E+01
  3.90000E+00  2.87900E-06  7.38500E-08  2.00000E-01  3.00000E+01
  4.10000E+00  2.86500E-06  7.41900E-08  2.00000E-01  3.00000E+01
  4.30000E+00  2.88500E-06  7.50600E-08  2.00000E-01  3.00000E+01
  4.50000E+00  2.64500E-06  6.98300E-08  2.00000E-01  3.00000E+01
  4.70000E+00  2.74600E-06  7.19100E-08  2.00000E-01  3.00000E+01
  4.90000E+00  2.54800E-06  6.80800E-08  2.00000E-01  3.00000E+01
  5.25000E+00  2.24000E-06  5.26400E-08  5.00000E-01  3.00000E+01
  5.75000E+00  2.16500E-06  5.15100E-08  5.00000E-01  3.00000E+01
  6.25000E+00  1.80800E-06  4.38900E-08  5.00000E-01  3.00000E+01
  6.75000E+00  1.59600E-06  3.95300E-08  5.00000E-01  3.00000E+01
  7.25000E+00  1.44600E-06  3.67900E-08  5.00000E-01  3.00000E+01
  7.75000E+00  1.39100E-06  3.55200E-08  5.00000E-01  3.00000E+01
  8.25000E+00  1.28500E-06  3.31800E-08  5.00000E-01  3.00000E+01
  8.75000E+00  1.13400E-06  3.01400E-08  5.00000E-01  3.00000E+01
  9.25000E+00  1.13000E-06  2.98500E-08  5.00000E-01  3.00000E+01
  9.75000E+00  1.03100E-06  2.81100E-08  5.00000E-01  3.00000E+01
  1.07500E+01  8.94000E-07  2.19800E-08  1.00000E+00  3.00000E+01
  1.15000E+01  8.33000E-07  2.07500E-08  1.00000E+00  3.00000E+01
  1.25000E+01  7.56600E-07  1.92200E-08  1.00000E+00  3.00000E+01
  1.35000E+01  7.17100E-07  1.84600E-08  1.00000E+00  3.00000E+01
  1.45000E+01  6.50800E-07  1.72200E-08  1.00000E+00  3.00000E+01
  1.55000E+01  6.17100E-07  1.65200E-08  1.00000E+00  3.00000E+01
  1.65000E+01  5.87800E-07  1.59200E-08  1.00000E+00  3.00000E+01
  1.75000E+01  5.65800E-07  1.55600E-08  1.00000E+00  3.00000E+01
  1.85000E+01  5.47500E-07  1.52300E-08  1.00000E+00  3.00000E+01
  1.95000E+01  5.22500E-07  1.48500E-08  1.00000E+00  3.00000E+01
  2.10000E+01  4.87100E-07  1.21800E-08  2.00000E+00  3.00000E+01
  2.30000E+01  4.64200E-07  1.17800E-08  2.00000E+00  3.00000E+01
  2.50000E+01  4.39600E-07  1.13000E-08  2.00000E+00  3.00000E+01
  2.70000E+01  4.12200E-07  1.08300E-08  2.00000E+00  3.00000E+01
  2.90000E+01  4.14100E-07  1.09400E-08  2.00000E+00  3.00000E+01
  3.10000E+01  4.02600E-07  1.07600E-08  2.00000E+00  3.00000E+01
  3.30000E+01  3.95200E-07  1.07500E-08  2.00000E+00  3.00000E+01
  3.50000E+01  4.08700E-07  1.28300E-08  2.00000E+00  3.00000E+01
  3.70000E+01  3.96600E-07  1.25300E-08  2.00000E+00  3.00000E+01
  3.90000E+01  3.82900E-07  1.23900E-08  2.00000E+00  3.00000E+01
  4.10000E+01  3.76300E-07  1.21500E-08  2.00000E+00  3.00000E+01
  4.30000E+01  3.72900E-07  1.20900E-08  2.00000E+00  3.00000E+01
  4.50000E+01  3.77400E-07  1.21400E-08  2.00000E+00  3.00000E+01
  4.70000E+01  3.62200E-07  1.20000E-08  2.00000E+00  3.00000E+01
  4.90000E+01  3.45200E-07  1.15300E-08  2.00000E+00  3.00000E+01
  5.25000E+01  3.60000E-07  9.46400E-09  5.00000E+00  3.00000E+01
  5.75000E+01  3.52100E-07  9.38700E-09  5.00000E+00  3.00000E+01
  6.25000E+01  3.46100E-07  9.36700E-09  5.00000E+00  3.00000E+01
  6.75000E+01  3.57300E-07  9.69400E-09  5.00000E+00  3.00000E+01
  7.25000E+01  3.51300E-07  9.63300E-09  5.00000E+00  3.00000E+01
  7.75000E+01  3.65700E-07  9.98200E-09  5.00000E+00  3.00000E+01
  8.25000E+01  3.58400E-07  9.90300E-09  5.00000E+00  3.00000E+01
  8.75000E+01  3.66400E-07  1.01600E-08  5.00000E+00  3.00000E+01
  9.25000E+01  3.53600E-07  9.92200E-09  5.00000E+00  3.00000E+01
  9.75000E+01  3.61100E-07  1.01300E-08  5.00000E+00  3.00000E+01
  1.07500E+02  3.70800E-07  9.07600E-09  1.00000E+01  3.00000E+01
  1.15000E+02  3.76100E-07  9.22400E-09  1.00000E+01  3.00000E+01
  1.25000E+02  4.01000E-07  9.74900E-09  1.00000E+01  3.00000E+01
  1.35000E+02  4.22000E-07  1.02000E-08  1.00000E+01  3.00000E+01
  1.45000E+02  4.31800E-07  1.04500E-08  1.00000E+01  3.00000E+01
  1.55000E+02  4.22900E-07  1.03100E-08  1.00000E+01  3.00000E+01
  1.65000E+02  4.11000E-07  1.00700E-08  1.00000E+01  3.00000E+01
  1.75000E+02  3.91600E-07  9.69600E-09  1.00000E+01  3.00000E+01
  1.85000E+02  3.63300E-07  9.09600E-09  1.00000E+01  3.00000E+01
  1.95000E+02  3.20700E-07  8.23600E-09  1.00000E+01  3.00000E+01
  2.10000E+02  2.35300E-07  5.69700E-09  2.00000E+01  3.00000E+01
  2.30000E+02  1.10200E-07  3.05600E-09  2.00000E+01  3.00000E+01
  2.50000E+02  2.00700E-08  9.52300E-10  2.00000E+01  3.00000E+01
  2.70000E+02  6.37800E-10  2.07300E-10  2.00000E+01  3.00000E+01
  8.25000E-01  4.14600E-06  3.03300E-07  5.00000E-02  6.00001E+01
  8.75000E-01  3.91300E-06  2.89400E-07  5.00000E-02  6.00001E+01
  9.25000E-01  5.08900E-06  3.36000E-07  5.00000E-02  6.00001E+01
  9.75000E-01  4.44900E-06  3.24200E-07  5.00000E-02  6.00001E+01
  1.07500E+00  3.89100E-06  2.12200E-07  1.00000E-01  6.00001E+01
  1.15000E+00  4.03000E-06  1.82700E-07  1.00000E-01  6.00001E+01
  1.25000E+00  4.64500E-06  1.85300E-07  1.00000E-01  6.00001E+01
  1.35000E+00  3.78200E-06  1.69400E-07  1.00000E-01  6.00001E+01
  1.45000E+00  3.96100E-06  1.61100E-07  1.00000E-01  6.00001E+01
  1.55000E+00  3.76000E-06  1.57000E-07  1.00000E-01  6.00001E+01
  1.65000E+00  3.79600E-06  1.51900E-07  1.00000E-01  6.00001E+01
  1.75000E+00  3.63900E-06  1.47600E-07  1.00000E-01  6.00001E+01
  1.85000E+00  3.95200E-06  1.52000E-07  1.00000E-01  6.00001E+01
  1.95000E+00  3.88000E-06  1.53000E-07  1.00000E-01  6.00001E+01
  2.10000E+00  3.75900E-06  1.12600E-07  2.00000E-01  6.00001E+01
  2.30000E+00  4.56100E-06  1.35600E-07  2.00000E-01  6.00001E+01
  2.50000E+00  5.18500E-06  1.53600E-07  2.00000E-01  6.00001E+01
  2.70000E+00  4.31600E-06  1.30100E-07  2.00000E-01  6.00001E+01
  2.90000E+00  4.34900E-06  1.38100E-07  2.00000E-01  6.00001E+01
  3.10000E+00  3.84100E-06  1.23600E-07  2.00000E-01  6.00001E+01
  3.30000E+00  3.20300E-06  1.08000E-07  2.00000E-01  6.00001E+01
  3.50000E+00  2.95900E-06  9.97700E-08  2.00000E-01  6.00001E+01
  3.70000E+00  2.69900E-06  9.55700E-08  2.00000E-01  6.00001E+01
  3.90000E+00  2.37000E-06  8.56100E-08  2.00000E-01  6.00001E+01
  4.10000E+00  2.34400E-06  8.72200E-08  2.00000E-01  6.00001E+01
  4.30000E+00  2.49800E-06  9.11200E-08  2.00000E-01  6.00001E+01
  4.50000E+00  2.37600E-06  8.55800E-08  2.00000E-01  6.00001E+01
  4.70000E+00  2.40500E-06  8.56400E-08  2.00000E-01  6.00001E+01
  4.90000E+00  2.31100E-06  8.38700E-08  2.00000E-01  6.00001E+01
  5.25000E+00  1.88500E-06  5.54700E-08  5.00000E-01  6.00001E+01
  5.75000E+00  1.81800E-06  5.62400E-08  5.00000E-01  6.00001E+01
  6.25000E+00  1.43400E-06  4.65200E-08  5.00000E-01  6.00001E+01
  6.75000E+00  1.34100E-06  4.40200E-08  5.00000E-01  6.00001E+01
  7.25000E+00  1.13800E-06  4.01300E-08  5.00000E-01  6.00001E+01
  7.75000E+00  1.07900E-06  3.85400E-08  5.00000E-01  6.00001E+01
  8.25000E+00  1.03200E-06  3.68900E-08  5.00000E-01  6.00001E+01
  8.75000E+00  8.79800E-07  3.40500E-08  5.00000E-01  6.00001E+01
  9.25000E+00  8.73900E-07  3.27900E-08  5.00000E-01  6.00001E+01
  9.75000E+00  7.77000E-07  3.19300E-08  5.00000E-01  6.00001E+01
  1.07500E+01  7.23300E-07  2.38300E-08  1.00000E+00  6.00001E+01
  1.15000E+01  6.45200E-07  2.20700E-08  1.00000E+00  6.00001E+01
  1.25000E+01  5.73100E-07  2.04400E-08  1.00000E+00  6.00001E+01
  1.35000E+01  5.49000E-07  2.00200E-08  1.00000E+00  6.00001E+01
  1.45000E+01  5.30200E-07  1.95800E-08  1.00000E+00  6.00001E+01
  1.55000E+01  4.61600E-07  1.81500E-08  1.00000E+00  6.00001E+01
  1.65000E+01  4.57400E-07  1.83000E-08  1.00000E+00  6.00001E+01
  1.75000E+01  4.34500E-07  1.76900E-08  1.00000E+00  6.00001E+01
  1.85000E+01  4.31600E-07  1.78500E-08  1.00000E+00  6.00001E+01
  1.95000E+01  4.29000E-07  1.77600E-08  1.00000E+00  6.00001E+01
  2.10000E+01  3.69900E-07  1.26700E-08  2.00000E+00  6.00001E+01
  2.30000E+01  3.44200E-07  1.18700E-08  2.00000E+00  6.00001E+01
  2.50000E+01  3.18300E-07  1.16100E-08  2.00000E+00  6.00001E+01
  2.70000E+01  3.10200E-07  1.14200E-08  2.00000E+00  6.00001E+01
  2.90000E+01  2.99300E-07  1.13700E-08  2.00000E+00  6.00001E+01
  3.10000E+01  2.86000E-07  1.12500E-08  2.00000E+00  6.00001E+01
  3.30000E+01  2.92400E-07  1.12000E-08  2.00000E+00  6.00001E+01
  3.50000E+01  2.63900E-07  1.30000E-08  2.00000E+00  6.00001E+01
  3.70000E+01  2.66200E-07  1.31100E-08  2.00000E+00  6.00001E+01
  3.90000E+01  2.56600E-07  1.29500E-08  2.00000E+00  6.00001E+01
  4.10000E+01  2.58500E-07  1.28600E-08  2.00000E+00  6.00001E+01
  4.30000E+01  2.27700E-07  1.20400E-08  2.00000E+00  6.00001E+01
  4.50000E+01  2.42600E-07  1.24600E-08  2.00000E+00  6.00001E+01
  4.70000E+01  2.32200E-07  1.21700E-08  2.00000E+00  6.00001E+01
  4.90000E+01  2.48000E-07  1.26100E-08  2.00000E+00  6.00001E+01
  5.25000E+01  2.37700E-07  8.71500E-09  5.00000E+00  6.00001E+01
  5.75000E+01  2.31000E-07  8.60700E-09  5.00000E+00  6.00001E+01
  6.25000E+01  2.06900E-07  8.03900E-09  5.00000E+00  6.00001E+01
  6.75000E+01  2.06900E-07  8.05600E-09  5.00000E+00  6.00001E+01
  7.25000E+01  1.92700E-07  7.76500E-09  5.00000E+00  6.00001E+01
  7.75000E+01  1.85400E-07  7.64000E-09  5.00000E+00  6.00001E+01
  8.25000E+01  1.78200E-07  7.50600E-09  5.00000E+00  6.00001E+01
  8.75000E+01  1.58000E-07  7.08300E-09  5.00000E+00  6.00001E+01
  9.25000E+01  1.35900E-07  6.44900E-09  5.00000E+00  6.00001E+01
  9.75000E+01  1.39500E-07  6.58000E-09  5.00000E+00  6.00001E+01
  1.07500E+02  1.19500E-07  4.62400E-09  1.00000E+01  6.00001E+01
  1.15000E+02  9.37600E-08  4.00000E-09  1.00000E+01  6.00001E+01
  1.25000E+02  7.65600E-08  3.55300E-09  1.00000E+01  6.00001E+01
  1.35000E+02  5.80400E-08  3.05800E-09  1.00000E+01  6.00001E+01
  1.45000E+02  4.32500E-08  2.62100E-09  1.00000E+01  6.00001E+01
  1.55000E+02  2.90100E-08  2.15400E-09  1.00000E+01  6.00001E+01
  1.65000E+02  1.83200E-08  1.73700E-09  1.00000E+01  6.00001E+01
  1.75000E+02  1.14200E-08  1.39600E-09  1.00000E+01  6.00001E+01
  1.85000E+02  6.24200E-09  1.10800E-09  1.00000E+01  6.00001E+01
  1.95000E+02  6.19500E-09  1.09200E-09  1.00000E+01  6.00001E+01
  2.10000E+02  1.87500E-09  5.26900E-10  2.00000E+01  6.00001E+01
  2.30000E+02  2.31200E-10  3.95000E-10  2.00000E+01  6.00001E+01
  2.50000E+02  7.87600E-11  3.56900E-10  2.00000E+01  6.00001E+01
  6.25000E-01  3.66900E-06  1.64000E-07  5.00000E-02  1.50000E+02
  6.75000E-01  3.45300E-06  1.53600E-07  5.00000E-02  1.50000E+02
  7.25000E-01  3.64300E-06  1.51200E-07  5.00000E-02  1.50000E+02
  7.75000E-01  3.73600E-06  1.48600E-07  5.00000E-02  1.50000E+02
  8.25000E-01  3.83400E-06  1.49100E-07  5.00000E-02  1.50000E+02
  8.75000E-01  3.77200E-06  1.44700E-07  5.00000E-02  1.50000E+02
  9.25000E-01  4.43500E-06  1.60300E-07  5.00000E-02  1.50000E+02
  9.75000E-01  4.24500E-06  1.56100E-07  5.00000E-02  1.50000E+02
  1.07500E+00  3.71500E-06  1.14100E-07  1.00000E-01  1.50000E+02
  1.15000E+00  3.81700E-06  1.10300E-07  1.00000E-01  1.50000E+02
  1.25000E+00  3.83000E-06  1.09500E-07  1.00000E-01  1.50000E+02
  1.35000E+00  3.58200E-06  1.04800E-07  1.00000E-01  1.50000E+02
  1.45000E+00  3.57800E-06  1.03300E-07  1.00000E-01  1.50000E+02
  1.55000E+00  3.47200E-06  1.00400E-07  1.00000E-01  1.50000E+02
  1.65000E+00  3.52600E-06  9.99000E-08  1.00000E-01  1.50000E+02
  1.75000E+00  3.39200E-06  9.73500E-08  1.00000E-01  1.50000E+02
  1.85000E+00  3.54500E-06  1.00200E-07  1.00000E-01  1.50000E+02
  1.95000E+00  3.42400E-06  9.82700E-08  1.00000E-01  1.50000E+02
  2.10000E+00  3.16900E-06  7.92200E-08  2.00000E-01  1.50000E+02
  2.30000E+00  3.35000E-06  8.45100E-08  2.00000E-01  1.50000E+02
  2.50000E+00  3.44200E-06  8.74300E-08  2.00000E-01  1.50000E+02
  2.70000E+00  3.00900E-06  7.78700E-08  2.00000E-01  1.50000E+02
  2.90000E+00  2.90200E-06  7.67000E-08  2.00000E-01  1.50000E+02
  3.10000E+00  2.59300E-06  7.00100E-08  2.00000E-01  1.50000E+02
  3.30000E+00  2.36500E-06  6.43000E-08  2.00000E-01  1.50000E+02
  3.50000E+00  2.12300E-06  5.91100E-08  2.00000E-01  1.50000E+02
  3.70000E+00  2.04600E-06  5.80700E-08  2.00000E-01  1.50000E+02
  3.90000E+00  1.85500E-06  5.34600E-08  2.00000E-01  1.50000E+02
  4.10000E+00  1.75400E-06  5.21400E-08  2.00000E-01  1.50000E+02
  4.30000E+00  1.75300E-06  5.25600E-08  2.00000E-01  1.50000E+02
  4.50000E+00  1.63600E-06  4.96100E-08  2.00000E-01  1.50000E+02
  4.70000E+00  1.64400E-06  4.94800E-08  2.00000E-01  1.50000E+02
  4.90000E+00  1.55700E-06  4.77300E-08  2.00000E-01  1.50000E+02
  5.25000E+00  1.31800E-06  3.41000E-08  5.00000E-01  1.50000E+02
  5.75000E+00  1.20600E-06  3.24400E-08  5.00000E-01  1.50000E+02
  6.25000E+00  1.00500E-06  2.78800E-08  5.00000E-01  1.50000E+02
  6.75000E+00  8.74900E-07  2.51200E-08  5.00000E-01  1.50000E+02
  7.25000E+00  7.81900E-07  2.33000E-08  5.00000E-01  1.50000E+02
  7.75000E+00  6.96200E-07  2.15100E-08  5.00000E-01  1.50000E+02
  8.25000E+00  6.52400E-07  2.05300E-08  5.00000E-01  1.50000E+02
  8.75000E+00  5.54900E-07  1.83400E-08  5.00000E-01  1.50000E+02
  9.25000E+00  5.42200E-07  1.79100E-08  5.00000E-01  1.50000E+02
  9.75000E+00  5.00300E-07  1.73100E-08  5.00000E-01  1.50000E+02
  1.07500E+01  4.27400E-07  1.24900E-08  1.00000E+00  1.50000E+02
  1.15000E+01  3.57600E-07  1.10800E-08  1.00000E+00  1.50000E+02
  1.25000E+01  3.08900E-07  1.02300E-08  1.00000E+00  1.50000E+02
  1.35000E+01  2.68400E-07  9.20800E-09  1.00000E+00  1.50000E+02
  1.45000E+01  2.54700E-07  8.93300E-09  1.00000E+00  1.50000E+02
  1.55000E+01  2.22400E-07  8.32600E-09  1.00000E+00  1.50000E+02
  1.65000E+01  2.03300E-07  7.98000E-09  1.00000E+00  1.50000E+02
  1.75000E+01  1.85300E-07  7.75300E-09  1.00000E+00  1.50000E+02
  1.85000E+01  1.74600E-07  7.47000E-09  1.00000E+00  1.50000E+02
  1.95000E+01  1.46100E-07  6.81800E-09  1.00000E+00  1.50000E+02
  2.10000E+01  1.29900E-07  4.77100E-09  2.00000E+00  1.50000E+02
  2.30000E+01  1.08700E-07  4.44600E-09  2.00000E+00  1.50000E+02
  2.50000E+01  9.60800E-08  4.07100E-09  2.00000E+00  1.50000E+02
  2.70000E+01  8.19300E-08  3.79900E-09  2.00000E+00  1.50000E+02
  2.90000E+01  7.20600E-08  3.64000E-09  2.00000E+00  1.50000E+02
  3.10000E+01  6.98600E-08  3.62900E-09  2.00000E+00  1.50000E+02
  3.30000E+01  5.72600E-08  3.33300E-09  2.00000E+00  1.50000E+02
  3.50000E+01  4.85400E-08  3.53000E-09  2.00000E+00  1.50000E+02
  3.70000E+01  3.85200E-08  3.29200E-09  2.00000E+00  1.50000E+02
  3.90000E+01  2.96400E-08  2.92500E-09  2.00000E+00  1.50000E+02
  4.10000E+01  3.14800E-08  3.11500E-09  2.00000E+00  1.50000E+02
  4.30000E+01  2.93100E-08  2.84600E-09  2.00000E+00  1.50000E+02
  4.50000E+01  2.39500E-08  2.76800E-09  2.00000E+00  1.50000E+02
  4.70000E+01  2.46700E-08  2.76300E-09  2.00000E+00  1.50000E+02
  4.90000E+01  1.84600E-08  2.58100E-09  2.00000E+00  1.50000E+02
  5.25000E+01  1.43800E-08  1.50600E-09  5.00000E+00  1.50000E+02
  5.75000E+01  1.34600E-08  1.48400E-09  5.00000E+00  1.50000E+02
  6.25000E+01  9.06400E-09  1.44400E-09  5.00000E+00  1.50000E+02
  6.75000E+01  7.96000E-09  1.33900E-09  5.00000E+00  1.50000E+02
  7.25000E+01  4.58700E-09  1.31000E-09  5.00000E+00  1.50000E+02
  7.75000E+01  5.77500E-09  1.25300E-09  5.00000E+00  1.50000E+02
# Full reference:
#M.M.Meier, W.B.Amian, C.A.Goulding, G.L.Morgan, C.E.Moss
#Jour. Nuclear Science and Engineering Vol.110, p.289, 1992
#Differential Neutron Production Cross Sections for 256-MeV Protons
