# Target Z    :  13
# Target A    :  27
# Target state:  
# Projectile  : p
# Reaction    : (p,xp)
# E-inc       :   68.000 MeV
# Quantity    : Double-differential cross section
# Frame       : L
# MF          :    6
# MT          :  203
# X4 ID       : E2400118 
# X4 code     : 13-AL-27(P,X)1-H-1,,DA/DE
# Author      : Harada                   
# Year        : 2002
# Data points :    137
# E-out(MeV) xs(mb/MeV.sr) dxs(mb/MeV.sr) dE(MeV)      Evaluation  C/E(F)      Chi-2     Delta(mb)
  2.00000E+00  4.59520E-06  8.82700E-08  0.00000E+00  4.50001E+01
  2.50000E+00  5.10690E-06  9.27900E-08  0.00000E+00  4.50001E+01
  3.00000E+00  5.11190E-06  9.28300E-08  0.00000E+00  4.50001E+01
  3.50000E+00  5.00660E-06  9.21100E-08  0.00000E+00  4.50001E+01
  4.00000E+00  4.86070E-06  9.05200E-08  0.00000E+00  4.50001E+01
  4.50000E+00  4.69050E-06  8.94200E-08  0.00000E+00  4.50001E+01
  5.00000E+00  4.31780E-06  8.53200E-08  0.00000E+00  4.50001E+01
  5.50000E+00  3.87190E-06  8.10600E-08  0.00000E+00  4.50001E+01
  6.00000E+00  3.72950E-06  7.98500E-08  0.00000E+00  4.50001E+01
  6.50000E+00  3.36110E-06  7.55700E-08  0.00000E+00  4.50001E+01
  7.00000E+00  2.15830E-06  4.53200E-08  0.00000E+00  4.50001E+01
  7.50000E+00  2.03160E-06  4.39800E-08  0.00000E+00  4.50001E+01
  8.00000E+00  1.73370E-06  4.06200E-08  0.00000E+00  4.50001E+01
  8.50000E+00  2.11260E-06  6.55400E-08  0.00000E+00  4.50001E+01
  9.00000E+00  1.84470E-06  6.02600E-08  0.00000E+00  4.50001E+01
  9.50000E+00  1.97680E-06  6.34700E-08  0.00000E+00  4.50001E+01
  1.00000E+01  1.81920E-06  6.02200E-08  0.00000E+00  4.50001E+01
  1.05000E+01  1.82910E-06  6.11400E-08  0.00000E+00  4.50001E+01
  1.10000E+01  1.70310E-06  5.86800E-08  0.00000E+00  4.50001E+01
  1.15000E+01  1.66560E-06  5.72600E-08  0.00000E+00  4.50001E+01
  1.20000E+01  1.67930E-06  5.74900E-08  0.00000E+00  4.50001E+01
  1.25000E+01  1.58880E-06  5.59200E-08  0.00000E+00  4.50001E+01
  1.30000E+01  1.60450E-06  5.62000E-08  0.00000E+00  4.50001E+01
  1.35000E+01  1.49040E-06  5.45800E-08  0.00000E+00  4.50001E+01
  1.40000E+01  1.40960E-06  5.26800E-08  0.00000E+00  4.50001E+01
  1.45000E+01  1.44700E-06  5.33700E-08  0.00000E+00  4.50001E+01
  1.50000E+01  1.44120E-06  5.41100E-08  0.00000E+00  4.50001E+01
  1.55000E+01  1.35450E-06  5.16400E-08  0.00000E+00  4.50001E+01
  1.60000E+01  1.38220E-06  5.30300E-08  0.00000E+00  4.50001E+01
  1.65000E+01  1.38990E-06  5.23100E-08  0.00000E+00  4.50001E+01
  1.70000E+01  1.31710E-06  5.09200E-08  0.00000E+00  4.50001E+01
  1.75000E+01  1.31120E-06  5.08000E-08  0.00000E+00  4.50001E+01
  1.80000E+01  1.38800E-06  5.22700E-08  0.00000E+00  4.50001E+01
  1.85000E+01  1.28560E-06  5.07600E-08  0.00000E+00  4.50001E+01
  1.90000E+01  1.37810E-06  5.20800E-08  0.00000E+00  4.50001E+01
  1.95000E+01  1.39790E-06  5.33200E-08  0.00000E+00  4.50001E+01
  2.00000E+01  1.42150E-06  5.33300E-08  0.00000E+00  4.50001E+01
  2.05000E+01  1.32300E-06  5.10300E-08  0.00000E+00  4.50001E+01
  2.10000E+01  1.33680E-06  5.13000E-08  0.00000E+00  4.50001E+01
  2.15000E+01  1.38410E-06  5.30700E-08  0.00000E+00  4.50001E+01
  2.20000E+01  1.35450E-06  5.16400E-08  0.00000E+00  4.50001E+01
  2.25000E+01  1.33870E-06  5.13300E-08  0.00000E+00  4.50001E+01
  2.30000E+01  1.27380E-06  5.05300E-08  0.00000E+00  4.50001E+01
  2.35000E+01  1.33090E-06  5.11800E-08  0.00000E+00  4.50001E+01
  2.40000E+01  1.19700E-06  4.85400E-08  0.00000E+00  4.50001E+01
  2.45000E+01  1.33680E-06  5.13000E-08  0.00000E+00  4.50001E+01
  2.50000E+01  1.31120E-06  5.12500E-08  0.00000E+00  4.50001E+01
  2.55000E+01  1.24630E-06  5.04400E-08  0.00000E+00  4.50001E+01
  2.60000E+01  1.22660E-06  4.96000E-08  0.00000E+00  4.50001E+01
  2.65000E+01  1.34860E-06  5.19600E-08  0.00000E+00  4.50001E+01
  2.70000E+01  1.36040E-06  5.17500E-08  0.00000E+00  4.50001E+01
  2.75000E+01  1.29940E-06  5.05700E-08  0.00000E+00  4.50001E+01
  2.80000E+01  1.32300E-06  5.10300E-08  0.00000E+00  4.50001E+01
  2.85000E+01  1.32890E-06  5.11400E-08  0.00000E+00  4.50001E+01
  2.90000E+01  1.33490E-06  5.17000E-08  0.00000E+00  4.50001E+01
  2.95000E+01  1.37620E-06  5.24800E-08  0.00000E+00  4.50001E+01
  3.00000E+01  1.29750E-06  5.09900E-08  0.00000E+00  4.50001E+01
  3.05000E+01  1.24230E-06  4.94500E-08  0.00000E+00  4.50001E+01
  3.10000E+01  1.31510E-06  5.08800E-08  0.00000E+00  4.50001E+01
  3.15000E+01  1.37220E-06  5.19700E-08  0.00000E+00  4.50001E+01
  3.20000E+01  1.34860E-06  5.19600E-08  0.00000E+00  4.50001E+01
  3.25000E+01  1.27570E-06  5.01100E-08  0.00000E+00  4.50001E+01
  3.30000E+01  1.38210E-06  5.21600E-08  0.00000E+00  4.50001E+01
  3.35000E+01  1.32310E-06  5.14800E-08  0.00000E+00  4.50001E+01
  3.40000E+01  1.37040E-06  5.28100E-08  0.00000E+00  4.50001E+01
  3.45000E+01  1.36630E-06  5.18600E-08  0.00000E+00  4.50001E+01
  3.50000E+01  1.35860E-06  5.25900E-08  0.00000E+00  4.50001E+01
  3.55000E+01  1.26980E-06  5.00000E-08  0.00000E+00  4.50001E+01
  3.60000E+01  1.45300E-06  5.39100E-08  0.00000E+00  4.50001E+01
  3.65000E+01  1.26800E-06  5.08700E-08  0.00000E+00  4.50001E+01
  3.70000E+01  1.25210E-06  4.96500E-08  0.00000E+00  4.50001E+01
  3.75000E+01  1.24820E-06  5.00300E-08  0.00000E+00  4.50001E+01
  3.80000E+01  1.22650E-06  4.91400E-08  0.00000E+00  4.50001E+01
  3.85000E+01  1.26790E-06  4.99600E-08  0.00000E+00  4.50001E+01
  3.90000E+01  1.28950E-06  5.03800E-08  0.00000E+00  4.50001E+01
  3.95000E+01  1.17150E-06  4.89600E-08  0.00000E+00  4.50001E+01
  4.00000E+01  1.27570E-06  5.01100E-08  0.00000E+00  4.50001E+01
  4.05000E+01  1.23640E-06  4.93300E-08  0.00000E+00  4.50001E+01
  4.10000E+01  1.12420E-06  4.70400E-08  0.00000E+00  4.50001E+01
  4.15000E+01  1.18720E-06  4.88100E-08  0.00000E+00  4.50001E+01
  4.20000E+01  1.27190E-06  5.04900E-08  0.00000E+00  4.50001E+01
  4.25000E+01  1.10060E-06  4.70300E-08  0.00000E+00  4.50001E+01
  4.30000E+01  1.24230E-06  4.99100E-08  0.00000E+00  4.50001E+01
  4.35000E+01  1.16940E-06  4.79800E-08  0.00000E+00  4.50001E+01
  4.40000E+01  1.15960E-06  4.77800E-08  0.00000E+00  4.50001E+01
  4.45000E+01  1.18910E-06  4.83800E-08  0.00000E+00  4.50001E+01
  4.50000E+01  1.23830E-06  4.93700E-08  0.00000E+00  4.50001E+01
  4.55000E+01  1.23240E-06  4.92500E-08  0.00000E+00  4.50001E+01
  4.60000E+01  1.21670E-06  4.89400E-08  0.00000E+00  4.50001E+01
  4.65000E+01  1.12610E-06  4.70800E-08  0.00000E+00  4.50001E+01
  4.70000E+01  1.17530E-06  4.81000E-08  0.00000E+00  4.50001E+01
  4.75000E+01  1.11840E-06  4.78800E-08  0.00000E+00  4.50001E+01
  4.80000E+01  1.09070E-06  4.63300E-08  0.00000E+00  4.50001E+01
  4.85000E+01  1.08670E-06  4.62500E-08  0.00000E+00  4.50001E+01
  4.90000E+01  1.13400E-06  4.72500E-08  0.00000E+00  4.50001E+01
  4.95000E+01  1.10660E-06  4.76400E-08  0.00000E+00  4.50001E+01
  5.00000E+01  1.03760E-06  4.56900E-08  0.00000E+00  4.50001E+01
  5.05000E+01  1.10050E-06  4.65400E-08  0.00000E+00  4.50001E+01
  5.10000E+01  1.04740E-06  4.54000E-08  0.00000E+00  4.50001E+01
  5.15000E+01  1.05340E-06  4.65300E-08  0.00000E+00  4.50001E+01
  5.20000E+01  1.08280E-06  4.61700E-08  0.00000E+00  4.50001E+01
  5.25000E+01  9.21400E-07  4.31200E-08  0.00000E+00  4.50001E+01
  5.30000E+01  9.03600E-07  4.21700E-08  0.00000E+00  4.50001E+01
  5.35000E+01  9.41000E-07  4.30400E-08  0.00000E+00  4.50001E+01
  5.40000E+01  8.95700E-07  4.19900E-08  0.00000E+00  4.50001E+01
  5.45000E+01  9.43000E-07  4.30800E-08  0.00000E+00  4.50001E+01
  5.50000E+01  8.36700E-07  4.05800E-08  0.00000E+00  4.50001E+01
  5.55000E+01  8.54400E-07  4.10100E-08  0.00000E+00  4.50001E+01
  5.60000E+01  8.36700E-07  4.05800E-08  0.00000E+00  4.50001E+01
  5.65000E+01  8.76100E-07  4.20700E-08  0.00000E+00  4.50001E+01
  5.70000E+01  7.08700E-07  3.73500E-08  0.00000E+00  4.50001E+01
  5.75000E+01  6.69300E-07  3.63000E-08  0.00000E+00  4.50001E+01
  5.80000E+01  7.18500E-07  3.76100E-08  0.00000E+00  4.50001E+01
  5.85000E+01  7.83500E-07  3.92700E-08  0.00000E+00  4.50001E+01
  5.90000E+01  1.37220E-06  5.19700E-08  0.00000E+00  4.50001E+01
  5.95000E+01  8.36700E-07  4.05800E-08  0.00000E+00  4.50001E+01
  6.00000E+01  4.66500E-07  3.03000E-08  0.00000E+00  4.50001E+01
  6.05000E+01  4.54700E-07  2.99200E-08  0.00000E+00  4.50001E+01
  6.10000E+01  6.02400E-07  3.44300E-08  0.00000E+00  4.50001E+01
  6.15000E+01  8.32800E-07  4.10500E-08  0.00000E+00  4.50001E+01
  6.20000E+01  3.70100E-07  2.78200E-08  0.00000E+00  4.50001E+01
  6.25000E+01  2.89400E-07  2.38700E-08  0.00000E+00  4.50001E+01
  6.30000E+01  8.80000E-07  4.16200E-08  0.00000E+00  4.50001E+01
  6.35000E+01  7.89400E-07  3.94200E-08  0.00000E+00  4.50001E+01
  6.40000E+01  4.86200E-07  3.09400E-08  0.00000E+00  4.50001E+01
  6.45000E+01  3.24800E-07  2.52800E-08  0.00000E+00  4.50001E+01
  6.50000E+01  8.93800E-07  4.24900E-08  0.00000E+00  4.50001E+01
  6.55000E+01  1.24620E-05  1.56600E-07  0.00000E+00  4.50001E+01
  6.60000E+01  1.17870E-05  1.52300E-07  0.00000E+00  4.50001E+01
  6.65000E+01  1.36240E-06  5.17900E-08  0.00000E+00  4.50001E+01
  6.70000E+01  7.28400E-08  1.19700E-08  0.00000E+00  4.50001E+01
  6.75000E+01  1.77100E-08  5.90600E-09  0.00000E+00  4.50001E+01
  6.80000E+01  9.84300E-09  4.40200E-09  0.00000E+00  4.50001E+01
  6.85000E+01  7.87500E-09  3.93700E-09  0.00000E+00  4.50001E+01
  6.90000E+01  1.96800E-09  1.96800E-09  0.00000E+00  4.50001E+01
  6.95000E+01  1.96800E-09  1.96800E-09  0.00000E+00  4.50001E+01
  7.00000E+01  1.96800E-09  1.96800E-09  0.00000E+00  4.50001E+01
# Full reference:
#M.Harada,  Y.Watanabe,  Y.Tanaka,  Y.Matsuoka,  K.Shin, S.Meigo,  H.Nakashima,  H.Takada,  T.Sasa,
# O.Iwamoto, T.Fukahori,  S.Chiba,  S.Tanaka
#Jour. Jour. of Nuclear Science and Technology Suppl. Vol.2, p.393, 2002
#Light charged-particle production in proton-induced reactions on 12C, 27Al, 58Ni, 90Zr, 197Au, and 209Bi at 42 and 68 MeV
#
