# Target Z    :  13
# Target A    :  27
# Target state:  
# Projectile  : p
# Reaction    : (p,xp)
# E-inc       :   42.000 MeV
# Quantity    : Double-differential cross section
# Frame       : L
# MF          :    6
# MT          :  203
# X4 ID       : E2400112 
# X4 code     : 13-AL-27(P,X)1-H-1,,DA/DE
# Author      : Harada                   
# Year        : 2002
# Data points :    252
# E-out(MeV) xs(mb/MeV.sr) dxs(mb/MeV.sr) dE(MeV)      Evaluation  C/E(F)      Chi-2     Delta(mb)
  9.60000E+00  1.13000E-06  3.86900E-08  0.00000E+00  1.05000E+02
  9.80000E+00  1.12330E-06  3.85700E-08  0.00000E+00  1.05000E+02
  1.00000E+01  1.14060E-06  3.88700E-08  0.00000E+00  1.05000E+02
  1.02000E+01  1.18690E-06  3.96500E-08  0.00000E+00  1.05000E+02
  1.04000E+01  1.06900E-06  3.76300E-08  0.00000E+00  1.05000E+02
  1.06000E+01  1.06110E-06  3.74900E-08  0.00000E+00  1.05000E+02
  1.08000E+01  1.07040E-06  3.76500E-08  0.00000E+00  1.05000E+02
  1.10000E+01  9.92200E-07  3.62500E-08  0.00000E+00  1.05000E+02
  1.12000E+01  9.96100E-07  3.63200E-08  0.00000E+00  1.05000E+02
  1.14000E+01  9.51100E-07  3.54900E-08  0.00000E+00  1.05000E+02
  1.16000E+01  9.41800E-07  3.53200E-08  0.00000E+00  1.05000E+02
  1.18000E+01  9.19300E-07  3.48900E-08  0.00000E+00  1.05000E+02
  1.20000E+01  8.59700E-07  3.37400E-08  0.00000E+00  1.05000E+02
  1.22000E+01  8.16000E-07  3.28700E-08  0.00000E+00  1.05000E+02
  1.24000E+01  8.49100E-07  3.35300E-08  0.00000E+00  1.05000E+02
  1.26000E+01  8.13300E-07  3.28200E-08  0.00000E+00  1.05000E+02
  1.28000E+01  7.93500E-07  3.24200E-08  0.00000E+00  1.05000E+02
  1.30000E+01  7.47100E-07  3.14600E-08  0.00000E+00  1.05000E+02
  1.32000E+01  7.49700E-07  3.15100E-08  0.00000E+00  1.05000E+02
  1.34000E+01  6.90100E-07  3.02300E-08  0.00000E+00  1.05000E+02
  1.36000E+01  7.29900E-07  3.10900E-08  0.00000E+00  1.05000E+02
  1.38000E+01  7.12600E-07  3.07200E-08  0.00000E+00  1.05000E+02
  1.40000E+01  6.79500E-07  3.00000E-08  0.00000E+00  1.05000E+02
  1.42000E+01  6.65000E-07  2.96800E-08  0.00000E+00  1.05000E+02
  1.44000E+01  5.85500E-07  2.78500E-08  0.00000E+00  1.05000E+02
  1.46000E+01  6.02700E-07  2.82500E-08  0.00000E+00  1.05000E+02
  1.48000E+01  6.21200E-07  2.86800E-08  0.00000E+00  1.05000E+02
  1.50000E+01  6.27900E-07  2.88400E-08  0.00000E+00  1.05000E+02
  1.52000E+01  6.02700E-07  2.82500E-08  0.00000E+00  1.05000E+02
  1.54000E+01  5.45700E-07  2.68800E-08  0.00000E+00  1.05000E+02
  1.56000E+01  5.27200E-07  2.64200E-08  0.00000E+00  1.05000E+02
  1.58000E+01  5.31200E-07  2.65200E-08  0.00000E+00  1.05000E+02
  1.60000E+01  5.81500E-07  2.77500E-08  0.00000E+00  1.05000E+02
  1.62000E+01  4.76800E-07  2.51300E-08  0.00000E+00  1.05000E+02
  1.64000E+01  5.52400E-07  2.70500E-08  0.00000E+00  1.05000E+02
  1.66000E+01  5.00700E-07  2.57500E-08  0.00000E+00  1.05000E+02
  1.68000E+01  5.27200E-07  2.64200E-08  0.00000E+00  1.05000E+02
  1.70000E+01  5.36500E-07  2.66500E-08  0.00000E+00  1.05000E+02
  1.72000E+01  4.75500E-07  2.51000E-08  0.00000E+00  1.05000E+02
  1.74000E+01  4.54300E-07  2.45300E-08  0.00000E+00  1.05000E+02
  1.76000E+01  4.92700E-07  2.55500E-08  0.00000E+00  1.05000E+02
  1.78000E+01  4.38400E-07  2.41000E-08  0.00000E+00  1.05000E+02
  1.80000E+01  4.37100E-07  2.40600E-08  0.00000E+00  1.05000E+02
  1.82000E+01  4.14600E-07  2.34300E-08  0.00000E+00  1.05000E+02
  1.84000E+01  3.89400E-07  2.27100E-08  0.00000E+00  1.05000E+02
  1.86000E+01  4.72900E-07  2.50300E-08  0.00000E+00  1.05000E+02
  1.88000E+01  4.27800E-07  2.38000E-08  0.00000E+00  1.05000E+02
  1.90000E+01  3.65600E-07  2.20000E-08  0.00000E+00  1.05000E+02
  1.92000E+01  3.77500E-07  2.23600E-08  0.00000E+00  1.05000E+02
  1.94000E+01  3.62900E-07  2.19200E-08  0.00000E+00  1.05000E+02
  1.96000E+01  3.98700E-07  2.29800E-08  0.00000E+00  1.05000E+02
  1.98000E+01  3.66900E-07  2.20400E-08  0.00000E+00  1.05000E+02
  2.00000E+01  3.31100E-07  2.09400E-08  0.00000E+00  1.05000E+02
  2.02000E+01  3.68200E-07  2.20800E-08  0.00000E+00  1.05000E+02
  2.04000E+01  3.90700E-07  2.27500E-08  0.00000E+00  1.05000E+02
  2.06000E+01  3.94700E-07  2.28600E-08  0.00000E+00  1.05000E+02
  2.08000E+01  3.61600E-07  2.18800E-08  0.00000E+00  1.05000E+02
  2.10000E+01  3.73500E-07  2.22400E-08  0.00000E+00  1.05000E+02
  2.12000E+01  3.47000E-07  2.14400E-08  0.00000E+00  1.05000E+02
  2.14000E+01  3.09900E-07  2.02600E-08  0.00000E+00  1.05000E+02
  2.16000E+01  3.02000E-07  2.00000E-08  0.00000E+00  1.05000E+02
  2.18000E+01  2.82100E-07  1.93300E-08  0.00000E+00  1.05000E+02
  2.20000E+01  3.09900E-07  2.02600E-08  0.00000E+00  1.05000E+02
  2.22000E+01  3.27200E-07  2.08100E-08  0.00000E+00  1.05000E+02
  2.24000E+01  2.90100E-07  1.96000E-08  0.00000E+00  1.05000E+02
  2.26000E+01  2.86100E-07  1.94600E-08  0.00000E+00  1.05000E+02
  2.28000E+01  2.94000E-07  1.97300E-08  0.00000E+00  1.05000E+02
  2.30000E+01  2.74200E-07  1.90500E-08  0.00000E+00  1.05000E+02
  2.32000E+01  2.67500E-07  1.88200E-08  0.00000E+00  1.05000E+02
  2.34000E+01  2.74200E-07  1.90500E-08  0.00000E+00  1.05000E+02
  2.36000E+01  2.74200E-07  1.90500E-08  0.00000E+00  1.05000E+02
  2.38000E+01  2.72800E-07  1.90100E-08  0.00000E+00  1.05000E+02
  2.40000E+01  2.70200E-07  1.89200E-08  0.00000E+00  1.05000E+02
  2.42000E+01  2.54300E-07  1.83500E-08  0.00000E+00  1.05000E+02
  2.44000E+01  2.45000E-07  1.80100E-08  0.00000E+00  1.05000E+02
  2.46000E+01  2.55600E-07  1.84000E-08  0.00000E+00  1.05000E+02
  2.48000E+01  2.25200E-07  1.72700E-08  0.00000E+00  1.05000E+02
  2.50000E+01  1.98700E-07  1.62200E-08  0.00000E+00  1.05000E+02
  2.52000E+01  2.21200E-07  1.71100E-08  0.00000E+00  1.05000E+02
  2.54000E+01  2.33100E-07  1.75700E-08  0.00000E+00  1.05000E+02
  2.56000E+01  1.56300E-07  1.43900E-08  0.00000E+00  1.05000E+02
  2.58000E+01  1.65500E-07  1.48100E-08  0.00000E+00  1.05000E+02
  2.60000E+01  2.17200E-07  1.69600E-08  0.00000E+00  1.05000E+02
  2.62000E+01  2.04000E-07  1.64300E-08  0.00000E+00  1.05000E+02
  2.64000E+01  1.53600E-07  1.42600E-08  0.00000E+00  1.05000E+02
  2.66000E+01  1.80100E-07  1.54400E-08  0.00000E+00  1.05000E+02
  2.68000E+01  2.05300E-07  1.64900E-08  0.00000E+00  1.05000E+02
  2.70000E+01  1.84100E-07  1.56100E-08  0.00000E+00  1.05000E+02
  2.72000E+01  1.80100E-07  1.54400E-08  0.00000E+00  1.05000E+02
  2.74000E+01  1.77500E-07  1.53300E-08  0.00000E+00  1.05000E+02
  2.76000E+01  1.44300E-07  1.38300E-08  0.00000E+00  1.05000E+02
  2.78000E+01  1.65500E-07  1.48100E-08  0.00000E+00  1.05000E+02
  2.80000E+01  1.86700E-07  1.57300E-08  0.00000E+00  1.05000E+02
  2.82000E+01  1.69500E-07  1.49800E-08  0.00000E+00  1.05000E+02
  2.84000E+01  1.61600E-07  1.46300E-08  0.00000E+00  1.05000E+02
  2.86000E+01  1.58900E-07  1.45100E-08  0.00000E+00  1.05000E+02
  2.88000E+01  1.35100E-07  1.33700E-08  0.00000E+00  1.05000E+02
  2.90000E+01  1.58900E-07  1.45100E-08  0.00000E+00  1.05000E+02
  2.92000E+01  1.33800E-07  1.33100E-08  0.00000E+00  1.05000E+02
  2.94000E+01  1.27100E-07  1.29700E-08  0.00000E+00  1.05000E+02
  2.96000E+01  1.56300E-07  1.43900E-08  0.00000E+00  1.05000E+02
  2.98000E+01  1.02000E-07  1.16200E-08  0.00000E+00  1.05000E+02
  3.00000E+01  7.28500E-08  9.82400E-09  0.00000E+00  1.05000E+02
  3.02000E+01  1.05900E-07  1.18400E-08  0.00000E+00  1.05000E+02
  3.04000E+01  1.86700E-07  1.57300E-08  0.00000E+00  1.05000E+02
  3.06000E+01  1.29800E-07  1.31100E-08  0.00000E+00  1.05000E+02
  3.08000E+01  9.14000E-08  1.10000E-08  0.00000E+00  1.05000E+02
  3.10000E+01  1.37700E-07  1.35000E-08  0.00000E+00  1.05000E+02
  3.12000E+01  8.47800E-08  1.05900E-08  0.00000E+00  1.05000E+02
  3.14000E+01  1.48300E-07  1.40100E-08  0.00000E+00  1.05000E+02
  3.16000E+01  2.29100E-07  1.74200E-08  0.00000E+00  1.05000E+02
  3.18000E+01  1.37700E-07  1.35000E-08  0.00000E+00  1.05000E+02
  3.20000E+01  6.22600E-08  9.08100E-09  0.00000E+00  1.05000E+02
  3.22000E+01  1.23200E-07  1.27700E-08  0.00000E+00  1.05000E+02
  3.24000E+01  1.39000E-07  1.35700E-08  0.00000E+00  1.05000E+02
  3.26000E+01  4.23900E-08  7.49300E-09  0.00000E+00  1.05000E+02
  3.28000E+01  3.97400E-08  7.25500E-09  0.00000E+00  1.05000E+02
  3.30000E+01  2.91400E-08  6.21300E-09  0.00000E+00  1.05000E+02
  3.32000E+01  6.62300E-08  9.36700E-09  0.00000E+00  1.05000E+02
  3.34000E+01  9.93500E-08  1.14700E-08  0.00000E+00  1.05000E+02
  3.36000E+01  6.62300E-08  9.36700E-09  0.00000E+00  1.05000E+02
  3.38000E+01  3.31100E-08  6.62300E-09  0.00000E+00  1.05000E+02
  3.40000E+01  8.21300E-08  1.04300E-08  0.00000E+00  1.05000E+02
  3.42000E+01  9.00800E-08  1.09200E-08  0.00000E+00  1.05000E+02
  3.44000E+01  4.23900E-08  7.49300E-09  0.00000E+00  1.05000E+02
  3.46000E+01  1.58900E-08  4.58800E-09  0.00000E+00  1.05000E+02
  3.48000E+01  1.19200E-08  3.97400E-09  0.00000E+00  1.05000E+02
  3.50000E+01  1.05900E-08  3.74600E-09  0.00000E+00  1.05000E+02
  3.52000E+01  9.27200E-09  3.50400E-09  0.00000E+00  1.05000E+02
  3.54000E+01  4.23900E-08  7.49300E-09  0.00000E+00  1.05000E+02
  3.56000E+01  2.58300E-07  1.84900E-08  0.00000E+00  1.05000E+02
  3.58000E+01  1.68200E-07  1.49200E-08  0.00000E+00  1.05000E+02
  3.60000E+01  7.02000E-08  9.64400E-09  0.00000E+00  1.05000E+02
  3.62000E+01  7.15300E-08  9.73400E-09  0.00000E+00  1.05000E+02
  3.64000E+01  2.56900E-07  1.84500E-08  0.00000E+00  1.05000E+02
  3.66000E+01  6.09300E-08  8.98400E-09  0.00000E+00  1.05000E+02
  3.68000E+01  1.19200E-08  3.97400E-09  0.00000E+00  1.05000E+02
  3.70000E+01  7.94800E-09  3.24400E-09  0.00000E+00  1.05000E+02
  3.72000E+01  9.27200E-09  3.50400E-09  0.00000E+00  1.05000E+02
  3.74000E+01  5.56300E-08  8.58500E-09  0.00000E+00  1.05000E+02
  3.76000E+01  1.29800E-07  1.31100E-08  0.00000E+00  1.05000E+02
  3.78000E+01  5.43100E-08  8.48200E-09  0.00000E+00  1.05000E+02
  3.80000E+01  1.45700E-08  4.39300E-09  0.00000E+00  1.05000E+02
  3.82000E+01  1.60200E-07  1.45700E-08  0.00000E+00  1.05000E+02
  3.84000E+01  1.12070E-06  3.85300E-08  0.00000E+00  1.05000E+02
  3.86000E+01  9.25900E-07  3.50200E-08  0.00000E+00  1.05000E+02
  3.88000E+01  1.12600E-07  1.22100E-08  0.00000E+00  1.05000E+02
  3.90000E+01  1.58900E-08  4.58800E-09  0.00000E+00  1.05000E+02
  3.92000E+01  6.62300E-09  2.96200E-09  0.00000E+00  1.05000E+02
  3.94000E+01  7.94800E-09  3.24400E-09  0.00000E+00  1.05000E+02
  3.96000E+01  1.19200E-08  3.97400E-09  0.00000E+00  1.05000E+02
  3.98000E+01  1.32400E-09  1.32400E-09  0.00000E+00  1.05000E+02
  4.00000E+01  2.64900E-09  1.87300E-09  0.00000E+00  1.05000E+02
  4.02000E+01  1.19200E-08  3.97400E-09  0.00000E+00  1.05000E+02
  4.04000E+01  9.27200E-09  3.50400E-09  0.00000E+00  1.05000E+02
  4.06000E+01  6.62300E-09  2.96200E-09  0.00000E+00  1.05000E+02
  4.08000E+01  1.32400E-09  1.32400E-09  0.00000E+00  1.05000E+02
  4.10000E+01  0.00000E+00  0.00000E+00  0.00000E+00  1.05000E+02
  4.12000E+01  0.00000E+00  0.00000E+00  0.00000E+00  1.05000E+02
  4.14000E+01  1.32400E-09  1.32400E-09  0.00000E+00  1.05000E+02
  4.16000E+01  1.32400E-09  1.32400E-09  0.00000E+00  1.05000E+02
  4.18000E+01  0.00000E+00  0.00000E+00  0.00000E+00  1.05000E+02
  4.20000E+01  1.32400E-09  1.32400E-09  0.00000E+00  1.05000E+02
  4.22000E+01  0.00000E+00  0.00000E+00  0.00000E+00  1.05000E+02
  4.24000E+01  0.00000E+00  0.00000E+00  0.00000E+00  1.05000E+02
  4.26000E+01  0.00000E+00  0.00000E+00  0.00000E+00  1.05000E+02
  4.28000E+01  0.00000E+00  0.00000E+00  0.00000E+00  1.05000E+02
  4.30000E+01  0.00000E+00  0.00000E+00  0.00000E+00  1.05000E+02
  4.32000E+01  0.00000E+00  0.00000E+00  0.00000E+00  1.05000E+02
  4.34000E+01  0.00000E+00  0.00000E+00  0.00000E+00  1.05000E+02
  4.36000E+01  0.00000E+00  0.00000E+00  0.00000E+00  1.05000E+02
  4.38000E+01  0.00000E+00  0.00000E+00  0.00000E+00  1.05000E+02
  4.40000E+01  0.00000E+00  0.00000E+00  0.00000E+00  1.05000E+02
  4.42000E+01  0.00000E+00  0.00000E+00  0.00000E+00  1.05000E+02
  4.44000E+01  0.00000E+00  0.00000E+00  0.00000E+00  1.05000E+02
  4.46000E+01  0.00000E+00  0.00000E+00  0.00000E+00  1.05000E+02
  4.48000E+01  0.00000E+00  0.00000E+00  0.00000E+00  1.05000E+02
  4.50000E+01  0.00000E+00  0.00000E+00  0.00000E+00  1.05000E+02
  4.52000E+01  0.00000E+00  0.00000E+00  0.00000E+00  1.05000E+02
  4.54000E+01  0.00000E+00  0.00000E+00  0.00000E+00  1.05000E+02
  4.56000E+01  0.00000E+00  0.00000E+00  0.00000E+00  1.05000E+02
  4.58000E+01  0.00000E+00  0.00000E+00  0.00000E+00  1.05000E+02
  4.60000E+01  0.00000E+00  0.00000E+00  0.00000E+00  1.05000E+02
  4.62000E+01  0.00000E+00  0.00000E+00  0.00000E+00  1.05000E+02
  4.64000E+01  0.00000E+00  0.00000E+00  0.00000E+00  1.05000E+02
  4.66000E+01  0.00000E+00  0.00000E+00  0.00000E+00  1.05000E+02
  4.68000E+01  0.00000E+00  0.00000E+00  0.00000E+00  1.05000E+02
  4.70000E+01  0.00000E+00  0.00000E+00  0.00000E+00  1.05000E+02
  4.72000E+01  0.00000E+00  0.00000E+00  0.00000E+00  1.05000E+02
  4.74000E+01  0.00000E+00  0.00000E+00  0.00000E+00  1.05000E+02
  4.76000E+01  0.00000E+00  0.00000E+00  0.00000E+00  1.05000E+02
  4.78000E+01  0.00000E+00  0.00000E+00  0.00000E+00  1.05000E+02
  4.80000E+01  0.00000E+00  0.00000E+00  0.00000E+00  1.05000E+02
  4.82000E+01  0.00000E+00  0.00000E+00  0.00000E+00  1.05000E+02
  4.84000E+01  0.00000E+00  0.00000E+00  0.00000E+00  1.05000E+02
  4.86000E+01  0.00000E+00  0.00000E+00  0.00000E+00  1.05000E+02
  4.88000E+01  0.00000E+00  0.00000E+00  0.00000E+00  1.05000E+02
  4.90000E+01  0.00000E+00  0.00000E+00  0.00000E+00  1.05000E+02
  4.92000E+01  0.00000E+00  0.00000E+00  0.00000E+00  1.05000E+02
  4.94000E+01  0.00000E+00  0.00000E+00  0.00000E+00  1.05000E+02
  4.96000E+01  0.00000E+00  0.00000E+00  0.00000E+00  1.05000E+02
  4.98000E+01  0.00000E+00  0.00000E+00  0.00000E+00  1.05000E+02
  5.00000E+01  0.00000E+00  0.00000E+00  0.00000E+00  1.05000E+02
  5.02000E+01  0.00000E+00  0.00000E+00  0.00000E+00  1.05000E+02
  5.04000E+01  0.00000E+00  0.00000E+00  0.00000E+00  1.05000E+02
  5.06000E+01  0.00000E+00  0.00000E+00  0.00000E+00  1.05000E+02
  5.08000E+01  0.00000E+00  0.00000E+00  0.00000E+00  1.05000E+02
  5.10000E+01  0.00000E+00  0.00000E+00  0.00000E+00  1.05000E+02
  5.12000E+01  0.00000E+00  0.00000E+00  0.00000E+00  1.05000E+02
  5.14000E+01  0.00000E+00  0.00000E+00  0.00000E+00  1.05000E+02
  5.16000E+01  0.00000E+00  0.00000E+00  0.00000E+00  1.05000E+02
  5.18000E+01  0.00000E+00  0.00000E+00  0.00000E+00  1.05000E+02
  5.20000E+01  0.00000E+00  0.00000E+00  0.00000E+00  1.05000E+02
  5.22000E+01  0.00000E+00  0.00000E+00  0.00000E+00  1.05000E+02
  5.24000E+01  0.00000E+00  0.00000E+00  0.00000E+00  1.05000E+02
  5.26000E+01  0.00000E+00  0.00000E+00  0.00000E+00  1.05000E+02
  5.28000E+01  0.00000E+00  0.00000E+00  0.00000E+00  1.05000E+02
  5.30000E+01  0.00000E+00  0.00000E+00  0.00000E+00  1.05000E+02
  5.32000E+01  0.00000E+00  0.00000E+00  0.00000E+00  1.05000E+02
  5.34000E+01  0.00000E+00  0.00000E+00  0.00000E+00  1.05000E+02
  5.36000E+01  0.00000E+00  0.00000E+00  0.00000E+00  1.05000E+02
  5.38000E+01  0.00000E+00  0.00000E+00  0.00000E+00  1.05000E+02
  5.40000E+01  0.00000E+00  0.00000E+00  0.00000E+00  1.05000E+02
  5.42000E+01  0.00000E+00  0.00000E+00  0.00000E+00  1.05000E+02
  5.44000E+01  0.00000E+00  0.00000E+00  0.00000E+00  1.05000E+02
  5.46000E+01  0.00000E+00  0.00000E+00  0.00000E+00  1.05000E+02
  5.48000E+01  0.00000E+00  0.00000E+00  0.00000E+00  1.05000E+02
  5.50000E+01  0.00000E+00  0.00000E+00  0.00000E+00  1.05000E+02
  5.52000E+01  0.00000E+00  0.00000E+00  0.00000E+00  1.05000E+02
  5.54000E+01  0.00000E+00  0.00000E+00  0.00000E+00  1.05000E+02
  5.56000E+01  0.00000E+00  0.00000E+00  0.00000E+00  1.05000E+02
  5.58000E+01  0.00000E+00  0.00000E+00  0.00000E+00  1.05000E+02
  5.60000E+01  0.00000E+00  0.00000E+00  0.00000E+00  1.05000E+02
  5.62000E+01  0.00000E+00  0.00000E+00  0.00000E+00  1.05000E+02
  5.64000E+01  0.00000E+00  0.00000E+00  0.00000E+00  1.05000E+02
  5.66000E+01  0.00000E+00  0.00000E+00  0.00000E+00  1.05000E+02
  5.68000E+01  0.00000E+00  0.00000E+00  0.00000E+00  1.05000E+02
  5.70000E+01  0.00000E+00  0.00000E+00  0.00000E+00  1.05000E+02
  5.72000E+01  0.00000E+00  0.00000E+00  0.00000E+00  1.05000E+02
  5.74000E+01  0.00000E+00  0.00000E+00  0.00000E+00  1.05000E+02
  5.76000E+01  0.00000E+00  0.00000E+00  0.00000E+00  1.05000E+02
  5.78000E+01  0.00000E+00  0.00000E+00  0.00000E+00  1.05000E+02
  5.80000E+01  0.00000E+00  0.00000E+00  0.00000E+00  1.05000E+02
  5.82000E+01  0.00000E+00  0.00000E+00  0.00000E+00  1.05000E+02
  5.84000E+01  0.00000E+00  0.00000E+00  0.00000E+00  1.05000E+02
  5.86000E+01  0.00000E+00  0.00000E+00  0.00000E+00  1.05000E+02
  5.88000E+01  0.00000E+00  0.00000E+00  0.00000E+00  1.05000E+02
  5.90000E+01  0.00000E+00  0.00000E+00  0.00000E+00  1.05000E+02
  5.92000E+01  0.00000E+00  0.00000E+00  0.00000E+00  1.05000E+02
  5.94000E+01  0.00000E+00  0.00000E+00  0.00000E+00  1.05000E+02
  5.96000E+01  0.00000E+00  0.00000E+00  0.00000E+00  1.05000E+02
  5.98000E+01  0.00000E+00  0.00000E+00  0.00000E+00  1.05000E+02
# Full reference:
#M.Harada,  Y.Watanabe,  Y.Tanaka,  Y.Matsuoka,  K.Shin, S.Meigo,  H.Nakashima,  H.Takada,  T.Sasa,
# O.Iwamoto, T.Fukahori,  S.Chiba,  S.Tanaka
#Jour. Jour. of Nuclear Science and Technology Suppl. Vol.2, p.393, 2002
#Light charged-particle production in proton-induced reactions on 12C, 27Al, 58Ni, 90Zr, 197Au, and 209Bi at 42 and 68 MeV
#
