# Target Z    :  13
# Target A    :  27
# Target state:  
# Projectile  : p
# Reaction    : (p,xp)
# E-inc       :   42.000 MeV
# Quantity    : Double-differential cross section
# Frame       : L
# MF          :    6
# MT          :  203
# X4 ID       : E2400105 
# X4 code     : 13-AL-27(P,X)1-H-1,,DA/DE
# Author      : Harada                   
# Year        : 2002
# Data points :    252
# E-out(MeV) xs(mb/MeV.sr) dxs(mb/MeV.sr) dE(MeV)      Evaluation  C/E(F)      Chi-2     Delta(mb)
  9.60000E+00  2.96160E-06  1.07800E-07  0.00000E+00  3.00000E+01
  9.80000E+00  2.98070E-06  1.08100E-07  0.00000E+00  3.00000E+01
  1.00000E+01  2.80110E-06  1.04900E-07  0.00000E+00  3.00000E+01
  1.02000E+01  2.90430E-06  1.06800E-07  0.00000E+00  3.00000E+01
  1.04000E+01  2.88520E-06  1.06400E-07  0.00000E+00  3.00000E+01
  1.06000E+01  2.83600E-06  1.05800E-07  0.00000E+00  3.00000E+01
  1.08000E+01  2.73280E-06  1.04000E-07  0.00000E+00  3.00000E+01
  1.10000E+01  2.67930E-06  1.03000E-07  0.00000E+00  3.00000E+01
  1.12000E+01  2.88180E-06  1.06700E-07  0.00000E+00  3.00000E+01
  1.14000E+01  2.71370E-06  1.03600E-07  0.00000E+00  3.00000E+01
  1.16000E+01  2.67550E-06  1.02900E-07  0.00000E+00  3.00000E+01
  1.18000E+01  2.73280E-06  1.04000E-07  0.00000E+00  3.00000E+01
  1.20000E+01  2.52650E-06  1.00100E-07  0.00000E+00  3.00000E+01
  1.22000E+01  2.61440E-06  1.01800E-07  0.00000E+00  3.00000E+01
  1.24000E+01  2.57620E-06  1.01100E-07  0.00000E+00  3.00000E+01
  1.26000E+01  2.36980E-06  9.71200E-08  0.00000E+00  3.00000E+01
  1.28000E+01  2.45390E-06  9.87600E-08  0.00000E+00  3.00000E+01
  1.30000E+01  2.67930E-06  1.03000E-07  0.00000E+00  3.00000E+01
  1.32000E+01  2.38130E-06  9.73400E-08  0.00000E+00  3.00000E+01
  1.34000E+01  2.45390E-06  9.87600E-08  0.00000E+00  3.00000E+01
  1.36000E+01  2.32500E-06  9.62100E-08  0.00000E+00  3.00000E+01
  1.38000E+01  2.30980E-06  9.59000E-08  0.00000E+00  3.00000E+01
  1.40000E+01  2.41290E-06  9.79400E-08  0.00000E+00  3.00000E+01
  1.42000E+01  2.22190E-06  9.41400E-08  0.00000E+00  3.00000E+01
  1.44000E+01  2.48170E-06  9.92700E-08  0.00000E+00  3.00000E+01
  1.46000E+01  2.47020E-06  9.90500E-08  0.00000E+00  3.00000E+01
  1.48000E+01  2.29070E-06  9.55200E-08  0.00000E+00  3.00000E+01
  1.50000E+01  2.10730E-06  9.17800E-08  0.00000E+00  3.00000E+01
  1.52000E+01  2.22950E-06  9.42900E-08  0.00000E+00  3.00000E+01
  1.54000E+01  2.13400E-06  9.23400E-08  0.00000E+00  3.00000E+01
  1.56000E+01  2.43590E-06  9.83800E-08  0.00000E+00  3.00000E+01
  1.58000E+01  2.39000E-06  9.74900E-08  0.00000E+00  3.00000E+01
  1.60000E+01  2.40530E-06  9.77900E-08  0.00000E+00  3.00000E+01
  1.62000E+01  2.50460E-06  9.97100E-08  0.00000E+00  3.00000E+01
  1.64000E+01  2.27540E-06  9.52200E-08  0.00000E+00  3.00000E+01
  1.66000E+01  2.40470E-06  9.81300E-08  0.00000E+00  3.00000E+01
  1.68000E+01  2.28620E-06  9.58000E-08  0.00000E+00  3.00000E+01
  1.70000E+01  2.54220E-06  1.00700E-07  0.00000E+00  3.00000E+01
  1.72000E+01  2.40470E-06  9.81300E-08  0.00000E+00  3.00000E+01
  1.74000E+01  2.32440E-06  9.65500E-08  0.00000E+00  3.00000E+01
  1.76000E+01  2.37410E-06  9.75300E-08  0.00000E+00  3.00000E+01
  1.78000E+01  2.31300E-06  9.63300E-08  0.00000E+00  3.00000E+01
  1.80000E+01  2.34740E-06  9.70100E-08  0.00000E+00  3.00000E+01
  1.82000E+01  2.45430E-06  9.90900E-08  0.00000E+00  3.00000E+01
  1.84000E+01  2.33210E-06  9.67100E-08  0.00000E+00  3.00000E+01
  1.86000E+01  2.25180E-06  9.51100E-08  0.00000E+00  3.00000E+01
  1.88000E+01  2.24800E-06  9.50300E-08  0.00000E+00  3.00000E+01
  1.90000E+01  2.46580E-06  9.93100E-08  0.00000E+00  3.00000E+01
  1.92000E+01  2.63390E-06  1.02500E-07  0.00000E+00  3.00000E+01
  1.94000E+01  2.54990E-06  1.00900E-07  0.00000E+00  3.00000E+01
  1.96000E+01  2.60090E-06  1.02100E-07  0.00000E+00  3.00000E+01
  1.98000E+01  2.65440E-06  1.03000E-07  0.00000E+00  3.00000E+01
  2.00000E+01  2.49390E-06  1.00000E-07  0.00000E+00  3.00000E+01
  2.02000E+01  2.56650E-06  1.01400E-07  0.00000E+00  3.00000E+01
  2.04000E+01  2.64300E-06  1.02800E-07  0.00000E+00  3.00000E+01
  2.06000E+01  2.76140E-06  1.05000E-07  0.00000E+00  3.00000E+01
  2.08000E+01  2.76140E-06  1.05000E-07  0.00000E+00  3.00000E+01
  2.10000E+01  2.73470E-06  1.04500E-07  0.00000E+00  3.00000E+01
  2.12000E+01  2.85310E-06  1.06700E-07  0.00000E+00  3.00000E+01
  2.14000E+01  2.65440E-06  1.03000E-07  0.00000E+00  3.00000E+01
  2.16000E+01  2.75760E-06  1.04900E-07  0.00000E+00  3.00000E+01
  2.18000E+01  2.59330E-06  1.01900E-07  0.00000E+00  3.00000E+01
  2.20000E+01  2.54740E-06  1.01000E-07  0.00000E+00  3.00000E+01
  2.22000E+01  2.62380E-06  1.02500E-07  0.00000E+00  3.00000E+01
  2.24000E+01  2.93720E-06  1.08200E-07  0.00000E+00  3.00000E+01
  2.26000E+01  2.74940E-06  1.04800E-07  0.00000E+00  3.00000E+01
  2.28000E+01  2.60040E-06  1.02100E-07  0.00000E+00  3.00000E+01
  2.30000E+01  2.58130E-06  1.01700E-07  0.00000E+00  3.00000E+01
  2.32000E+01  3.04360E-06  1.10000E-07  0.00000E+00  3.00000E+01
  2.34000E+01  2.64240E-06  1.02800E-07  0.00000E+00  3.00000E+01
  2.36000E+01  2.71500E-06  1.04200E-07  0.00000E+00  3.00000E+01
  2.38000E+01  2.77230E-06  1.05200E-07  0.00000E+00  3.00000E+01
  2.40000E+01  2.55840E-06  1.01300E-07  0.00000E+00  3.00000E+01
  2.42000E+01  2.64620E-06  1.02900E-07  0.00000E+00  3.00000E+01
  2.44000E+01  2.58510E-06  1.01800E-07  0.00000E+00  3.00000E+01
  2.46000E+01  2.44370E-06  9.91200E-08  0.00000E+00  3.00000E+01
  2.48000E+01  2.72270E-06  1.04300E-07  0.00000E+00  3.00000E+01
  2.50000E+01  2.75320E-06  1.04900E-07  0.00000E+00  3.00000E+01
  2.52000E+01  2.58130E-06  1.01700E-07  0.00000E+00  3.00000E+01
  2.54000E+01  2.53160E-06  1.00800E-07  0.00000E+00  3.00000E+01
  2.56000E+01  2.89600E-06  1.08000E-07  0.00000E+00  3.00000E+01
  2.58000E+01  2.81960E-06  1.06700E-07  0.00000E+00  3.00000E+01
  2.60000E+01  2.50250E-06  1.00800E-07  0.00000E+00  3.00000E+01
  2.62000E+01  2.69350E-06  1.04400E-07  0.00000E+00  3.00000E+01
  2.64000E+01  2.64770E-06  1.03500E-07  0.00000E+00  3.00000E+01
  2.66000E+01  2.88460E-06  1.07800E-07  0.00000E+00  3.00000E+01
  2.68000E+01  2.54830E-06  1.01700E-07  0.00000E+00  3.00000E+01
  2.70000E+01  2.62090E-06  1.03100E-07  0.00000E+00  3.00000E+01
  2.72000E+01  2.48340E-06  1.00500E-07  0.00000E+00  3.00000E+01
  2.74000E+01  2.35730E-06  9.80900E-08  0.00000E+00  3.00000E+01
  2.76000E+01  2.02110E-06  9.13100E-08  0.00000E+00  3.00000E+01
  2.78000E+01  2.21970E-06  9.53700E-08  0.00000E+00  3.00000E+01
  2.80000E+01  2.22360E-06  9.54500E-08  0.00000E+00  3.00000E+01
  2.82000E+01  2.35350E-06  9.80100E-08  0.00000E+00  3.00000E+01
  2.84000E+01  2.42220E-06  9.93500E-08  0.00000E+00  3.00000E+01
  2.86000E+01  2.39480E-06  9.90800E-08  0.00000E+00  3.00000E+01
  2.88000E+01  2.68510E-06  1.04500E-07  0.00000E+00  3.00000E+01
  2.90000E+01  2.43680E-06  9.98900E-08  0.00000E+00  3.00000E+01
  2.92000E+01  2.52090E-06  1.01400E-07  0.00000E+00  3.00000E+01
  2.94000E+01  2.11590E-06  9.35500E-08  0.00000E+00  3.00000E+01
  2.96000E+01  2.49030E-06  1.00900E-07  0.00000E+00  3.00000E+01
  2.98000E+01  2.85330E-06  1.07500E-07  0.00000E+00  3.00000E+01
  3.00000E+01  2.57820E-06  1.02500E-07  0.00000E+00  3.00000E+01
  3.02000E+01  3.20860E-06  1.13700E-07  0.00000E+00  3.00000E+01
  3.04000E+01  3.18950E-06  1.13300E-07  0.00000E+00  3.00000E+01
  3.06000E+01  2.21520E-06  9.55600E-08  0.00000E+00  3.00000E+01
  3.08000E+01  2.26100E-06  9.64700E-08  0.00000E+00  3.00000E+01
  3.10000E+01  2.61640E-06  1.03200E-07  0.00000E+00  3.00000E+01
  3.12000E+01  3.37670E-06  1.16400E-07  0.00000E+00  3.00000E+01
  3.14000E+01  3.16270E-06  1.12900E-07  0.00000E+00  3.00000E+01
  3.16000E+01  2.04000E-06  9.24300E-08  0.00000E+00  3.00000E+01
  3.18000E+01  2.60550E-06  1.03400E-07  0.00000E+00  3.00000E+01
  3.20000E+01  2.64750E-06  1.04200E-07  0.00000E+00  3.00000E+01
  3.22000E+01  2.72390E-06  1.05600E-07  0.00000E+00  3.00000E+01
  3.24000E+01  2.23100E-06  9.62900E-08  0.00000E+00  3.00000E+01
  3.26000E+01  2.81180E-06  1.07200E-07  0.00000E+00  3.00000E+01
  3.28000E+01  3.16330E-06  1.13200E-07  0.00000E+00  3.00000E+01
  3.30000E+01  1.78780E-06  8.70600E-08  0.00000E+00  3.00000E+01
  3.32000E+01  2.10490E-06  9.37600E-08  0.00000E+00  3.00000E+01
  3.34000E+01  2.60930E-06  1.03500E-07  0.00000E+00  3.00000E+01
  3.36000E+01  2.77740E-06  1.06500E-07  0.00000E+00  3.00000E+01
  3.38000E+01  2.12790E-06  9.42300E-08  0.00000E+00  3.00000E+01
  3.40000E+01  2.84240E-06  1.07700E-07  0.00000E+00  3.00000E+01
  3.42000E+01  2.93790E-06  1.09400E-07  0.00000E+00  3.00000E+01
  3.44000E+01  2.85760E-06  1.08000E-07  0.00000E+00  3.00000E+01
  3.46000E+01  5.06890E-06  1.41600E-07  0.00000E+00  3.00000E+01
  3.48000E+01  6.67740E-06  1.61800E-07  0.00000E+00  3.00000E+01
  3.50000E+01  2.96360E-06  1.09500E-07  0.00000E+00  3.00000E+01
  3.52000E+01  2.05050E-06  9.23100E-08  0.00000E+00  3.00000E+01
  3.54000E+01  3.53290E-06  1.19100E-07  0.00000E+00  3.00000E+01
  3.56000E+01  2.80320E-06  1.06700E-07  0.00000E+00  3.00000E+01
  3.58000E+01  1.37420E-06  7.70500E-08  0.00000E+00  3.00000E+01
  3.60000E+01  9.84400E-07  6.66900E-08  0.00000E+00  3.00000E+01
  3.62000E+01  1.10680E-06  7.01100E-08  0.00000E+00  3.00000E+01
  3.64000E+01  2.20710E-06  9.54900E-08  0.00000E+00  3.00000E+01
  3.66000E+01  2.81460E-06  1.06900E-07  0.00000E+00  3.00000E+01
  3.68000E+01  1.51180E-06  8.03900E-08  0.00000E+00  3.00000E+01
  3.70000E+01  1.46590E-06  7.92900E-08  0.00000E+00  3.00000E+01
  3.72000E+01  2.34850E-06  9.82800E-08  0.00000E+00  3.00000E+01
  3.74000E+01  3.17760E-06  1.13200E-07  0.00000E+00  3.00000E+01
  3.76000E+01  2.05100E-06  9.31100E-08  0.00000E+00  3.00000E+01
  3.78000E+01  1.00020E-06  6.82300E-08  0.00000E+00  3.00000E+01
  3.80000E+01  1.03460E-06  6.91900E-08  0.00000E+00  3.00000E+01
  3.82000E+01  7.48000E-07  6.07600E-08  0.00000E+00  3.00000E+01
  3.84000E+01  9.69600E-07  6.73700E-08  0.00000E+00  3.00000E+01
  3.86000E+01  1.86370E-06  8.91900E-08  0.00000E+00  3.00000E+01
  3.88000E+01  6.75810E-06  1.63200E-07  0.00000E+00  3.00000E+01
  3.90000E+01  1.20730E-05  2.16700E-07  0.00000E+00  3.00000E+01
  3.92000E+01  5.20690E-06  1.43900E-07  0.00000E+00  3.00000E+01
  3.94000E+01  2.83040E-06  1.07900E-07  0.00000E+00  3.00000E+01
  3.96000E+01  6.95680E-06  1.65500E-07  0.00000E+00  3.00000E+01
  3.98000E+01  9.54730E-06  1.93100E-07  0.00000E+00  3.00000E+01
  4.00000E+01  2.04710E-06  9.30300E-08  0.00000E+00  3.00000E+01
  4.02000E+01  7.44200E-07  6.06400E-08  0.00000E+00  3.00000E+01
  4.04000E+01  7.40400E-07  6.05200E-08  0.00000E+00  3.00000E+01
  4.06000E+01  1.28640E-06  7.91500E-08  0.00000E+00  3.00000E+01
  4.08000E+01  4.43080E-06  1.35200E-07  0.00000E+00  3.00000E+01
  4.10000E+01  7.22380E-06  1.70100E-07  0.00000E+00  3.00000E+01
  4.12000E+01  5.51210E-06  1.49700E-07  0.00000E+00  3.00000E+01
  4.14000E+01  1.24050E-05  2.20700E-07  0.00000E+00  3.00000E+01
  4.16000E+01  4.43740E-05  4.15900E-07  0.00000E+00  3.00000E+01
  4.18000E+01  1.95270E-04  8.63700E-07  0.00000E+00  3.00000E+01
  4.20000E+01  2.01310E-04  8.77000E-07  0.00000E+00  3.00000E+01
  4.22000E+01  2.42010E-05  3.04000E-07  0.00000E+00  3.00000E+01
  4.24000E+01  1.61240E-06  7.84800E-08  0.00000E+00  3.00000E+01
  4.26000E+01  4.43200E-07  4.11500E-08  0.00000E+00  3.00000E+01
  4.28000E+01  2.29200E-07  2.95900E-08  0.00000E+00  3.00000E+01
  4.30000E+01  9.16900E-08  1.87100E-08  0.00000E+00  3.00000E+01
  4.32000E+01  8.02300E-08  1.75000E-08  0.00000E+00  3.00000E+01
  4.34000E+01  2.67400E-08  1.01000E-08  0.00000E+00  3.00000E+01
  4.36000E+01  3.82000E-09  3.82000E-09  0.00000E+00  3.00000E+01
  4.38000E+01  1.91000E-08  8.54300E-09  0.00000E+00  3.00000E+01
  4.40000E+01  3.82000E-09  3.82000E-09  0.00000E+00  3.00000E+01
  4.42000E+01  0.00000E+00  0.00000E+00  0.00000E+00  3.00000E+01
  4.44000E+01  0.00000E+00  0.00000E+00  0.00000E+00  3.00000E+01
  4.46000E+01  0.00000E+00  0.00000E+00  0.00000E+00  3.00000E+01
  4.48000E+01  0.00000E+00  0.00000E+00  0.00000E+00  3.00000E+01
  4.50000E+01  0.00000E+00  0.00000E+00  0.00000E+00  3.00000E+01
  4.52000E+01  3.82000E-09  3.82000E-09  0.00000E+00  3.00000E+01
  4.54000E+01  0.00000E+00  0.00000E+00  0.00000E+00  3.00000E+01
  4.56000E+01  0.00000E+00  0.00000E+00  0.00000E+00  3.00000E+01
  4.58000E+01  0.00000E+00  0.00000E+00  0.00000E+00  3.00000E+01
  4.60000E+01  3.82000E-09  3.82000E-09  0.00000E+00  3.00000E+01
  4.62000E+01  3.82000E-09  3.82000E-09  0.00000E+00  3.00000E+01
  4.64000E+01  7.64100E-09  5.40300E-09  0.00000E+00  3.00000E+01
  4.66000E+01  7.64100E-09  5.40300E-09  0.00000E+00  3.00000E+01
  4.68000E+01  0.00000E+00  0.00000E+00  0.00000E+00  3.00000E+01
  4.70000E+01  7.64100E-09  5.40300E-09  0.00000E+00  3.00000E+01
  4.72000E+01  0.00000E+00  0.00000E+00  0.00000E+00  3.00000E+01
  4.74000E+01  3.82000E-09  3.82000E-09  0.00000E+00  3.00000E+01
  4.76000E+01  3.82000E-09  3.82000E-09  0.00000E+00  3.00000E+01
  4.78000E+01  3.82000E-09  3.82000E-09  0.00000E+00  3.00000E+01
  4.80000E+01  0.00000E+00  0.00000E+00  0.00000E+00  3.00000E+01
  4.82000E+01  0.00000E+00  0.00000E+00  0.00000E+00  3.00000E+01
  4.84000E+01  0.00000E+00  0.00000E+00  0.00000E+00  3.00000E+01
  4.86000E+01  3.82000E-09  3.82000E-09  0.00000E+00  3.00000E+01
  4.88000E+01  3.82000E-09  3.82000E-09  0.00000E+00  3.00000E+01
  4.90000E+01  0.00000E+00  0.00000E+00  0.00000E+00  3.00000E+01
  4.92000E+01  0.00000E+00  0.00000E+00  0.00000E+00  3.00000E+01
  4.94000E+01  0.00000E+00  0.00000E+00  0.00000E+00  3.00000E+01
  4.96000E+01  0.00000E+00  0.00000E+00  0.00000E+00  3.00000E+01
  4.98000E+01  0.00000E+00  0.00000E+00  0.00000E+00  3.00000E+01
  5.00000E+01  0.00000E+00  0.00000E+00  0.00000E+00  3.00000E+01
  5.02000E+01  0.00000E+00  0.00000E+00  0.00000E+00  3.00000E+01
  5.04000E+01  0.00000E+00  0.00000E+00  0.00000E+00  3.00000E+01
  5.06000E+01  0.00000E+00  0.00000E+00  0.00000E+00  3.00000E+01
  5.08000E+01  0.00000E+00  0.00000E+00  0.00000E+00  3.00000E+01
  5.10000E+01  0.00000E+00  0.00000E+00  0.00000E+00  3.00000E+01
  5.12000E+01  0.00000E+00  0.00000E+00  0.00000E+00  3.00000E+01
  5.14000E+01  0.00000E+00  0.00000E+00  0.00000E+00  3.00000E+01
  5.16000E+01  0.00000E+00  0.00000E+00  0.00000E+00  3.00000E+01
  5.18000E+01  0.00000E+00  0.00000E+00  0.00000E+00  3.00000E+01
  5.20000E+01  0.00000E+00  0.00000E+00  0.00000E+00  3.00000E+01
  5.22000E+01  0.00000E+00  0.00000E+00  0.00000E+00  3.00000E+01
  5.24000E+01  0.00000E+00  0.00000E+00  0.00000E+00  3.00000E+01
  5.26000E+01  0.00000E+00  0.00000E+00  0.00000E+00  3.00000E+01
  5.28000E+01  0.00000E+00  0.00000E+00  0.00000E+00  3.00000E+01
  5.30000E+01  0.00000E+00  0.00000E+00  0.00000E+00  3.00000E+01
  5.32000E+01  0.00000E+00  0.00000E+00  0.00000E+00  3.00000E+01
  5.34000E+01  0.00000E+00  0.00000E+00  0.00000E+00  3.00000E+01
  5.36000E+01  0.00000E+00  0.00000E+00  0.00000E+00  3.00000E+01
  5.38000E+01  0.00000E+00  0.00000E+00  0.00000E+00  3.00000E+01
  5.40000E+01  0.00000E+00  0.00000E+00  0.00000E+00  3.00000E+01
  5.42000E+01  0.00000E+00  0.00000E+00  0.00000E+00  3.00000E+01
  5.44000E+01  0.00000E+00  0.00000E+00  0.00000E+00  3.00000E+01
  5.46000E+01  0.00000E+00  0.00000E+00  0.00000E+00  3.00000E+01
  5.48000E+01  0.00000E+00  0.00000E+00  0.00000E+00  3.00000E+01
  5.50000E+01  0.00000E+00  0.00000E+00  0.00000E+00  3.00000E+01
  5.52000E+01  0.00000E+00  0.00000E+00  0.00000E+00  3.00000E+01
  5.54000E+01  0.00000E+00  0.00000E+00  0.00000E+00  3.00000E+01
  5.56000E+01  0.00000E+00  0.00000E+00  0.00000E+00  3.00000E+01
  5.58000E+01  0.00000E+00  0.00000E+00  0.00000E+00  3.00000E+01
  5.60000E+01  0.00000E+00  0.00000E+00  0.00000E+00  3.00000E+01
  5.62000E+01  0.00000E+00  0.00000E+00  0.00000E+00  3.00000E+01
  5.64000E+01  0.00000E+00  0.00000E+00  0.00000E+00  3.00000E+01
  5.66000E+01  0.00000E+00  0.00000E+00  0.00000E+00  3.00000E+01
  5.68000E+01  0.00000E+00  0.00000E+00  0.00000E+00  3.00000E+01
  5.70000E+01  0.00000E+00  0.00000E+00  0.00000E+00  3.00000E+01
  5.72000E+01  0.00000E+00  0.00000E+00  0.00000E+00  3.00000E+01
  5.74000E+01  0.00000E+00  0.00000E+00  0.00000E+00  3.00000E+01
  5.76000E+01  0.00000E+00  0.00000E+00  0.00000E+00  3.00000E+01
  5.78000E+01  0.00000E+00  0.00000E+00  0.00000E+00  3.00000E+01
  5.80000E+01  0.00000E+00  0.00000E+00  0.00000E+00  3.00000E+01
  5.82000E+01  0.00000E+00  0.00000E+00  0.00000E+00  3.00000E+01
  5.84000E+01  0.00000E+00  0.00000E+00  0.00000E+00  3.00000E+01
  5.86000E+01  0.00000E+00  0.00000E+00  0.00000E+00  3.00000E+01
  5.88000E+01  0.00000E+00  0.00000E+00  0.00000E+00  3.00000E+01
  5.90000E+01  0.00000E+00  0.00000E+00  0.00000E+00  3.00000E+01
  5.92000E+01  0.00000E+00  0.00000E+00  0.00000E+00  3.00000E+01
  5.94000E+01  0.00000E+00  0.00000E+00  0.00000E+00  3.00000E+01
  5.96000E+01  0.00000E+00  0.00000E+00  0.00000E+00  3.00000E+01
  5.98000E+01  0.00000E+00  0.00000E+00  0.00000E+00  3.00000E+01
# Full reference:
#M.Harada,  Y.Watanabe,  Y.Tanaka,  Y.Matsuoka,  K.Shin, S.Meigo,  H.Nakashima,  H.Takada,  T.Sasa,
# O.Iwamoto, T.Fukahori,  S.Chiba,  S.Tanaka
#Jour. Jour. of Nuclear Science and Technology Suppl. Vol.2, p.393, 2002
#Light charged-particle production in proton-induced reactions on 12C, 27Al, 58Ni, 90Zr, 197Au, and 209Bi at 42 and 68 MeV
#
