# Target Z    :  13
# Target A    :  27
# Target state:  
# Projectile  : p
# Reaction    : (p,xp)
# E-inc       :   68.000 MeV
# Quantity    : Double-differential cross section
# Frame       : L
# MF          :    6
# MT          :  203
# X4 ID       : E2400123 
# X4 code     : 13-AL-27(P,X)1-H-1,,DA/DE
# Author      : Harada                   
# Year        : 2002
# Data points :    137
# E-out(MeV) xs(mb/MeV.sr) dxs(mb/MeV.sr) dE(MeV)      Evaluation  C/E(F)      Chi-2     Delta(mb)
  2.00000E+00  4.19570E-06  2.94400E-08  0.00000E+00  1.50000E+02
  2.50000E+00  4.12860E-06  2.92000E-08  0.00000E+00  1.50000E+02
  3.00000E+00  3.82830E-06  2.81200E-08  0.00000E+00  1.50000E+02
  3.50000E+00  3.45910E-06  2.67300E-08  0.00000E+00  1.50000E+02
  4.00000E+00  3.06560E-06  2.51600E-08  0.00000E+00  1.50000E+02
  4.50000E+00  2.76410E-06  2.39000E-08  0.00000E+00  1.50000E+02
  5.00000E+00  2.43970E-06  2.24500E-08  0.00000E+00  1.50000E+02
  5.50000E+00  2.20140E-06  2.13200E-08  0.00000E+00  1.50000E+02
  6.00000E+00  1.99330E-06  2.02900E-08  0.00000E+00  1.50000E+02
  6.50000E+00  1.75920E-06  1.90600E-08  0.00000E+00  1.50000E+02
  7.00000E+00  1.50640E-06  1.57700E-08  0.00000E+00  1.50000E+02
  7.50000E+00  1.34300E-06  1.48900E-08  0.00000E+00  1.50000E+02
  8.00000E+00  1.17920E-06  1.39500E-08  0.00000E+00  1.50000E+02
  8.50000E+00  1.02770E-06  1.61300E-08  0.00000E+00  1.50000E+02
  9.00000E+00  9.39300E-07  1.54200E-08  0.00000E+00  1.50000E+02
  9.50000E+00  8.70300E-07  1.48500E-08  0.00000E+00  1.50000E+02
  1.00000E+01  8.37400E-07  1.45600E-08  0.00000E+00  1.50000E+02
  1.05000E+01  7.56100E-07  1.38400E-08  0.00000E+00  1.50000E+02
  1.10000E+01  7.08700E-07  1.34000E-08  0.00000E+00  1.50000E+02
  1.15000E+01  6.81600E-07  1.31400E-08  0.00000E+00  1.50000E+02
  1.20000E+01  6.45800E-07  1.27900E-08  0.00000E+00  1.50000E+02
  1.25000E+01  6.05800E-07  1.23900E-08  0.00000E+00  1.50000E+02
  1.30000E+01  5.52600E-07  1.18300E-08  0.00000E+00  1.50000E+02
  1.35000E+01  5.00100E-07  1.12500E-08  0.00000E+00  1.50000E+02
  1.40000E+01  4.83400E-07  1.10600E-08  0.00000E+00  1.50000E+02
  1.45000E+01  4.63900E-07  1.08400E-08  0.00000E+00  1.50000E+02
  1.50000E+01  4.55000E-07  1.07300E-08  0.00000E+00  1.50000E+02
  1.55000E+01  4.13000E-07  1.02300E-08  0.00000E+00  1.50000E+02
  1.60000E+01  4.15800E-07  1.02600E-08  0.00000E+00  1.50000E+02
  1.65000E+01  3.65800E-07  9.62800E-09  0.00000E+00  1.50000E+02
  1.70000E+01  3.64300E-07  9.60800E-09  0.00000E+00  1.50000E+02
  1.75000E+01  3.25300E-07  9.07900E-09  0.00000E+00  1.50000E+02
  1.80000E+01  3.14200E-07  8.92200E-09  0.00000E+00  1.50000E+02
  1.85000E+01  2.95700E-07  8.65600E-09  0.00000E+00  1.50000E+02
  1.90000E+01  2.83700E-07  8.47900E-09  0.00000E+00  1.50000E+02
  1.95000E+01  2.68000E-07  8.24100E-09  0.00000E+00  1.50000E+02
  2.00000E+01  2.58200E-07  8.08800E-09  0.00000E+00  1.50000E+02
  2.05000E+01  2.33600E-07  7.69300E-09  0.00000E+00  1.50000E+02
  2.10000E+01  2.22900E-07  7.51600E-09  0.00000E+00  1.50000E+02
  2.15000E+01  2.16900E-07  7.41300E-09  0.00000E+00  1.50000E+02
  2.20000E+01  2.05200E-07  7.21100E-09  0.00000E+00  1.50000E+02
  2.25000E+01  1.91800E-07  6.97100E-09  0.00000E+00  1.50000E+02
  2.30000E+01  1.96300E-07  7.05400E-09  0.00000E+00  1.50000E+02
  2.35000E+01  1.73500E-07  6.63100E-09  0.00000E+00  1.50000E+02
  2.40000E+01  1.65200E-07  6.47000E-09  0.00000E+00  1.50000E+02
  2.45000E+01  1.56500E-07  6.29900E-09  0.00000E+00  1.50000E+02
  2.50000E+01  1.40300E-07  5.96400E-09  0.00000E+00  1.50000E+02
  2.55000E+01  1.30200E-07  5.74400E-09  0.00000E+00  1.50000E+02
  2.60000E+01  1.25600E-07  5.64300E-09  0.00000E+00  1.50000E+02
  2.65000E+01  1.26900E-07  5.67100E-09  0.00000E+00  1.50000E+02
  2.70000E+01  1.23100E-07  5.58600E-09  0.00000E+00  1.50000E+02
  2.75000E+01  1.10900E-07  5.30300E-09  0.00000E+00  1.50000E+02
  2.80000E+01  1.10900E-07  5.30300E-09  0.00000E+00  1.50000E+02
  2.85000E+01  1.03100E-07  5.11100E-09  0.00000E+00  1.50000E+02
  2.90000E+01  9.12100E-08  4.80700E-09  0.00000E+00  1.50000E+02
  2.95000E+01  9.12100E-08  4.80700E-09  0.00000E+00  1.50000E+02
  3.00000E+01  8.69100E-08  4.69200E-09  0.00000E+00  1.50000E+02
  3.05000E+01  7.52500E-08  4.36600E-09  0.00000E+00  1.50000E+02
  3.10000E+01  7.14500E-08  4.25500E-09  0.00000E+00  1.50000E+02
  3.15000E+01  6.81600E-08  4.15500E-09  0.00000E+00  1.50000E+02
  3.20000E+01  6.84100E-08  4.16300E-09  0.00000E+00  1.50000E+02
  3.25000E+01  5.90300E-08  3.86700E-09  0.00000E+00  1.50000E+02
  3.30000E+01  6.05500E-08  3.91700E-09  0.00000E+00  1.50000E+02
  3.35000E+01  4.96600E-08  3.54700E-09  0.00000E+00  1.50000E+02
  3.40000E+01  5.01700E-08  3.56500E-09  0.00000E+00  1.50000E+02
  3.45000E+01  5.21900E-08  3.63600E-09  0.00000E+00  1.50000E+02
  3.50000E+01  5.39700E-08  3.69800E-09  0.00000E+00  1.50000E+02
  3.55000E+01  4.25600E-08  3.28400E-09  0.00000E+00  1.50000E+02
  3.60000E+01  4.02800E-08  3.19500E-09  0.00000E+00  1.50000E+02
  3.65000E+01  3.39500E-08  2.93300E-09  0.00000E+00  1.50000E+02
  3.70000E+01  3.47100E-08  2.96500E-09  0.00000E+00  1.50000E+02
  3.75000E+01  2.83700E-08  2.68100E-09  0.00000E+00  1.50000E+02
  3.80000E+01  3.16700E-08  2.83200E-09  0.00000E+00  1.50000E+02
  3.85000E+01  2.48300E-08  2.50800E-09  0.00000E+00  1.50000E+02
  3.90000E+01  2.45700E-08  2.49500E-09  0.00000E+00  1.50000E+02
  3.95000E+01  2.40700E-08  2.46900E-09  0.00000E+00  1.50000E+02
  4.00000E+01  1.92500E-08  2.20900E-09  0.00000E+00  1.50000E+02
  4.05000E+01  2.02700E-08  2.26600E-09  0.00000E+00  1.50000E+02
  4.10000E+01  2.05200E-08  2.28000E-09  0.00000E+00  1.50000E+02
  4.15000E+01  1.97600E-08  2.23700E-09  0.00000E+00  1.50000E+02
  4.20000E+01  1.64700E-08  2.04200E-09  0.00000E+00  1.50000E+02
  4.25000E+01  1.03800E-08  1.62200E-09  0.00000E+00  1.50000E+02
  4.30000E+01  1.14000E-08  1.69900E-09  0.00000E+00  1.50000E+02
  4.35000E+01  9.12100E-09  1.52000E-09  0.00000E+00  1.50000E+02
  4.40000E+01  1.16500E-08  1.71800E-09  0.00000E+00  1.50000E+02
  4.45000E+01  1.39300E-08  1.87900E-09  0.00000E+00  1.50000E+02
  4.50000E+01  1.06400E-08  1.64200E-09  0.00000E+00  1.50000E+02
  4.55000E+01  6.84100E-09  1.31600E-09  0.00000E+00  1.50000E+02
  4.60000E+01  8.36100E-09  1.45500E-09  0.00000E+00  1.50000E+02
  4.65000E+01  9.37500E-09  1.54100E-09  0.00000E+00  1.50000E+02
  4.70000E+01  6.08100E-09  1.24100E-09  0.00000E+00  1.50000E+02
  4.75000E+01  5.82700E-09  1.21500E-09  0.00000E+00  1.50000E+02
  4.80000E+01  6.08100E-09  1.24100E-09  0.00000E+00  1.50000E+02
  4.85000E+01  4.30700E-09  1.04400E-09  0.00000E+00  1.50000E+02
  4.90000E+01  5.06700E-09  1.13300E-09  0.00000E+00  1.50000E+02
  4.95000E+01  4.30700E-09  1.04400E-09  0.00000E+00  1.50000E+02
  5.00000E+01  3.04000E-09  8.77700E-10  0.00000E+00  1.50000E+02
  5.05000E+01  3.54700E-09  9.48000E-10  0.00000E+00  1.50000E+02
  5.10000E+01  3.29400E-09  9.13600E-10  0.00000E+00  1.50000E+02
  5.15000E+01  2.78700E-09  8.40300E-10  0.00000E+00  1.50000E+02
  5.20000E+01  1.77300E-09  6.70400E-10  0.00000E+00  1.50000E+02
  5.25000E+01  3.29400E-09  9.13600E-10  0.00000E+00  1.50000E+02
  5.30000E+01  2.53300E-09  8.01200E-10  0.00000E+00  1.50000E+02
  5.35000E+01  7.60100E-10  4.38800E-10  0.00000E+00  1.50000E+02
  5.40000E+01  2.53300E-10  2.53300E-10  0.00000E+00  1.50000E+02
  5.45000E+01  1.01300E-09  5.06700E-10  0.00000E+00  1.50000E+02
  5.50000E+01  1.01300E-09  5.06700E-10  0.00000E+00  1.50000E+02
  5.55000E+01  0.00000E+00  0.00000E+00  0.00000E+00  1.50000E+02
  5.60000E+01  1.01300E-09  5.06700E-10  0.00000E+00  1.50000E+02
  5.65000E+01  5.06700E-10  3.58300E-10  0.00000E+00  1.50000E+02
  5.70000E+01  2.53300E-10  2.53300E-10  0.00000E+00  1.50000E+02
  5.75000E+01  5.06700E-10  3.58300E-10  0.00000E+00  1.50000E+02
  5.80000E+01  0.00000E+00  0.00000E+00  0.00000E+00  1.50000E+02
  5.85000E+01  1.52000E-09  6.20600E-10  0.00000E+00  1.50000E+02
  5.90000E+01  5.06700E-10  3.58300E-10  0.00000E+00  1.50000E+02
  5.95000E+01  0.00000E+00  0.00000E+00  0.00000E+00  1.50000E+02
  6.00000E+01  0.00000E+00  0.00000E+00  0.00000E+00  1.50000E+02
  6.05000E+01  0.00000E+00  0.00000E+00  0.00000E+00  1.50000E+02
  6.10000E+01  0.00000E+00  0.00000E+00  0.00000E+00  1.50000E+02
  6.15000E+01  0.00000E+00  0.00000E+00  0.00000E+00  1.50000E+02
  6.20000E+01  0.00000E+00  0.00000E+00  0.00000E+00  1.50000E+02
  6.25000E+01  0.00000E+00  0.00000E+00  0.00000E+00  1.50000E+02
  6.30000E+01  0.00000E+00  0.00000E+00  0.00000E+00  1.50000E+02
  6.35000E+01  0.00000E+00  0.00000E+00  0.00000E+00  1.50000E+02
  6.40000E+01  0.00000E+00  0.00000E+00  0.00000E+00  1.50000E+02
  6.45000E+01  0.00000E+00  0.00000E+00  0.00000E+00  1.50000E+02
  6.50000E+01  0.00000E+00  0.00000E+00  0.00000E+00  1.50000E+02
  6.55000E+01  0.00000E+00  0.00000E+00  0.00000E+00  1.50000E+02
  6.60000E+01  0.00000E+00  0.00000E+00  0.00000E+00  1.50000E+02
  6.65000E+01  0.00000E+00  0.00000E+00  0.00000E+00  1.50000E+02
  6.70000E+01  0.00000E+00  0.00000E+00  0.00000E+00  1.50000E+02
  6.75000E+01  0.00000E+00  0.00000E+00  0.00000E+00  1.50000E+02
  6.80000E+01  0.00000E+00  0.00000E+00  0.00000E+00  1.50000E+02
  6.85000E+01  0.00000E+00  0.00000E+00  0.00000E+00  1.50000E+02
  6.90000E+01  0.00000E+00  0.00000E+00  0.00000E+00  1.50000E+02
  6.95000E+01  0.00000E+00  0.00000E+00  0.00000E+00  1.50000E+02
  7.00000E+01  0.00000E+00  0.00000E+00  0.00000E+00  1.50000E+02
# Full reference:
#M.Harada,  Y.Watanabe,  Y.Tanaka,  Y.Matsuoka,  K.Shin, S.Meigo,  H.Nakashima,  H.Takada,  T.Sasa,
# O.Iwamoto, T.Fukahori,  S.Chiba,  S.Tanaka
#Jour. Jour. of Nuclear Science and Technology Suppl. Vol.2, p.393, 2002
#Light charged-particle production in proton-induced reactions on 12C, 27Al, 58Ni, 90Zr, 197Au, and 209Bi at 42 and 68 MeV
#
