# Target Z    :  13
# Target A    :  27
# Target state:  
# Projectile  : p
# Reaction    : (p,xp)
# E-inc       :   96.000 MeV
# Quantity    : Double-differential cross section
# Frame       : C
# MF          :    6
# MT          :  203
# X4 ID       : O0227011 
# X4 code     : 13-AL-27(P,X)1-H-1,EM,DA/DE,,,EXP
# Author      : Strauch                  
# Year        : 1956
# Data points :     45
# E-out(MeV) xs(mb/MeV.sr) dxs(mb/MeV.sr) dE(MeV)      Evaluation  C/E(F)      Chi-2     Delta(mb)
  3.50300E+01  1.25800E-06  0.00000E+00  0.00000E+00  4.18001E+01
  3.84400E+01  1.17200E-06  0.00000E+00  0.00000E+00  4.18001E+01
  4.01200E+01  1.16200E-06  0.00000E+00  0.00000E+00  4.18001E+01
  4.14300E+01  1.13000E-06  5.00000E-08  0.00000E+00  4.18001E+01
  4.36400E+01  1.12600E-06  0.00000E+00  0.00000E+00  4.18001E+01
  4.49300E+01  1.25000E-06  4.00000E-08  0.00000E+00  4.18001E+01
  4.66400E+01  1.10000E-06  3.00000E-08  0.00000E+00  4.18001E+01
  4.83600E+01  1.00000E-06  4.00000E-08  0.00000E+00  4.18001E+01
  4.92600E+01  1.04000E-06  0.00000E+00  0.00000E+00  4.18001E+01
  5.10400E+01  1.07800E-06  0.00000E+00  0.00000E+00  4.18001E+01
  5.23600E+01  1.06000E-06  0.00000E+00  0.00000E+00  4.18001E+01
  5.26700E+01  1.05800E-06  0.00000E+00  0.00000E+00  4.18001E+01
  5.46100E+01  9.30000E-07  3.00000E-08  0.00000E+00  4.18001E+01
  5.59600E+01  9.91000E-07  2.80000E-08  0.00000E+00  4.18001E+01
  5.72500E+01  8.60000E-07  3.00000E-08  0.00000E+00  4.18001E+01
  5.86300E+01  8.26000E-07  0.00000E+00  0.00000E+00  4.18001E+01
  6.02800E+01  7.45000E-07  0.00000E+00  0.00000E+00  4.18001E+01
  6.11700E+01  7.61000E-07  0.00000E+00  0.00000E+00  4.18001E+01
  6.24000E+01  7.44000E-07  0.00000E+00  0.00000E+00  4.18001E+01
  6.34500E+01  7.10000E-07  0.00000E+00  0.00000E+00  4.18001E+01
  6.46900E+01  7.33000E-07  2.00000E-08  0.00000E+00  4.18001E+01
  6.59400E+01  6.70000E-07  3.00000E-08  0.00000E+00  4.18001E+01
  6.69700E+01  6.90000E-07  1.00000E-08  0.00000E+00  4.18001E+01
  6.90800E+01  6.71000E-07  0.00000E+00  0.00000E+00  4.18001E+01
  7.01300E+01  6.29000E-07  0.00000E+00  0.00000E+00  4.18001E+01
  7.11800E+01  6.03000E-07  0.00000E+00  0.00000E+00  4.18001E+01
  7.20400E+01  6.00000E-07  0.00000E+00  0.00000E+00  4.18001E+01
  7.38000E+01  5.43000E-07  0.00000E+00  0.00000E+00  4.18001E+01
  7.46900E+01  5.59000E-07  0.00000E+00  0.00000E+00  4.18001E+01
  7.52100E+01  5.00000E-07  0.00000E+00  0.00000E+00  4.18001E+01
  7.60900E+01  5.16000E-07  0.00000E+00  0.00000E+00  4.18001E+01
  7.75100E+01  5.40000E-07  0.00000E+00  0.00000E+00  4.18001E+01
  7.86500E+01  4.97000E-07  0.00000E+00  0.00000E+00  4.18001E+01
  7.97800E+01  4.71000E-07  0.00000E+00  0.00000E+00  4.18001E+01
  8.04700E+01  4.29000E-07  0.00000E+00  0.00000E+00  4.18001E+01
  8.16800E+01  3.44000E-07  1.20000E-08  0.00000E+00  4.18001E+01
  8.24100E+01  4.00000E-07  0.00000E+00  0.00000E+00  4.18001E+01
  8.35100E+01  5.10000E-07  0.00000E+00  0.00000E+00  4.18001E+01
  8.43400E+01  1.25000E-06  0.00000E+00  0.00000E+00  4.18001E+01
  8.52700E+01  1.59000E-06  5.00000E-08  0.00000E+00  4.18001E+01
  8.63100E+01  1.76000E-06  6.00000E-08  0.00000E+00  4.18001E+01
  8.73600E+01  1.30000E-06  0.00000E+00  0.00000E+00  4.18001E+01
  8.80000E+01  6.81000E-07  0.00000E+00  0.00000E+00  4.18001E+01
  8.83600E+01  2.60000E-07  0.00000E+00  0.00000E+00  4.18001E+01
  8.96900E+01  5.50000E-08  0.00000E+00  0.00000E+00  4.18001E+01
# Full reference:
#K.Strauch, F.Titus
#Jour. Physical Review Vol.104, p.191, 1956
#Inelastic Scattering of 96-MeV Protons.
