# Target Z    :  13
# Target A    :  27
# Target state:  
# Projectile  : p
# Reaction    : (p,xp)
# E-inc       :   28.800 MeV
# Quantity    : Double-differential cross section
# Frame       : L
# MF          :    6
# MT          :  203
# X4 ID       : O0292015 
# X4 code     : 13-AL-27(P,X)1-H-1,EM,DA/DE,,,EXP
# Author      : Bertrand                 
# Year        : 1969
# Data points :   1158
# E-out(MeV) xs(mb/MeV.sr) dxs(mb/MeV.sr) dE(MeV)      Evaluation  C/E(F)      Chi-2     Delta(mb)
  2.03000E+00  6.35000E-06  4.90000E-07  0.00000E+00  1.10001E+01
  2.44000E+00  8.18000E-06  5.50000E-07  0.00000E+00  1.10001E+01
  2.84000E+00  8.78000E-06  5.70000E-07  0.00000E+00  1.10001E+01
  3.24000E+00  1.11500E-05  6.40000E-07  0.00000E+00  1.10001E+01
  3.64000E+00  1.18700E-05  6.60000E-07  0.00000E+00  1.10001E+01
  4.04000E+00  1.19900E-05  6.70000E-07  0.00000E+00  1.10001E+01
  4.45000E+00  1.08000E-05  6.30000E-07  0.00000E+00  1.10001E+01
  4.85000E+00  9.34000E-06  5.90000E-07  0.00000E+00  1.10001E+01
  5.25000E+00  1.06300E-05  6.30000E-07  0.00000E+00  1.10001E+01
  5.65000E+00  1.09500E-05  6.40000E-07  0.00000E+00  1.10001E+01
  6.05000E+00  1.07900E-05  6.30000E-07  0.00000E+00  1.10001E+01
  6.45000E+00  9.91000E-06  6.10000E-07  0.00000E+00  1.10001E+01
  7.16000E+00  1.00700E-05  3.90000E-07  0.00000E+00  1.10001E+01
  8.16000E+00  9.02000E-06  3.70000E-07  0.00000E+00  1.10001E+01
  9.17000E+00  7.63000E-06  3.40000E-07  0.00000E+00  1.10001E+01
  1.01700E+01  8.87000E-06  3.60000E-07  0.00000E+00  1.10001E+01
  1.11800E+01  8.08000E-06  3.50000E-07  0.00000E+00  1.10001E+01
  1.21800E+01  7.62000E-06  3.40000E-07  0.00000E+00  1.10001E+01
  1.31900E+01  7.53000E-06  3.30000E-07  0.00000E+00  1.10001E+01
  1.41900E+01  6.95000E-06  3.20000E-07  0.00000E+00  1.10001E+01
  1.51900E+01  6.56000E-06  3.10000E-07  0.00000E+00  1.10001E+01
  1.62000E+01  6.55000E-06  3.10000E-07  0.00000E+00  1.10001E+01
  1.72000E+01  6.93000E-06  3.20000E-07  0.00000E+00  1.10001E+01
  1.82100E+01  6.35000E-06  3.10000E-07  0.00000E+00  1.10001E+01
  1.92100E+01  5.74000E-06  2.90000E-07  0.00000E+00  1.10001E+01
  2.02200E+01  5.38000E-06  2.80000E-07  0.00000E+00  1.10001E+01
  2.12200E+01  6.75000E-06  3.20000E-07  0.00000E+00  1.10001E+01
  2.22300E+01  5.12000E-06  2.80000E-07  0.00000E+00  1.10001E+01
  2.32300E+01  4.99000E-06  2.73000E-07  0.00000E+00  1.10001E+01
  2.42400E+01  4.49000E-06  2.60000E-07  0.00000E+00  1.10001E+01
  2.52400E+01  7.41000E-06  3.30000E-07  0.00000E+00  1.10001E+01
  2.62500E+01  1.96500E-05  5.40000E-07  0.00000E+00  1.10001E+01
  2.72500E+01  4.23000E-06  2.50000E-07  0.00000E+00  1.10001E+01
  2.79800E+01  1.73400E-05  7.60000E-07  0.00000E+00  1.10001E+01
  1.99000E+00  6.45000E-06  1.90000E-07  0.00000E+00  3.00000E+01
  2.39000E+00  8.00000E-06  2.10000E-07  0.00000E+00  3.00000E+01
  2.79000E+00  8.77000E-06  2.20000E-07  0.00000E+00  3.00000E+01
  3.19000E+00  9.96000E-06  2.30000E-07  0.00000E+00  3.00000E+01
  3.59000E+00  8.62000E-06  2.20000E-07  0.00000E+00  3.00000E+01
  4.00000E+00  8.09000E-06  2.10000E-07  0.00000E+00  3.00000E+01
  4.40000E+00  7.65000E-06  2.00000E-07  0.00000E+00  3.00000E+01
  4.80000E+00  7.38000E-06  2.00000E-07  0.00000E+00  3.00000E+01
  5.20000E+00  7.07000E-06  2.00000E-07  0.00000E+00  3.00000E+01
  5.61000E+00  6.02000E-06  1.80000E-07  0.00000E+00  3.00000E+01
  6.01000E+00  5.93000E-06  1.80000E-07  0.00000E+00  3.00000E+01
  6.41000E+00  5.85000E-06  1.80000E-07  0.00000E+00  3.00000E+01
  7.11000E+00  5.06000E-06  1.10000E-07  0.00000E+00  3.00000E+01
  8.12000E+00  4.29000E-06  1.00000E-07  0.00000E+00  3.00000E+01
  9.13000E+00  3.37000E-06  9.00000E-08  0.00000E+00  3.00000E+01
  1.01300E+01  3.39000E-06  9.00000E-08  0.00000E+00  3.00000E+01
  1.11400E+01  2.80000E-06  8.00000E-08  0.00000E+00  3.00000E+01
  1.21400E+01  2.63000E-06  8.00000E-08  0.00000E+00  3.00000E+01
  1.31500E+01  2.49000E-06  7.00000E-08  0.00000E+00  3.00000E+01
  1.41500E+01  2.15000E-06  7.00000E-08  0.00000E+00  3.00000E+01
  1.51600E+01  2.03000E-06  7.00000E-08  0.00000E+00  3.00000E+01
  1.61600E+01  2.20000E-06  7.00000E-08  0.00000E+00  3.00000E+01
  1.71700E+01  2.29000E-06  7.00000E-08  0.00000E+00  3.00000E+01
  1.81800E+01  2.20000E-06  7.00000E-08  0.00000E+00  3.00000E+01
  1.91800E+01  1.90000E-06  6.00000E-08  0.00000E+00  3.00000E+01
  2.01900E+01  1.94000E-06  7.00000E-08  0.00000E+00  3.00000E+01
  2.11900E+01  3.06000E-06  8.00000E-08  0.00000E+00  3.00000E+01
  2.22000E+01  1.47000E-06  6.00000E-08  0.00000E+00  3.00000E+01
  2.32000E+01  1.53600E-06  5.80000E-08  0.00000E+00  3.00000E+01
  2.42100E+01  1.55000E-06  6.00000E-08  0.00000E+00  3.00000E+01
  2.52100E+01  4.76000E-06  1.00000E-07  0.00000E+00  3.00000E+01
  2.62200E+01  4.69000E-06  1.00000E-07  0.00000E+00  3.00000E+01
  2.72300E+01  2.79000E-06  8.00000E-08  0.00000E+00  3.00000E+01
  2.78000E+01  2.10000E-06  1.80000E-07  0.00000E+00  3.00000E+01
  1.79000E+00  5.54000E-06  1.10000E-07  0.00000E+00  6.00001E+01
  2.19000E+00  6.57000E-06  1.30000E-07  0.00000E+00  6.00001E+01
  2.59000E+00  7.34000E-06  1.30000E-07  0.00000E+00  6.00001E+01
  2.99000E+00  8.33000E-06  1.40000E-07  0.00000E+00  6.00001E+01
  3.39000E+00  7.79000E-06  1.40000E-07  0.00000E+00  6.00001E+01
  3.80000E+00  7.09000E-06  1.30000E-07  0.00000E+00  6.00001E+01
  4.20000E+00  6.58000E-06  1.30000E-07  0.00000E+00  6.00001E+01
  4.60000E+00  6.07000E-06  1.20000E-07  0.00000E+00  6.00001E+01
  5.00000E+00  5.72000E-06  1.20000E-07  0.00000E+00  6.00001E+01
  5.41000E+00  5.27000E-06  1.10000E-07  0.00000E+00  6.00001E+01
  5.81000E+00  4.94000E-06  1.10000E-07  0.00000E+00  6.00001E+01
  6.21000E+00  4.41000E-06  1.00000E-07  0.00000E+00  6.00001E+01
  6.61000E+00  4.13000E-06  1.00000E-07  0.00000E+00  6.00001E+01
  7.32000E+00  3.68000E-06  6.00000E-08  0.00000E+00  6.00001E+01
  8.32000E+00  3.12000E-06  5.00000E-08  0.00000E+00  6.00001E+01
  9.33000E+00  2.23000E-06  5.00000E-08  0.00000E+00  6.00001E+01
  1.03300E+01  2.22000E-06  5.00000E-08  0.00000E+00  6.00001E+01
  1.13400E+01  1.89000E-06  4.00000E-08  0.00000E+00  6.00001E+01
  1.23500E+01  1.62000E-06  4.00000E-08  0.00000E+00  6.00001E+01
  1.33500E+01  1.39000E-06  4.00000E-08  0.00000E+00  6.00001E+01
  1.43600E+01  1.23000E-06  3.00000E-08  0.00000E+00  6.00001E+01
  1.53600E+01  1.18000E-06  3.00000E-08  0.00000E+00  6.00001E+01
  1.63700E+01  1.09000E-06  3.00000E-08  0.00000E+00  6.00001E+01
  1.73800E+01  1.27000E-06  3.00000E-08  0.00000E+00  6.00001E+01
  1.83800E+01  9.50000E-07  3.00000E-08  0.00000E+00  6.00001E+01
  1.93900E+01  1.15000E-06  3.00000E-08  0.00000E+00  6.00001E+01
  2.03900E+01  1.55000E-06  4.00000E-08  0.00000E+00  6.00001E+01
  2.14000E+01  7.80000E-07  3.00000E-08  0.00000E+00  6.00001E+01
  2.24000E+01  6.33000E-07  2.50000E-08  0.00000E+00  6.00001E+01
  2.34100E+01  8.00000E-07  3.00000E-08  0.00000E+00  6.00001E+01
  2.44200E+01  1.24000E-06  3.00000E-08  0.00000E+00  6.00001E+01
  2.54200E+01  1.32000E-06  4.00000E-08  0.00000E+00  6.00001E+01
  2.64300E+01  7.50000E-07  3.00000E-08  0.00000E+00  6.00001E+01
  2.70600E+01  6.80000E-07  5.00000E-08  0.00000E+00  6.00001E+01
  3.00000E+00  6.53000E-06  2.90000E-07  0.00000E+00  1.19999E+01
  3.40000E+00  6.87000E-06  3.00000E-07  0.00000E+00  1.19999E+01
  3.80000E+00  6.50000E-06  2.90000E-07  0.00000E+00  1.19999E+01
  4.21000E+00  6.84000E-06  3.00000E-07  0.00000E+00  1.19999E+01
  4.61000E+00  6.21000E-06  2.80000E-07  0.00000E+00  1.19999E+01
  5.01000E+00  6.74000E-06  3.00000E-07  0.00000E+00  1.19999E+01
  5.41000E+00  5.83000E-06  2.80000E-07  0.00000E+00  1.19999E+01
  5.82000E+00  6.30000E-06  2.90000E-07  0.00000E+00  1.19999E+01
  6.22000E+00  5.79000E-06  2.70000E-07  0.00000E+00  1.19999E+01
  6.62000E+00  5.69000E-06  2.70000E-07  0.00000E+00  1.19999E+01
  7.33000E+00  5.65000E-06  1.70000E-07  0.00000E+00  1.19999E+01
  8.33000E+00  5.81000E-06  1.70000E-07  0.00000E+00  1.19999E+01
  9.34000E+00  4.83000E-06  1.60000E-07  0.00000E+00  1.19999E+01
  1.03500E+01  4.48000E-06  1.50000E-07  0.00000E+00  1.19999E+01
  1.13600E+01  4.51000E-06  1.50000E-07  0.00000E+00  1.19999E+01
  1.23600E+01  4.66000E-06  1.60000E-07  0.00000E+00  1.19999E+01
  1.33700E+01  4.11000E-06  1.50000E-07  0.00000E+00  1.19999E+01
  1.43800E+01  4.21000E-06  1.50000E-07  0.00000E+00  1.19999E+01
  1.53800E+01  3.99000E-06  1.40000E-07  0.00000E+00  1.19999E+01
  1.63900E+01  3.87000E-06  1.40000E-07  0.00000E+00  1.19999E+01
  1.74000E+01  3.81000E-06  1.40000E-07  0.00000E+00  1.19999E+01
  1.84100E+01  3.83000E-06  1.40000E-07  0.00000E+00  1.19999E+01
  1.94100E+01  4.05000E-06  1.50000E-07  0.00000E+00  1.19999E+01
  2.04200E+01  3.87000E-06  1.40000E-07  0.00000E+00  1.19999E+01
  2.14300E+01  4.00000E-06  1.40000E-07  0.00000E+00  1.19999E+01
  2.24400E+01  4.12000E-06  1.50000E-07  0.00000E+00  1.19999E+01
  2.34400E+01  4.36000E-06  1.50000E-07  0.00000E+00  1.19999E+01
  2.44500E+01  4.41000E-06  1.50000E-07  0.00000E+00  1.19999E+01
  2.54600E+01  4.21000E-06  1.50000E-07  0.00000E+00  1.19999E+01
  2.64600E+01  4.78000E-06  1.60000E-07  0.00000E+00  1.19999E+01
  2.74700E+01  4.48000E-06  1.50000E-07  0.00000E+00  1.19999E+01
  2.84800E+01  4.48000E-06  1.50000E-07  0.00000E+00  1.19999E+01
  2.94900E+01  4.42000E-06  1.50000E-07  0.00000E+00  1.19999E+01
  3.04900E+01  4.45000E-06  1.50000E-07  0.00000E+00  1.19999E+01
  3.15000E+01  4.19000E-06  1.50000E-07  0.00000E+00  1.19999E+01
  3.25100E+01  4.54000E-06  1.50000E-07  0.00000E+00  1.19999E+01
  3.35100E+01  4.18000E-06  1.50000E-07  0.00000E+00  1.19999E+01
  3.45200E+01  4.69000E-06  1.60000E-07  0.00000E+00  1.19999E+01
  3.55300E+01  4.71000E-06  1.60000E-07  0.00000E+00  1.19999E+01
  3.65400E+01  4.30000E-06  1.50000E-07  0.00000E+00  1.19999E+01
  3.75400E+01  4.26000E-06  1.50000E-07  0.00000E+00  1.19999E+01
  3.85500E+01  4.36000E-06  1.50000E-07  0.00000E+00  1.19999E+01
  3.95600E+01  4.13000E-06  1.50000E-07  0.00000E+00  1.19999E+01
  4.05600E+01  5.34000E-06  1.70000E-07  0.00000E+00  1.19999E+01
  4.15700E+01  5.55000E-06  1.70000E-07  0.00000E+00  1.19999E+01
  4.25800E+01  5.07000E-06  1.60000E-07  0.00000E+00  1.19999E+01
  4.35900E+01  4.87000E-06  1.60000E-07  0.00000E+00  1.19999E+01
  4.45900E+01  4.55000E-06  1.50000E-07  0.00000E+00  1.19999E+01
  4.56000E+01  4.39000E-06  1.50000E-07  0.00000E+00  1.19999E+01
  4.66100E+01  3.51000E-06  1.40000E-07  0.00000E+00  1.19999E+01
  4.76200E+01  3.38000E-06  1.30000E-07  0.00000E+00  1.19999E+01
  4.86200E+01  3.71000E-06  1.40000E-07  0.00000E+00  1.19999E+01
  4.96300E+01  3.13000E-06  1.30000E-07  0.00000E+00  1.19999E+01
  5.06400E+01  2.91000E-06  1.20000E-07  0.00000E+00  1.19999E+01
  5.16400E+01  3.03000E-06  1.30000E-07  0.00000E+00  1.19999E+01
  5.26500E+01  2.88000E-06  1.20000E-07  0.00000E+00  1.19999E+01
  5.36600E+01  2.44000E-06  1.10000E-07  0.00000E+00  1.19999E+01
  5.46700E+01  2.09700E-06  1.05000E-07  0.00000E+00  1.19999E+01
  5.56700E+01  1.93500E-06  1.00000E-07  0.00000E+00  1.19999E+01
  5.66800E+01  1.69000E-06  9.00000E-08  0.00000E+00  1.19999E+01
  5.76900E+01  3.65000E-06  1.40000E-07  0.00000E+00  1.19999E+01
  5.86900E+01  1.01800E-05  2.30000E-07  0.00000E+00  1.19999E+01
  5.94000E+01  8.77000E-06  3.40000E-07  0.00000E+00  1.19999E+01
  2.79000E+00  5.58000E-06  3.40000E-07  0.00000E+00  1.50000E+01
  3.19000E+00  6.81000E-06  3.80000E-07  0.00000E+00  1.50000E+01
  3.60000E+00  5.93000E-06  3.50000E-07  0.00000E+00  1.50000E+01
  4.00000E+00  6.43000E-06  3.70000E-07  0.00000E+00  1.50000E+01
  4.40000E+00  6.50000E-06  3.70000E-07  0.00000E+00  1.50000E+01
  4.80000E+00  5.83000E-06  3.50000E-07  0.00000E+00  1.50000E+01
  5.21000E+00  5.96000E-06  3.50000E-07  0.00000E+00  1.50000E+01
  5.61000E+00  6.44000E-06  3.70000E-07  0.00000E+00  1.50000E+01
  6.01000E+00  5.98000E-06  3.50000E-07  0.00000E+00  1.50000E+01
  6.41000E+00  5.16000E-06  3.30000E-07  0.00000E+00  1.50000E+01
  7.12000E+00  4.77000E-06  2.00000E-07  0.00000E+00  1.50000E+01
  8.12000E+00  5.03000E-06  2.10000E-07  0.00000E+00  1.50000E+01
  9.13000E+00  3.96000E-06  1.80000E-07  0.00000E+00  1.50000E+01
  1.01400E+01  4.43000E-06  1.90000E-07  0.00000E+00  1.50000E+01
  1.11400E+01  3.81000E-06  1.80000E-07  0.00000E+00  1.50000E+01
  1.21500E+01  3.73000E-06  1.80000E-07  0.00000E+00  1.50000E+01
  1.31500E+01  3.65000E-06  1.70000E-07  0.00000E+00  1.50000E+01
  1.41600E+01  3.55000E-06  1.70000E-07  0.00000E+00  1.50000E+01
  1.51700E+01  3.37000E-06  1.70000E-07  0.00000E+00  1.50000E+01
  1.61700E+01  3.65000E-06  1.80000E-07  0.00000E+00  1.50000E+01
  1.71800E+01  3.07000E-06  1.60000E-07  0.00000E+00  1.50000E+01
  1.81800E+01  3.45000E-06  1.70000E-07  0.00000E+00  1.50000E+01
  1.91900E+01  3.64000E-06  1.70000E-07  0.00000E+00  1.50000E+01
  2.02000E+01  3.55000E-06  1.70000E-07  0.00000E+00  1.50000E+01
  2.12000E+01  3.19000E-06  1.60000E-07  0.00000E+00  1.50000E+01
  2.22100E+01  3.69000E-06  1.80000E-07  0.00000E+00  1.50000E+01
  2.32100E+01  3.54000E-06  1.70000E-07  0.00000E+00  1.50000E+01
  2.42200E+01  3.37000E-06  1.70000E-07  0.00000E+00  1.50000E+01
  2.52300E+01  3.56000E-06  1.70000E-07  0.00000E+00  1.50000E+01
  2.62300E+01  3.58000E-06  1.70000E-07  0.00000E+00  1.50000E+01
  2.72400E+01  3.66000E-06  1.80000E-07  0.00000E+00  1.50000E+01
  2.82400E+01  3.60000E-06  1.70000E-07  0.00000E+00  1.50000E+01
  2.92500E+01  3.81000E-06  1.80000E-07  0.00000E+00  1.50000E+01
  3.02600E+01  3.59000E-06  1.70000E-07  0.00000E+00  1.50000E+01
  3.12600E+01  3.51000E-06  1.70000E-07  0.00000E+00  1.50000E+01
  3.22700E+01  3.61000E-06  1.70000E-07  0.00000E+00  1.50000E+01
  3.32700E+01  3.73000E-06  1.80000E-07  0.00000E+00  1.50000E+01
  3.42800E+01  3.50000E-06  1.70000E-07  0.00000E+00  1.50000E+01
  3.52900E+01  3.69000E-06  1.80000E-07  0.00000E+00  1.50000E+01
  3.62900E+01  3.76000E-06  1.80000E-07  0.00000E+00  1.50000E+01
  3.73000E+01  3.41000E-06  1.70000E-07  0.00000E+00  1.50000E+01
  3.83000E+01  3.51000E-06  1.70000E-07  0.00000E+00  1.50000E+01
  3.93100E+01  3.90000E-06  1.80000E-07  0.00000E+00  1.50000E+01
  4.03200E+01  4.22000E-06  1.90000E-07  0.00000E+00  1.50000E+01
  4.13200E+01  5.16000E-06  2.10000E-07  0.00000E+00  1.50000E+01
  4.23300E+01  4.49000E-06  1.90000E-07  0.00000E+00  1.50000E+01
  4.33300E+01  4.05000E-06  1.80000E-07  0.00000E+00  1.50000E+01
  4.43400E+01  3.95000E-06  1.80000E-07  0.00000E+00  1.50000E+01
  4.53500E+01  3.84000E-06  1.80000E-07  0.00000E+00  1.50000E+01
  4.63500E+01  3.22000E-06  1.60000E-07  0.00000E+00  1.50000E+01
  4.73600E+01  2.46000E-06  1.40000E-07  0.00000E+00  1.50000E+01
  4.83600E+01  2.75000E-06  1.50000E-07  0.00000E+00  1.50000E+01
  4.93700E+01  2.94000E-06  1.60000E-07  0.00000E+00  1.50000E+01
  5.03800E+01  2.61000E-06  1.50000E-07  0.00000E+00  1.50000E+01
  5.13800E+01  2.91000E-06  1.60000E-07  0.00000E+00  1.50000E+01
  5.23900E+01  2.47000E-06  1.40000E-07  0.00000E+00  1.50000E+01
  5.33900E+01  2.37000E-06  1.40000E-07  0.00000E+00  1.50000E+01
  5.44000E+01  2.21500E-06  1.36000E-07  0.00000E+00  1.50000E+01
  5.54100E+01  1.63100E-06  1.17000E-07  0.00000E+00  1.50000E+01
  5.64100E+01  1.72000E-06  1.20000E-07  0.00000E+00  1.50000E+01
  5.74200E+01  1.35000E-06  1.10000E-07  0.00000E+00  1.50000E+01
  5.84200E+01  8.36100E-06  2.65000E-07  0.00000E+00  1.50000E+01
  5.94300E+01  6.18000E-06  2.30000E-07  0.00000E+00  1.50000E+01
  6.02800E+01  9.76500E-06  3.42000E-07  0.00000E+00  1.50000E+01
  2.97000E+00  6.77000E-06  1.50000E-07  0.00000E+00  2.50000E+01
  3.36000E+00  7.00000E-06  1.50000E-07  0.00000E+00  2.50000E+01
  3.76000E+00  6.94000E-06  1.50000E-07  0.00000E+00  2.50000E+01
  4.16000E+00  6.72000E-06  1.50000E-07  0.00000E+00  2.50000E+01
  4.56000E+00  6.18000E-06  1.40000E-07  0.00000E+00  2.50000E+01
  4.96000E+00  6.24000E-06  1.40000E-07  0.00000E+00  2.50000E+01
  5.36000E+00  5.52000E-06  1.30000E-07  0.00000E+00  2.50000E+01
  5.76000E+00  5.51000E-06  1.30000E-07  0.00000E+00  2.50000E+01
  6.16000E+00  5.21000E-06  1.30000E-07  0.00000E+00  2.50000E+01
  6.56000E+00  5.02000E-06  1.30000E-07  0.00000E+00  2.50000E+01
  7.25000E+00  4.71000E-06  8.00000E-08  0.00000E+00  2.50000E+01
  8.25000E+00  4.27000E-06  7.00000E-08  0.00000E+00  2.50000E+01
  9.25000E+00  3.57000E-06  7.00000E-08  0.00000E+00  2.50000E+01
  1.02400E+01  3.15000E-06  6.00000E-08  0.00000E+00  2.50000E+01
  1.12400E+01  3.17000E-06  6.00000E-08  0.00000E+00  2.50000E+01
  1.22400E+01  2.88000E-06  6.00000E-08  0.00000E+00  2.50000E+01
  1.32400E+01  2.83000E-06  6.00000E-08  0.00000E+00  2.50000E+01
  1.42300E+01  2.76000E-06  6.00000E-08  0.00000E+00  2.50000E+01
  1.52300E+01  2.57000E-06  6.00000E-08  0.00000E+00  2.50000E+01
  1.62300E+01  2.57000E-06  6.00000E-08  0.00000E+00  2.50000E+01
  1.72200E+01  2.63000E-06  6.00000E-08  0.00000E+00  2.50000E+01
  1.82200E+01  2.41000E-06  6.00000E-08  0.00000E+00  2.50000E+01
  1.92200E+01  2.45000E-06  6.00000E-08  0.00000E+00  2.50000E+01
  2.02100E+01  2.47000E-06  6.00000E-08  0.00000E+00  2.50000E+01
  2.12100E+01  2.33000E-06  5.00000E-08  0.00000E+00  2.50000E+01
  2.22100E+01  2.38000E-06  5.00000E-08  0.00000E+00  2.50000E+01
  2.32100E+01  2.34000E-06  5.00000E-08  0.00000E+00  2.50000E+01
  2.42000E+01  2.24000E-06  5.00000E-08  0.00000E+00  2.50000E+01
  2.52000E+01  2.28000E-06  5.00000E-08  0.00000E+00  2.50000E+01
  2.62000E+01  2.29000E-06  5.00000E-08  0.00000E+00  2.50000E+01
  2.71900E+01  2.27000E-06  5.00000E-08  0.00000E+00  2.50000E+01
  2.81900E+01  2.20000E-06  5.00000E-08  0.00000E+00  2.50000E+01
  2.91900E+01  2.23000E-06  5.00000E-08  0.00000E+00  2.50000E+01
  3.01800E+01  2.27000E-06  5.00000E-08  0.00000E+00  2.50000E+01
  3.11800E+01  2.21000E-06  5.00000E-08  0.00000E+00  2.50000E+01
  3.21800E+01  2.11000E-06  5.00000E-08  0.00000E+00  2.50000E+01
  3.31800E+01  2.14000E-06  5.00000E-08  0.00000E+00  2.50000E+01
  3.41700E+01  2.23000E-06  5.00000E-08  0.00000E+00  2.50000E+01
  3.51700E+01  2.31000E-06  5.00000E-08  0.00000E+00  2.50000E+01
  3.61700E+01  2.37000E-06  5.00000E-08  0.00000E+00  2.50000E+01
  3.71600E+01  2.38000E-06  5.00000E-08  0.00000E+00  2.50000E+01
  3.81600E+01  2.60000E-06  8.00000E-08  0.00000E+00  2.50000E+01
  3.91600E+01  2.64000E-06  1.20000E-07  0.00000E+00  2.50000E+01
  4.01500E+01  2.62000E-06  1.50000E-07  0.00000E+00  2.50000E+01
  4.11500E+01  2.77000E-06  1.70000E-07  0.00000E+00  2.50000E+01
  4.21500E+01  2.81000E-06  1.90000E-07  0.00000E+00  2.50000E+01
  4.31500E+01  2.67000E-06  2.10000E-07  0.00000E+00  2.50000E+01
  4.41400E+01  2.74000E-06  2.30000E-07  0.00000E+00  2.50000E+01
  4.51400E+01  2.63000E-06  2.50000E-07  0.00000E+00  2.50000E+01
  4.61400E+01  2.67000E-06  2.50000E-07  0.00000E+00  2.50000E+01
  4.71300E+01  2.29000E-06  2.50000E-07  0.00000E+00  2.50000E+01
  4.81300E+01  2.25000E-06  2.50000E-07  0.00000E+00  2.50000E+01
  4.91300E+01  2.34000E-06  2.50000E-07  0.00000E+00  2.50000E+01
  5.01200E+01  2.28000E-06  2.50000E-07  0.00000E+00  2.50000E+01
  5.11200E+01  2.25000E-06  2.50000E-07  0.00000E+00  2.50000E+01
  5.21200E+01  1.93000E-06  2.50000E-07  0.00000E+00  2.50000E+01
  5.31200E+01  2.18000E-06  2.50000E-07  0.00000E+00  2.50000E+01
  5.41100E+01  2.87000E-06  2.50000E-07  0.00000E+00  2.50000E+01
  5.51100E+01  1.87000E-06  2.50000E-07  0.00000E+00  2.50000E+01
  5.61100E+01  1.45000E-06  2.50000E-07  0.00000E+00  2.50000E+01
  5.71000E+01  1.30000E-06  2.50000E-07  0.00000E+00  2.50000E+01
  5.81000E+01  3.95000E-06  2.50000E-07  0.00000E+00  2.50000E+01
  5.91000E+01  4.96000E-06  2.50000E-07  0.00000E+00  2.50000E+01
  6.00900E+01  1.64000E-06  2.50000E-07  0.00000E+00  2.50000E+01
  6.07700E+01  3.50000E-06  2.50000E-07  0.00000E+00  2.50000E+01
  3.71000E+00  5.75000E-06  6.00000E-08  0.00000E+00  3.00000E+01
  4.11000E+00  6.30000E-06  7.00000E-08  0.00000E+00  3.00000E+01
  4.51000E+00  5.85000E-06  7.00000E-08  0.00000E+00  3.00000E+01
  4.90000E+00  5.67000E-06  6.00000E-08  0.00000E+00  3.00000E+01
  5.30000E+00  5.33000E-06  6.00000E-08  0.00000E+00  3.00000E+01
  5.70000E+00  5.01000E-06  6.00000E-08  0.00000E+00  3.00000E+01
  6.10000E+00  4.78000E-06  6.00000E-08  0.00000E+00  3.00000E+01
  6.50000E+00  4.48000E-06  6.00000E-08  0.00000E+00  3.00000E+01
  7.19000E+00  4.05000E-06  3.00000E-08  0.00000E+00  3.00000E+01
  8.19000E+00  3.70000E-06  3.00000E-08  0.00000E+00  3.00000E+01
  9.19000E+00  3.43000E-06  3.00000E-08  0.00000E+00  3.00000E+01
  1.01800E+01  2.79000E-06  3.00000E-08  0.00000E+00  3.00000E+01
  1.11800E+01  2.31000E-06  3.00000E-08  0.00000E+00  3.00000E+01
  1.21700E+01  2.20000E-06  3.00000E-08  0.00000E+00  3.00000E+01
  1.31700E+01  2.04000E-06  2.00000E-08  0.00000E+00  3.00000E+01
  1.41700E+01  1.92000E-06  2.00000E-08  0.00000E+00  3.00000E+01
  1.51600E+01  1.89000E-06  2.00000E-08  0.00000E+00  3.00000E+01
  1.61600E+01  1.86000E-06  2.00000E-08  0.00000E+00  3.00000E+01
  1.71500E+01  1.83000E-06  2.00000E-08  0.00000E+00  3.00000E+01
  1.81500E+01  1.86000E-06  2.00000E-08  0.00000E+00  3.00000E+01
  1.91400E+01  1.84000E-06  2.00000E-08  0.00000E+00  3.00000E+01
  2.01400E+01  1.82000E-06  2.00000E-08  0.00000E+00  3.00000E+01
  2.11400E+01  1.83000E-06  2.00000E-08  0.00000E+00  3.00000E+01
  2.21300E+01  1.87000E-06  2.00000E-08  0.00000E+00  3.00000E+01
  2.31300E+01  1.88000E-06  2.00000E-08  0.00000E+00  3.00000E+01
  2.41200E+01  1.85000E-06  2.00000E-08  0.00000E+00  3.00000E+01
  2.51200E+01  1.86000E-06  2.00000E-08  0.00000E+00  3.00000E+01
  2.61100E+01  1.90000E-06  2.00000E-08  0.00000E+00  3.00000E+01
  2.71100E+01  1.87000E-06  2.00000E-08  0.00000E+00  3.00000E+01
  2.81100E+01  1.89000E-06  2.00000E-08  0.00000E+00  3.00000E+01
  2.91000E+01  1.89000E-06  2.00000E-08  0.00000E+00  3.00000E+01
  3.01000E+01  1.91000E-06  2.00000E-08  0.00000E+00  3.00000E+01
  3.10900E+01  1.86000E-06  2.00000E-08  0.00000E+00  3.00000E+01
  3.20900E+01  1.89000E-06  2.00000E-08  0.00000E+00  3.00000E+01
  3.30900E+01  1.96000E-06  2.00000E-08  0.00000E+00  3.00000E+01
  3.40800E+01  2.00000E-06  2.00000E-08  0.00000E+00  3.00000E+01
  3.50800E+01  2.00000E-06  2.00000E-08  0.00000E+00  3.00000E+01
  3.60700E+01  2.06000E-06  2.00000E-08  0.00000E+00  3.00000E+01
  3.70700E+01  2.11000E-06  2.00000E-08  0.00000E+00  3.00000E+01
  3.80600E+01  2.19000E-06  3.00000E-08  0.00000E+00  3.00000E+01
  3.90600E+01  2.23000E-06  3.00000E-08  0.00000E+00  3.00000E+01
  4.00600E+01  2.21000E-06  3.00000E-08  0.00000E+00  3.00000E+01
  4.10500E+01  2.27000E-06  3.00000E-08  0.00000E+00  3.00000E+01
  4.20500E+01  2.20000E-06  3.00000E-08  0.00000E+00  3.00000E+01
  4.30400E+01  2.19000E-06  3.00000E-08  0.00000E+00  3.00000E+01
  4.40400E+01  2.13000E-06  3.00000E-08  0.00000E+00  3.00000E+01
  4.50400E+01  2.16000E-06  3.00000E-08  0.00000E+00  3.00000E+01
  4.60300E+01  1.76000E-06  2.00000E-08  0.00000E+00  3.00000E+01
  4.70300E+01  1.83000E-06  2.00000E-08  0.00000E+00  3.00000E+01
  4.80200E+01  2.01000E-06  2.00000E-08  0.00000E+00  3.00000E+01
  4.90200E+01  2.03000E-06  2.00000E-08  0.00000E+00  3.00000E+01
  5.00100E+01  1.82000E-06  2.00000E-08  0.00000E+00  3.00000E+01
  5.10100E+01  1.66000E-06  2.00000E-08  0.00000E+00  3.00000E+01
  5.20100E+01  1.99000E-06  2.00000E-08  0.00000E+00  3.00000E+01
  5.30000E+01  3.11000E-06  3.00000E-08  0.00000E+00  3.00000E+01
  5.40000E+01  1.49000E-06  2.00000E-08  0.00000E+00  3.00000E+01
  5.49900E+01  1.27000E-06  2.00000E-08  0.00000E+00  3.00000E+01
  5.59900E+01  1.05800E-06  1.80000E-08  0.00000E+00  3.00000E+01
  5.69800E+01  3.62900E-06  3.30000E-08  0.00000E+00  3.00000E+01
  5.79800E+01  3.54000E-06  3.00000E-08  0.00000E+00  3.00000E+01
  5.89800E+01  2.06000E-06  2.00000E-08  0.00000E+00  3.00000E+01
  5.95500E+01  2.21500E-06  6.60000E-08  0.00000E+00  3.00000E+01
  3.26000E+00  6.47000E-06  9.00000E-08  0.00000E+00  3.50000E+01
  3.66000E+00  5.70000E-06  9.00000E-08  0.00000E+00  3.50000E+01
  4.07000E+00  5.57000E-06  9.00000E-08  0.00000E+00  3.50000E+01
  4.47000E+00  5.23000E-06  8.00000E-08  0.00000E+00  3.50000E+01
  4.88000E+00  5.07000E-06  8.00000E-08  0.00000E+00  3.50000E+01
  5.28000E+00  4.74000E-06  8.00000E-08  0.00000E+00  3.50000E+01
  5.68000E+00  4.47000E-06  8.00000E-08  0.00000E+00  3.50000E+01
  6.09000E+00  4.34000E-06  8.00000E-08  0.00000E+00  3.50000E+01
  6.49000E+00  3.85000E-06  7.00000E-08  0.00000E+00  3.50000E+01
  7.20000E+00  3.56000E-06  4.00000E-08  0.00000E+00  3.50000E+01
  8.21000E+00  3.50000E-06  4.00000E-08  0.00000E+00  3.50000E+01
  9.22000E+00  2.22000E-06  3.00000E-08  0.00000E+00  3.50000E+01
  1.02300E+01  2.43000E-06  4.00000E-08  0.00000E+00  3.50000E+01
  1.12400E+01  2.13000E-06  3.00000E-08  0.00000E+00  3.50000E+01
  1.22500E+01  2.00000E-06  3.00000E-08  0.00000E+00  3.50000E+01
  1.32600E+01  1.89000E-06  3.00000E-08  0.00000E+00  3.50000E+01
  1.42800E+01  1.83000E-06  3.00000E-08  0.00000E+00  3.50000E+01
  1.52900E+01  1.78000E-06  3.00000E-08  0.00000E+00  3.50000E+01
  1.63000E+01  1.69000E-06  3.00000E-08  0.00000E+00  3.50000E+01
  1.73100E+01  1.65000E-06  3.00000E-08  0.00000E+00  3.50000E+01
  1.83200E+01  1.71000E-06  3.00000E-08  0.00000E+00  3.50000E+01
  1.93300E+01  1.69000E-06  3.00000E-08  0.00000E+00  3.50000E+01
  2.03400E+01  1.64000E-06  3.00000E-08  0.00000E+00  3.50000E+01
  2.13500E+01  1.73000E-06  3.00000E-08  0.00000E+00  3.50000E+01
  2.23600E+01  1.63000E-06  3.00000E-08  0.00000E+00  3.50000E+01
  2.33700E+01  1.68000E-06  3.00000E-08  0.00000E+00  3.50000E+01
  2.43800E+01  1.67000E-06  3.00000E-08  0.00000E+00  3.50000E+01
  2.53900E+01  1.71000E-06  3.00000E-08  0.00000E+00  3.50000E+01
  2.64000E+01  1.67000E-06  3.00000E-08  0.00000E+00  3.50000E+01
  2.74100E+01  1.64000E-06  3.00000E-08  0.00000E+00  3.50000E+01
  2.84200E+01  1.67000E-06  3.00000E-08  0.00000E+00  3.50000E+01
  2.94400E+01  1.72000E-06  3.00000E-08  0.00000E+00  3.50000E+01
  3.04500E+01  1.70000E-06  3.00000E-08  0.00000E+00  3.50000E+01
  3.14600E+01  1.70000E-06  3.00000E-08  0.00000E+00  3.50000E+01
  3.24700E+01  1.70000E-06  3.00000E-08  0.00000E+00  3.50000E+01
  3.34800E+01  1.69000E-06  3.00000E-08  0.00000E+00  3.50000E+01
  3.44900E+01  1.64000E-06  3.00000E-08  0.00000E+00  3.50000E+01
  3.55000E+01  1.73000E-06  3.00000E-08  0.00000E+00  3.50000E+01
  3.65100E+01  1.71000E-06  3.00000E-08  0.00000E+00  3.50000E+01
  3.75200E+01  1.76000E-06  3.00000E-08  0.00000E+00  3.50000E+01
  3.85300E+01  1.88000E-06  3.00000E-08  0.00000E+00  3.50000E+01
  3.95400E+01  1.89000E-06  3.00000E-08  0.00000E+00  3.50000E+01
  4.05500E+01  1.78000E-06  3.00000E-08  0.00000E+00  3.50000E+01
  4.15600E+01  1.78000E-06  3.00000E-08  0.00000E+00  3.50000E+01
  4.25700E+01  1.71000E-06  3.00000E-08  0.00000E+00  3.50000E+01
  4.35800E+01  1.77000E-06  3.00000E-08  0.00000E+00  3.50000E+01
  4.46000E+01  1.66000E-06  3.00000E-08  0.00000E+00  3.50000E+01
  4.56100E+01  1.68000E-06  3.00000E-08  0.00000E+00  3.50000E+01
  4.66200E+01  1.52000E-06  3.00000E-08  0.00000E+00  3.50000E+01
  4.76300E+01  1.56000E-06  3.00000E-08  0.00000E+00  3.50000E+01
  4.86400E+01  1.51000E-06  3.00000E-08  0.00000E+00  3.50000E+01
  4.96500E+01  1.57000E-06  3.00000E-08  0.00000E+00  3.50000E+01
  5.06600E+01  1.61000E-06  3.00000E-08  0.00000E+00  3.50000E+01
  5.16700E+01  1.28000E-06  3.00000E-08  0.00000E+00  3.50000E+01
  5.26800E+01  1.62000E-06  3.00000E-08  0.00000E+00  3.50000E+01
  5.36900E+01  2.45000E-06  4.00000E-08  0.00000E+00  3.50000E+01
  5.47000E+01  1.26000E-06  3.00000E-08  0.00000E+00  3.50000E+01
  5.57100E+01  7.91000E-07  2.10000E-08  0.00000E+00  3.50000E+01
  5.67200E+01  1.06500E-06  2.40000E-08  0.00000E+00  3.50000E+01
  5.77300E+01  1.62000E-06  3.00000E-08  0.00000E+00  3.50000E+01
  5.87400E+01  1.57000E-06  3.00000E-08  0.00000E+00  3.50000E+01
  5.97600E+01  9.80000E-07  2.30000E-08  0.00000E+00  3.50000E+01
  6.03900E+01  1.21000E-06  5.00000E-08  0.00000E+00  3.50000E+01
  3.36000E+00  7.01000E-06  9.00000E-08  0.00000E+00  4.00000E+01
  3.76000E+00  6.37000E-06  8.00000E-08  0.00000E+00  4.00000E+01
  4.16000E+00  5.98000E-06  8.00000E-08  0.00000E+00  4.00000E+01
  4.56000E+00  5.55000E-06  8.00000E-08  0.00000E+00  4.00000E+01
  4.96000E+00  5.41000E-06  8.00000E-08  0.00000E+00  4.00000E+01
  5.36000E+00  5.16000E-06  8.00000E-08  0.00000E+00  4.00000E+01
  5.75000E+00  4.65000E-06  7.00000E-08  0.00000E+00  4.00000E+01
  6.15000E+00  4.38000E-06  7.00000E-08  0.00000E+00  4.00000E+01
  6.55000E+00  4.33000E-06  7.00000E-08  0.00000E+00  4.00000E+01
  7.25000E+00  3.95000E-06  4.00000E-08  0.00000E+00  4.00000E+01
  8.25000E+00  3.58000E-06  4.00000E-08  0.00000E+00  4.00000E+01
  9.24000E+00  2.78000E-06  4.00000E-08  0.00000E+00  4.00000E+01
  1.02400E+01  2.35000E-06  3.00000E-08  0.00000E+00  4.00000E+01
  1.12300E+01  2.24000E-06  3.00000E-08  0.00000E+00  4.00000E+01
  1.22300E+01  2.07000E-06  3.00000E-08  0.00000E+00  4.00000E+01
  1.32300E+01  1.92000E-06  3.00000E-08  0.00000E+00  4.00000E+01
  1.42200E+01  1.88000E-06  3.00000E-08  0.00000E+00  4.00000E+01
  1.52200E+01  1.79000E-06  3.00000E-08  0.00000E+00  4.00000E+01
  1.62200E+01  1.63000E-06  3.00000E-08  0.00000E+00  4.00000E+01
  1.72100E+01  1.73000E-06  3.00000E-08  0.00000E+00  4.00000E+01
  1.82100E+01  1.67000E-06  3.00000E-08  0.00000E+00  4.00000E+01
  1.92100E+01  1.66200E-06  2.70000E-08  0.00000E+00  4.00000E+01
  2.02000E+01  1.61600E-06  2.70000E-08  0.00000E+00  4.00000E+01
  2.12000E+01  1.56000E-06  3.00000E-08  0.00000E+00  4.00000E+01
  2.21900E+01  1.64700E-06  2.70000E-08  0.00000E+00  4.00000E+01
  2.31900E+01  1.54400E-06  2.60000E-08  0.00000E+00  4.00000E+01
  2.41900E+01  1.53700E-06  2.60000E-08  0.00000E+00  4.00000E+01
  2.51800E+01  1.57300E-06  2.60000E-08  0.00000E+00  4.00000E+01
  2.61800E+01  1.47300E-06  2.60000E-08  0.00000E+00  4.00000E+01
  2.71800E+01  1.47800E-06  2.60000E-08  0.00000E+00  4.00000E+01
  2.81700E+01  1.50700E-06  2.60000E-08  0.00000E+00  4.00000E+01
  2.91700E+01  1.52600E-06  2.60000E-08  0.00000E+00  4.00000E+01
  3.01700E+01  1.47600E-06  2.60000E-08  0.00000E+00  4.00000E+01
  3.11600E+01  1.50900E-06  2.60000E-08  0.00000E+00  4.00000E+01
  3.21600E+01  1.45300E-06  2.50000E-08  0.00000E+00  4.00000E+01
  3.31600E+01  1.48000E-06  2.60000E-08  0.00000E+00  4.00000E+01
  3.41500E+01  1.46800E-06  2.50000E-08  0.00000E+00  4.00000E+01
  3.51500E+01  1.46400E-06  2.50000E-08  0.00000E+00  4.00000E+01
  3.61400E+01  1.47700E-06  2.60000E-08  0.00000E+00  4.00000E+01
  3.71400E+01  1.44100E-06  2.50000E-08  0.00000E+00  4.00000E+01
  3.81400E+01  1.51000E-06  2.60000E-08  0.00000E+00  4.00000E+01
  3.91300E+01  1.53200E-06  2.60000E-08  0.00000E+00  4.00000E+01
  4.01300E+01  1.53100E-06  2.60000E-08  0.00000E+00  4.00000E+01
  4.11300E+01  1.53500E-06  2.60000E-08  0.00000E+00  4.00000E+01
  4.21200E+01  1.47600E-06  2.60000E-08  0.00000E+00  4.00000E+01
  4.31200E+01  1.42800E-06  2.50000E-08  0.00000E+00  4.00000E+01
  4.41200E+01  1.37400E-06  2.50000E-08  0.00000E+00  4.00000E+01
  4.51100E+01  1.42000E-06  2.50000E-08  0.00000E+00  4.00000E+01
  4.61100E+01  1.33400E-06  2.40000E-08  0.00000E+00  4.00000E+01
  4.71000E+01  1.24900E-06  2.40000E-08  0.00000E+00  4.00000E+01
  4.81000E+01  1.27100E-06  2.40000E-08  0.00000E+00  4.00000E+01
  4.91000E+01  1.24700E-06  2.30000E-08  0.00000E+00  4.00000E+01
  5.00900E+01  1.30100E-06  2.40000E-08  0.00000E+00  4.00000E+01
  5.10900E+01  1.20400E-06  2.30000E-08  0.00000E+00  4.00000E+01
  5.20900E+01  1.01800E-06  2.10000E-08  0.00000E+00  4.00000E+01
  5.30800E+01  1.37300E-06  2.50000E-08  0.00000E+00  4.00000E+01
  5.40800E+01  1.48900E-06  2.60000E-08  0.00000E+00  4.00000E+01
  5.50800E+01  6.37000E-07  1.70000E-08  0.00000E+00  4.00000E+01
  5.60700E+01  9.25000E-07  2.00000E-08  0.00000E+00  4.00000E+01
  5.70700E+01  2.64000E-07  1.10000E-08  0.00000E+00  4.00000E+01
  5.80700E+01  9.31000E-07  2.00000E-08  0.00000E+00  4.00000E+01
  5.90600E+01  5.01000E-07  1.50000E-08  0.00000E+00  4.00000E+01
  5.98800E+01  5.84000E-07  2.00000E-08  0.00000E+00  4.00000E+01
  3.62000E+00  5.82000E-06  6.00000E-08  0.00000E+00  4.50001E+01
  4.02000E+00  6.13000E-06  6.00000E-08  0.00000E+00  4.50001E+01
  4.42000E+00  5.91000E-06  6.00000E-08  0.00000E+00  4.50001E+01
  4.82000E+00  5.45000E-06  6.00000E-08  0.00000E+00  4.50001E+01
  5.22000E+00  5.46000E-06  6.00000E-08  0.00000E+00  4.50001E+01
  5.62000E+00  4.81000E-06  6.00000E-08  0.00000E+00  4.50001E+01
  6.02000E+00  4.55000E-06  5.00000E-08  0.00000E+00  4.50001E+01
  6.41000E+00  4.28000E-06  5.00000E-08  0.00000E+00  4.50001E+01
  7.11000E+00  3.88000E-06  3.00000E-08  0.00000E+00  4.50001E+01
  8.11000E+00  3.42000E-06  3.00000E-08  0.00000E+00  4.50001E+01
  9.11000E+00  3.32000E-06  3.00000E-08  0.00000E+00  4.50001E+01
  1.01100E+01  2.56000E-06  3.00000E-08  0.00000E+00  4.50001E+01
  1.11100E+01  2.16000E-06  2.00000E-08  0.00000E+00  4.50001E+01
  1.21100E+01  1.93000E-06  2.00000E-08  0.00000E+00  4.50001E+01
  1.31000E+01  1.79000E-06  2.00000E-08  0.00000E+00  4.50001E+01
  1.41000E+01  1.65000E-06  2.00000E-08  0.00000E+00  4.50001E+01
  1.51000E+01  1.66000E-06  2.00000E-08  0.00000E+00  4.50001E+01
  1.61000E+01  1.58000E-06  2.00000E-08  0.00000E+00  4.50001E+01
  1.71000E+01  1.56000E-06  2.00000E-08  0.00000E+00  4.50001E+01
  1.81000E+01  1.49000E-06  2.00000E-08  0.00000E+00  4.50001E+01
  1.90900E+01  1.51000E-06  2.00000E-08  0.00000E+00  4.50001E+01
  2.00900E+01  1.51100E-06  2.00000E-08  0.00000E+00  4.50001E+01
  2.10900E+01  1.46100E-06  1.90000E-08  0.00000E+00  4.50001E+01
  2.20900E+01  1.48000E-06  2.00000E-08  0.00000E+00  4.50001E+01
  2.30900E+01  1.46700E-06  1.90000E-08  0.00000E+00  4.50001E+01
  2.40900E+01  1.44900E-06  1.90000E-08  0.00000E+00  4.50001E+01
  2.50800E+01  1.48400E-06  1.90000E-08  0.00000E+00  4.50001E+01
  2.60800E+01  1.44400E-06  1.90000E-08  0.00000E+00  4.50001E+01
  2.70800E+01  1.40900E-06  1.90000E-08  0.00000E+00  4.50001E+01
  2.80800E+01  1.43700E-06  1.90000E-08  0.00000E+00  4.50001E+01
  2.90800E+01  1.41300E-06  1.90000E-08  0.00000E+00  4.50001E+01
  3.00800E+01  1.38400E-06  1.90000E-08  0.00000E+00  4.50001E+01
  3.10800E+01  1.33800E-06  1.80000E-08  0.00000E+00  4.50001E+01
  3.20700E+01  1.36200E-06  1.90000E-08  0.00000E+00  4.50001E+01
  3.30700E+01  1.34800E-06  1.80000E-08  0.00000E+00  4.50001E+01
  3.40700E+01  1.35600E-06  1.90000E-08  0.00000E+00  4.50001E+01
  3.50700E+01  1.30600E-06  1.80000E-08  0.00000E+00  4.50001E+01
  3.60700E+01  1.35700E-06  1.90000E-08  0.00000E+00  4.50001E+01
  3.70700E+01  1.36000E-06  1.90000E-08  0.00000E+00  4.50001E+01
  3.80600E+01  1.33800E-06  1.80000E-08  0.00000E+00  4.50001E+01
  3.90600E+01  1.35600E-06  1.90000E-08  0.00000E+00  4.50001E+01
  4.00600E+01  1.28100E-06  1.80000E-08  0.00000E+00  4.50001E+01
  4.10600E+01  1.21900E-06  1.80000E-08  0.00000E+00  4.50001E+01
  4.20600E+01  1.19500E-06  1.70000E-08  0.00000E+00  4.50001E+01
  4.30600E+01  1.16200E-06  1.70000E-08  0.00000E+00  4.50001E+01
  4.40500E+01  1.19200E-06  1.70000E-08  0.00000E+00  4.50001E+01
  4.50500E+01  1.07400E-06  1.60000E-08  0.00000E+00  4.50001E+01
  4.60500E+01  1.06400E-06  1.60000E-08  0.00000E+00  4.50001E+01
  4.70500E+01  1.02600E-06  1.60000E-08  0.00000E+00  4.50001E+01
  4.80500E+01  9.98000E-07  1.60000E-08  0.00000E+00  4.50001E+01
  4.90500E+01  1.09000E-06  1.70000E-08  0.00000E+00  4.50001E+01
  5.00400E+01  8.73000E-07  1.50000E-08  0.00000E+00  4.50001E+01
  5.10400E+01  8.70000E-07  1.50000E-08  0.00000E+00  4.50001E+01
  5.20400E+01  1.50000E-06  1.90000E-08  0.00000E+00  4.50001E+01
  5.30400E+01  6.96000E-07  1.30000E-08  0.00000E+00  4.50001E+01
  5.40400E+01  4.98000E-07  1.10000E-08  0.00000E+00  4.50001E+01
  5.50400E+01  8.43000E-07  1.50000E-08  0.00000E+00  4.50001E+01
  5.60400E+01  3.28000E-07  9.00000E-09  0.00000E+00  4.50001E+01
  5.70300E+01  1.01300E-06  1.60000E-08  0.00000E+00  4.50001E+01
  5.80300E+01  1.71000E-07  7.00000E-09  0.00000E+00  4.50001E+01
  5.87600E+01  8.77000E-07  2.20000E-08  0.00000E+00  4.50001E+01
  3.22000E+00  2.86000E-06  5.00000E-08  0.00000E+00  5.00000E+01
  3.61000E+00  5.16000E-06  7.00000E-08  0.00000E+00  5.00000E+01
  4.01000E+00  5.59000E-06  7.00000E-08  0.00000E+00  5.00000E+01
  4.41000E+00  5.28000E-06  7.00000E-08  0.00000E+00  5.00000E+01
  4.81000E+00  4.95000E-06  7.00000E-08  0.00000E+00  5.00000E+01
  5.21000E+00  4.67000E-06  7.00000E-08  0.00000E+00  5.00000E+01
  5.61000E+00  4.44000E-06  6.00000E-08  0.00000E+00  5.00000E+01
  6.01000E+00  4.01000E-06  6.00000E-08  0.00000E+00  5.00000E+01
  6.41000E+00  3.77000E-06  6.00000E-08  0.00000E+00  5.00000E+01
  7.11000E+00  3.59000E-06  4.00000E-08  0.00000E+00  5.00000E+01
  8.10000E+00  3.15000E-06  3.00000E-08  0.00000E+00  5.00000E+01
  9.10000E+00  2.59000E-06  3.00000E-08  0.00000E+00  5.00000E+01
  1.01000E+01  2.00000E-06  3.00000E-08  0.00000E+00  5.00000E+01
  1.10900E+01  1.92000E-06  3.00000E-08  0.00000E+00  5.00000E+01
  1.20900E+01  1.75000E-06  3.00000E-08  0.00000E+00  5.00000E+01
  1.30900E+01  1.59000E-06  2.00000E-08  0.00000E+00  5.00000E+01
  1.40900E+01  1.54000E-06  2.00000E-08  0.00000E+00  5.00000E+01
  1.50800E+01  1.45000E-06  2.00000E-08  0.00000E+00  5.00000E+01
  1.60800E+01  1.34000E-06  2.00000E-08  0.00000E+00  5.00000E+01
  1.70800E+01  1.35000E-06  2.00000E-08  0.00000E+00  5.00000E+01
  1.80700E+01  1.32000E-06  2.00000E-08  0.00000E+00  5.00000E+01
  1.90700E+01  1.29600E-06  2.20000E-08  0.00000E+00  5.00000E+01
  2.00700E+01  1.21600E-06  2.10000E-08  0.00000E+00  5.00000E+01
  2.10700E+01  1.21000E-06  2.00000E-08  0.00000E+00  5.00000E+01
  2.20600E+01  1.20700E-06  2.10000E-08  0.00000E+00  5.00000E+01
  2.30600E+01  1.22600E-06  2.20000E-08  0.00000E+00  5.00000E+01
  2.40600E+01  1.16000E-06  2.10000E-08  0.00000E+00  5.00000E+01
  2.50500E+01  1.17100E-06  2.10000E-08  0.00000E+00  5.00000E+01
  2.60500E+01  1.13800E-06  2.10000E-08  0.00000E+00  5.00000E+01
  2.70500E+01  1.05400E-06  2.00000E-08  0.00000E+00  5.00000E+01
  2.80500E+01  1.05900E-06  2.00000E-08  0.00000E+00  5.00000E+01
  2.90400E+01  1.02800E-06  2.00000E-08  0.00000E+00  5.00000E+01
  3.00400E+01  1.06300E-06  2.00000E-08  0.00000E+00  5.00000E+01
  3.10400E+01  1.00700E-06  2.00000E-08  0.00000E+00  5.00000E+01
  3.20400E+01  1.03200E-06  2.00000E-08  0.00000E+00  5.00000E+01
  3.30300E+01  9.99000E-07  1.90000E-08  0.00000E+00  5.00000E+01
  3.40300E+01  1.01300E-06  2.00000E-08  0.00000E+00  5.00000E+01
  3.50300E+01  9.76000E-07  1.90000E-08  0.00000E+00  5.00000E+01
  3.60200E+01  9.51000E-07  1.90000E-08  0.00000E+00  5.00000E+01
  3.70200E+01  9.17000E-07  1.90000E-08  0.00000E+00  5.00000E+01
  3.80200E+01  8.98000E-07  1.80000E-08  0.00000E+00  5.00000E+01
  3.90200E+01  9.79000E-07  1.90000E-08  0.00000E+00  5.00000E+01
  4.00100E+01  8.78000E-07  1.80000E-08  0.00000E+00  5.00000E+01
  4.10100E+01  8.98000E-07  1.80000E-08  0.00000E+00  5.00000E+01
  4.20100E+01  8.74000E-07  1.80000E-08  0.00000E+00  5.00000E+01
  4.30000E+01  8.51000E-07  1.80000E-08  0.00000E+00  5.00000E+01
  4.40000E+01  8.45000E-07  1.80000E-08  0.00000E+00  5.00000E+01
  4.50000E+01  7.91000E-07  1.70000E-08  0.00000E+00  5.00000E+01
  4.60000E+01  7.38000E-07  1.70000E-08  0.00000E+00  5.00000E+01
  4.69900E+01  7.11000E-07  1.60000E-08  0.00000E+00  5.00000E+01
  4.79900E+01  6.81000E-07  1.60000E-08  0.00000E+00  5.00000E+01
  4.89900E+01  6.46000E-07  1.60000E-08  0.00000E+00  5.00000E+01
  4.99800E+01  7.09000E-07  1.60000E-08  0.00000E+00  5.00000E+01
  5.09800E+01  5.27000E-07  1.40000E-08  0.00000E+00  5.00000E+01
  5.19900E+01  5.80000E-07  1.50000E-08  0.00000E+00  5.00000E+01
  5.29800E+01  7.41000E-07  1.70000E-08  0.00000E+00  5.00000E+01
  5.39700E+01  3.91000E-07  1.20000E-08  0.00000E+00  5.00000E+01
  5.49700E+01  3.76000E-07  1.20000E-08  0.00000E+00  5.00000E+01
  5.59700E+01  4.65000E-07  1.30000E-08  0.00000E+00  5.00000E+01
  5.69700E+01  5.39000E-07  1.40000E-08  0.00000E+00  5.00000E+01
  5.79600E+01  5.90000E-07  1.50000E-08  0.00000E+00  5.00000E+01
  5.89600E+01  2.80000E-07  1.00000E-08  0.00000E+00  5.00000E+01
  5.96300E+01  2.17000E-07  1.50000E-08  0.00000E+00  5.00000E+01
  2.07000E+00  4.04000E-06  6.00000E-08  0.00000E+00  5.50001E+01
  2.47000E+00  4.27000E-06  6.00000E-08  0.00000E+00  5.50001E+01
  2.87000E+00  4.51000E-06  7.00000E-08  0.00000E+00  5.50001E+01
  3.27000E+00  5.23000E-06  7.00000E-08  0.00000E+00  5.50001E+01
  3.67000E+00  5.56000E-06  7.00000E-08  0.00000E+00  5.50001E+01
  4.07000E+00  5.25000E-06  7.00000E-08  0.00000E+00  5.50001E+01
  4.47000E+00  4.88000E-06  7.00000E-08  0.00000E+00  5.50001E+01
  4.87000E+00  4.80000E-06  7.00000E-08  0.00000E+00  5.50001E+01
  5.27000E+00  4.54000E-06  7.00000E-08  0.00000E+00  5.50001E+01
  5.66000E+00  4.08000E-06  6.00000E-08  0.00000E+00  5.50001E+01
  6.06000E+00  3.79000E-06  6.00000E-08  0.00000E+00  5.50001E+01
  6.46000E+00  3.55000E-06  6.00000E-08  0.00000E+00  5.50001E+01
  7.16000E+00  3.35000E-06  4.00000E-08  0.00000E+00  5.50001E+01
  8.16000E+00  2.98000E-06  3.00000E-08  0.00000E+00  5.50001E+01
  9.16000E+00  2.35000E-06  3.00000E-08  0.00000E+00  5.50001E+01
  1.01600E+01  1.94000E-06  3.00000E-08  0.00000E+00  5.50001E+01
  1.11500E+01  1.73000E-06  3.00000E-08  0.00000E+00  5.50001E+01
  1.21500E+01  1.57000E-06  2.00000E-08  0.00000E+00  5.50001E+01
  1.31500E+01  1.51000E-06  2.00000E-08  0.00000E+00  5.50001E+01
  1.41500E+01  1.37000E-06  2.00000E-08  0.00000E+00  5.50001E+01
  1.51500E+01  1.29000E-06  2.00000E-08  0.00000E+00  5.50001E+01
  1.61500E+01  1.25500E-06  2.20000E-08  0.00000E+00  5.50001E+01
  1.71400E+01  1.18400E-06  2.10000E-08  0.00000E+00  5.50001E+01
  1.81400E+01  1.15000E-06  2.00000E-08  0.00000E+00  5.50001E+01
  1.91400E+01  1.10800E-06  2.00000E-08  0.00000E+00  5.50001E+01
  2.01400E+01  1.08300E-06  2.00000E-08  0.00000E+00  5.50001E+01
  2.11400E+01  1.01100E-06  1.90000E-08  0.00000E+00  5.50001E+01
  2.21400E+01  1.09100E-06  2.00000E-08  0.00000E+00  5.50001E+01
  2.31300E+01  1.02700E-06  2.00000E-08  0.00000E+00  5.50001E+01
  2.41300E+01  9.96000E-07  1.90000E-08  0.00000E+00  5.50001E+01
  2.51300E+01  9.31000E-07  1.90000E-08  0.00000E+00  5.50001E+01
  2.61300E+01  9.66000E-07  1.90000E-08  0.00000E+00  5.50001E+01
  2.71300E+01  9.27000E-07  1.90000E-08  0.00000E+00  5.50001E+01
  2.81200E+01  9.12000E-07  1.90000E-08  0.00000E+00  5.50001E+01
  2.91200E+01  8.67000E-07  1.80000E-08  0.00000E+00  5.50001E+01
  3.01200E+01  8.49000E-07  1.80000E-08  0.00000E+00  5.50001E+01
  3.11200E+01  8.30000E-07  1.80000E-08  0.00000E+00  5.50001E+01
  3.21200E+01  8.00000E-07  1.70000E-08  0.00000E+00  5.50001E+01
  3.31200E+01  7.99000E-07  1.70000E-08  0.00000E+00  5.50001E+01
  3.41100E+01  7.91000E-07  1.70000E-08  0.00000E+00  5.50001E+01
  3.51100E+01  7.81000E-07  1.70000E-08  0.00000E+00  5.50001E+01
  3.61100E+01  7.80000E-07  1.70000E-08  0.00000E+00  5.50001E+01
  3.71100E+01  7.36000E-07  1.70000E-08  0.00000E+00  5.50001E+01
  3.81100E+01  7.30000E-07  1.70000E-08  0.00000E+00  5.50001E+01
  3.91000E+01  7.07000E-07  1.60000E-08  0.00000E+00  5.50001E+01
  4.01000E+01  6.71000E-07  1.60000E-08  0.00000E+00  5.50001E+01
  4.11000E+01  6.76000E-07  1.60000E-08  0.00000E+00  5.50001E+01
  4.21000E+01  6.71000E-07  1.60000E-08  0.00000E+00  5.50001E+01
  4.31000E+01  6.11000E-07  1.50000E-08  0.00000E+00  5.50001E+01
  4.41000E+01  6.55000E-07  1.60000E-08  0.00000E+00  5.50001E+01
  4.50900E+01  5.52000E-07  1.40000E-08  0.00000E+00  5.50001E+01
  4.60900E+01  5.46000E-07  1.40000E-08  0.00000E+00  5.50001E+01
  4.70900E+01  5.39000E-07  1.40000E-08  0.00000E+00  5.50001E+01
  4.80900E+01  5.09000E-07  1.40000E-08  0.00000E+00  5.50001E+01
  4.90900E+01  4.69000E-07  1.30000E-08  0.00000E+00  5.50001E+01
  5.00800E+01  4.93000E-07  1.40000E-08  0.00000E+00  5.50001E+01
  5.10800E+01  4.34000E-07  1.30000E-08  0.00000E+00  5.50001E+01
  5.20800E+01  3.87000E-07  1.20000E-08  0.00000E+00  5.50001E+01
  5.30800E+01  5.22000E-07  1.40000E-08  0.00000E+00  5.50001E+01
  5.40800E+01  2.02000E-07  9.00000E-09  0.00000E+00  5.50001E+01
  5.50800E+01  4.19000E-07  1.30000E-08  0.00000E+00  5.50001E+01
  5.60700E+01  1.06000E-07  6.00000E-09  0.00000E+00  5.50001E+01
  5.70700E+01  5.09000E-07  1.40000E-08  0.00000E+00  5.50001E+01
  5.80700E+01  3.12000E-07  1.10000E-08  0.00000E+00  5.50001E+01
  5.89900E+01  2.95000E-07  1.10000E-08  0.00000E+00  5.50001E+01
  2.93000E+00  5.37000E-06  1.00000E-07  0.00000E+00  6.00001E+01
  3.34000E+00  5.72000E-06  1.00000E-07  0.00000E+00  6.00001E+01
  3.74000E+00  5.06000E-06  9.00000E-08  0.00000E+00  6.00001E+01
  4.14000E+00  4.54000E-06  9.00000E-08  0.00000E+00  6.00001E+01
  4.54000E+00  4.51000E-06  9.00000E-08  0.00000E+00  6.00001E+01
  4.94000E+00  4.10000E-06  8.00000E-08  0.00000E+00  6.00001E+01
  5.34000E+00  3.76000E-06  8.00000E-08  0.00000E+00  6.00001E+01
  5.74000E+00  3.81000E-06  8.00000E-08  0.00000E+00  6.00001E+01
  6.15000E+00  3.29000E-06  8.00000E-08  0.00000E+00  6.00001E+01
  6.55000E+00  3.02000E-06  7.00000E-08  0.00000E+00  6.00001E+01
  7.25000E+00  2.69000E-06  4.00000E-08  0.00000E+00  6.00001E+01
  8.25000E+00  2.40000E-06  4.00000E-08  0.00000E+00  6.00001E+01
  9.26000E+00  1.70000E-06  3.00000E-08  0.00000E+00  6.00001E+01
  1.02600E+01  1.69000E-06  3.00000E-08  0.00000E+00  6.00001E+01
  1.12600E+01  1.50000E-06  3.00000E-08  0.00000E+00  6.00001E+01
  1.22700E+01  1.34000E-06  3.00000E-08  0.00000E+00  6.00001E+01
  1.32700E+01  1.15000E-06  3.00000E-08  0.00000E+00  6.00001E+01
  1.42700E+01  1.13000E-06  3.00000E-08  0.00000E+00  6.00001E+01
  1.52700E+01  1.07000E-06  3.00000E-08  0.00000E+00  6.00001E+01
  1.62800E+01  1.04000E-06  3.00000E-08  0.00000E+00  6.00001E+01
  1.72800E+01  9.90000E-07  3.00000E-08  0.00000E+00  6.00001E+01
  1.82800E+01  8.99000E-07  2.50000E-08  0.00000E+00  6.00001E+01
  1.92900E+01  8.88000E-07  2.50000E-08  0.00000E+00  6.00001E+01
  2.02900E+01  9.20000E-07  3.00000E-08  0.00000E+00  6.00001E+01
  2.12900E+01  8.48000E-07  2.40000E-08  0.00000E+00  6.00001E+01
  2.23000E+01  8.17000E-07  2.40000E-08  0.00000E+00  6.00001E+01
  2.33000E+01  8.04000E-07  2.40000E-08  0.00000E+00  6.00001E+01
  2.43000E+01  7.83000E-07  2.30000E-08  0.00000E+00  6.00001E+01
  2.53100E+01  7.53000E-07  2.30000E-08  0.00000E+00  6.00001E+01
  2.63100E+01  7.42000E-07  2.30000E-08  0.00000E+00  6.00001E+01
  2.73100E+01  7.27000E-07  2.20000E-08  0.00000E+00  6.00001E+01
  2.83200E+01  7.06000E-07  2.20000E-08  0.00000E+00  6.00001E+01
  2.93200E+01  6.66000E-07  2.20000E-08  0.00000E+00  6.00001E+01
  3.03200E+01  6.30000E-07  2.10000E-08  0.00000E+00  6.00001E+01
  3.13300E+01  6.51000E-07  2.10000E-08  0.00000E+00  6.00001E+01
  3.23300E+01  6.49000E-07  2.10000E-08  0.00000E+00  6.00001E+01
  3.33300E+01  6.47000E-07  2.10000E-08  0.00000E+00  6.00001E+01
  3.43400E+01  5.89000E-07  2.00000E-08  0.00000E+00  6.00001E+01
  3.53400E+01  5.88000E-07  2.00000E-08  0.00000E+00  6.00001E+01
  3.63400E+01  5.42000E-07  1.90000E-08  0.00000E+00  6.00001E+01
  3.73500E+01  5.64000E-07  2.00000E-08  0.00000E+00  6.00001E+01
  3.83500E+01  5.43000E-07  1.90000E-08  0.00000E+00  6.00001E+01
  3.93500E+01  4.76000E-07  1.80000E-08  0.00000E+00  6.00001E+01
  4.03600E+01  5.05000E-07  1.90000E-08  0.00000E+00  6.00001E+01
  4.13600E+01  4.93000E-07  1.90000E-08  0.00000E+00  6.00001E+01
  4.23600E+01  4.68000E-07  1.80000E-08  0.00000E+00  6.00001E+01
  4.33700E+01  4.92000E-07  1.90000E-08  0.00000E+00  6.00001E+01
  4.43700E+01  4.36000E-07  1.70000E-08  0.00000E+00  6.00001E+01
  4.53700E+01  4.05000E-07  1.70000E-08  0.00000E+00  6.00001E+01
  4.63800E+01  3.65000E-07  1.60000E-08  0.00000E+00  6.00001E+01
  4.73800E+01  4.04000E-07  1.70000E-08  0.00000E+00  6.00001E+01
  4.83800E+01  3.51000E-07  1.60000E-08  0.00000E+00  6.00001E+01
  4.93900E+01  3.74000E-07  1.60000E-08  0.00000E+00  6.00001E+01
  5.03900E+01  3.48000E-07  1.60000E-08  0.00000E+00  6.00001E+01
  5.13900E+01  2.99000E-07  1.40000E-08  0.00000E+00  6.00001E+01
  5.24000E+01  4.29000E-07  1.70000E-08  0.00000E+00  6.00001E+01
  5.34000E+01  1.62000E-07  1.10000E-08  0.00000E+00  6.00001E+01
  5.44000E+01  3.22000E-07  1.50000E-08  0.00000E+00  6.00001E+01
  5.54100E+01  7.60000E-08  7.00000E-09  0.00000E+00  6.00001E+01
  5.64100E+01  3.56000E-07  1.60000E-08  0.00000E+00  6.00001E+01
  5.74100E+01  2.78000E-07  1.40000E-08  0.00000E+00  6.00001E+01
  5.83200E+01  2.17000E-07  1.40000E-08  0.00000E+00  6.00001E+01
  2.07000E+00  5.23000E-06  7.00000E-08  0.00000E+00  6.50001E+01
  2.47000E+00  5.48000E-06  7.00000E-08  0.00000E+00  6.50001E+01
  2.87000E+00  5.78000E-06  7.00000E-08  0.00000E+00  6.50001E+01
  3.27000E+00  6.30000E-06  8.00000E-08  0.00000E+00  6.50001E+01
  3.67000E+00  5.41000E-06  7.00000E-08  0.00000E+00  6.50001E+01
  4.07000E+00  5.12000E-06  7.00000E-08  0.00000E+00  6.50001E+01
  4.47000E+00  4.78000E-06  7.00000E-08  0.00000E+00  6.50001E+01
  4.87000E+00  4.41000E-06  6.00000E-08  0.00000E+00  6.50001E+01
  5.27000E+00  4.10000E-06  6.00000E-08  0.00000E+00  6.50001E+01
  5.67000E+00  3.83000E-06  6.00000E-08  0.00000E+00  6.50001E+01
  6.07000E+00  3.56000E-06  6.00000E-08  0.00000E+00  6.50001E+01
  6.47000E+00  3.37000E-06  6.00000E-08  0.00000E+00  6.50001E+01
  7.16000E+00  2.96800E-06  3.30000E-08  0.00000E+00  6.50001E+01
  8.16000E+00  2.61600E-06  3.10000E-08  0.00000E+00  6.50001E+01
  9.16000E+00  2.10300E-06  2.80000E-08  0.00000E+00  6.50001E+01
  1.01600E+01  1.70800E-06  2.50000E-08  0.00000E+00  6.50001E+01
  1.11600E+01  1.51800E-06  2.30000E-08  0.00000E+00  6.50001E+01
  1.21600E+01  1.36500E-06  2.20000E-08  0.00000E+00  6.50001E+01
  1.31600E+01  1.25600E-06  2.10000E-08  0.00000E+00  6.50001E+01
  1.41500E+01  1.14300E-06  2.00000E-08  0.00000E+00  6.50001E+01
  1.51500E+01  1.09200E-06  2.00000E-08  0.00000E+00  6.50001E+01
  1.61500E+01  9.94000E-07  1.90000E-08  0.00000E+00  6.50001E+01
  1.71500E+01  1.00200E-06  1.90000E-08  0.00000E+00  6.50001E+01
  1.81500E+01  9.32000E-07  1.80000E-08  0.00000E+00  6.50001E+01
  1.91500E+01  8.88000E-07  1.80000E-08  0.00000E+00  6.50001E+01
  2.01500E+01  8.45000E-07  1.70000E-08  0.00000E+00  6.50001E+01
  2.11400E+01  8.53000E-07  1.80000E-08  0.00000E+00  6.50001E+01
  2.21400E+01  7.59000E-07  1.70000E-08  0.00000E+00  6.50001E+01
  2.31400E+01  7.53000E-07  1.60000E-08  0.00000E+00  6.50001E+01
  2.41400E+01  7.00000E-07  1.60000E-08  0.00000E+00  6.50001E+01
  2.51400E+01  7.19000E-07  1.60000E-08  0.00000E+00  6.50001E+01
  2.61400E+01  6.64000E-07  1.50000E-08  0.00000E+00  6.50001E+01
  2.71400E+01  6.68000E-07  1.60000E-08  0.00000E+00  6.50001E+01
  2.81300E+01  6.30000E-07  1.50000E-08  0.00000E+00  6.50001E+01
  2.91300E+01  6.08000E-07  1.50000E-08  0.00000E+00  6.50001E+01
  3.01300E+01  5.64000E-07  1.40000E-08  0.00000E+00  6.50001E+01
  3.11300E+01  5.57000E-07  1.40000E-08  0.00000E+00  6.50001E+01
  3.21300E+01  5.70000E-07  1.40000E-08  0.00000E+00  6.50001E+01
  3.31300E+01  5.30000E-07  1.40000E-08  0.00000E+00  6.50001E+01
  3.41300E+01  5.21000E-07  1.40000E-08  0.00000E+00  6.50001E+01
  3.51300E+01  4.72000E-07  1.30000E-08  0.00000E+00  6.50001E+01
  3.61200E+01  4.99000E-07  1.30000E-08  0.00000E+00  6.50001E+01
  3.71200E+01  4.64000E-07  1.30000E-08  0.00000E+00  6.50001E+01
  3.81200E+01  4.72000E-07  1.30000E-08  0.00000E+00  6.50001E+01
  3.91200E+01  4.22000E-07  1.20000E-08  0.00000E+00  6.50001E+01
  4.01200E+01  4.31000E-07  1.20000E-08  0.00000E+00  6.50001E+01
  4.11200E+01  3.81000E-07  1.20000E-08  0.00000E+00  6.50001E+01
  4.21200E+01  3.93000E-07  1.20000E-08  0.00000E+00  6.50001E+01
  4.31100E+01  3.65000E-07  1.10000E-08  0.00000E+00  6.50001E+01
  4.41100E+01  3.68000E-07  1.20000E-08  0.00000E+00  6.50001E+01
  4.51100E+01  3.26000E-07  1.10000E-08  0.00000E+00  6.50001E+01
  4.61100E+01  3.20000E-07  1.10000E-08  0.00000E+00  6.50001E+01
  4.71100E+01  2.98000E-07  1.00000E-08  0.00000E+00  6.50001E+01
  4.81100E+01  2.85000E-07  1.00000E-08  0.00000E+00  6.50001E+01
  4.91100E+01  2.73000E-07  1.00000E-08  0.00000E+00  6.50001E+01
  5.01000E+01  2.32000E-07  9.00000E-09  0.00000E+00  6.50001E+01
  5.11000E+01  2.33000E-07  9.00000E-09  0.00000E+00  6.50001E+01
  5.21000E+01  2.72000E-07  1.00000E-08  0.00000E+00  6.50001E+01
  5.31000E+01  1.24000E-07  7.00000E-09  0.00000E+00  6.50001E+01
  5.41000E+01  1.59000E-07  8.00000E-09  0.00000E+00  6.50001E+01
  5.51000E+01  1.65000E-07  8.00000E-09  0.00000E+00  6.50001E+01
  5.61000E+01  1.77000E-07  8.00000E-09  0.00000E+00  6.50001E+01
  5.70900E+01  1.65000E-07  8.00000E-09  0.00000E+00  6.50001E+01
  5.80900E+01  9.20000E-08  6.00000E-09  0.00000E+00  6.50001E+01
  5.86400E+01  3.50000E-08  1.10000E-08  0.00000E+00  6.50001E+01
  3.22000E+00  6.38000E-06  7.00000E-08  0.00000E+00  7.00001E+01
  3.62000E+00  5.40000E-06  7.00000E-08  0.00000E+00  7.00001E+01
  4.02000E+00  5.07000E-06  7.00000E-08  0.00000E+00  7.00001E+01
  4.42000E+00  4.66000E-06  6.00000E-08  0.00000E+00  7.00001E+01
  4.82000E+00  4.50000E-06  6.00000E-08  0.00000E+00  7.00001E+01
  5.22000E+00  4.11000E-06  6.00000E-08  0.00000E+00  7.00001E+01
  5.61000E+00  3.79000E-06  6.00000E-08  0.00000E+00  7.00001E+01
  6.01000E+00  3.55000E-06  6.00000E-08  0.00000E+00  7.00001E+01
  6.41000E+00  3.30000E-06  5.00000E-08  0.00000E+00  7.00001E+01
  7.11000E+00  2.96000E-06  3.00000E-08  0.00000E+00  7.00001E+01
  8.11000E+00  2.58000E-06  3.00000E-08  0.00000E+00  7.00001E+01
  9.11000E+00  2.01000E-06  3.00000E-08  0.00000E+00  7.00001E+01
  1.01100E+01  1.54400E-06  2.30000E-08  0.00000E+00  7.00001E+01
  1.11000E+01  1.42600E-06  2.20000E-08  0.00000E+00  7.00001E+01
  1.21000E+01  1.27800E-06  2.10000E-08  0.00000E+00  7.00001E+01
  1.31000E+01  1.15800E-06  2.00000E-08  0.00000E+00  7.00001E+01
  1.41000E+01  1.05900E-06  1.90000E-08  0.00000E+00  7.00001E+01
  1.51000E+01  9.91000E-07  1.90000E-08  0.00000E+00  7.00001E+01
  1.61000E+01  9.20000E-07  1.80000E-08  0.00000E+00  7.00001E+01
  1.70900E+01  8.95000E-07  1.80000E-08  0.00000E+00  7.00001E+01
  1.80900E+01  8.21000E-07  1.70000E-08  0.00000E+00  7.00001E+01
  1.90900E+01  7.87000E-07  1.70000E-08  0.00000E+00  7.00001E+01
  2.00900E+01  7.37000E-07  1.60000E-08  0.00000E+00  7.00001E+01
  2.10900E+01  7.08000E-07  1.60000E-08  0.00000E+00  7.00001E+01
  2.20800E+01  7.13000E-07  1.60000E-08  0.00000E+00  7.00001E+01
  2.30800E+01  6.71000E-07  1.50000E-08  0.00000E+00  7.00001E+01
  2.40800E+01  6.35000E-07  1.50000E-08  0.00000E+00  7.00001E+01
  2.50800E+01  5.95000E-07  1.40000E-08  0.00000E+00  7.00001E+01
  2.60800E+01  5.85000E-07  1.40000E-08  0.00000E+00  7.00001E+01
  2.70800E+01  5.75000E-07  1.40000E-08  0.00000E+00  7.00001E+01
  2.80700E+01  5.25000E-07  1.40000E-08  0.00000E+00  7.00001E+01
  2.90700E+01  5.13000E-07  1.30000E-08  0.00000E+00  7.00001E+01
  3.00700E+01  4.75000E-07  1.30000E-08  0.00000E+00  7.00001E+01
  3.10700E+01  4.63000E-07  1.30000E-08  0.00000E+00  7.00001E+01
  3.20700E+01  4.54000E-07  1.30000E-08  0.00000E+00  7.00001E+01
  3.30600E+01  4.48000E-07  1.30000E-08  0.00000E+00  7.00001E+01
  3.40600E+01  4.08000E-07  1.20000E-08  0.00000E+00  7.00001E+01
  3.50600E+01  4.04000E-07  1.20000E-08  0.00000E+00  7.00001E+01
  3.60600E+01  3.75000E-07  1.10000E-08  0.00000E+00  7.00001E+01
  3.70600E+01  3.79000E-07  1.20000E-08  0.00000E+00  7.00001E+01
  3.80500E+01  3.82000E-07  1.20000E-08  0.00000E+00  7.00001E+01
  3.90500E+01  3.13000E-07  1.00000E-08  0.00000E+00  7.00001E+01
  4.00500E+01  3.28000E-07  1.10000E-08  0.00000E+00  7.00001E+01
  4.10500E+01  3.18000E-07  1.10000E-08  0.00000E+00  7.00001E+01
  4.20500E+01  2.77000E-07  1.00000E-08  0.00000E+00  7.00001E+01
  4.30500E+01  3.00000E-07  1.00000E-08  0.00000E+00  7.00001E+01
  4.40400E+01  2.71000E-07  1.00000E-08  0.00000E+00  7.00001E+01
  4.50400E+01  2.27000E-07  9.00000E-09  0.00000E+00  7.00001E+01
  4.60400E+01  2.14000E-07  9.00000E-09  0.00000E+00  7.00001E+01
  4.70400E+01  2.23000E-07  9.00000E-09  0.00000E+00  7.00001E+01
  4.80400E+01  2.05000E-07  8.00000E-09  0.00000E+00  7.00001E+01
  4.90300E+01  1.94000E-07  8.00000E-09  0.00000E+00  7.00001E+01
  5.00300E+01  1.70000E-07  8.00000E-09  0.00000E+00  7.00001E+01
  5.10300E+01  1.55000E-07  7.00000E-09  0.00000E+00  7.00001E+01
  5.20300E+01  1.92000E-07  8.00000E-09  0.00000E+00  7.00001E+01
  5.30300E+01  6.70000E-08  5.00000E-09  0.00000E+00  7.00001E+01
  5.40300E+01  1.42000E-07  7.00000E-09  0.00000E+00  7.00001E+01
  5.50200E+01  4.30000E-08  4.00000E-09  0.00000E+00  7.00001E+01
  5.60200E+01  1.20000E-07  6.00000E-09  0.00000E+00  7.00001E+01
  5.70200E+01  1.23000E-07  7.00000E-09  0.00000E+00  7.00001E+01
  5.79700E+01  7.50000E-08  5.00000E-09  0.00000E+00  7.00001E+01
  3.24000E+00  6.31000E-06  5.00000E-08  0.00000E+00  7.50001E+01
  3.65000E+00  5.55000E-06  4.00000E-08  0.00000E+00  7.50001E+01
  4.05000E+00  4.95000E-06  4.00000E-08  0.00000E+00  7.50001E+01
  4.45000E+00  4.65000E-06  4.00000E-08  0.00000E+00  7.50001E+01
  4.85000E+00  4.28000E-06  4.00000E-08  0.00000E+00  7.50001E+01
  5.25000E+00  3.98000E-06  4.00000E-08  0.00000E+00  7.50001E+01
  5.66000E+00  3.60000E-06  3.00000E-08  0.00000E+00  7.50001E+01
  6.06000E+00  3.35000E-06  3.00000E-08  0.00000E+00  7.50001E+01
  6.46000E+00  3.13000E-06  3.00000E-08  0.00000E+00  7.50001E+01
  7.17000E+00  2.75000E-06  2.00000E-08  0.00000E+00  7.50001E+01
  8.17000E+00  2.47000E-06  2.00000E-08  0.00000E+00  7.50001E+01
  9.18000E+00  1.71000E-06  1.00000E-08  0.00000E+00  7.50001E+01
  1.01800E+01  1.45200E-06  1.40000E-08  0.00000E+00  7.50001E+01
  1.11900E+01  1.24900E-06  1.30000E-08  0.00000E+00  7.50001E+01
  1.21900E+01  1.14600E-06  1.20000E-08  0.00000E+00  7.50001E+01
  1.32000E+01  1.01800E-06  1.20000E-08  0.00000E+00  7.50001E+01
  1.42000E+01  9.48000E-07  1.10000E-08  0.00000E+00  7.50001E+01
  1.52100E+01  8.62000E-07  1.10000E-08  0.00000E+00  7.50001E+01
  1.62200E+01  8.03000E-07  1.00000E-08  0.00000E+00  7.50001E+01
  1.72200E+01  7.54000E-07  1.00000E-08  0.00000E+00  7.50001E+01
  1.82300E+01  6.87000E-07  9.00000E-09  0.00000E+00  7.50001E+01
  1.92300E+01  6.87000E-07  9.00000E-09  0.00000E+00  7.50001E+01
  2.02400E+01  6.23000E-07  9.00000E-09  0.00000E+00  7.50001E+01
  2.12400E+01  6.02000E-07  9.00000E-09  0.00000E+00  7.50001E+01
  2.22500E+01  5.63000E-07  9.00000E-09  0.00000E+00  7.50001E+01
  2.32500E+01  5.49000E-07  8.00000E-09  0.00000E+00  7.50001E+01
  2.42600E+01  5.05000E-07  8.00000E-09  0.00000E+00  7.50001E+01
  2.52700E+01  4.89000E-07  8.00000E-09  0.00000E+00  7.50001E+01
  2.62700E+01  4.72000E-07  8.00000E-09  0.00000E+00  7.50001E+01
  2.72800E+01  4.39000E-07  8.00000E-09  0.00000E+00  7.50001E+01
  2.82800E+01  4.27000E-07  7.00000E-09  0.00000E+00  7.50001E+01
  2.92900E+01  4.08000E-07  7.00000E-09  0.00000E+00  7.50001E+01
  3.02900E+01  3.85000E-07  7.00000E-09  0.00000E+00  7.50001E+01
  3.13000E+01  3.71000E-07  7.00000E-09  0.00000E+00  7.50001E+01
  3.23100E+01  3.51000E-07  7.00000E-09  0.00000E+00  7.50001E+01
  3.33100E+01  3.30000E-07  7.00000E-09  0.00000E+00  7.50001E+01
  3.43200E+01  3.15000E-07  6.00000E-09  0.00000E+00  7.50001E+01
  3.53200E+01  3.11000E-07  6.00000E-09  0.00000E+00  7.50001E+01
  3.63300E+01  2.90000E-07  6.00000E-09  0.00000E+00  7.50001E+01
  3.73300E+01  2.83000E-07  6.00000E-09  0.00000E+00  7.50001E+01
  3.83400E+01  2.73000E-07  6.00000E-09  0.00000E+00  7.50001E+01
  3.93400E+01  2.52000E-07  6.00000E-09  0.00000E+00  7.50001E+01
  4.03500E+01  2.44000E-07  6.00000E-09  0.00000E+00  7.50001E+01
  4.13600E+01  2.22000E-07  5.00000E-09  0.00000E+00  7.50001E+01
  4.23600E+01  2.06000E-07  5.00000E-09  0.00000E+00  7.50001E+01
  4.33700E+01  1.96000E-07  5.00000E-09  0.00000E+00  7.50001E+01
  4.43700E+01  1.59000E-07  5.00000E-09  0.00000E+00  7.50001E+01
  4.53800E+01  1.67000E-07  5.00000E-09  0.00000E+00  7.50001E+01
  4.63800E+01  1.67000E-07  5.00000E-09  0.00000E+00  7.50001E+01
  4.73900E+01  1.38000E-07  4.00000E-09  0.00000E+00  7.50001E+01
  4.84000E+01  1.49000E-07  4.00000E-09  0.00000E+00  7.50001E+01
  4.94000E+01  1.10000E-07  4.00000E-09  0.00000E+00  7.50001E+01
  5.04100E+01  1.16000E-07  4.00000E-09  0.00000E+00  7.50001E+01
  5.14100E+01  1.25000E-07  4.00000E-09  0.00000E+00  7.50001E+01
  5.24200E+01  5.20000E-08  3.00000E-09  0.00000E+00  7.50001E+01
  5.34200E+01  7.30000E-08  3.00000E-09  0.00000E+00  7.50001E+01
  5.44300E+01  6.00000E-08  3.00000E-09  0.00000E+00  7.50001E+01
  5.54300E+01  9.60000E-08  4.00000E-09  0.00000E+00  7.50001E+01
  5.64400E+01  1.02000E-07  4.00000E-09  0.00000E+00  7.50001E+01
  5.74500E+01  6.10000E-08  3.00000E-09  0.00000E+00  7.50001E+01
  5.79700E+01  3.50000E-08  1.00000E-08  0.00000E+00  7.50001E+01
  3.25000E+00  6.17000E-06  5.00000E-08  0.00000E+00  8.20001E+01
  3.65000E+00  5.29000E-06  5.00000E-08  0.00000E+00  8.20001E+01
  4.04000E+00  4.76000E-06  5.00000E-08  0.00000E+00  8.20001E+01
  4.44000E+00  4.55000E-06  4.00000E-08  0.00000E+00  8.20001E+01
  4.84000E+00  4.18000E-06  4.00000E-08  0.00000E+00  8.20001E+01
  5.23000E+00  3.76000E-06  4.00000E-08  0.00000E+00  8.20001E+01
  5.63000E+00  3.46000E-06  4.00000E-08  0.00000E+00  8.20001E+01
  6.03000E+00  3.30000E-06  4.00000E-08  0.00000E+00  8.20001E+01
  6.43000E+00  3.10000E-06  4.00000E-08  0.00000E+00  8.20001E+01
  7.12000E+00  2.67000E-06  2.00000E-08  0.00000E+00  8.20001E+01
  8.11000E+00  2.34000E-06  2.00000E-08  0.00000E+00  8.20001E+01
  9.11000E+00  1.75000E-06  2.00000E-08  0.00000E+00  8.20001E+01
  1.01000E+01  1.35500E-06  1.50000E-08  0.00000E+00  8.20001E+01
  1.10900E+01  1.25300E-06  1.50000E-08  0.00000E+00  8.20001E+01
  1.20800E+01  1.09800E-06  1.40000E-08  0.00000E+00  8.20001E+01
  1.30700E+01  9.73000E-07  1.30000E-08  0.00000E+00  8.20001E+01
  1.40700E+01  8.79000E-07  1.20000E-08  0.00000E+00  8.20001E+01
  1.50600E+01  7.98000E-07  1.20000E-08  0.00000E+00  8.20001E+01
  1.60500E+01  7.37000E-07  1.10000E-08  0.00000E+00  8.20001E+01
  1.70400E+01  6.95000E-07  1.10000E-08  0.00000E+00  8.20001E+01
  1.80400E+01  6.22000E-07  1.00000E-08  0.00000E+00  8.20001E+01
  1.90300E+01  6.12000E-07  1.00000E-08  0.00000E+00  8.20001E+01
  2.00200E+01  5.56000E-07  1.00000E-08  0.00000E+00  8.20001E+01
  2.10100E+01  5.23000E-07  1.00000E-08  0.00000E+00  8.20001E+01
  2.20100E+01  4.93000E-07  9.00000E-09  0.00000E+00  8.20001E+01
  2.30000E+01  4.70000E-07  9.00000E-09  0.00000E+00  8.20001E+01
  2.39900E+01  4.41000E-07  9.00000E-09  0.00000E+00  8.20001E+01
  2.49800E+01  4.27000E-07  9.00000E-09  0.00000E+00  8.20001E+01
  2.59800E+01  3.81000E-07  8.00000E-09  0.00000E+00  8.20001E+01
  2.69700E+01  3.58000E-07  8.00000E-09  0.00000E+00  8.20001E+01
  2.79600E+01  3.48000E-07  8.00000E-09  0.00000E+00  8.20001E+01
  2.89500E+01  3.28000E-07  8.00000E-09  0.00000E+00  8.20001E+01
  2.99500E+01  3.01000E-07  7.00000E-09  0.00000E+00  8.20001E+01
  3.09400E+01  3.00000E-07  7.00000E-09  0.00000E+00  8.20001E+01
  3.19300E+01  2.82000E-07  7.00000E-09  0.00000E+00  8.20001E+01
  3.29200E+01  2.59000E-07  7.00000E-09  0.00000E+00  8.20001E+01
  3.39200E+01  2.55000E-07  7.00000E-09  0.00000E+00  8.20001E+01
  3.49100E+01  2.33000E-07  6.00000E-09  0.00000E+00  8.20001E+01
  3.59000E+01  2.23000E-07  6.00000E-09  0.00000E+00  8.20001E+01
  3.68900E+01  2.16000E-07  6.00000E-09  0.00000E+00  8.20001E+01
  3.78800E+01  1.91000E-07  6.00000E-09  0.00000E+00  8.20001E+01
  3.88800E+01  1.87000E-07  6.00000E-09  0.00000E+00  8.20001E+01
  3.98700E+01  1.74000E-07  6.00000E-09  0.00000E+00  8.20001E+01
  4.08600E+01  1.55000E-07  5.00000E-09  0.00000E+00  8.20001E+01
  4.18500E+01  1.51000E-07  5.00000E-09  0.00000E+00  8.20001E+01
  4.28500E+01  1.46000E-07  5.00000E-09  0.00000E+00  8.20001E+01
  4.38400E+01  1.17000E-07  5.00000E-09  0.00000E+00  8.20001E+01
  4.48300E+01  1.12000E-07  4.00000E-09  0.00000E+00  8.20001E+01
  4.58200E+01  1.05000E-07  4.00000E-09  0.00000E+00  8.20001E+01
  4.68200E+01  9.60000E-08  4.00000E-09  0.00000E+00  8.20001E+01
  4.78100E+01  8.50000E-08  4.00000E-09  0.00000E+00  8.20001E+01
  4.88000E+01  7.00000E-08  4.00000E-09  0.00000E+00  8.20001E+01
  4.97900E+01  7.40000E-08  4.00000E-09  0.00000E+00  8.20001E+01
  5.07900E+01  8.00000E-08  4.00000E-09  0.00000E+00  8.20001E+01
  5.17800E+01  4.20000E-08  3.00000E-09  0.00000E+00  8.20001E+01
  5.27700E+01  4.20000E-08  3.00000E-09  0.00000E+00  8.20001E+01
  5.37600E+01  3.80000E-08  3.00000E-09  0.00000E+00  8.20001E+01
  5.47600E+01  5.90000E-08  3.00000E-09  0.00000E+00  8.20001E+01
  5.57500E+01  8.20000E-08  4.00000E-09  0.00000E+00  8.20001E+01
  5.67400E+01  3.50000E-08  2.00000E-09  0.00000E+00  8.20001E+01
  5.73600E+01  2.40000E-08  4.00000E-09  0.00000E+00  8.20001E+01
  2.79000E+00  4.91000E-06  7.00000E-08  0.00000E+00  9.00000E+01
  3.19000E+00  5.47000E-06  7.00000E-08  0.00000E+00  9.00000E+01
  3.60000E+00  4.46000E-06  6.00000E-08  0.00000E+00  9.00000E+01
  4.00000E+00  4.16000E-06  6.00000E-08  0.00000E+00  9.00000E+01
  4.40000E+00  3.97000E-06  6.00000E-08  0.00000E+00  9.00000E+01
  4.80000E+00  3.69000E-06  6.00000E-08  0.00000E+00  9.00000E+01
  5.21000E+00  3.25000E-06  5.00000E-08  0.00000E+00  9.00000E+01
  5.61000E+00  3.02000E-06  5.00000E-08  0.00000E+00  9.00000E+01
  6.01000E+00  2.73000E-06  5.00000E-08  0.00000E+00  9.00000E+01
  6.41000E+00  2.56000E-06  5.00000E-08  0.00000E+00  9.00000E+01
  7.12000E+00  2.22000E-06  3.00000E-08  0.00000E+00  9.00000E+01
  8.13000E+00  1.89000E-06  3.00000E-08  0.00000E+00  9.00000E+01
  9.13000E+00  1.38200E-06  2.20000E-08  0.00000E+00  9.00000E+01
  1.01400E+01  1.31800E-06  2.10000E-08  0.00000E+00  9.00000E+01
  1.11400E+01  1.08700E-06  1.90000E-08  0.00000E+00  9.00000E+01
  1.21500E+01  9.08000E-07  1.80000E-08  0.00000E+00  9.00000E+01
  1.31600E+01  8.07000E-07  1.70000E-08  0.00000E+00  9.00000E+01
  1.41600E+01  7.38000E-07  1.60000E-08  0.00000E+00  9.00000E+01
  1.51700E+01  6.52000E-07  1.50000E-08  0.00000E+00  9.00000E+01
  1.61800E+01  5.98000E-07  1.40000E-08  0.00000E+00  9.00000E+01
  1.71800E+01  5.32000E-07  1.40000E-08  0.00000E+00  9.00000E+01
  1.81900E+01  4.85000E-07  1.30000E-08  0.00000E+00  9.00000E+01
  1.91900E+01  4.34000E-07  1.30000E-08  0.00000E+00  9.00000E+01
  2.02000E+01  4.21000E-07  1.20000E-08  0.00000E+00  9.00000E+01
  2.12100E+01  3.70000E-07  1.10000E-08  0.00000E+00  9.00000E+01
  2.22100E+01  3.59000E-07  1.10000E-08  0.00000E+00  9.00000E+01
  2.32200E+01  3.32000E-07  1.10000E-08  0.00000E+00  9.00000E+01
  2.42300E+01  3.28000E-07  1.10000E-08  0.00000E+00  9.00000E+01
  2.52300E+01  2.86000E-07  1.00000E-08  0.00000E+00  9.00000E+01
  2.62400E+01  2.87000E-07  1.00000E-08  0.00000E+00  9.00000E+01
  2.72400E+01  2.57000E-07  9.00000E-09  0.00000E+00  9.00000E+01
  2.82500E+01  2.35000E-07  9.00000E-09  0.00000E+00  9.00000E+01
  2.92600E+01  2.38000E-07  9.00000E-09  0.00000E+00  9.00000E+01
  3.02600E+01  2.02000E-07  8.00000E-09  0.00000E+00  9.00000E+01
  3.12700E+01  1.89000E-07  8.00000E-09  0.00000E+00  9.00000E+01
  3.22800E+01  1.84000E-07  8.00000E-09  0.00000E+00  9.00000E+01
  3.32800E+01  1.79000E-07  8.00000E-09  0.00000E+00  9.00000E+01
  3.42900E+01  1.61000E-07  7.00000E-09  0.00000E+00  9.00000E+01
  3.52900E+01  1.54000E-07  7.00000E-09  0.00000E+00  9.00000E+01
  3.63000E+01  1.38000E-07  7.00000E-09  0.00000E+00  9.00000E+01
  3.73100E+01  1.25000E-07  7.00000E-09  0.00000E+00  9.00000E+01
  3.83100E+01  1.17000E-07  6.00000E-09  0.00000E+00  9.00000E+01
  3.93200E+01  1.15000E-07  6.00000E-09  0.00000E+00  9.00000E+01
  4.03300E+01  9.50000E-08  6.00000E-09  0.00000E+00  9.00000E+01
  4.13300E+01  9.00000E-08  6.00000E-09  0.00000E+00  9.00000E+01
  4.23400E+01  8.60000E-08  5.00000E-09  0.00000E+00  9.00000E+01
  4.33400E+01  6.80000E-08  5.00000E-09  0.00000E+00  9.00000E+01
  4.43500E+01  6.10000E-08  5.00000E-09  0.00000E+00  9.00000E+01
  4.53600E+01  5.80000E-08  4.00000E-09  0.00000E+00  9.00000E+01
  4.63600E+01  5.10000E-08  4.00000E-09  0.00000E+00  9.00000E+01
  4.73700E+01  4.60000E-08  4.00000E-09  0.00000E+00  9.00000E+01
  4.83700E+01  3.60000E-08  4.00000E-09  0.00000E+00  9.00000E+01
  4.93800E+01  3.70000E-08  4.00000E-09  0.00000E+00  9.00000E+01
  5.03900E+01  3.90000E-08  4.00000E-09  0.00000E+00  9.00000E+01
  5.13900E+01  1.80000E-08  2.00000E-09  0.00000E+00  9.00000E+01
  5.24000E+01  1.80000E-08  3.00000E-09  0.00000E+00  9.00000E+01
  5.34100E+01  4.00000E-09  1.00000E-09  0.00000E+00  9.00000E+01
  5.44100E+01  5.80000E-08  4.00000E-09  0.00000E+00  9.00000E+01
  5.54200E+01  1.60000E-08  2.00000E-09  0.00000E+00  9.00000E+01
  5.62500E+01  3.40000E-08  4.00000E-09  0.00000E+00  9.00000E+01
  2.59000E+00  5.18000E-06  6.00000E-08  0.00000E+00  1.10000E+02
  2.99000E+00  5.47000E-06  6.00000E-08  0.00000E+00  1.10000E+02
  3.39000E+00  5.03000E-06  6.00000E-08  0.00000E+00  1.10000E+02
  3.80000E+00  4.45000E-06  6.00000E-08  0.00000E+00  1.10000E+02
  4.20000E+00  4.12000E-06  5.00000E-08  0.00000E+00  1.10000E+02
  4.60000E+00  3.71000E-06  5.00000E-08  0.00000E+00  1.10000E+02
  5.00000E+00  3.46000E-06  5.00000E-08  0.00000E+00  1.10000E+02
  5.41000E+00  3.09000E-06  5.00000E-08  0.00000E+00  1.10000E+02
  5.81000E+00  2.81000E-06  4.00000E-08  0.00000E+00  1.10000E+02
  6.21000E+00  2.59000E-06  4.00000E-08  0.00000E+00  1.10000E+02
  6.61000E+00  2.30000E-06  4.00000E-08  0.00000E+00  1.10000E+02
  7.32000E+00  2.00000E-06  2.00000E-08  0.00000E+00  1.10000E+02
  8.32000E+00  1.71000E-06  2.00000E-08  0.00000E+00  1.10000E+02
  9.33000E+00  1.21000E-06  2.00000E-08  0.00000E+00  1.10000E+02
  1.03300E+01  1.11000E-06  2.00000E-08  0.00000E+00  1.10000E+02
  1.13400E+01  9.30000E-07  2.00000E-08  0.00000E+00  1.10000E+02
  1.23500E+01  7.60000E-07  1.00000E-08  0.00000E+00  1.10000E+02
  1.33500E+01  6.62000E-07  1.40000E-08  0.00000E+00  1.10000E+02
  1.43600E+01  5.97000E-07  1.30000E-08  0.00000E+00  1.10000E+02
  1.53600E+01  5.02000E-07  1.20000E-08  0.00000E+00  1.10000E+02
  1.63700E+01  4.65000E-07  1.10000E-08  0.00000E+00  1.10000E+02
  1.73800E+01  4.00000E-07  1.10000E-08  0.00000E+00  1.10000E+02
  1.83800E+01  3.43000E-07  1.00000E-08  0.00000E+00  1.10000E+02
  1.93900E+01  3.32000E-07  1.00000E-08  0.00000E+00  1.10000E+02
  2.03900E+01  3.01000E-07  9.00000E-09  0.00000E+00  1.10000E+02
  2.14000E+01  2.74000E-07  9.00000E-09  0.00000E+00  1.10000E+02
  2.24100E+01  2.44000E-07  8.00000E-09  0.00000E+00  1.10000E+02
  2.34100E+01  2.14000E-07  8.00000E-09  0.00000E+00  1.10000E+02
  2.44200E+01  1.99000E-07  7.00000E-09  0.00000E+00  1.10000E+02
  2.54200E+01  1.76000E-07  7.00000E-09  0.00000E+00  1.10000E+02
  2.64300E+01  1.80000E-07  7.00000E-09  0.00000E+00  1.10000E+02
  2.74300E+01  1.63000E-07  7.00000E-09  0.00000E+00  1.10000E+02
  2.84400E+01  1.44000E-07  6.00000E-09  0.00000E+00  1.10000E+02
  2.94500E+01  1.27000E-07  6.00000E-09  0.00000E+00  1.10000E+02
  3.04500E+01  1.16000E-07  6.00000E-09  0.00000E+00  1.10000E+02
  3.14600E+01  1.01000E-07  5.00000E-09  0.00000E+00  1.10000E+02
  3.24600E+01  1.00000E-07  5.00000E-09  0.00000E+00  1.10000E+02
  3.34700E+01  9.10000E-08  5.00000E-09  0.00000E+00  1.10000E+02
  3.44800E+01  8.00000E-08  5.00000E-09  0.00000E+00  1.10000E+02
  3.54800E+01  6.70000E-08  4.00000E-09  0.00000E+00  1.10000E+02
  3.64900E+01  5.20000E-08  4.00000E-09  0.00000E+00  1.10000E+02
  3.74900E+01  5.30000E-08  4.00000E-09  0.00000E+00  1.10000E+02
  3.85000E+01  4.70000E-08  4.00000E-09  0.00000E+00  1.10000E+02
  3.95000E+01  3.90000E-08  3.00000E-09  0.00000E+00  1.10000E+02
  4.05100E+01  4.10000E-08  3.00000E-09  0.00000E+00  1.10000E+02
  4.15200E+01  3.30000E-08  3.00000E-09  0.00000E+00  1.10000E+02
  4.25200E+01  2.80000E-08  3.00000E-09  0.00000E+00  1.10000E+02
  4.35300E+01  2.50000E-08  3.00000E-09  0.00000E+00  1.10000E+02
  4.45300E+01  2.40000E-08  3.00000E-09  0.00000E+00  1.10000E+02
  4.55400E+01  1.80000E-08  2.00000E-09  0.00000E+00  1.10000E+02
  4.65500E+01  1.70000E-08  2.00000E-09  0.00000E+00  1.10000E+02
  4.75500E+01  1.20000E-08  2.00000E-09  0.00000E+00  1.10000E+02
  4.85600E+01  1.20000E-08  2.00000E-09  0.00000E+00  1.10000E+02
  4.95600E+01  7.00000E-09  1.00000E-09  0.00000E+00  1.10000E+02
  5.05700E+01  1.10000E-08  2.00000E-09  0.00000E+00  1.10000E+02
  5.15700E+01  7.00000E-09  1.00000E-09  0.00000E+00  1.10000E+02
  5.25800E+01  7.00000E-09  1.00000E-09  0.00000E+00  1.10000E+02
  5.35900E+01  9.00000E-09  2.00000E-09  0.00000E+00  1.10000E+02
  5.45900E+01  5.00000E-09  1.00000E-09  0.00000E+00  1.10000E+02
  5.51500E+01  0.00000E+00  0.00000E+00  0.00000E+00  1.10000E+02
  3.09000E+00  5.59000E-06  1.20000E-07  0.00000E+00  1.60000E+02
  3.49000E+00  5.32000E-06  1.20000E-07  0.00000E+00  1.60000E+02
  3.90000E+00  4.49000E-06  1.10000E-07  0.00000E+00  1.60000E+02
  4.31000E+00  4.24000E-06  1.10000E-07  0.00000E+00  1.60000E+02
  4.72000E+00  3.61000E-06  1.00000E-07  0.00000E+00  1.60000E+02
  5.13000E+00  3.09000E-06  9.00000E-08  0.00000E+00  1.60000E+02
  5.54000E+00  2.90000E-06  9.00000E-08  0.00000E+00  1.60000E+02
  5.94000E+00  2.65000E-06  9.00000E-08  0.00000E+00  1.60000E+02
  6.35000E+00  2.47000E-06  8.00000E-08  0.00000E+00  1.60000E+02
  6.76000E+00  2.27000E-06  8.00000E-08  0.00000E+00  1.60000E+02
  7.47000E+00  1.91000E-06  5.00000E-08  0.00000E+00  1.60000E+02
  8.49000E+00  1.61000E-06  4.00000E-08  0.00000E+00  1.60000E+02
  9.52000E+00  1.14000E-06  4.00000E-08  0.00000E+00  1.60000E+02
  1.05400E+01  9.30000E-07  3.00000E-08  0.00000E+00  1.60000E+02
  1.15600E+01  8.10000E-07  3.00000E-08  0.00000E+00  1.60000E+02
  1.25800E+01  6.70000E-07  3.00000E-08  0.00000E+00  1.60000E+02
  1.36000E+01  6.30000E-07  3.00000E-08  0.00000E+00  1.60000E+02
  1.46200E+01  5.10000E-07  2.40000E-08  0.00000E+00  1.60000E+02
  1.56400E+01  4.22000E-07  2.20000E-08  0.00000E+00  1.60000E+02
  1.66600E+01  3.87000E-07  2.10000E-08  0.00000E+00  1.60000E+02
  1.76800E+01  3.32000E-07  1.90000E-08  0.00000E+00  1.60000E+02
  1.87000E+01  2.90000E-07  1.80000E-08  0.00000E+00  1.60000E+02
  1.97200E+01  2.48000E-07  1.70000E-08  0.00000E+00  1.60000E+02
  2.07400E+01  2.29000E-07  1.60000E-08  0.00000E+00  1.60000E+02
  2.17600E+01  2.11000E-07  1.50000E-08  0.00000E+00  1.60000E+02
  2.27800E+01  1.75000E-07  1.40000E-08  0.00000E+00  1.60000E+02
  2.38000E+01  1.41000E-07  1.20000E-08  0.00000E+00  1.60000E+02
  2.48200E+01  1.26000E-07  1.20000E-08  0.00000E+00  1.60000E+02
  2.58400E+01  1.12000E-07  1.10000E-08  0.00000E+00  1.60000E+02
  2.68600E+01  9.50000E-08  1.00000E-08  0.00000E+00  1.60000E+02
  2.78800E+01  8.40000E-08  1.00000E-08  0.00000E+00  1.60000E+02
  2.89000E+01  8.60000E-08  1.00000E-08  0.00000E+00  1.60000E+02
  2.99200E+01  6.40000E-08  8.00000E-09  0.00000E+00  1.60000E+02
  3.09400E+01  5.40000E-08  8.00000E-09  0.00000E+00  1.60000E+02
  3.19600E+01  4.40000E-08  7.00000E-09  0.00000E+00  1.60000E+02
  3.29800E+01  5.00000E-08  7.00000E-09  0.00000E+00  1.60000E+02
  3.40000E+01  3.00000E-08  6.00000E-09  0.00000E+00  1.60000E+02
  3.50300E+01  1.90000E-08  5.00000E-09  0.00000E+00  1.60000E+02
  3.60500E+01  3.10000E-08  6.00000E-09  0.00000E+00  1.60000E+02
  3.70700E+01  2.40000E-08  5.00000E-09  0.00000E+00  1.60000E+02
  3.80900E+01  2.70000E-08  5.00000E-09  0.00000E+00  1.60000E+02
  3.91100E+01  2.00000E-08  5.00000E-09  0.00000E+00  1.60000E+02
  4.01300E+01  2.20000E-08  5.00000E-09  0.00000E+00  1.60000E+02
  4.11500E+01  1.30000E-08  4.00000E-09  0.00000E+00  1.60000E+02
  4.21700E+01  1.70000E-08  4.00000E-09  0.00000E+00  1.60000E+02
  4.31900E+01  1.20000E-08  4.00000E-09  0.00000E+00  1.60000E+02
  4.42100E+01  8.00000E-09  3.00000E-09  0.00000E+00  1.60000E+02
  4.52300E+01  5.00000E-09  2.00000E-09  0.00000E+00  1.60000E+02
  4.62500E+01  7.00000E-09  3.00000E-09  0.00000E+00  1.60000E+02
  4.72700E+01  6.00000E-09  3.00000E-09  0.00000E+00  1.60000E+02
  4.82900E+01  0.00000E+00  0.00000E+00  0.00000E+00  1.60000E+02
  4.93100E+01  1.00000E-09  1.00000E-09  0.00000E+00  1.60000E+02
  5.03300E+01  2.00000E-09  2.00000E-09  0.00000E+00  1.60000E+02
  5.13500E+01  0.00000E+00  0.00000E+00  0.00000E+00  1.60000E+02
  5.23700E+01  1.00000E-09  1.00000E-09  0.00000E+00  1.60000E+02
  5.33900E+01  4.00000E-09  2.00000E-09  0.00000E+00  1.60000E+02
  5.39500E+01  0.00000E+00  0.00000E+00  0.00000E+00  1.60000E+02
# Full reference:
#F.E.Bertrand, R.W.Peelle
#Rept. Oak Ridge National Lab. Reports No.4455, 1969
#Tabulated Cross Sections For Hydrogen and Helium Particles Produced by 62 MeV and 29 MeV Protons on 27-Al.
#
