# Target Z    :  13
# Target A    :  27
# Target state:  
# Projectile  : p
# Reaction    : (p,xp)
# E-inc       : 1200.000 MeV
# Quantity    : Double-differential cross section
# Frame       : L
# MF          :    6
# MT          :  203
# X4 ID       : D0733002 
# X4 code     : 13-AL-27(P,X)1-H-1,,DA/DE
# Author      : Fidelus                  
# Year        : 2014
# Data points :    653
# E-out(MeV) xs(mb/MeV.sr) dxs(mb/MeV.sr) dE(MeV)      Evaluation  C/E(F)      Chi-2     Delta(mb)
  7.00000E+00  4.25100E-06  9.00000E-08  0.00000E+00  1.56001E+01
  1.05000E+01  2.97300E-06  9.30000E-08  0.00000E+00  1.56001E+01
  1.25000E+01  1.85100E-06  4.20000E-08  0.00000E+00  1.56001E+01
  1.55000E+01  1.74500E-06  7.20000E-08  0.00000E+00  1.56001E+01
  1.80000E+01  1.80400E-06  6.00000E-08  0.00000E+00  1.56001E+01
  3.35000E+01  1.21200E-06  6.10000E-08  0.00000E+00  1.56001E+01
  3.65000E+01  1.21700E-06  6.10000E-08  0.00000E+00  1.56001E+01
  3.95000E+01  1.26300E-06  6.20000E-08  0.00000E+00  1.56001E+01
  4.25000E+01  1.31700E-06  6.30000E-08  0.00000E+00  1.56001E+01
  4.55000E+01  1.27300E-06  6.20000E-08  0.00000E+00  1.56001E+01
  4.85000E+01  1.32000E-06  6.30000E-08  0.00000E+00  1.56001E+01
  5.15000E+01  1.32100E-06  6.30000E-08  0.00000E+00  1.56001E+01
  5.45000E+01  1.29500E-06  6.30000E-08  0.00000E+00  1.56001E+01
  5.75000E+01  1.29900E-06  6.30000E-08  0.00000E+00  1.56001E+01
  6.05000E+01  1.28900E-06  6.20000E-08  0.00000E+00  1.56001E+01
  6.35000E+01  1.31000E-06  6.30000E-08  0.00000E+00  1.56001E+01
  6.65000E+01  1.22800E-06  6.10000E-08  0.00000E+00  1.56001E+01
  6.95000E+01  1.27600E-06  6.20000E-08  0.00000E+00  1.56001E+01
  7.25000E+01  1.24700E-06  6.10000E-08  0.00000E+00  1.56001E+01
  7.55000E+01  1.27300E-06  6.20000E-08  0.00000E+00  1.56001E+01
  7.85000E+01  1.28200E-06  6.20000E-08  0.00000E+00  1.56001E+01
  8.15000E+01  1.27200E-06  6.20000E-08  0.00000E+00  1.56001E+01
  8.45000E+01  1.22300E-06  6.10000E-08  0.00000E+00  1.56001E+01
  8.75000E+01  1.22700E-06  6.10000E-08  0.00000E+00  1.56001E+01
  9.05000E+01  1.17300E-06  6.00000E-08  0.00000E+00  1.56001E+01
  9.35000E+01  1.17600E-06  6.00000E-08  0.00000E+00  1.56001E+01
  9.65000E+01  1.16700E-06  5.90000E-08  0.00000E+00  1.56001E+01
  9.95000E+01  1.17100E-06  5.90000E-08  0.00000E+00  1.56001E+01
  1.02500E+02  1.13500E-06  5.90000E-08  0.00000E+00  1.56001E+01
  1.05500E+02  1.12500E-06  5.80000E-08  0.00000E+00  1.56001E+01
  1.08500E+02  1.09000E-06  5.70000E-08  0.00000E+00  1.56001E+01
  1.11500E+02  1.11900E-06  5.80000E-08  0.00000E+00  1.56001E+01
  1.14500E+02  1.10300E-06  5.80000E-08  0.00000E+00  1.56001E+01
  1.17500E+02  1.10000E-06  5.80000E-08  0.00000E+00  1.56001E+01
  1.20500E+02  1.05200E-06  5.60000E-08  0.00000E+00  1.56001E+01
  1.23500E+02  1.02800E-06  5.60000E-08  0.00000E+00  1.56001E+01
  1.26500E+02  1.00600E-06  5.50000E-08  0.00000E+00  1.56001E+01
  1.29500E+02  9.97000E-07  5.50000E-08  0.00000E+00  1.56001E+01
  1.32500E+02  9.91000E-07  5.50000E-08  0.00000E+00  1.56001E+01
  1.35500E+02  9.45000E-07  5.30000E-08  0.00000E+00  1.56001E+01
  1.38500E+02  9.29000E-07  5.30000E-08  0.00000E+00  1.56001E+01
  1.41500E+02  8.82000E-07  5.20000E-08  0.00000E+00  1.56001E+01
  1.44500E+02  8.73000E-07  5.10000E-08  0.00000E+00  1.56001E+01
  1.47500E+02  8.07000E-07  4.90000E-08  0.00000E+00  1.56001E+01
  1.50500E+02  7.86000E-07  4.90000E-08  0.00000E+00  1.56001E+01
  1.53500E+02  7.75000E-07  4.80000E-08  0.00000E+00  1.56001E+01
  1.56500E+02  7.71000E-07  4.80000E-08  0.00000E+00  1.56001E+01
  1.59500E+02  7.15000E-07  4.60000E-08  0.00000E+00  1.56001E+01
  1.62000E+02  6.51000E-07  3.60000E-08  0.00000E+00  1.56001E+01
  7.50000E+00  4.48000E-06  1.10000E-07  0.00000E+00  2.00001E+01
  1.05000E+01  2.96000E-06  8.70000E-08  0.00000E+00  2.00001E+01
  1.55000E+01  1.83400E-06  7.00000E-08  0.00000E+00  2.00001E+01
  1.75000E+01  1.78300E-06  4.00000E-08  0.00000E+00  2.00001E+01
  2.25000E+01  1.43900E-06  6.20000E-08  0.00000E+00  2.00001E+01
  2.55000E+01  1.55600E-06  6.50000E-08  0.00000E+00  2.00001E+01
  2.85000E+01  1.53900E-06  6.40000E-08  0.00000E+00  2.00001E+01
  3.15000E+01  1.54600E-06  6.40000E-08  0.00000E+00  2.00001E+01
  3.45000E+01  1.56200E-06  6.50000E-08  0.00000E+00  2.00001E+01
  3.75000E+01  1.45400E-06  6.20000E-08  0.00000E+00  2.00001E+01
  4.05000E+01  1.41300E-06  6.10000E-08  0.00000E+00  2.00001E+01
  4.35000E+01  1.45600E-06  6.20000E-08  0.00000E+00  2.00001E+01
  4.65000E+01  1.44200E-06  6.20000E-08  0.00000E+00  2.00001E+01
  4.95000E+01  1.42500E-06  6.20000E-08  0.00000E+00  2.00001E+01
  5.25000E+01  1.38500E-06  6.10000E-08  0.00000E+00  2.00001E+01
  5.55000E+01  1.38400E-06  6.10000E-08  0.00000E+00  2.00001E+01
  5.85000E+01  1.40600E-06  6.10000E-08  0.00000E+00  2.00001E+01
  6.15000E+01  1.38800E-06  6.10000E-08  0.00000E+00  2.00001E+01
  6.45000E+01  1.33900E-06  6.00000E-08  0.00000E+00  2.00001E+01
  6.75000E+01  1.32300E-06  5.90000E-08  0.00000E+00  2.00001E+01
  7.05000E+01  1.31300E-06  5.90000E-08  0.00000E+00  2.00001E+01
  7.35000E+01  1.26400E-06  5.80000E-08  0.00000E+00  2.00001E+01
  7.65000E+01  1.26100E-06  5.80000E-08  0.00000E+00  2.00001E+01
  7.95000E+01  1.18500E-06  5.60000E-08  0.00000E+00  2.00001E+01
  8.25000E+01  1.22300E-06  5.70000E-08  0.00000E+00  2.00001E+01
  8.55000E+01  1.13700E-06  5.50000E-08  0.00000E+00  2.00001E+01
  8.85000E+01  1.12800E-06  5.50000E-08  0.00000E+00  2.00001E+01
  9.15000E+01  1.13300E-06  5.50000E-08  0.00000E+00  2.00001E+01
  9.45000E+01  1.08500E-06  5.40000E-08  0.00000E+00  2.00001E+01
  9.75000E+01  1.04300E-06  5.30000E-08  0.00000E+00  2.00001E+01
  1.00500E+02  1.04600E-06  5.30000E-08  0.00000E+00  2.00001E+01
  1.03500E+02  9.93000E-07  5.20000E-08  0.00000E+00  2.00001E+01
  1.06500E+02  9.79000E-07  5.10000E-08  0.00000E+00  2.00001E+01
  1.09500E+02  9.44000E-07  5.00000E-08  0.00000E+00  2.00001E+01
  1.12500E+02  9.25000E-07  5.00000E-08  0.00000E+00  2.00001E+01
  1.15500E+02  9.06000E-07  4.90000E-08  0.00000E+00  2.00001E+01
  1.18500E+02  9.12000E-07  4.90000E-08  0.00000E+00  2.00001E+01
  1.21500E+02  8.70000E-07  4.80000E-08  0.00000E+00  2.00001E+01
  1.24500E+02  8.39000E-07  4.70000E-08  0.00000E+00  2.00001E+01
  1.27500E+02  8.07000E-07  4.60000E-08  0.00000E+00  2.00001E+01
  1.30500E+02  7.86000E-07  4.60000E-08  0.00000E+00  2.00001E+01
  1.33500E+02  7.77000E-07  4.60000E-08  0.00000E+00  2.00001E+01
  1.36500E+02  7.31000E-07  4.40000E-08  0.00000E+00  2.00001E+01
  1.39500E+02  7.30000E-07  4.40000E-08  0.00000E+00  2.00001E+01
  1.42500E+02  7.12000E-07  4.40000E-08  0.00000E+00  2.00001E+01
  1.45500E+02  6.97000E-07  4.30000E-08  0.00000E+00  2.00001E+01
  1.48500E+02  6.76000E-07  4.30000E-08  0.00000E+00  2.00001E+01
  1.51500E+02  6.62000E-07  4.20000E-08  0.00000E+00  2.00001E+01
  1.54500E+02  6.14000E-07  4.10000E-08  0.00000E+00  2.00001E+01
  1.57500E+02  6.05000E-07  4.00000E-08  0.00000E+00  2.00001E+01
  1.60500E+02  5.90000E-07  4.00000E-08  0.00000E+00  2.00001E+01
  1.62500E+02  5.14000E-07  2.10000E-08  0.00000E+00  2.00001E+01
  3.50000E+00  6.24800E-06  9.20000E-08  0.00000E+00  3.50000E+01
  5.50000E+00  5.07200E-06  4.80000E-08  0.00000E+00  3.50000E+01
  9.50000E+00  2.76200E-06  6.10000E-08  0.00000E+00  3.50000E+01
  1.25000E+01  2.40100E-06  5.70000E-08  0.00000E+00  3.50000E+01
  1.55000E+01  1.91800E-06  5.10000E-08  0.00000E+00  3.50000E+01
  1.80000E+01  1.70900E-06  3.90000E-08  0.00000E+00  3.50000E+01
  2.20000E+01  1.47100E-06  3.60000E-08  0.00000E+00  3.50000E+01
  3.50000E+00  4.36900E-06  7.30000E-08  0.00000E+00  5.00000E+01
  6.00000E+00  3.43400E-06  5.30000E-08  0.00000E+00  5.00000E+01
  9.50000E+00  2.38300E-06  5.20000E-08  0.00000E+00  5.00000E+01
  1.25000E+01  2.10300E-06  5.00000E-08  0.00000E+00  5.00000E+01
  1.55000E+01  1.77100E-06  4.60000E-08  0.00000E+00  5.00000E+01
  1.85000E+01  1.60000E-06  4.40000E-08  0.00000E+00  5.00000E+01
  2.15000E+01  1.46000E-06  4.20000E-08  0.00000E+00  5.00000E+01
  2.35000E+01  1.48400E-06  2.40000E-08  0.00000E+00  5.00000E+01
  7.50000E+00  3.82600E-06  4.10000E-08  0.00000E+00  6.50001E+01
  1.05000E+01  2.69500E-06  3.50000E-08  0.00000E+00  6.50001E+01
  1.45000E+01  1.56400E-06  2.70000E-08  0.00000E+00  6.50001E+01
  1.75000E+01  1.48400E-06  2.60000E-08  0.00000E+00  6.50001E+01
  2.35000E+01  1.09900E-06  2.30000E-08  0.00000E+00  6.50001E+01
  2.65000E+01  1.06000E-06  2.20000E-08  0.00000E+00  6.50001E+01
  2.95000E+01  1.02600E-06  2.20000E-08  0.00000E+00  6.50001E+01
  3.25000E+01  1.00900E-06  2.20000E-08  0.00000E+00  6.50001E+01
  3.55000E+01  9.57000E-07  2.10000E-08  0.00000E+00  6.50001E+01
  3.85000E+01  9.05000E-07  2.10000E-08  0.00000E+00  6.50001E+01
  4.15000E+01  9.15000E-07  2.10000E-08  0.00000E+00  6.50001E+01
  4.45000E+01  8.94000E-07  2.00000E-08  0.00000E+00  6.50001E+01
  4.75000E+01  8.96000E-07  2.00000E-08  0.00000E+00  6.50001E+01
  5.05000E+01  8.83000E-07  2.00000E-08  0.00000E+00  6.50001E+01
  5.35000E+01  8.76000E-07  2.00000E-08  0.00000E+00  6.50001E+01
  5.65000E+01  8.59000E-07  2.00000E-08  0.00000E+00  6.50001E+01
  5.95000E+01  8.41000E-07  2.00000E-08  0.00000E+00  6.50001E+01
  6.25000E+01  8.26000E-07  2.00000E-08  0.00000E+00  6.50001E+01
  6.55000E+01  8.15000E-07  2.00000E-08  0.00000E+00  6.50001E+01
  6.85000E+01  7.96000E-07  1.90000E-08  0.00000E+00  6.50001E+01
  7.15000E+01  7.91000E-07  1.90000E-08  0.00000E+00  6.50001E+01
  7.45000E+01  7.70000E-07  1.90000E-08  0.00000E+00  6.50001E+01
  7.75000E+01  7.73000E-07  1.90000E-08  0.00000E+00  6.50001E+01
  8.05000E+01  7.37000E-07  1.90000E-08  0.00000E+00  6.50001E+01
  8.35000E+01  7.29000E-07  1.80000E-08  0.00000E+00  6.50001E+01
  8.65000E+01  7.11000E-07  1.80000E-08  0.00000E+00  6.50001E+01
  8.95000E+01  6.82000E-07  1.80000E-08  0.00000E+00  6.50001E+01
  9.25000E+01  6.81000E-07  1.80000E-08  0.00000E+00  6.50001E+01
  9.55000E+01  6.53000E-07  1.70000E-08  0.00000E+00  6.50001E+01
  9.85000E+01  6.38000E-07  1.70000E-08  0.00000E+00  6.50001E+01
  1.01500E+02  6.19000E-07  1.70000E-08  0.00000E+00  6.50001E+01
  1.04500E+02  6.15000E-07  1.70000E-08  0.00000E+00  6.50001E+01
  1.07500E+02  5.88000E-07  1.70000E-08  0.00000E+00  6.50001E+01
  1.10500E+02  5.77000E-07  1.60000E-08  0.00000E+00  6.50001E+01
  1.13500E+02  5.70000E-07  1.60000E-08  0.00000E+00  6.50001E+01
  1.16500E+02  5.61000E-07  1.60000E-08  0.00000E+00  6.50001E+01
  1.19500E+02  5.39000E-07  1.60000E-08  0.00000E+00  6.50001E+01
  1.22500E+02  5.28000E-07  1.60000E-08  0.00000E+00  6.50001E+01
  1.25500E+02  5.10000E-07  1.50000E-08  0.00000E+00  6.50001E+01
  1.28500E+02  4.99000E-07  1.50000E-08  0.00000E+00  6.50001E+01
  1.31500E+02  4.91000E-07  1.50000E-08  0.00000E+00  6.50001E+01
  1.34500E+02  4.81000E-07  1.50000E-08  0.00000E+00  6.50001E+01
  1.37500E+02  4.59000E-07  1.50000E-08  0.00000E+00  6.50001E+01
  1.40500E+02  4.42000E-07  1.40000E-08  0.00000E+00  6.50001E+01
  1.43500E+02  4.32000E-07  1.40000E-08  0.00000E+00  6.50001E+01
  1.46500E+02  4.13000E-07  1.40000E-08  0.00000E+00  6.50001E+01
  1.49500E+02  3.91000E-07  1.40000E-08  0.00000E+00  6.50001E+01
  1.52500E+02  3.81000E-07  1.30000E-08  0.00000E+00  6.50001E+01
  1.55500E+02  3.60000E-07  1.30000E-08  0.00000E+00  6.50001E+01
  1.58500E+02  3.36000E-07  1.30000E-08  0.00000E+00  6.50001E+01
  1.61500E+02  3.04000E-07  1.20000E-08  0.00000E+00  6.50001E+01
  3.50000E+00  4.15900E-06  3.60000E-08  0.00000E+00  8.00001E+01
  6.50000E+00  1.35300E-06  2.10000E-08  0.00000E+00  8.00001E+01
  9.50000E+00  1.87700E-06  2.70000E-08  0.00000E+00  1.00000E+02
  1.25000E+01  1.47500E-06  2.40000E-08  0.00000E+00  1.00000E+02
  1.55000E+01  1.04300E-06  2.10000E-08  0.00000E+00  1.00000E+02
  1.85000E+01  8.34000E-07  1.90000E-08  0.00000E+00  1.00000E+02
  3.05000E+01  4.46000E-07  1.40000E-08  0.00000E+00  1.00000E+02
  3.35000E+01  4.58000E-07  1.40000E-08  0.00000E+00  1.00000E+02
  3.65000E+01  4.56000E-07  1.40000E-08  0.00000E+00  1.00000E+02
  3.95000E+01  4.54000E-07  1.40000E-08  0.00000E+00  1.00000E+02
  4.25000E+01  4.38000E-07  1.40000E-08  0.00000E+00  1.00000E+02
  4.55000E+01  4.21000E-07  1.30000E-08  0.00000E+00  1.00000E+02
  4.85000E+01  4.03000E-07  1.30000E-08  0.00000E+00  1.00000E+02
  5.15000E+01  3.82000E-07  1.30000E-08  0.00000E+00  1.00000E+02
  5.45000E+01  3.65000E-07  1.20000E-08  0.00000E+00  1.00000E+02
  5.75000E+01  3.42000E-07  1.20000E-08  0.00000E+00  1.00000E+02
  6.05000E+01  3.29000E-07  1.20000E-08  0.00000E+00  1.00000E+02
  6.35000E+01  3.10000E-07  1.10000E-08  0.00000E+00  1.00000E+02
  6.65000E+01  2.91000E-07  1.10000E-08  0.00000E+00  1.00000E+02
  6.95000E+01  2.78000E-07  1.10000E-08  0.00000E+00  1.00000E+02
  7.25000E+01  2.64000E-07  1.00000E-08  0.00000E+00  1.00000E+02
  7.55000E+01  2.48000E-07  1.00000E-08  0.00000E+00  1.00000E+02
  7.85000E+01  2.36400E-07  9.90000E-09  0.00000E+00  1.00000E+02
  8.15000E+01  2.25000E-07  9.70000E-09  0.00000E+00  1.00000E+02
  8.45000E+01  2.08800E-07  9.30000E-09  0.00000E+00  1.00000E+02
  8.75000E+01  1.96300E-07  9.10000E-09  0.00000E+00  1.00000E+02
  9.05000E+01  1.84800E-07  8.80000E-09  0.00000E+00  1.00000E+02
  9.35000E+01  1.79200E-07  8.60000E-09  0.00000E+00  1.00000E+02
  9.65000E+01  1.68600E-07  8.40000E-09  0.00000E+00  1.00000E+02
  9.95000E+01  1.51100E-07  7.90000E-09  0.00000E+00  1.00000E+02
  1.02500E+02  1.50400E-07  7.90000E-09  0.00000E+00  1.00000E+02
  1.05500E+02  1.40600E-07  7.70000E-09  0.00000E+00  1.00000E+02
  1.08500E+02  1.30300E-07  7.40000E-09  0.00000E+00  1.00000E+02
  1.11500E+02  1.23700E-07  7.20000E-09  0.00000E+00  1.00000E+02
  1.14500E+02  1.18300E-07  7.00000E-09  0.00000E+00  1.00000E+02
  1.17500E+02  1.10900E-07  6.80000E-09  0.00000E+00  1.00000E+02
  1.20500E+02  1.01000E-07  6.50000E-09  0.00000E+00  1.00000E+02
  1.23500E+02  9.69000E-08  6.40000E-09  0.00000E+00  1.00000E+02
  1.26500E+02  8.50000E-08  6.00000E-09  0.00000E+00  1.00000E+02
  1.29500E+02  8.44000E-08  5.90000E-09  0.00000E+00  1.00000E+02
  1.32500E+02  7.86000E-08  5.70000E-09  0.00000E+00  1.00000E+02
  1.35500E+02  7.53000E-08  5.60000E-09  0.00000E+00  1.00000E+02
  1.38500E+02  7.03000E-08  5.40000E-09  0.00000E+00  1.00000E+02
  1.41500E+02  6.63000E-08  5.30000E-09  0.00000E+00  1.00000E+02
  1.44500E+02  6.40000E-08  5.20000E-09  0.00000E+00  1.00000E+02
  1.47500E+02  6.08000E-08  5.00000E-09  0.00000E+00  1.00000E+02
  1.50500E+02  5.68000E-08  4.90000E-09  0.00000E+00  1.00000E+02
  1.53500E+02  5.08000E-08  4.60000E-09  0.00000E+00  1.00000E+02
  1.56500E+02  4.57000E-08  4.40000E-09  0.00000E+00  1.00000E+02
  1.59500E+02  4.15000E-08  4.20000E-09  0.00000E+00  1.00000E+02
  1.61500E+02  3.56000E-08  2.20000E-09  0.00000E+00  1.00000E+02
  7.50000E+00  4.26000E-06  1.60000E-07  0.00000E+00  1.56001E+01
  1.05000E+01  3.32000E-06  1.40000E-07  0.00000E+00  1.56001E+01
  1.25000E+01  2.21000E-06  6.50000E-08  0.00000E+00  1.56001E+01
  1.55000E+01  1.89000E-06  1.10000E-07  0.00000E+00  1.56001E+01
  1.80000E+01  1.95900E-06  8.80000E-08  0.00000E+00  1.56001E+01
  3.35000E+01  1.40100E-06  9.10000E-08  0.00000E+00  1.56001E+01
  3.65000E+01  1.42400E-06  9.20000E-08  0.00000E+00  1.56001E+01
  3.95000E+01  1.42400E-06  9.20000E-08  0.00000E+00  1.56001E+01
  4.25000E+01  1.54000E-06  9.60000E-08  0.00000E+00  1.56001E+01
  4.55000E+01  1.45400E-06  9.30000E-08  0.00000E+00  1.56001E+01
  4.85000E+01  1.51800E-06  9.50000E-08  0.00000E+00  1.56001E+01
  5.15000E+01  1.48600E-06  9.40000E-08  0.00000E+00  1.56001E+01
  5.45000E+01  1.51200E-06  9.50000E-08  0.00000E+00  1.56001E+01
  5.75000E+01  1.50900E-06  9.50000E-08  0.00000E+00  1.56001E+01
  6.05000E+01  1.50000E-06  9.40000E-08  0.00000E+00  1.56001E+01
  6.35000E+01  1.47900E-06  9.40000E-08  0.00000E+00  1.56001E+01
  6.65000E+01  1.52000E-06  9.50000E-08  0.00000E+00  1.56001E+01
  6.95000E+01  1.48000E-06  9.40000E-08  0.00000E+00  1.56001E+01
  7.25000E+01  1.40100E-06  9.10000E-08  0.00000E+00  1.56001E+01
  7.55000E+01  1.45100E-06  9.30000E-08  0.00000E+00  1.56001E+01
  7.85000E+01  1.44400E-06  9.30000E-08  0.00000E+00  1.56001E+01
  8.15000E+01  1.39200E-06  9.10000E-08  0.00000E+00  1.56001E+01
  8.45000E+01  1.43000E-06  9.20000E-08  0.00000E+00  1.56001E+01
  8.75000E+01  1.32600E-06  8.90000E-08  0.00000E+00  1.56001E+01
  9.05000E+01  1.37800E-06  9.00000E-08  0.00000E+00  1.56001E+01
  9.35000E+01  1.33700E-06  8.90000E-08  0.00000E+00  1.56001E+01
  9.65000E+01  1.24600E-06  8.60000E-08  0.00000E+00  1.56001E+01
  9.95000E+01  1.28200E-06  8.70000E-08  0.00000E+00  1.56001E+01
  1.02500E+02  1.25200E-06  8.60000E-08  0.00000E+00  1.56001E+01
  1.05500E+02  1.27900E-06  8.70000E-08  0.00000E+00  1.56001E+01
  1.08500E+02  1.24300E-06  8.60000E-08  0.00000E+00  1.56001E+01
  1.11500E+02  1.25600E-06  8.60000E-08  0.00000E+00  1.56001E+01
  1.14500E+02  1.23100E-06  8.50000E-08  0.00000E+00  1.56001E+01
  1.17500E+02  1.17000E-06  8.30000E-08  0.00000E+00  1.56001E+01
  1.20500E+02  1.14400E-06  8.20000E-08  0.00000E+00  1.56001E+01
  1.23500E+02  1.09500E-06  8.10000E-08  0.00000E+00  1.56001E+01
  1.26500E+02  1.13200E-06  8.20000E-08  0.00000E+00  1.56001E+01
  1.29500E+02  1.08600E-06  8.00000E-08  0.00000E+00  1.56001E+01
  1.32500E+02  1.04700E-06  7.90000E-08  0.00000E+00  1.56001E+01
  1.35500E+02  1.04700E-06  7.90000E-08  0.00000E+00  1.56001E+01
  1.38500E+02  1.00800E-06  7.70000E-08  0.00000E+00  1.56001E+01
  1.41500E+02  9.26000E-07  7.40000E-08  0.00000E+00  1.56001E+01
  1.44500E+02  9.11000E-07  7.40000E-08  0.00000E+00  1.56001E+01
  1.47500E+02  8.83000E-07  7.20000E-08  0.00000E+00  1.56001E+01
  1.50500E+02  8.55000E-07  7.10000E-08  0.00000E+00  1.56001E+01
  1.53500E+02  8.16000E-07  7.00000E-08  0.00000E+00  1.56001E+01
  1.56500E+02  8.06000E-07  6.90000E-08  0.00000E+00  1.56001E+01
  1.59500E+02  7.76000E-07  6.80000E-08  0.00000E+00  1.56001E+01
  1.62000E+02  6.89000E-07  5.20000E-08  0.00000E+00  1.56001E+01
  7.50000E+00  4.69000E-06  1.50000E-07  0.00000E+00  2.00001E+01
  1.05000E+01  3.14000E-06  1.30000E-07  0.00000E+00  2.00001E+01
  1.55000E+01  1.89700E-06  1.00000E-07  0.00000E+00  2.00001E+01
  1.80000E+01  2.00300E-06  8.40000E-08  0.00000E+00  2.00001E+01
  2.25000E+01  1.55600E-06  9.00000E-08  0.00000E+00  2.00001E+01
  2.55000E+01  1.62500E-06  9.20000E-08  0.00000E+00  2.00001E+01
  2.85000E+01  1.69900E-06  9.40000E-08  0.00000E+00  2.00001E+01
  3.15000E+01  1.68600E-06  9.40000E-08  0.00000E+00  2.00001E+01
  3.45000E+01  1.63400E-06  9.30000E-08  0.00000E+00  2.00001E+01
  3.75000E+01  1.61300E-06  9.20000E-08  0.00000E+00  2.00001E+01
  4.05000E+01  1.62900E-06  9.30000E-08  0.00000E+00  2.00001E+01
  4.35000E+01  1.62900E-06  9.30000E-08  0.00000E+00  2.00001E+01
  4.65000E+01  1.64700E-06  9.30000E-08  0.00000E+00  2.00001E+01
  4.95000E+01  1.64900E-06  9.30000E-08  0.00000E+00  2.00001E+01
  5.25000E+01  1.65900E-06  9.30000E-08  0.00000E+00  2.00001E+01
  5.55000E+01  1.58800E-06  9.10000E-08  0.00000E+00  2.00001E+01
  5.85000E+01  1.49400E-06  8.90000E-08  0.00000E+00  2.00001E+01
  6.15000E+01  1.48700E-06  8.80000E-08  0.00000E+00  2.00001E+01
  6.45000E+01  1.52200E-06  8.90000E-08  0.00000E+00  2.00001E+01
  6.75000E+01  1.49300E-06  8.90000E-08  0.00000E+00  2.00001E+01
  7.05000E+01  1.44900E-06  8.70000E-08  0.00000E+00  2.00001E+01
  7.35000E+01  1.43200E-06  8.70000E-08  0.00000E+00  2.00001E+01
  7.65000E+01  1.40300E-06  8.60000E-08  0.00000E+00  2.00001E+01
  7.95000E+01  1.30100E-06  8.30000E-08  0.00000E+00  2.00001E+01
  8.25000E+01  1.26100E-06  8.10000E-08  0.00000E+00  2.00001E+01
  8.55000E+01  1.25700E-06  8.10000E-08  0.00000E+00  2.00001E+01
  8.85000E+01  1.17500E-06  7.90000E-08  0.00000E+00  2.00001E+01
  9.15000E+01  1.19700E-06  7.90000E-08  0.00000E+00  2.00001E+01
  9.45000E+01  1.19000E-06  7.90000E-08  0.00000E+00  2.00001E+01
  9.75000E+01  1.13800E-06  7.70000E-08  0.00000E+00  2.00001E+01
  1.00500E+02  1.10300E-06  7.60000E-08  0.00000E+00  2.00001E+01
  1.03500E+02  1.07800E-06  7.50000E-08  0.00000E+00  2.00001E+01
  1.06500E+02  1.08500E-06  7.50000E-08  0.00000E+00  2.00001E+01
  1.09500E+02  1.00700E-06  7.30000E-08  0.00000E+00  2.00001E+01
  1.12500E+02  9.75000E-07  7.20000E-08  0.00000E+00  2.00001E+01
  1.15500E+02  9.92000E-07  7.20000E-08  0.00000E+00  2.00001E+01
  1.18500E+02  9.74000E-07  7.20000E-08  0.00000E+00  2.00001E+01
  1.21500E+02  9.33000E-07  7.00000E-08  0.00000E+00  2.00001E+01
  1.24500E+02  9.29000E-07  7.00000E-08  0.00000E+00  2.00001E+01
  1.27500E+02  9.16000E-07  6.90000E-08  0.00000E+00  2.00001E+01
  1.30500E+02  8.52000E-07  6.70000E-08  0.00000E+00  2.00001E+01
  1.33500E+02  8.29000E-07  6.60000E-08  0.00000E+00  2.00001E+01
  1.36500E+02  8.37000E-07  6.60000E-08  0.00000E+00  2.00001E+01
  1.39500E+02  8.58000E-07  6.70000E-08  0.00000E+00  2.00001E+01
  1.42500E+02  7.86000E-07  6.40000E-08  0.00000E+00  2.00001E+01
  1.45500E+02  7.49000E-07  6.30000E-08  0.00000E+00  2.00001E+01
  1.48500E+02  7.33000E-07  6.20000E-08  0.00000E+00  2.00001E+01
  1.51500E+02  6.98000E-07  6.10000E-08  0.00000E+00  2.00001E+01
  1.54500E+02  6.74000E-07  5.90000E-08  0.00000E+00  2.00001E+01
  1.57500E+02  6.66000E-07  5.90000E-08  0.00000E+00  2.00001E+01
  1.60500E+02  5.98000E-07  5.60000E-08  0.00000E+00  2.00001E+01
  1.62500E+02  5.67000E-07  3.20000E-08  0.00000E+00  2.00001E+01
  3.50000E+00  6.40000E-06  1.30000E-07  0.00000E+00  3.50000E+01
  6.00000E+00  4.55600E-06  9.00000E-08  0.00000E+00  3.50000E+01
  1.05000E+01  2.89200E-06  8.70000E-08  0.00000E+00  3.50000E+01
  1.35000E+01  2.29200E-06  7.80000E-08  0.00000E+00  3.50000E+01
  1.65000E+01  1.93400E-06  7.10000E-08  0.00000E+00  3.50000E+01
  1.95000E+01  1.72100E-06  6.70000E-08  0.00000E+00  3.50000E+01
  2.20000E+01  1.58000E-06  5.30000E-08  0.00000E+00  3.50000E+01
  3.50000E+00  4.57000E-06  1.00000E-07  0.00000E+00  5.00000E+01
  6.00000E+00  3.50200E-06  7.40000E-08  0.00000E+00  5.00000E+01
  9.50000E+00  2.54500E-06  7.50000E-08  0.00000E+00  5.00000E+01
  1.25000E+01  2.18700E-06  7.20000E-08  0.00000E+00  5.00000E+01
  1.55000E+01  1.93900E-06  6.80000E-08  0.00000E+00  5.00000E+01
  1.85000E+01  1.73400E-06  6.40000E-08  0.00000E+00  5.00000E+01
  2.15000E+01  1.61600E-06  6.20000E-08  0.00000E+00  5.00000E+01
  2.35000E+01  1.64000E-06  3.60000E-08  0.00000E+00  5.00000E+01
  7.50000E+00  3.99200E-06  5.90000E-08  0.00000E+00  6.50001E+01
  1.05000E+01  2.86700E-06  5.00000E-08  0.00000E+00  6.50001E+01
  1.35000E+01  1.80800E-06  4.00000E-08  0.00000E+00  6.50001E+01
  1.65000E+01  1.66100E-06  3.90000E-08  0.00000E+00  6.50001E+01
  1.85000E+01  1.53200E-06  2.20000E-08  0.00000E+00  6.50001E+01
  2.35000E+01  1.21200E-06  3.30000E-08  0.00000E+00  6.50001E+01
  2.65000E+01  1.15500E-06  3.30000E-08  0.00000E+00  6.50001E+01
  2.95000E+01  1.12100E-06  3.20000E-08  0.00000E+00  6.50001E+01
  3.25000E+01  1.08600E-06  3.20000E-08  0.00000E+00  6.50001E+01
  3.55000E+01  1.01600E-06  3.10000E-08  0.00000E+00  6.50001E+01
  3.85000E+01  1.01800E-06  3.10000E-08  0.00000E+00  6.50001E+01
  4.15000E+01  9.74000E-07  3.00000E-08  0.00000E+00  6.50001E+01
  4.45000E+01  9.77000E-07  3.00000E-08  0.00000E+00  6.50001E+01
  4.75000E+01  9.52000E-07  3.00000E-08  0.00000E+00  6.50001E+01
  5.05000E+01  9.62000E-07  3.00000E-08  0.00000E+00  6.50001E+01
  5.35000E+01  9.54000E-07  3.00000E-08  0.00000E+00  6.50001E+01
  5.65000E+01  9.31000E-07  2.90000E-08  0.00000E+00  6.50001E+01
  5.95000E+01  8.90000E-07  2.90000E-08  0.00000E+00  6.50001E+01
  6.25000E+01  8.92000E-07  2.90000E-08  0.00000E+00  6.50001E+01
  6.55000E+01  8.88000E-07  2.90000E-08  0.00000E+00  6.50001E+01
  6.85000E+01  8.78000E-07  2.80000E-08  0.00000E+00  6.50001E+01
  7.15000E+01  8.74000E-07  2.80000E-08  0.00000E+00  6.50001E+01
  7.45000E+01  8.31000E-07  2.80000E-08  0.00000E+00  6.50001E+01
  7.75000E+01  8.30000E-07  2.80000E-08  0.00000E+00  6.50001E+01
  8.05000E+01  8.11000E-07  2.70000E-08  0.00000E+00  6.50001E+01
  8.35000E+01  7.85000E-07  2.70000E-08  0.00000E+00  6.50001E+01
  8.65000E+01  7.59000E-07  2.60000E-08  0.00000E+00  6.50001E+01
  8.95000E+01  7.48000E-07  2.60000E-08  0.00000E+00  6.50001E+01
  9.25000E+01  7.29000E-07  2.60000E-08  0.00000E+00  6.50001E+01
  9.55000E+01  7.14000E-07  2.60000E-08  0.00000E+00  6.50001E+01
  9.85000E+01  6.95000E-07  2.50000E-08  0.00000E+00  6.50001E+01
  1.01500E+02  6.80000E-07  2.50000E-08  0.00000E+00  6.50001E+01
  1.04500E+02  6.59000E-07  2.50000E-08  0.00000E+00  6.50001E+01
  1.07500E+02  6.44000E-07  2.40000E-08  0.00000E+00  6.50001E+01
  1.10500E+02  6.18000E-07  2.40000E-08  0.00000E+00  6.50001E+01
  1.13500E+02  6.13000E-07  2.40000E-08  0.00000E+00  6.50001E+01
  1.16500E+02  5.95000E-07  2.30000E-08  0.00000E+00  6.50001E+01
  1.19500E+02  5.84000E-07  2.30000E-08  0.00000E+00  6.50001E+01
  1.22500E+02  5.67000E-07  2.30000E-08  0.00000E+00  6.50001E+01
  1.25500E+02  5.66000E-07  2.30000E-08  0.00000E+00  6.50001E+01
  1.28500E+02  5.33000E-07  2.20000E-08  0.00000E+00  6.50001E+01
  1.31500E+02  5.23000E-07  2.20000E-08  0.00000E+00  6.50001E+01
  1.34500E+02  5.06000E-07  2.20000E-08  0.00000E+00  6.50001E+01
  1.37500E+02  4.95000E-07  2.10000E-08  0.00000E+00  6.50001E+01
  1.40500E+02  4.75000E-07  2.10000E-08  0.00000E+00  6.50001E+01
  1.43500E+02  4.55000E-07  2.00000E-08  0.00000E+00  6.50001E+01
  1.46500E+02  4.32000E-07  2.00000E-08  0.00000E+00  6.50001E+01
  1.49500E+02  4.18000E-07  2.00000E-08  0.00000E+00  6.50001E+01
  1.52500E+02  4.12000E-07  1.90000E-08  0.00000E+00  6.50001E+01
  1.55500E+02  3.94000E-07  1.90000E-08  0.00000E+00  6.50001E+01
  1.58500E+02  3.70000E-07  1.80000E-08  0.00000E+00  6.50001E+01
  1.61500E+02  3.33000E-07  1.70000E-08  0.00000E+00  6.50001E+01
  3.50000E+00  4.28800E-06  5.20000E-08  0.00000E+00  8.00001E+01
  6.50000E+00  1.72600E-06  3.20000E-08  0.00000E+00  8.00001E+01
  9.50000E+00  1.85200E-06  3.80000E-08  0.00000E+00  1.00000E+02
  1.25000E+01  1.50400E-06  3.40000E-08  0.00000E+00  1.00000E+02
  1.55000E+01  1.09000E-06  3.00000E-08  0.00000E+00  1.00000E+02
  1.85000E+01  8.61000E-07  2.70000E-08  0.00000E+00  1.00000E+02
  3.65000E+01  4.81000E-07  2.00000E-08  0.00000E+00  1.00000E+02
  3.95000E+01  4.77000E-07  2.00000E-08  0.00000E+00  1.00000E+02
  4.25000E+01  4.78000E-07  2.00000E-08  0.00000E+00  1.00000E+02
  4.55000E+01  4.56000E-07  1.90000E-08  0.00000E+00  1.00000E+02
  4.85000E+01  4.39000E-07  1.90000E-08  0.00000E+00  1.00000E+02
  5.15000E+01  4.16000E-07  1.80000E-08  0.00000E+00  1.00000E+02
  5.45000E+01  3.94000E-07  1.80000E-08  0.00000E+00  1.00000E+02
  5.75000E+01  3.66000E-07  1.70000E-08  0.00000E+00  1.00000E+02
  6.05000E+01  3.56000E-07  1.70000E-08  0.00000E+00  1.00000E+02
  6.35000E+01  3.42000E-07  1.70000E-08  0.00000E+00  1.00000E+02
  6.65000E+01  3.22000E-07  1.60000E-08  0.00000E+00  1.00000E+02
  6.95000E+01  3.07000E-07  1.60000E-08  0.00000E+00  1.00000E+02
  7.25000E+01  2.91000E-07  1.50000E-08  0.00000E+00  1.00000E+02
  7.55000E+01  2.76000E-07  1.50000E-08  0.00000E+00  1.00000E+02
  7.85000E+01  2.67000E-07  1.50000E-08  0.00000E+00  1.00000E+02
  8.15000E+01  2.41000E-07  1.40000E-08  0.00000E+00  1.00000E+02
  8.45000E+01  2.39000E-07  1.40000E-08  0.00000E+00  1.00000E+02
  8.75000E+01  2.24000E-07  1.40000E-08  0.00000E+00  1.00000E+02
  9.05000E+01  2.09000E-07  1.30000E-08  0.00000E+00  1.00000E+02
  9.35000E+01  1.99000E-07  1.30000E-08  0.00000E+00  1.00000E+02
  9.65000E+01  1.88000E-07  1.20000E-08  0.00000E+00  1.00000E+02
  9.95000E+01  1.75000E-07  1.20000E-08  0.00000E+00  1.00000E+02
  1.02500E+02  1.63000E-07  1.20000E-08  0.00000E+00  1.00000E+02
  1.05500E+02  1.60000E-07  1.10000E-08  0.00000E+00  1.00000E+02
  1.08500E+02  1.49000E-07  1.10000E-08  0.00000E+00  1.00000E+02
  1.11500E+02  1.44000E-07  1.10000E-08  0.00000E+00  1.00000E+02
  1.14500E+02  1.24000E-07  1.00000E-08  0.00000E+00  1.00000E+02
  1.17500E+02  1.23000E-07  1.00000E-08  0.00000E+00  1.00000E+02
  1.20500E+02  1.20200E-07  9.90000E-09  0.00000E+00  1.00000E+02
  1.23500E+02  1.12200E-07  9.60000E-09  0.00000E+00  1.00000E+02
  1.26500E+02  9.84000E-08  9.00000E-09  0.00000E+00  1.00000E+02
  1.29500E+02  9.36000E-08  8.80000E-09  0.00000E+00  1.00000E+02
  1.32500E+02  8.95000E-08  8.60000E-09  0.00000E+00  1.00000E+02
  1.35500E+02  8.34000E-08  8.30000E-09  0.00000E+00  1.00000E+02
  1.38500E+02  8.20000E-08  8.20000E-09  0.00000E+00  1.00000E+02
  1.41500E+02  7.49000E-08  7.80000E-09  0.00000E+00  1.00000E+02
  1.44500E+02  7.52000E-08  7.90000E-09  0.00000E+00  1.00000E+02
  1.47500E+02  6.78000E-08  7.50000E-09  0.00000E+00  1.00000E+02
  1.50500E+02  6.52000E-08  7.30000E-09  0.00000E+00  1.00000E+02
  1.53500E+02  6.18000E-08  7.10000E-09  0.00000E+00  1.00000E+02
  1.56500E+02  5.64000E-08  6.80000E-09  0.00000E+00  1.00000E+02
  1.59500E+02  5.03000E-08  6.40000E-09  0.00000E+00  1.00000E+02
  1.62500E+02  4.75000E-08  6.20000E-09  0.00000E+00  1.00000E+02
  7.50000E+00  4.64000E-06  1.80000E-07  0.00000E+00  1.56001E+01
  1.05000E+01  3.72000E-06  1.60000E-07  0.00000E+00  1.56001E+01
  1.25000E+01  2.22700E-06  7.10000E-08  0.00000E+00  1.56001E+01
  1.55000E+01  2.05000E-06  1.20000E-07  0.00000E+00  1.56001E+01
  1.80000E+01  2.18000E-06  1.00000E-07  0.00000E+00  1.56001E+01
  3.35000E+01  1.56000E-06  1.10000E-07  0.00000E+00  1.56001E+01
  3.55000E+01  1.53300E-06  6.00000E-08  0.00000E+00  1.56001E+01
  3.85000E+01  1.62000E-06  1.10000E-07  0.00000E+00  1.56001E+01
  4.15000E+01  1.63000E-06  1.10000E-07  0.00000E+00  1.56001E+01
  4.45000E+01  1.72000E-06  1.10000E-07  0.00000E+00  1.56001E+01
  4.75000E+01  1.64000E-06  1.10000E-07  0.00000E+00  1.56001E+01
  5.05000E+01  1.66000E-06  1.10000E-07  0.00000E+00  1.56001E+01
  5.35000E+01  1.72000E-06  1.10000E-07  0.00000E+00  1.56001E+01
  5.65000E+01  1.74000E-06  1.10000E-07  0.00000E+00  1.56001E+01
  5.95000E+01  1.66000E-06  1.10000E-07  0.00000E+00  1.56001E+01
  6.25000E+01  1.66000E-06  1.10000E-07  0.00000E+00  1.56001E+01
  6.55000E+01  1.66000E-06  1.10000E-07  0.00000E+00  1.56001E+01
  6.85000E+01  1.68000E-06  1.10000E-07  0.00000E+00  1.56001E+01
  7.15000E+01  1.60000E-06  1.10000E-07  0.00000E+00  1.56001E+01
  7.45000E+01  1.63000E-06  1.10000E-07  0.00000E+00  1.56001E+01
  7.75000E+01  1.59000E-06  1.10000E-07  0.00000E+00  1.56001E+01
  8.05000E+01  1.63000E-06  1.10000E-07  0.00000E+00  1.56001E+01
  8.35000E+01  1.51000E-06  1.00000E-07  0.00000E+00  1.56001E+01
  8.65000E+01  1.54000E-06  1.00000E-07  0.00000E+00  1.56001E+01
  8.95000E+01  1.55000E-06  1.10000E-07  0.00000E+00  1.56001E+01
  9.25000E+01  1.50000E-06  1.00000E-07  0.00000E+00  1.56001E+01
  9.55000E+01  1.45000E-06  1.00000E-07  0.00000E+00  1.56001E+01
  9.85000E+01  1.41000E-06  1.00000E-07  0.00000E+00  1.56001E+01
  1.01500E+02  1.43000E-06  1.00000E-07  0.00000E+00  1.56001E+01
  1.04500E+02  1.38700E-06  9.90000E-08  0.00000E+00  1.56001E+01
  1.07500E+02  1.36100E-06  9.80000E-08  0.00000E+00  1.56001E+01
  1.10500E+02  1.41000E-06  1.00000E-07  0.00000E+00  1.56001E+01
  1.13500E+02  1.35800E-06  9.80000E-08  0.00000E+00  1.56001E+01
  1.16500E+02  1.27300E-06  9.50000E-08  0.00000E+00  1.56001E+01
  1.19500E+02  1.26200E-06  9.50000E-08  0.00000E+00  1.56001E+01
  1.22500E+02  1.26600E-06  9.50000E-08  0.00000E+00  1.56001E+01
  1.25500E+02  1.25800E-06  9.50000E-08  0.00000E+00  1.56001E+01
  1.28500E+02  1.20800E-06  9.30000E-08  0.00000E+00  1.56001E+01
  1.31500E+02  1.13300E-06  9.00000E-08  0.00000E+00  1.56001E+01
  1.34500E+02  1.17300E-06  9.10000E-08  0.00000E+00  1.56001E+01
  1.37500E+02  1.07000E-06  8.70000E-08  0.00000E+00  1.56001E+01
  1.40500E+02  1.05600E-06  8.70000E-08  0.00000E+00  1.56001E+01
  1.43500E+02  1.04700E-06  8.60000E-08  0.00000E+00  1.56001E+01
  1.46500E+02  9.19000E-07  8.10000E-08  0.00000E+00  1.56001E+01
  1.49500E+02  9.11000E-07  8.10000E-08  0.00000E+00  1.56001E+01
  1.52500E+02  9.71000E-07  8.30000E-08  0.00000E+00  1.56001E+01
  1.55500E+02  9.48000E-07  8.20000E-08  0.00000E+00  1.56001E+01
  1.58500E+02  8.74000E-07  7.90000E-08  0.00000E+00  1.56001E+01
  1.61500E+02  7.78000E-07  7.40000E-08  0.00000E+00  1.56001E+01
  7.50000E+00  5.11000E-06  1.80000E-07  0.00000E+00  2.00001E+01
  1.05000E+01  3.34000E-06  1.40000E-07  0.00000E+00  2.00001E+01
  1.25000E+01  1.95700E-06  6.30000E-08  0.00000E+00  2.00001E+01
  1.55000E+01  2.08000E-06  1.10000E-07  0.00000E+00  2.00001E+01
  1.85000E+01  2.05000E-06  1.10000E-07  0.00000E+00  2.00001E+01
  2.25000E+01  1.76000E-06  1.10000E-07  0.00000E+00  2.00001E+01
  2.55000E+01  1.89000E-06  1.10000E-07  0.00000E+00  2.00001E+01
  2.85000E+01  1.95000E-06  1.10000E-07  0.00000E+00  2.00001E+01
  3.15000E+01  1.91000E-06  1.10000E-07  0.00000E+00  2.00001E+01
  3.45000E+01  1.86000E-06  1.10000E-07  0.00000E+00  2.00001E+01
  3.75000E+01  1.88000E-06  1.10000E-07  0.00000E+00  2.00001E+01
  4.05000E+01  1.84000E-06  1.10000E-07  0.00000E+00  2.00001E+01
  4.35000E+01  1.83000E-06  1.10000E-07  0.00000E+00  2.00001E+01
  4.65000E+01  1.85000E-06  1.10000E-07  0.00000E+00  2.00001E+01
  4.95000E+01  1.74000E-06  1.00000E-07  0.00000E+00  2.00001E+01
  5.25000E+01  1.74000E-06  1.00000E-07  0.00000E+00  2.00001E+01
  5.55000E+01  1.74000E-06  1.00000E-07  0.00000E+00  2.00001E+01
  5.85000E+01  1.71000E-06  1.00000E-07  0.00000E+00  2.00001E+01
  6.15000E+01  1.67000E-06  1.00000E-07  0.00000E+00  2.00001E+01
  6.45000E+01  1.68000E-06  1.00000E-07  0.00000E+00  2.00001E+01
  6.75000E+01  1.63000E-06  1.00000E-07  0.00000E+00  2.00001E+01
  7.05000E+01  1.64000E-06  1.00000E-07  0.00000E+00  2.00001E+01
  7.35000E+01  1.53700E-06  9.80000E-08  0.00000E+00  2.00001E+01
  7.65000E+01  1.47700E-06  9.60000E-08  0.00000E+00  2.00001E+01
  7.95000E+01  1.42500E-06  9.50000E-08  0.00000E+00  2.00001E+01
  8.25000E+01  1.39300E-06  9.40000E-08  0.00000E+00  2.00001E+01
  8.55000E+01  1.40700E-06  9.40000E-08  0.00000E+00  2.00001E+01
  8.85000E+01  1.39300E-06  9.40000E-08  0.00000E+00  2.00001E+01
  9.15000E+01  1.37000E-06  9.30000E-08  0.00000E+00  2.00001E+01
  9.45000E+01  1.21500E-06  8.80000E-08  0.00000E+00  2.00001E+01
  9.75000E+01  1.31700E-06  9.10000E-08  0.00000E+00  2.00001E+01
  1.00500E+02  1.24400E-06  8.90000E-08  0.00000E+00  2.00001E+01
  1.03500E+02  1.22200E-06  8.80000E-08  0.00000E+00  2.00001E+01
  1.06500E+02  1.15000E-06  8.50000E-08  0.00000E+00  2.00001E+01
  1.09500E+02  1.12100E-06  8.40000E-08  0.00000E+00  2.00001E+01
  1.12500E+02  1.07200E-06  8.20000E-08  0.00000E+00  2.00001E+01
  1.15500E+02  1.05000E-06  8.10000E-08  0.00000E+00  2.00001E+01
  1.18500E+02  1.07000E-06  8.20000E-08  0.00000E+00  2.00001E+01
  1.21500E+02  1.05600E-06  8.20000E-08  0.00000E+00  2.00001E+01
  1.24500E+02  1.01100E-06  8.00000E-08  0.00000E+00  2.00001E+01
  1.27500E+02  9.99000E-07  7.90000E-08  0.00000E+00  2.00001E+01
  1.30500E+02  9.67000E-07  7.80000E-08  0.00000E+00  2.00001E+01
  1.33500E+02  9.11000E-07  7.60000E-08  0.00000E+00  2.00001E+01
  1.36500E+02  8.81000E-07  7.50000E-08  0.00000E+00  2.00001E+01
  1.39500E+02  9.15000E-07  7.60000E-08  0.00000E+00  2.00001E+01
  1.42500E+02  8.53000E-07  7.30000E-08  0.00000E+00  2.00001E+01
  1.45500E+02  8.32000E-07  7.20000E-08  0.00000E+00  2.00001E+01
  1.48500E+02  7.92000E-07  7.10000E-08  0.00000E+00  2.00001E+01
  1.51500E+02  7.63000E-07  6.90000E-08  0.00000E+00  2.00001E+01
  1.54500E+02  7.58000E-07  6.90000E-08  0.00000E+00  2.00001E+01
  1.57500E+02  7.26000E-07  6.80000E-08  0.00000E+00  2.00001E+01
  1.60500E+02  7.05000E-07  6.70000E-08  0.00000E+00  2.00001E+01
  1.62500E+02  6.16000E-07  3.60000E-08  0.00000E+00  2.00001E+01
  3.50000E+00  6.95000E-06  1.50000E-07  0.00000E+00  3.50000E+01
  6.50000E+00  4.04000E-06  1.10000E-07  0.00000E+00  3.50000E+01
  9.50000E+00  3.20000E-06  1.00000E-07  0.00000E+00  3.50000E+01
  1.25000E+01  2.70100E-06  9.20000E-08  0.00000E+00  3.50000E+01
  1.55000E+01  2.30900E-06  8.60000E-08  0.00000E+00  3.50000E+01
  1.85000E+01  1.97800E-06  7.90000E-08  0.00000E+00  3.50000E+01
  2.15000E+01  1.74600E-06  7.40000E-08  0.00000E+00  3.50000E+01
  3.50000E+00  4.96000E-06  1.20000E-07  0.00000E+00  5.00000E+01
  6.50000E+00  3.31500E-06  9.60000E-08  0.00000E+00  5.00000E+01
  9.50000E+00  2.72300E-06  8.60000E-08  0.00000E+00  5.00000E+01
  1.25000E+01  2.43300E-06  8.30000E-08  0.00000E+00  5.00000E+01
  1.55000E+01  2.10200E-06  7.70000E-08  0.00000E+00  5.00000E+01
  1.85000E+01  1.92500E-06  7.40000E-08  0.00000E+00  5.00000E+01
  2.15000E+01  1.77000E-06  7.10000E-08  0.00000E+00  5.00000E+01
  2.35000E+01  1.72600E-06  4.10000E-08  0.00000E+00  5.00000E+01
  7.50000E+00  4.33100E-06  6.70000E-08  0.00000E+00  6.50001E+01
  1.05000E+01  3.12300E-06  5.70000E-08  0.00000E+00  6.50001E+01
  1.35000E+01  1.93400E-06  4.50000E-08  0.00000E+00  6.50001E+01
  1.65000E+01  1.82300E-06  4.50000E-08  0.00000E+00  6.50001E+01
  1.85000E+01  1.65600E-06  2.50000E-08  0.00000E+00  6.50001E+01
  2.35000E+01  1.34700E-06  3.90000E-08  0.00000E+00  6.50001E+01
  2.65000E+01  1.28400E-06  3.80000E-08  0.00000E+00  6.50001E+01
  2.95000E+01  1.23700E-06  3.70000E-08  0.00000E+00  6.50001E+01
  3.25000E+01  1.19700E-06  3.60000E-08  0.00000E+00  6.50001E+01
  3.55000E+01  1.13700E-06  3.50000E-08  0.00000E+00  6.50001E+01
  3.85000E+01  1.10100E-06  3.50000E-08  0.00000E+00  6.50001E+01
  4.15000E+01  1.08400E-06  3.50000E-08  0.00000E+00  6.50001E+01
  4.45000E+01  1.05200E-06  3.40000E-08  0.00000E+00  6.50001E+01
  4.75000E+01  1.06900E-06  3.40000E-08  0.00000E+00  6.50001E+01
  5.05000E+01  1.07000E-06  3.40000E-08  0.00000E+00  6.50001E+01
  5.35000E+01  1.07200E-06  3.40000E-08  0.00000E+00  6.50001E+01
  5.65000E+01  9.94000E-07  3.30000E-08  0.00000E+00  6.50001E+01
  5.95000E+01  9.93000E-07  3.30000E-08  0.00000E+00  6.50001E+01
  6.25000E+01  9.86000E-07  3.30000E-08  0.00000E+00  6.50001E+01
  6.55000E+01  9.81000E-07  3.30000E-08  0.00000E+00  6.50001E+01
  6.85000E+01  9.45000E-07  3.20000E-08  0.00000E+00  6.50001E+01
  7.15000E+01  9.31000E-07  3.20000E-08  0.00000E+00  6.50001E+01
  7.45000E+01  9.36000E-07  3.20000E-08  0.00000E+00  6.50001E+01
  7.75000E+01  9.11000E-07  3.20000E-08  0.00000E+00  6.50001E+01
  8.05000E+01  8.78000E-07  3.10000E-08  0.00000E+00  6.50001E+01
  8.35000E+01  8.94000E-07  3.10000E-08  0.00000E+00  6.50001E+01
  8.65000E+01  8.52000E-07  3.10000E-08  0.00000E+00  6.50001E+01
  8.95000E+01  8.23000E-07  3.00000E-08  0.00000E+00  6.50001E+01
  9.25000E+01  8.13000E-07  3.00000E-08  0.00000E+00  6.50001E+01
  9.55000E+01  7.94000E-07  3.00000E-08  0.00000E+00  6.50001E+01
  9.85000E+01  7.59000E-07  2.90000E-08  0.00000E+00  6.50001E+01
  1.01500E+02  7.32000E-07  2.80000E-08  0.00000E+00  6.50001E+01
  1.04500E+02  7.33000E-07  2.80000E-08  0.00000E+00  6.50001E+01
  1.07500E+02  7.27000E-07  2.80000E-08  0.00000E+00  6.50001E+01
  1.10500E+02  6.91000E-07  2.80000E-08  0.00000E+00  6.50001E+01
  1.13500E+02  6.80000E-07  2.70000E-08  0.00000E+00  6.50001E+01
  1.16500E+02  6.55000E-07  2.70000E-08  0.00000E+00  6.50001E+01
  1.19500E+02  6.44000E-07  2.70000E-08  0.00000E+00  6.50001E+01
  1.22500E+02  6.18000E-07  2.60000E-08  0.00000E+00  6.50001E+01
  1.25500E+02  6.24000E-07  2.60000E-08  0.00000E+00  6.50001E+01
  1.28500E+02  5.97000E-07  2.60000E-08  0.00000E+00  6.50001E+01
  1.31500E+02  5.79000E-07  2.50000E-08  0.00000E+00  6.50001E+01
  1.34500E+02  5.79000E-07  2.50000E-08  0.00000E+00  6.50001E+01
  1.37500E+02  5.37000E-07  2.40000E-08  0.00000E+00  6.50001E+01
  1.40500E+02  5.17000E-07  2.40000E-08  0.00000E+00  6.50001E+01
  1.43500E+02  4.98000E-07  2.30000E-08  0.00000E+00  6.50001E+01
  1.46500E+02  4.85000E-07  2.30000E-08  0.00000E+00  6.50001E+01
  1.49500E+02  4.54000E-07  2.20000E-08  0.00000E+00  6.50001E+01
  1.52500E+02  4.58000E-07  2.20000E-08  0.00000E+00  6.50001E+01
  1.55500E+02  4.38000E-07  2.20000E-08  0.00000E+00  6.50001E+01
  1.58500E+02  4.00000E-07  2.10000E-08  0.00000E+00  6.50001E+01
  1.61500E+02  3.62000E-07  2.00000E-08  0.00000E+00  6.50001E+01
  3.50000E+00  4.63100E-06  6.30000E-08  0.00000E+00  8.00001E+01
  6.50000E+00  2.34500E-06  4.00000E-08  0.00000E+00  8.00001E+01
  9.50000E+00  2.10400E-06  4.50000E-08  0.00000E+00  1.00000E+02
  1.25000E+01  1.72700E-06  4.00000E-08  0.00000E+00  1.00000E+02
  1.55000E+01  1.27900E-06  3.50000E-08  0.00000E+00  1.00000E+02
  1.85000E+01  1.01300E-06  3.20000E-08  0.00000E+00  1.00000E+02
  3.75000E+01  5.70000E-07  2.40000E-08  0.00000E+00  1.00000E+02
  4.05000E+01  5.54000E-07  2.30000E-08  0.00000E+00  1.00000E+02
  4.35000E+01  5.45000E-07  2.30000E-08  0.00000E+00  1.00000E+02
  4.65000E+01  5.33000E-07  2.30000E-08  0.00000E+00  1.00000E+02
  4.95000E+01  4.91000E-07  2.20000E-08  0.00000E+00  1.00000E+02
  5.25000E+01  4.69000E-07  2.10000E-08  0.00000E+00  1.00000E+02
  5.55000E+01  4.56000E-07  2.10000E-08  0.00000E+00  1.00000E+02
  5.85000E+01  4.24000E-07  2.00000E-08  0.00000E+00  1.00000E+02
  6.15000E+01  3.99000E-07  2.00000E-08  0.00000E+00  1.00000E+02
  6.45000E+01  3.98000E-07  2.00000E-08  0.00000E+00  1.00000E+02
  6.75000E+01  3.73000E-07  1.90000E-08  0.00000E+00  1.00000E+02
  7.05000E+01  3.55000E-07  1.90000E-08  0.00000E+00  1.00000E+02
  7.35000E+01  3.36000E-07  1.80000E-08  0.00000E+00  1.00000E+02
  7.65000E+01  3.07000E-07  1.70000E-08  0.00000E+00  1.00000E+02
  7.95000E+01  3.03000E-07  1.70000E-08  0.00000E+00  1.00000E+02
  8.25000E+01  2.81000E-07  1.70000E-08  0.00000E+00  1.00000E+02
  8.55000E+01  2.73000E-07  1.60000E-08  0.00000E+00  1.00000E+02
  8.85000E+01  2.62000E-07  1.60000E-08  0.00000E+00  1.00000E+02
  9.15000E+01  2.44000E-07  1.60000E-08  0.00000E+00  1.00000E+02
  9.45000E+01  2.38000E-07  1.50000E-08  0.00000E+00  1.00000E+02
  9.75000E+01  2.13000E-07  1.40000E-08  0.00000E+00  1.00000E+02
  1.00500E+02  2.06000E-07  1.40000E-08  0.00000E+00  1.00000E+02
  1.03500E+02  1.91000E-07  1.40000E-08  0.00000E+00  1.00000E+02
  1.06500E+02  1.93000E-07  1.40000E-08  0.00000E+00  1.00000E+02
  1.09500E+02  1.75000E-07  1.30000E-08  0.00000E+00  1.00000E+02
  1.12500E+02  1.63000E-07  1.30000E-08  0.00000E+00  1.00000E+02
  1.15500E+02  1.55000E-07  1.20000E-08  0.00000E+00  1.00000E+02
  1.18500E+02  1.53000E-07  1.20000E-08  0.00000E+00  1.00000E+02
  1.21500E+02  1.35000E-07  1.20000E-08  0.00000E+00  1.00000E+02
  1.24500E+02  1.37000E-07  1.20000E-08  0.00000E+00  1.00000E+02
  1.27500E+02  1.17000E-07  1.10000E-08  0.00000E+00  1.00000E+02
  1.30500E+02  1.20000E-07  1.10000E-08  0.00000E+00  1.00000E+02
  1.33500E+02  1.08000E-07  1.00000E-08  0.00000E+00  1.00000E+02
  1.36500E+02  1.04000E-07  1.00000E-08  0.00000E+00  1.00000E+02
  1.39500E+02  1.05000E-07  1.00000E-08  0.00000E+00  1.00000E+02
  1.42500E+02  9.72000E-08  9.80000E-09  0.00000E+00  1.00000E+02
  1.45500E+02  8.61000E-08  9.20000E-09  0.00000E+00  1.00000E+02
  1.48500E+02  8.46000E-08  9.10000E-09  0.00000E+00  1.00000E+02
  1.51500E+02  8.14000E-08  9.00000E-09  0.00000E+00  1.00000E+02
  1.54500E+02  6.91000E-08  8.20000E-09  0.00000E+00  1.00000E+02
  1.57500E+02  6.69000E-08  8.10000E-09  0.00000E+00  1.00000E+02
  1.60500E+02  5.72000E-08  7.50000E-09  0.00000E+00  1.00000E+02
  1.63000E+02  5.89000E-08  6.20000E-09  0.00000E+00  1.00000E+02
# Full reference:
#M.Fidelus,  D.Filges,  F.Goldenbaum,  H.Hodde,  A.Jany, L.Jarczyk,  B.Kamys,  M.Kistryn,  St.Kistryn,
#St.Kliczewski,  E.Kozik,  P.Kulessa,  H.Machner, A.Magiera,  B.Piskor-Ignatowicz,  K.Pysz,  Z.Rudy, Sushil K.Sharma,
# R.Siudak,  M.Wojciechowski
#Jour. Physical Review, Part C, Nuclear Physics Vol.89, p.054617, 2014
#Sequential and simultaneous emission of particles from p+Al collisions at GeV energies
