# Target Z    :  13
# Target A    :  27
# Target state:  
# Projectile  : p
# Reaction    : (p,xp)
# E-inc       :  558.000 MeV
# Quantity    : Double-differential cross section
# Frame       : L
# MF          :    6
# MT          :  203
# X4 ID       : O0664028 
# X4 code     : 13-AL-27(P,X)1-H-1,EM,DA/DE
# Author      : Beck                     
# Year        : 1976
# Data points :    603
# E-out(MeV) xs(mb/MeV.sr) dxs(mb/MeV.sr) dE(MeV)      Evaluation  C/E(F)      Chi-2     Delta(mb)
  4.85000E+01  1.20500E-06  9.50000E-08  0.00000E+00  9.99991E+00
  4.92000E+01  9.82000E-07  7.90000E-08  0.00000E+00  9.99991E+00
  4.98000E+01  9.59000E-07  7.90000E-08  0.00000E+00  9.99991E+00
  5.05000E+01  7.46000E-07  6.20000E-08  0.00000E+00  9.99991E+00
  5.12000E+01  7.08000E-07  5.90000E-08  0.00000E+00  9.99991E+00
  5.19000E+01  7.70000E-07  6.50000E-08  0.00000E+00  9.99991E+00
  5.26000E+01  6.56000E-07  5.60000E-08  0.00000E+00  9.99991E+00
  5.33000E+01  6.67000E-07  5.70000E-08  0.00000E+00  9.99991E+00
  5.40000E+01  6.89000E-07  5.90000E-08  0.00000E+00  9.99991E+00
  5.48000E+01  5.69000E-07  4.90000E-08  0.00000E+00  9.99991E+00
  5.56000E+01  6.85000E-07  5.90000E-08  0.00000E+00  9.99991E+00
  5.63000E+01  6.06000E-07  5.20000E-08  0.00000E+00  9.99991E+00
  5.72000E+01  6.62000E-07  5.70000E-08  0.00000E+00  9.99991E+00
  5.80000E+01  5.90000E-07  5.20000E-08  0.00000E+00  9.99991E+00
  5.88000E+01  6.77000E-07  6.00000E-08  0.00000E+00  9.99991E+00
  5.97000E+01  6.72000E-07  6.00000E-08  0.00000E+00  9.99991E+00
  6.06000E+01  6.66000E-07  5.90000E-08  0.00000E+00  9.99991E+00
  6.15000E+01  6.70000E-07  5.90000E-08  0.00000E+00  9.99991E+00
  6.24000E+01  6.99000E-07  6.20000E-08  0.00000E+00  9.99991E+00
  6.33000E+01  6.51000E-07  5.70000E-08  0.00000E+00  9.99991E+00
  6.43000E+01  6.70000E-07  5.90000E-08  0.00000E+00  9.99991E+00
  6.53000E+01  6.59000E-07  5.80000E-08  0.00000E+00  9.99991E+00
  6.63000E+01  6.72000E-07  6.00000E-08  0.00000E+00  9.99991E+00
  6.73000E+01  5.96000E-07  5.30000E-08  0.00000E+00  9.99991E+00
  6.84000E+01  5.77000E-07  5.20000E-08  0.00000E+00  9.99991E+00
  6.95000E+01  7.18000E-07  6.50000E-08  0.00000E+00  9.99991E+00
  7.06000E+01  6.50000E-07  5.80000E-08  0.00000E+00  9.99991E+00
  7.18000E+01  6.46000E-07  5.80000E-08  0.00000E+00  9.99991E+00
  7.29000E+01  7.05000E-07  6.30000E-08  0.00000E+00  9.99991E+00
  7.41000E+01  5.88000E-07  5.20000E-08  0.00000E+00  9.99991E+00
  7.54000E+01  6.78000E-07  6.00000E-08  0.00000E+00  9.99991E+00
  7.66000E+01  6.48000E-07  5.80000E-08  0.00000E+00  9.99991E+00
  7.79000E+01  6.82000E-07  6.10000E-08  0.00000E+00  9.99991E+00
  7.93000E+01  6.12000E-07  5.50000E-08  0.00000E+00  9.99991E+00
  8.07000E+01  6.55000E-07  5.90000E-08  0.00000E+00  9.99991E+00
  8.21000E+01  6.44000E-07  5.80000E-08  0.00000E+00  9.99991E+00
  8.35000E+01  6.77000E-07  6.00000E-08  0.00000E+00  9.99991E+00
  8.50000E+01  5.81000E-07  5.20000E-08  0.00000E+00  9.99991E+00
  8.65000E+01  6.21000E-07  5.60000E-08  0.00000E+00  9.99991E+00
  8.81000E+01  6.40000E-07  5.70000E-08  0.00000E+00  9.99991E+00
  8.97000E+01  5.91000E-07  5.30000E-08  0.00000E+00  9.99991E+00
  9.14000E+01  5.84000E-07  5.20000E-08  0.00000E+00  9.99991E+00
  9.31000E+01  6.48000E-07  5.70000E-08  0.00000E+00  9.99991E+00
  9.49000E+01  5.95000E-07  5.30000E-08  0.00000E+00  9.99991E+00
  9.67000E+01  6.28000E-07  5.50000E-08  0.00000E+00  9.99991E+00
  9.86000E+01  6.22000E-07  5.50000E-08  0.00000E+00  9.99991E+00
  1.00500E+02  6.20000E-07  5.40000E-08  0.00000E+00  9.99991E+00
  1.02500E+02  6.21000E-07  5.50000E-08  0.00000E+00  9.99991E+00
  1.04600E+02  5.99000E-07  5.30000E-08  0.00000E+00  9.99991E+00
  1.06700E+02  6.02000E-07  5.30000E-08  0.00000E+00  9.99991E+00
  1.08900E+02  5.98000E-07  5.30000E-08  0.00000E+00  9.99991E+00
  1.11200E+02  5.99000E-07  5.30000E-08  0.00000E+00  9.99991E+00
  1.13500E+02  6.42000E-07  5.70000E-08  0.00000E+00  9.99991E+00
  1.15900E+02  6.35000E-07  5.60000E-08  0.00000E+00  9.99991E+00
  1.18400E+02  6.10000E-07  5.30000E-08  0.00000E+00  9.99991E+00
  1.21000E+02  5.81000E-07  5.00000E-08  0.00000E+00  9.99991E+00
  1.23700E+02  5.64000E-07  4.90000E-08  0.00000E+00  9.99991E+00
  1.26500E+02  5.62000E-07  4.90000E-08  0.00000E+00  9.99991E+00
  1.29400E+02  5.87000E-07  4.90000E-08  0.00000E+00  9.99991E+00
  1.32300E+02  5.99000E-07  5.00000E-08  0.00000E+00  9.99991E+00
  1.35400E+02  5.89000E-07  4.90000E-08  0.00000E+00  9.99991E+00
  1.38700E+02  5.74000E-07  4.80000E-08  0.00000E+00  9.99991E+00
  1.42000E+02  5.62000E-07  4.70000E-08  0.00000E+00  9.99991E+00
  1.45500E+02  5.98000E-07  5.00000E-08  0.00000E+00  9.99991E+00
  1.49100E+02  5.98000E-07  5.10000E-08  0.00000E+00  9.99991E+00
  1.52800E+02  5.92000E-07  5.00000E-08  0.00000E+00  9.99991E+00
  1.56700E+02  5.68000E-07  4.80000E-08  0.00000E+00  9.99991E+00
  1.60800E+02  5.74000E-07  4.90000E-08  0.00000E+00  9.99991E+00
  1.65100E+02  5.90000E-07  5.00000E-08  0.00000E+00  9.99991E+00
  1.69500E+02  5.62000E-07  4.80000E-08  0.00000E+00  9.99991E+00
  1.74100E+02  5.67000E-07  4.80000E-08  0.00000E+00  9.99991E+00
  1.79000E+02  5.48000E-07  4.70000E-08  0.00000E+00  9.99991E+00
  1.84000E+02  5.11000E-07  4.40000E-08  0.00000E+00  9.99991E+00
  1.89300E+02  6.24000E-07  5.50000E-08  0.00000E+00  9.99991E+00
  1.94900E+02  6.19000E-07  5.50000E-08  0.00000E+00  9.99991E+00
  2.00700E+02  5.75000E-07  5.10000E-08  0.00000E+00  9.99991E+00
  2.06800E+02  5.50000E-07  4.90000E-08  0.00000E+00  9.99991E+00
  2.13200E+02  5.48000E-07  4.90000E-08  0.00000E+00  9.99991E+00
  2.20000E+02  5.32000E-07  4.70000E-08  0.00000E+00  9.99991E+00
  2.27100E+02  5.40000E-07  4.80000E-08  0.00000E+00  9.99991E+00
  2.34700E+02  5.36000E-07  4.80000E-08  0.00000E+00  9.99991E+00
  2.42600E+02  5.33000E-07  4.70000E-08  0.00000E+00  9.99991E+00
  2.51000E+02  5.24000E-07  4.70000E-08  0.00000E+00  9.99991E+00
  2.59900E+02  4.91000E-07  4.40000E-08  0.00000E+00  9.99991E+00
  2.69400E+02  4.76000E-07  4.30000E-08  0.00000E+00  9.99991E+00
  2.79500E+02  4.50000E-07  4.00000E-08  0.00000E+00  9.99991E+00
  2.90200E+02  4.39000E-07  4.00000E-08  0.00000E+00  9.99991E+00
  3.01600E+02  4.27000E-07  3.90000E-08  0.00000E+00  9.99991E+00
  3.13800E+02  4.11000E-07  3.70000E-08  0.00000E+00  9.99991E+00
  3.26900E+02  3.89000E-07  3.50000E-08  0.00000E+00  9.99991E+00
  3.40900E+02  3.79000E-07  3.50000E-08  0.00000E+00  9.99991E+00
  3.56100E+02  3.59000E-07  3.30000E-08  0.00000E+00  9.99991E+00
  3.72400E+02  3.39000E-07  3.10000E-08  0.00000E+00  9.99991E+00
  3.90100E+02  3.75000E-07  3.50000E-08  0.00000E+00  9.99991E+00
  4.09300E+02  3.60000E-07  3.40000E-08  0.00000E+00  9.99991E+00
  4.30300E+02  3.20000E-07  3.00000E-08  0.00000E+00  9.99991E+00
  4.53300E+02  3.59000E-07  3.40000E-08  0.00000E+00  9.99991E+00
  4.78500E+02  6.07000E-07  5.80000E-08  0.00000E+00  9.99991E+00
  5.06500E+02  1.45300E-06  1.42000E-07  0.00000E+00  9.99991E+00
  5.37500E+02  3.29600E-06  3.28000E-07  0.00000E+00  9.99991E+00
  5.72200E+02  1.95100E-06  1.98000E-07  0.00000E+00  9.99991E+00
  6.11300E+02  1.71000E-07  1.70000E-08  0.00000E+00  9.99991E+00
  6.55700E+02  6.00000E-08  6.00000E-09  0.00000E+00  9.99991E+00
  4.87000E+01  8.04000E-07  6.30000E-08  0.00000E+00  2.00001E+01
  4.93000E+01  9.46000E-07  7.60000E-08  0.00000E+00  2.00001E+01
  5.00000E+01  8.69000E-07  7.10000E-08  0.00000E+00  2.00001E+01
  5.06000E+01  8.07000E-07  6.70000E-08  0.00000E+00  2.00001E+01
  5.13000E+01  6.23000E-07  5.20000E-08  0.00000E+00  2.00001E+01
  5.20000E+01  6.70000E-07  5.60000E-08  0.00000E+00  2.00001E+01
  5.27000E+01  9.06000E-07  7.70000E-08  0.00000E+00  2.00001E+01
  5.34000E+01  5.91000E-07  5.00000E-08  0.00000E+00  2.00001E+01
  5.42000E+01  7.26000E-07  6.20000E-08  0.00000E+00  2.00001E+01
  5.49000E+01  6.11000E-07  5.30000E-08  0.00000E+00  2.00001E+01
  5.57000E+01  6.08000E-07  5.20000E-08  0.00000E+00  2.00001E+01
  5.65000E+01  6.98000E-07  6.00000E-08  0.00000E+00  2.00001E+01
  5.73000E+01  6.52000E-07  5.70000E-08  0.00000E+00  2.00001E+01
  5.81000E+01  5.84000E-07  5.10000E-08  0.00000E+00  2.00001E+01
  5.90000E+01  5.65000E-07  5.00000E-08  0.00000E+00  2.00001E+01
  5.98000E+01  6.77000E-07  6.00000E-08  0.00000E+00  2.00001E+01
  6.07000E+01  7.08000E-07  6.30000E-08  0.00000E+00  2.00001E+01
  6.16000E+01  6.17000E-07  5.50000E-08  0.00000E+00  2.00001E+01
  6.25000E+01  6.42000E-07  5.70000E-08  0.00000E+00  2.00001E+01
  6.35000E+01  6.96000E-07  6.10000E-08  0.00000E+00  2.00001E+01
  6.45000E+01  5.93000E-07  5.20000E-08  0.00000E+00  2.00001E+01
  6.54000E+01  6.63000E-07  5.90000E-08  0.00000E+00  2.00001E+01
  6.65000E+01  6.10000E-07  5.40000E-08  0.00000E+00  2.00001E+01
  6.75000E+01  5.58000E-07  5.00000E-08  0.00000E+00  2.00001E+01
  6.86000E+01  6.89000E-07  6.20000E-08  0.00000E+00  2.00001E+01
  6.97000E+01  6.42000E-07  5.80000E-08  0.00000E+00  2.00001E+01
  7.08000E+01  6.04000E-07  5.40000E-08  0.00000E+00  2.00001E+01
  7.19000E+01  6.30000E-07  5.60000E-08  0.00000E+00  2.00001E+01
  7.31000E+01  6.13000E-07  5.50000E-08  0.00000E+00  2.00001E+01
  7.43000E+01  6.47000E-07  5.70000E-08  0.00000E+00  2.00001E+01
  7.55000E+01  6.29000E-07  5.60000E-08  0.00000E+00  2.00001E+01
  7.68000E+01  6.26000E-07  5.60000E-08  0.00000E+00  2.00001E+01
  7.81000E+01  6.16000E-07  5.50000E-08  0.00000E+00  2.00001E+01
  7.94000E+01  5.82000E-07  5.20000E-08  0.00000E+00  2.00001E+01
  8.08000E+01  5.88000E-07  5.30000E-08  0.00000E+00  2.00001E+01
  8.22000E+01  5.61000E-07  5.00000E-08  0.00000E+00  2.00001E+01
  8.37000E+01  5.61000E-07  5.00000E-08  0.00000E+00  2.00001E+01
  8.52000E+01  6.01000E-07  5.40000E-08  0.00000E+00  2.00001E+01
  8.67000E+01  5.78000E-07  5.20000E-08  0.00000E+00  2.00001E+01
  8.83000E+01  5.65000E-07  5.00000E-08  0.00000E+00  2.00001E+01
  8.99000E+01  5.11000E-07  4.50000E-08  0.00000E+00  2.00001E+01
  9.16000E+01  5.83000E-07  5.20000E-08  0.00000E+00  2.00001E+01
  9.33000E+01  5.15000E-07  4.50000E-08  0.00000E+00  2.00001E+01
  9.50000E+01  5.68000E-07  5.00000E-08  0.00000E+00  2.00001E+01
  9.69000E+01  5.27000E-07  4.60000E-08  0.00000E+00  2.00001E+01
  9.87000E+01  5.81000E-07  5.10000E-08  0.00000E+00  2.00001E+01
  1.00700E+02  5.08000E-07  4.40000E-08  0.00000E+00  2.00001E+01
  1.02700E+02  5.74000E-07  5.00000E-08  0.00000E+00  2.00001E+01
  1.04700E+02  5.27000E-07  4.60000E-08  0.00000E+00  2.00001E+01
  1.06800E+02  5.56000E-07  4.90000E-08  0.00000E+00  2.00001E+01
  1.09000E+02  5.16000E-07  4.60000E-08  0.00000E+00  2.00001E+01
  1.11300E+02  5.36000E-07  4.70000E-08  0.00000E+00  2.00001E+01
  1.13600E+02  5.53000E-07  4.90000E-08  0.00000E+00  2.00001E+01
  1.16100E+02  5.35000E-07  4.70000E-08  0.00000E+00  2.00001E+01
  1.18600E+02  5.25000E-07  4.60000E-08  0.00000E+00  2.00001E+01
  1.21100E+02  5.13000E-07  4.40000E-08  0.00000E+00  2.00001E+01
  1.23800E+02  4.97000E-07  4.30000E-08  0.00000E+00  2.00001E+01
  1.26600E+02  5.03000E-07  4.40000E-08  0.00000E+00  2.00001E+01
  1.29500E+02  4.76000E-07  4.00000E-08  0.00000E+00  2.00001E+01
  1.32400E+02  4.88000E-07  4.10000E-08  0.00000E+00  2.00001E+01
  1.35500E+02  4.62000E-07  3.90000E-08  0.00000E+00  2.00001E+01
  1.38700E+02  4.74000E-07  4.00000E-08  0.00000E+00  2.00001E+01
  1.42100E+02  4.84000E-07  4.10000E-08  0.00000E+00  2.00001E+01
  1.45500E+02  4.86000E-07  4.10000E-08  0.00000E+00  2.00001E+01
  1.49100E+02  4.84000E-07  4.10000E-08  0.00000E+00  2.00001E+01
  1.52900E+02  4.87000E-07  4.10000E-08  0.00000E+00  2.00001E+01
  1.56800E+02  4.62000E-07  3.90000E-08  0.00000E+00  2.00001E+01
  1.60800E+02  4.47000E-07  3.80000E-08  0.00000E+00  2.00001E+01
  1.65100E+02  4.17000E-07  3.50000E-08  0.00000E+00  2.00001E+01
  1.69500E+02  4.00000E-07  3.40000E-08  0.00000E+00  2.00001E+01
  1.74100E+02  4.06000E-07  3.50000E-08  0.00000E+00  2.00001E+01
  1.78900E+02  4.01000E-07  3.40000E-08  0.00000E+00  2.00001E+01
  1.84000E+02  4.17000E-07  3.60000E-08  0.00000E+00  2.00001E+01
  1.89200E+02  3.77000E-07  3.40000E-08  0.00000E+00  2.00001E+01
  1.94800E+02  4.25000E-07  3.80000E-08  0.00000E+00  2.00001E+01
  2.00600E+02  3.89000E-07  3.50000E-08  0.00000E+00  2.00001E+01
  2.06700E+02  3.97000E-07  3.50000E-08  0.00000E+00  2.00001E+01
  2.13100E+02  4.01000E-07  3.60000E-08  0.00000E+00  2.00001E+01
  2.19800E+02  3.85000E-07  3.40000E-08  0.00000E+00  2.00001E+01
  2.26900E+02  3.64000E-07  3.30000E-08  0.00000E+00  2.00001E+01
  2.34400E+02  3.60000E-07  3.20000E-08  0.00000E+00  2.00001E+01
  2.42300E+02  3.41000E-07  3.10000E-08  0.00000E+00  2.00001E+01
  2.50600E+02  3.30000E-07  3.00000E-08  0.00000E+00  2.00001E+01
  2.59500E+02  3.14000E-07  2.80000E-08  0.00000E+00  2.00001E+01
  2.68900E+02  2.95000E-07  2.70000E-08  0.00000E+00  2.00001E+01
  2.78900E+02  2.98000E-07  2.70000E-08  0.00000E+00  2.00001E+01
  2.89500E+02  2.68000E-07  2.40000E-08  0.00000E+00  2.00001E+01
  3.00900E+02  2.79000E-07  2.50000E-08  0.00000E+00  2.00001E+01
  3.13000E+02  2.73000E-07  2.50000E-08  0.00000E+00  2.00001E+01
  3.26000E+02  2.77000E-07  2.50000E-08  0.00000E+00  2.00001E+01
  3.39900E+02  2.84000E-07  2.60000E-08  0.00000E+00  2.00001E+01
  3.54900E+02  3.22000E-07  2.90000E-08  0.00000E+00  2.00001E+01
  3.71100E+02  3.54000E-07  3.30000E-08  0.00000E+00  2.00001E+01
  3.88600E+02  4.19000E-07  3.90000E-08  0.00000E+00  2.00001E+01
  4.07700E+02  5.17000E-07  4.80000E-08  0.00000E+00  2.00001E+01
  4.28400E+02  6.82000E-07  6.40000E-08  0.00000E+00  2.00001E+01
  4.51100E+02  8.36000E-07  7.90000E-08  0.00000E+00  2.00001E+01
  4.76100E+02  9.49000E-07  9.10000E-08  0.00000E+00  2.00001E+01
  5.03600E+02  8.63000E-07  8.40000E-08  0.00000E+00  2.00001E+01
  5.34200E+02  5.76000E-07  5.70000E-08  0.00000E+00  2.00001E+01
  5.68400E+02  1.92000E-07  1.90000E-08  0.00000E+00  2.00001E+01
  6.06900E+02  3.50000E-08  3.00000E-09  0.00000E+00  2.00001E+01
  6.50500E+02  2.00000E-08  2.00000E-09  0.00000E+00  2.00001E+01
  7.00400E+02  1.40000E-08  1.00000E-09  0.00000E+00  2.00001E+01
  6.07000E+01  4.03000E-07  3.60000E-08  0.00000E+00  3.00000E+01
  6.16000E+01  5.91000E-07  5.20000E-08  0.00000E+00  3.00000E+01
  6.25000E+01  5.56000E-07  4.90000E-08  0.00000E+00  3.00000E+01
  6.35000E+01  5.50000E-07  4.90000E-08  0.00000E+00  3.00000E+01
  6.45000E+01  5.88000E-07  5.20000E-08  0.00000E+00  3.00000E+01
  6.54000E+01  5.41000E-07  4.80000E-08  0.00000E+00  3.00000E+01
  6.65000E+01  6.13000E-07  5.50000E-08  0.00000E+00  3.00000E+01
  6.75000E+01  5.11000E-07  4.50000E-08  0.00000E+00  3.00000E+01
  6.86000E+01  5.17000E-07  4.60000E-08  0.00000E+00  3.00000E+01
  6.97000E+01  5.72000E-07  5.10000E-08  0.00000E+00  3.00000E+01
  7.08000E+01  5.82000E-07  5.20000E-08  0.00000E+00  3.00000E+01
  7.19000E+01  5.57000E-07  5.00000E-08  0.00000E+00  3.00000E+01
  7.31000E+01  6.15000E-07  5.50000E-08  0.00000E+00  3.00000E+01
  7.43000E+01  5.72000E-07  5.10000E-08  0.00000E+00  3.00000E+01
  7.55000E+01  5.77000E-07  5.10000E-08  0.00000E+00  3.00000E+01
  7.68000E+01  5.62000E-07  5.00000E-08  0.00000E+00  3.00000E+01
  7.81000E+01  5.60000E-07  5.00000E-08  0.00000E+00  3.00000E+01
  7.94000E+01  4.85000E-07  4.30000E-08  0.00000E+00  3.00000E+01
  8.08000E+01  5.52000E-07  4.90000E-08  0.00000E+00  3.00000E+01
  8.22000E+01  5.34000E-07  4.80000E-08  0.00000E+00  3.00000E+01
  8.37000E+01  5.01000E-07  4.50000E-08  0.00000E+00  3.00000E+01
  8.52000E+01  5.43000E-07  4.80000E-08  0.00000E+00  3.00000E+01
  8.67000E+01  5.23000E-07  4.70000E-08  0.00000E+00  3.00000E+01
  8.83000E+01  5.15000E-07  4.60000E-08  0.00000E+00  3.00000E+01
  8.99000E+01  5.07000E-07  4.60000E-08  0.00000E+00  3.00000E+01
  9.16000E+01  5.36000E-07  4.70000E-08  0.00000E+00  3.00000E+01
  9.33000E+01  4.92000E-07  4.10000E-08  0.00000E+00  3.00000E+01
  9.50000E+01  5.25000E-07  4.30000E-08  0.00000E+00  3.00000E+01
  9.69000E+01  5.06000E-07  4.10000E-08  0.00000E+00  3.00000E+01
  9.87000E+01  5.01000E-07  4.10000E-08  0.00000E+00  3.00000E+01
  1.00700E+02  4.79000E-07  4.00000E-08  0.00000E+00  3.00000E+01
  1.02700E+02  4.68000E-07  4.00000E-08  0.00000E+00  3.00000E+01
  1.04700E+02  4.78000E-07  4.20000E-08  0.00000E+00  3.00000E+01
  1.06800E+02  4.86000E-07  4.30000E-08  0.00000E+00  3.00000E+01
  1.09000E+02  4.68000E-07  4.10000E-08  0.00000E+00  3.00000E+01
  1.11300E+02  4.43000E-07  3.90000E-08  0.00000E+00  3.00000E+01
  1.13600E+02  4.84000E-07  4.30000E-08  0.00000E+00  3.00000E+01
  1.16100E+02  4.64000E-07  4.10000E-08  0.00000E+00  3.00000E+01
  1.18600E+02  4.95000E-07  4.30000E-08  0.00000E+00  3.00000E+01
  1.21100E+02  4.40000E-07  3.80000E-08  0.00000E+00  3.00000E+01
  1.23800E+02  4.56000E-07  4.00000E-08  0.00000E+00  3.00000E+01
  1.26600E+02  4.35000E-07  3.80000E-08  0.00000E+00  3.00000E+01
  1.29500E+02  4.25000E-07  3.50000E-08  0.00000E+00  3.00000E+01
  1.32400E+02  4.23000E-07  3.50000E-08  0.00000E+00  3.00000E+01
  1.35500E+02  4.02000E-07  3.40000E-08  0.00000E+00  3.00000E+01
  1.38700E+02  4.22000E-07  3.50000E-08  0.00000E+00  3.00000E+01
  1.42100E+02  3.99000E-07  3.30000E-08  0.00000E+00  3.00000E+01
  1.45500E+02  4.25000E-07  3.60000E-08  0.00000E+00  3.00000E+01
  1.49100E+02  3.78000E-07  3.20000E-08  0.00000E+00  3.00000E+01
  1.52900E+02  3.75000E-07  3.20000E-08  0.00000E+00  3.00000E+01
  1.56800E+02  3.73000E-07  3.10000E-08  0.00000E+00  3.00000E+01
  1.60800E+02  3.56000E-07  3.00000E-08  0.00000E+00  3.00000E+01
  1.65100E+02  3.58000E-07  3.00000E-08  0.00000E+00  3.00000E+01
  1.69500E+02  3.52000E-07  3.00000E-08  0.00000E+00  3.00000E+01
  1.74100E+02  3.22000E-07  2.70000E-08  0.00000E+00  3.00000E+01
  1.78900E+02  3.28000E-07  2.80000E-08  0.00000E+00  3.00000E+01
  1.84000E+02  3.47000E-07  3.00000E-08  0.00000E+00  3.00000E+01
  1.89200E+02  3.40000E-07  3.00000E-08  0.00000E+00  3.00000E+01
  1.94800E+02  3.12000E-07  2.80000E-08  0.00000E+00  3.00000E+01
  2.00600E+02  3.19000E-07  2.80000E-08  0.00000E+00  3.00000E+01
  2.06700E+02  3.05000E-07  2.70000E-08  0.00000E+00  3.00000E+01
  2.13100E+02  2.89000E-07  2.60000E-08  0.00000E+00  3.00000E+01
  2.19800E+02  2.83000E-07  2.50000E-08  0.00000E+00  3.00000E+01
  2.26900E+02  2.83000E-07  2.50000E-08  0.00000E+00  3.00000E+01
  2.34400E+02  2.85000E-07  2.50000E-08  0.00000E+00  3.00000E+01
  2.42300E+02  2.82000E-07  2.50000E-08  0.00000E+00  3.00000E+01
  2.50600E+02  2.81000E-07  2.50000E-08  0.00000E+00  3.00000E+01
  2.59500E+02  2.70000E-07  2.40000E-08  0.00000E+00  3.00000E+01
  2.68900E+02  2.81000E-07  2.50000E-08  0.00000E+00  3.00000E+01
  2.78900E+02  3.00000E-07  2.70000E-08  0.00000E+00  3.00000E+01
  2.89500E+02  3.05000E-07  2.70000E-08  0.00000E+00  3.00000E+01
  3.00900E+02  3.16000E-07  2.80000E-08  0.00000E+00  3.00000E+01
  3.13000E+02  3.29000E-07  3.00000E-08  0.00000E+00  3.00000E+01
  3.26000E+02  3.44000E-07  3.10000E-08  0.00000E+00  3.00000E+01
  3.39900E+02  3.75000E-07  3.40000E-08  0.00000E+00  3.00000E+01
  3.54900E+02  4.01000E-07  3.70000E-08  0.00000E+00  3.00000E+01
  3.71100E+02  4.19000E-07  3.80000E-08  0.00000E+00  3.00000E+01
  3.88600E+02  4.31000E-07  4.00000E-08  0.00000E+00  3.00000E+01
  4.07700E+02  4.25000E-07  3.90000E-08  0.00000E+00  3.00000E+01
  4.28400E+02  3.82000E-07  3.60000E-08  0.00000E+00  3.00000E+01
  4.51100E+02  2.99000E-07  2.80000E-08  0.00000E+00  3.00000E+01
  4.76100E+02  1.94000E-07  1.80000E-08  0.00000E+00  3.00000E+01
  5.03600E+02  1.08000E-07  1.00000E-08  0.00000E+00  3.00000E+01
  5.34200E+02  4.90000E-08  5.00000E-09  0.00000E+00  3.00000E+01
  5.68400E+02  1.50000E-08  1.00000E-09  0.00000E+00  3.00000E+01
  6.06900E+02  6.00000E-09  0.00000E+00  0.00000E+00  3.00000E+01
  6.50500E+02  4.00000E-09  0.00000E+00  0.00000E+00  3.00000E+01
  7.00400E+02  3.00000E-09  0.00000E+00  0.00000E+00  3.00000E+01
  4.87000E+01  9.34000E-07  7.40000E-08  0.00000E+00  4.00000E+01
  4.93000E+01  7.30000E-07  5.90000E-08  0.00000E+00  4.00000E+01
  5.00000E+01  6.85000E-07  5.60000E-08  0.00000E+00  4.00000E+01
  5.06000E+01  6.83000E-07  5.70000E-08  0.00000E+00  4.00000E+01
  5.13000E+01  6.20000E-07  5.20000E-08  0.00000E+00  4.00000E+01
  5.20000E+01  6.03000E-07  5.10000E-08  0.00000E+00  4.00000E+01
  5.27000E+01  6.41000E-07  5.40000E-08  0.00000E+00  4.00000E+01
  5.34000E+01  6.39000E-07  5.50000E-08  0.00000E+00  4.00000E+01
  5.42000E+01  5.98000E-07  5.10000E-08  0.00000E+00  4.00000E+01
  5.49000E+01  6.31000E-07  5.40000E-08  0.00000E+00  4.00000E+01
  5.57000E+01  6.09000E-07  5.20000E-08  0.00000E+00  4.00000E+01
  5.65000E+01  5.98000E-07  5.10000E-08  0.00000E+00  4.00000E+01
  5.73000E+01  5.94000E-07  5.10000E-08  0.00000E+00  4.00000E+01
  5.81000E+01  5.85000E-07  5.10000E-08  0.00000E+00  4.00000E+01
  5.90000E+01  6.09000E-07  5.40000E-08  0.00000E+00  4.00000E+01
  5.98000E+01  5.86000E-07  5.20000E-08  0.00000E+00  4.00000E+01
  6.07000E+01  5.96000E-07  5.30000E-08  0.00000E+00  4.00000E+01
  6.16000E+01  6.15000E-07  5.50000E-08  0.00000E+00  4.00000E+01
  6.25000E+01  5.66000E-07  5.00000E-08  0.00000E+00  4.00000E+01
  6.35000E+01  5.26000E-07  4.60000E-08  0.00000E+00  4.00000E+01
  6.45000E+01  5.13000E-07  4.50000E-08  0.00000E+00  4.00000E+01
  6.54000E+01  5.42000E-07  4.80000E-08  0.00000E+00  4.00000E+01
  6.65000E+01  5.15000E-07  4.60000E-08  0.00000E+00  4.00000E+01
  6.75000E+01  5.34000E-07  4.70000E-08  0.00000E+00  4.00000E+01
  6.86000E+01  5.54000E-07  5.00000E-08  0.00000E+00  4.00000E+01
  6.97000E+01  5.61000E-07  5.00000E-08  0.00000E+00  4.00000E+01
  7.08000E+01  5.55000E-07  5.00000E-08  0.00000E+00  4.00000E+01
  7.19000E+01  5.47000E-07  4.90000E-08  0.00000E+00  4.00000E+01
  7.31000E+01  5.70000E-07  5.10000E-08  0.00000E+00  4.00000E+01
  7.43000E+01  5.53000E-07  4.90000E-08  0.00000E+00  4.00000E+01
  7.55000E+01  5.54000E-07  4.90000E-08  0.00000E+00  4.00000E+01
  7.68000E+01  5.19000E-07  4.60000E-08  0.00000E+00  4.00000E+01
  7.81000E+01  5.18000E-07  4.60000E-08  0.00000E+00  4.00000E+01
  7.94000E+01  4.96000E-07  4.40000E-08  0.00000E+00  4.00000E+01
  8.08000E+01  5.10000E-07  4.60000E-08  0.00000E+00  4.00000E+01
  8.22000E+01  4.94000E-07  4.40000E-08  0.00000E+00  4.00000E+01
  8.37000E+01  5.07000E-07  4.50000E-08  0.00000E+00  4.00000E+01
  8.52000E+01  4.77000E-07  4.30000E-08  0.00000E+00  4.00000E+01
  8.67000E+01  4.97000E-07  4.40000E-08  0.00000E+00  4.00000E+01
  8.83000E+01  4.82000E-07  4.30000E-08  0.00000E+00  4.00000E+01
  8.99000E+01  4.76000E-07  4.20000E-08  0.00000E+00  4.00000E+01
  9.16000E+01  4.90000E-07  4.30000E-08  0.00000E+00  4.00000E+01
  9.33000E+01  4.96000E-07  4.40000E-08  0.00000E+00  4.00000E+01
  9.50000E+01  4.83000E-07  4.30000E-08  0.00000E+00  4.00000E+01
  9.69000E+01  4.65000E-07  4.10000E-08  0.00000E+00  4.00000E+01
  9.87000E+01  4.62000E-07  4.10000E-08  0.00000E+00  4.00000E+01
  1.00700E+02  4.63000E-07  4.10000E-08  0.00000E+00  4.00000E+01
  1.02700E+02  4.79000E-07  4.20000E-08  0.00000E+00  4.00000E+01
  1.04700E+02  4.66000E-07  4.10000E-08  0.00000E+00  4.00000E+01
  1.06800E+02  4.43000E-07  3.90000E-08  0.00000E+00  4.00000E+01
  1.09000E+02  4.56000E-07  4.00000E-08  0.00000E+00  4.00000E+01
  1.11300E+02  4.45000E-07  3.80000E-08  0.00000E+00  4.00000E+01
  1.13600E+02  4.39000E-07  3.60000E-08  0.00000E+00  4.00000E+01
  1.16100E+02  4.27000E-07  3.40000E-08  0.00000E+00  4.00000E+01
  1.18600E+02  4.28000E-07  3.50000E-08  0.00000E+00  4.00000E+01
  1.21100E+02  4.21000E-07  3.50000E-08  0.00000E+00  4.00000E+01
  1.23800E+02  4.13000E-07  3.50000E-08  0.00000E+00  4.00000E+01
  1.26600E+02  4.05000E-07  3.50000E-08  0.00000E+00  4.00000E+01
  1.29500E+02  4.00000E-07  3.30000E-08  0.00000E+00  4.00000E+01
  1.32400E+02  4.03000E-07  3.40000E-08  0.00000E+00  4.00000E+01
  1.35500E+02  3.90000E-07  3.30000E-08  0.00000E+00  4.00000E+01
  1.38700E+02  3.99000E-07  3.30000E-08  0.00000E+00  4.00000E+01
  1.42100E+02  4.02000E-07  3.40000E-08  0.00000E+00  4.00000E+01
  1.45500E+02  4.01000E-07  3.40000E-08  0.00000E+00  4.00000E+01
  1.49100E+02  3.89000E-07  3.30000E-08  0.00000E+00  4.00000E+01
  1.52900E+02  3.74000E-07  3.10000E-08  0.00000E+00  4.00000E+01
  1.56800E+02  3.65000E-07  3.10000E-08  0.00000E+00  4.00000E+01
  1.60800E+02  3.60000E-07  3.00000E-08  0.00000E+00  4.00000E+01
  1.65100E+02  3.49000E-07  2.90000E-08  0.00000E+00  4.00000E+01
  1.69500E+02  3.44000E-07  2.90000E-08  0.00000E+00  4.00000E+01
  1.74100E+02  3.45000E-07  2.90000E-08  0.00000E+00  4.00000E+01
  1.78900E+02  3.33000E-07  2.80000E-08  0.00000E+00  4.00000E+01
  1.84000E+02  3.33000E-07  2.80000E-08  0.00000E+00  4.00000E+01
  1.89200E+02  3.35000E-07  2.90000E-08  0.00000E+00  4.00000E+01
  1.94800E+02  3.39000E-07  2.90000E-08  0.00000E+00  4.00000E+01
  2.00600E+02  3.29000E-07  2.80000E-08  0.00000E+00  4.00000E+01
  2.06700E+02  3.28000E-07  2.80000E-08  0.00000E+00  4.00000E+01
  2.13100E+02  3.26000E-07  2.80000E-08  0.00000E+00  4.00000E+01
  2.19800E+02  3.10000E-07  2.70000E-08  0.00000E+00  4.00000E+01
  2.26900E+02  3.10000E-07  2.70000E-08  0.00000E+00  4.00000E+01
  2.34400E+02  2.99000E-07  2.60000E-08  0.00000E+00  4.00000E+01
  2.42300E+02  2.96000E-07  2.60000E-08  0.00000E+00  4.00000E+01
  2.50600E+02  2.86000E-07  2.50000E-08  0.00000E+00  4.00000E+01
  2.59500E+02  2.91000E-07  2.60000E-08  0.00000E+00  4.00000E+01
  2.68900E+02  2.82000E-07  2.50000E-08  0.00000E+00  4.00000E+01
  2.78900E+02  2.83000E-07  2.50000E-08  0.00000E+00  4.00000E+01
  2.89500E+02  2.75000E-07  2.40000E-08  0.00000E+00  4.00000E+01
  3.00900E+02  2.65000E-07  2.30000E-08  0.00000E+00  4.00000E+01
  3.13000E+02  2.49000E-07  2.20000E-08  0.00000E+00  4.00000E+01
  3.26000E+02  2.34000E-07  2.10000E-08  0.00000E+00  4.00000E+01
  3.39900E+02  2.12000E-07  1.90000E-08  0.00000E+00  4.00000E+01
  3.54900E+02  1.85000E-07  1.70000E-08  0.00000E+00  4.00000E+01
  3.71100E+02  1.54000E-07  1.40000E-08  0.00000E+00  4.00000E+01
  3.88600E+02  1.19000E-07  1.10000E-08  0.00000E+00  4.00000E+01
  4.07700E+02  8.80000E-08  8.00000E-09  0.00000E+00  4.00000E+01
  4.28400E+02  6.30000E-08  6.00000E-09  0.00000E+00  4.00000E+01
  4.51100E+02  3.80000E-08  3.00000E-09  0.00000E+00  4.00000E+01
  4.76100E+02  2.00000E-08  2.00000E-09  0.00000E+00  4.00000E+01
  5.03600E+02  8.00000E-09  0.00000E+00  0.00000E+00  4.00000E+01
  5.34200E+02  3.00000E-09  0.00000E+00  0.00000E+00  4.00000E+01
  5.68400E+02  2.00000E-09  0.00000E+00  0.00000E+00  4.00000E+01
  6.06900E+02  3.00000E-09  0.00000E+00  0.00000E+00  4.00000E+01
  6.50500E+02  2.00000E-09  0.00000E+00  0.00000E+00  4.00000E+01
  7.00400E+02  3.00000E-09  0.00000E+00  0.00000E+00  4.00000E+01
  4.96000E+01  7.72000E-07  6.20000E-08  0.00000E+00  5.00000E+01
  5.03000E+01  6.99000E-07  5.70000E-08  0.00000E+00  5.00000E+01
  5.10000E+01  6.84000E-07  5.70000E-08  0.00000E+00  5.00000E+01
  5.17000E+01  6.68000E-07  5.60000E-08  0.00000E+00  5.00000E+01
  5.24000E+01  6.30000E-07  5.30000E-08  0.00000E+00  5.00000E+01
  5.31000E+01  6.40000E-07  5.40000E-08  0.00000E+00  5.00000E+01
  5.38000E+01  5.99000E-07  5.10000E-08  0.00000E+00  5.00000E+01
  5.46000E+01  5.31000E-07  4.50000E-08  0.00000E+00  5.00000E+01
  5.53000E+01  5.85000E-07  5.00000E-08  0.00000E+00  5.00000E+01
  5.61000E+01  5.21000E-07  4.50000E-08  0.00000E+00  5.00000E+01
  5.69000E+01  5.30000E-07  4.60000E-08  0.00000E+00  5.00000E+01
  5.77000E+01  5.19000E-07  4.50000E-08  0.00000E+00  5.00000E+01
  5.86000E+01  5.48000E-07  4.80000E-08  0.00000E+00  5.00000E+01
  5.94000E+01  5.41000E-07  4.80000E-08  0.00000E+00  5.00000E+01
  6.03000E+01  5.50000E-07  4.90000E-08  0.00000E+00  5.00000E+01
  6.12000E+01  5.47000E-07  4.80000E-08  0.00000E+00  5.00000E+01
  6.21000E+01  5.14000E-07  4.60000E-08  0.00000E+00  5.00000E+01
  6.30000E+01  5.43000E-07  4.80000E-08  0.00000E+00  5.00000E+01
  6.40000E+01  5.18000E-07  4.60000E-08  0.00000E+00  5.00000E+01
  6.50000E+01  4.85000E-07  4.30000E-08  0.00000E+00  5.00000E+01
  6.60000E+01  5.08000E-07  4.50000E-08  0.00000E+00  5.00000E+01
  6.70000E+01  5.26000E-07  4.70000E-08  0.00000E+00  5.00000E+01
  6.80000E+01  4.89000E-07  4.30000E-08  0.00000E+00  5.00000E+01
  6.91000E+01  4.87000E-07  4.40000E-08  0.00000E+00  5.00000E+01
  7.02000E+01  5.16000E-07  4.60000E-08  0.00000E+00  5.00000E+01
  7.13000E+01  5.36000E-07  4.80000E-08  0.00000E+00  5.00000E+01
  7.25000E+01  5.20000E-07  4.60000E-08  0.00000E+00  5.00000E+01
  7.37000E+01  4.96000E-07  4.40000E-08  0.00000E+00  5.00000E+01
  7.49000E+01  5.03000E-07  4.50000E-08  0.00000E+00  5.00000E+01
  7.62000E+01  5.21000E-07  4.60000E-08  0.00000E+00  5.00000E+01
  7.74000E+01  5.02000E-07  4.50000E-08  0.00000E+00  5.00000E+01
  7.88000E+01  4.72000E-07  4.20000E-08  0.00000E+00  5.00000E+01
  8.01000E+01  4.62000E-07  4.10000E-08  0.00000E+00  5.00000E+01
  8.15000E+01  4.91000E-07  4.40000E-08  0.00000E+00  5.00000E+01
  8.29000E+01  4.44000E-07  4.00000E-08  0.00000E+00  5.00000E+01
  8.44000E+01  4.61000E-07  4.10000E-08  0.00000E+00  5.00000E+01
  8.59000E+01  4.58000E-07  4.10000E-08  0.00000E+00  5.00000E+01
  8.75000E+01  4.72000E-07  4.20000E-08  0.00000E+00  5.00000E+01
  8.91000E+01  4.75000E-07  4.20000E-08  0.00000E+00  5.00000E+01
  9.07000E+01  4.48000E-07  4.00000E-08  0.00000E+00  5.00000E+01
  9.24000E+01  4.63000E-07  4.10000E-08  0.00000E+00  5.00000E+01
  9.41000E+01  4.51000E-07  4.00000E-08  0.00000E+00  5.00000E+01
  9.59000E+01  4.46000E-07  3.90000E-08  0.00000E+00  5.00000E+01
  9.78000E+01  4.48000E-07  3.90000E-08  0.00000E+00  5.00000E+01
  9.97000E+01  4.40000E-07  3.90000E-08  0.00000E+00  5.00000E+01
  1.01600E+02  4.09000E-07  3.60000E-08  0.00000E+00  5.00000E+01
  1.03600E+02  4.16000E-07  3.60000E-08  0.00000E+00  5.00000E+01
  1.05700E+02  4.28000E-07  3.80000E-08  0.00000E+00  5.00000E+01
  1.07900E+02  4.23000E-07  3.70000E-08  0.00000E+00  5.00000E+01
  1.10100E+02  4.29000E-07  3.80000E-08  0.00000E+00  5.00000E+01
  1.12400E+02  4.29000E-07  3.80000E-08  0.00000E+00  5.00000E+01
  1.14800E+02  4.31000E-07  3.80000E-08  0.00000E+00  5.00000E+01
  1.17200E+02  4.13000E-07  3.60000E-08  0.00000E+00  5.00000E+01
  1.19800E+02  4.08000E-07  3.60000E-08  0.00000E+00  5.00000E+01
  1.22400E+02  3.93000E-07  3.40000E-08  0.00000E+00  5.00000E+01
  1.25100E+02  3.92000E-07  3.40000E-08  0.00000E+00  5.00000E+01
  1.27900E+02  3.84000E-07  3.30000E-08  0.00000E+00  5.00000E+01
  1.30900E+02  3.83000E-07  3.20000E-08  0.00000E+00  5.00000E+01
  1.33900E+02  3.66000E-07  3.10000E-08  0.00000E+00  5.00000E+01
  1.37000E+02  3.56000E-07  3.00000E-08  0.00000E+00  5.00000E+01
  1.40300E+02  3.50000E-07  2.90000E-08  0.00000E+00  5.00000E+01
  1.43700E+02  3.43000E-07  2.90000E-08  0.00000E+00  5.00000E+01
  1.47200E+02  3.47000E-07  2.90000E-08  0.00000E+00  5.00000E+01
  1.50900E+02  3.44000E-07  2.90000E-08  0.00000E+00  5.00000E+01
  1.54700E+02  3.38000E-07  2.80000E-08  0.00000E+00  5.00000E+01
  1.58600E+02  3.32000E-07  2.80000E-08  0.00000E+00  5.00000E+01
  1.62800E+02  3.23000E-07  2.70000E-08  0.00000E+00  5.00000E+01
  1.67100E+02  3.12000E-07  2.60000E-08  0.00000E+00  5.00000E+01
  1.71600E+02  3.08000E-07  2.60000E-08  0.00000E+00  5.00000E+01
  1.76300E+02  2.91000E-07  2.50000E-08  0.00000E+00  5.00000E+01
  1.81200E+02  2.84000E-07  2.40000E-08  0.00000E+00  5.00000E+01
  1.86400E+02  2.83000E-07  2.40000E-08  0.00000E+00  5.00000E+01
  1.91700E+02  2.74000E-07  2.40000E-08  0.00000E+00  5.00000E+01
  1.97400E+02  2.58000E-07  2.20000E-08  0.00000E+00  5.00000E+01
  2.03300E+02  2.49000E-07  2.10000E-08  0.00000E+00  5.00000E+01
  2.09500E+02  2.38000E-07  2.10000E-08  0.00000E+00  5.00000E+01
  2.16100E+02  2.32000E-07  2.00000E-08  0.00000E+00  5.00000E+01
  2.23000E+02  2.13000E-07  1.80000E-08  0.00000E+00  5.00000E+01
  2.30200E+02  2.06000E-07  1.80000E-08  0.00000E+00  5.00000E+01
  2.37900E+02  1.92000E-07  1.70000E-08  0.00000E+00  5.00000E+01
  2.46000E+02  1.79000E-07  1.60000E-08  0.00000E+00  5.00000E+01
  2.54600E+02  1.64000E-07  1.40000E-08  0.00000E+00  5.00000E+01
  2.63700E+02  1.55000E-07  1.30000E-08  0.00000E+00  5.00000E+01
  2.73300E+02  1.36000E-07  1.20000E-08  0.00000E+00  5.00000E+01
  2.83600E+02  1.22000E-07  1.10000E-08  0.00000E+00  5.00000E+01
  2.94500E+02  1.09000E-07  9.00000E-09  0.00000E+00  5.00000E+01
  3.06200E+02  9.30000E-08  8.00000E-09  0.00000E+00  5.00000E+01
  3.18600E+02  8.10000E-08  7.00000E-09  0.00000E+00  5.00000E+01
  3.32000E+02  7.00000E-08  6.00000E-09  0.00000E+00  5.00000E+01
  3.46400E+02  6.00000E-08  5.00000E-09  0.00000E+00  5.00000E+01
  3.61900E+02  4.50000E-08  4.00000E-09  0.00000E+00  5.00000E+01
  3.78600E+02  3.50000E-08  3.00000E-09  0.00000E+00  5.00000E+01
  3.96800E+02  2.60000E-08  2.00000E-09  0.00000E+00  5.00000E+01
  4.16500E+02  1.70000E-08  1.00000E-09  0.00000E+00  5.00000E+01
  4.38100E+02  1.00000E-08  1.00000E-09  0.00000E+00  5.00000E+01
  4.61700E+02  6.00000E-09  0.00000E+00  0.00000E+00  5.00000E+01
  4.87700E+02  3.00000E-09  0.00000E+00  0.00000E+00  5.00000E+01
  5.16500E+02  2.00000E-09  0.00000E+00  0.00000E+00  5.00000E+01
  5.48600E+02  2.00000E-09  0.00000E+00  0.00000E+00  5.00000E+01
  5.84500E+02  1.00000E-09  0.00000E+00  0.00000E+00  5.00000E+01
  6.25100E+02  2.00000E-09  0.00000E+00  0.00000E+00  5.00000E+01
  6.71200E+02  2.00000E-09  0.00000E+00  0.00000E+00  5.00000E+01
  4.96000E+01  7.30000E-07  5.90000E-08  0.00000E+00  6.00001E+01
  5.03000E+01  6.87000E-07  5.60000E-08  0.00000E+00  6.00001E+01
  5.10000E+01  6.55000E-07  5.40000E-08  0.00000E+00  6.00001E+01
  5.17000E+01  5.72000E-07  4.80000E-08  0.00000E+00  6.00001E+01
  5.24000E+01  5.76000E-07  4.80000E-08  0.00000E+00  6.00001E+01
  5.31000E+01  5.81000E-07  4.90000E-08  0.00000E+00  6.00001E+01
  5.38000E+01  5.96000E-07  5.10000E-08  0.00000E+00  6.00001E+01
  5.46000E+01  5.78000E-07  4.90000E-08  0.00000E+00  6.00001E+01
  5.53000E+01  5.53000E-07  4.80000E-08  0.00000E+00  6.00001E+01
  5.61000E+01  5.14000E-07  4.40000E-08  0.00000E+00  6.00001E+01
  5.69000E+01  5.17000E-07  4.40000E-08  0.00000E+00  6.00001E+01
  5.77000E+01  5.31000E-07  4.60000E-08  0.00000E+00  6.00001E+01
  5.86000E+01  5.15000E-07  4.50000E-08  0.00000E+00  6.00001E+01
  5.94000E+01  4.81000E-07  4.20000E-08  0.00000E+00  6.00001E+01
  6.03000E+01  5.27000E-07  4.70000E-08  0.00000E+00  6.00001E+01
  6.12000E+01  4.69000E-07  4.20000E-08  0.00000E+00  6.00001E+01
  6.21000E+01  4.79000E-07  4.20000E-08  0.00000E+00  6.00001E+01
  6.30000E+01  4.91000E-07  4.30000E-08  0.00000E+00  6.00001E+01
  6.40000E+01  4.85000E-07  4.30000E-08  0.00000E+00  6.00001E+01
  6.50000E+01  4.63000E-07  4.10000E-08  0.00000E+00  6.00001E+01
  6.60000E+01  4.65000E-07  4.10000E-08  0.00000E+00  6.00001E+01
  6.70000E+01  4.55000E-07  4.00000E-08  0.00000E+00  6.00001E+01
  6.80000E+01  4.45000E-07  3.90000E-08  0.00000E+00  6.00001E+01
  6.91000E+01  4.51000E-07  4.00000E-08  0.00000E+00  6.00001E+01
  7.02000E+01  4.48000E-07  4.00000E-08  0.00000E+00  6.00001E+01
  7.13000E+01  4.60000E-07  4.10000E-08  0.00000E+00  6.00001E+01
  7.25000E+01  4.70000E-07  4.20000E-08  0.00000E+00  6.00001E+01
  7.37000E+01  4.58000E-07  4.10000E-08  0.00000E+00  6.00001E+01
  7.49000E+01  4.66000E-07  4.10000E-08  0.00000E+00  6.00001E+01
  7.62000E+01  4.56000E-07  4.00000E-08  0.00000E+00  6.00001E+01
  7.74000E+01  4.62000E-07  4.10000E-08  0.00000E+00  6.00001E+01
  7.88000E+01  4.41000E-07  3.90000E-08  0.00000E+00  6.00001E+01
  8.01000E+01  4.25000E-07  3.80000E-08  0.00000E+00  6.00001E+01
  8.15000E+01  4.24000E-07  3.80000E-08  0.00000E+00  6.00001E+01
  8.29000E+01  4.07000E-07  3.60000E-08  0.00000E+00  6.00001E+01
  8.44000E+01  4.13000E-07  3.70000E-08  0.00000E+00  6.00001E+01
  8.59000E+01  4.17000E-07  3.70000E-08  0.00000E+00  6.00001E+01
  8.75000E+01  3.96000E-07  3.50000E-08  0.00000E+00  6.00001E+01
  8.91000E+01  4.04000E-07  3.60000E-08  0.00000E+00  6.00001E+01
  9.07000E+01  3.92000E-07  3.50000E-08  0.00000E+00  6.00001E+01
  9.24000E+01  3.93000E-07  3.50000E-08  0.00000E+00  6.00001E+01
  9.41000E+01  3.88000E-07  3.40000E-08  0.00000E+00  6.00001E+01
  9.59000E+01  3.85000E-07  3.40000E-08  0.00000E+00  6.00001E+01
  9.78000E+01  3.82000E-07  3.30000E-08  0.00000E+00  6.00001E+01
  9.97000E+01  3.61000E-07  3.20000E-08  0.00000E+00  6.00001E+01
  1.01600E+02  3.63000E-07  3.20000E-08  0.00000E+00  6.00001E+01
  1.03600E+02  3.64000E-07  3.20000E-08  0.00000E+00  6.00001E+01
  1.05700E+02  3.54000E-07  3.10000E-08  0.00000E+00  6.00001E+01
  1.07900E+02  3.53000E-07  3.10000E-08  0.00000E+00  6.00001E+01
  1.10100E+02  3.43000E-07  3.00000E-08  0.00000E+00  6.00001E+01
  1.12400E+02  3.42000E-07  3.00000E-08  0.00000E+00  6.00001E+01
  1.14800E+02  3.27000E-07  2.90000E-08  0.00000E+00  6.00001E+01
  1.17200E+02  3.30000E-07  2.90000E-08  0.00000E+00  6.00001E+01
  1.19800E+02  3.19000E-07  2.80000E-08  0.00000E+00  6.00001E+01
  1.22400E+02  3.18000E-07  2.70000E-08  0.00000E+00  6.00001E+01
  1.25100E+02  2.99000E-07  2.60000E-08  0.00000E+00  6.00001E+01
  1.27900E+02  3.15000E-07  2.70000E-08  0.00000E+00  6.00001E+01
  1.30900E+02  2.90000E-07  2.40000E-08  0.00000E+00  6.00001E+01
  1.33900E+02  2.83000E-07  2.40000E-08  0.00000E+00  6.00001E+01
  1.37000E+02  2.80000E-07  2.30000E-08  0.00000E+00  6.00001E+01
  1.40300E+02  2.71000E-07  2.30000E-08  0.00000E+00  6.00001E+01
  1.43700E+02  2.68000E-07  2.20000E-08  0.00000E+00  6.00001E+01
  1.47200E+02  2.59000E-07  2.20000E-08  0.00000E+00  6.00001E+01
  1.50900E+02  2.55000E-07  2.10000E-08  0.00000E+00  6.00001E+01
  1.54700E+02  2.39000E-07  2.00000E-08  0.00000E+00  6.00001E+01
  1.58600E+02  2.23000E-07  1.90000E-08  0.00000E+00  6.00001E+01
  1.62800E+02  2.13000E-07  1.80000E-08  0.00000E+00  6.00001E+01
  1.67100E+02  2.02000E-07  1.70000E-08  0.00000E+00  6.00001E+01
  1.71600E+02  1.90000E-07  1.60000E-08  0.00000E+00  6.00001E+01
  1.76300E+02  1.78000E-07  1.50000E-08  0.00000E+00  6.00001E+01
  1.81200E+02  1.71000E-07  1.40000E-08  0.00000E+00  6.00001E+01
  1.86400E+02  1.60000E-07  1.30000E-08  0.00000E+00  6.00001E+01
  1.91700E+02  1.49000E-07  1.30000E-08  0.00000E+00  6.00001E+01
  1.97400E+02  1.40000E-07  1.20000E-08  0.00000E+00  6.00001E+01
  2.03300E+02  1.30000E-07  1.10000E-08  0.00000E+00  6.00001E+01
  2.09500E+02  1.19000E-07  1.00000E-08  0.00000E+00  6.00001E+01
  2.16100E+02  1.11000E-07  9.00000E-09  0.00000E+00  6.00001E+01
  2.23000E+02  9.70000E-08  8.00000E-09  0.00000E+00  6.00001E+01
  2.30200E+02  8.80000E-08  7.00000E-09  0.00000E+00  6.00001E+01
  2.37900E+02  8.20000E-08  7.00000E-09  0.00000E+00  6.00001E+01
  2.46000E+02  7.10000E-08  6.00000E-09  0.00000E+00  6.00001E+01
  2.54600E+02  6.20000E-08  5.00000E-09  0.00000E+00  6.00001E+01
  2.63700E+02  5.30000E-08  4.00000E-09  0.00000E+00  6.00001E+01
  2.73300E+02  4.50000E-08  4.00000E-09  0.00000E+00  6.00001E+01
  2.83600E+02  4.00000E-08  3.00000E-09  0.00000E+00  6.00001E+01
  2.94500E+02  3.50000E-08  3.00000E-09  0.00000E+00  6.00001E+01
  3.06200E+02  2.70000E-08  2.00000E-09  0.00000E+00  6.00001E+01
  3.18600E+02  2.40000E-08  2.00000E-09  0.00000E+00  6.00001E+01
  3.32000E+02  1.80000E-08  1.00000E-09  0.00000E+00  6.00001E+01
  3.46400E+02  1.40000E-08  1.00000E-09  0.00000E+00  6.00001E+01
  3.61900E+02  1.10000E-08  1.00000E-09  0.00000E+00  6.00001E+01
  3.78600E+02  7.00000E-09  0.00000E+00  0.00000E+00  6.00001E+01
  3.96800E+02  5.00000E-09  0.00000E+00  0.00000E+00  6.00001E+01
  4.16500E+02  2.00000E-09  0.00000E+00  0.00000E+00  6.00001E+01
  4.38100E+02  2.00000E-09  0.00000E+00  0.00000E+00  6.00001E+01
  4.61700E+02  1.00000E-09  0.00000E+00  0.00000E+00  6.00001E+01
  4.87700E+02  1.00000E-09  0.00000E+00  0.00000E+00  6.00001E+01
  5.16500E+02  1.00000E-09  0.00000E+00  0.00000E+00  6.00001E+01
  5.48600E+02  1.00000E-09  0.00000E+00  0.00000E+00  6.00001E+01
  5.84500E+02  1.00000E-09  0.00000E+00  0.00000E+00  6.00001E+01
  6.25100E+02  1.00000E-09  0.00000E+00  0.00000E+00  6.00001E+01
  6.71200E+02  2.00000E-09  0.00000E+00  0.00000E+00  6.00001E+01
# Full reference:
#S.M.Beck, C.A.Powell
#Rept. N.A.S.A. Technical Note No.8119, 1976
#Proton and Deuteron Double Differential Cross Sections At  Angles  from 10 Degree to 60 Degree from be, C, Al, Fe, Cu, Ge, W and Pb Under 558-MeV Proton  Irradiation.
#
