# Target Z    :  13
# Target A    :  27
# Target state:  
# Projectile  : p
# Reaction    : (p,xp)
# E-inc       :   68.000 MeV
# Quantity    : Double-differential cross section
# Frame       : L
# MF          :    6
# MT          :  203
# X4 ID       : E2400119 
# X4 code     : 13-AL-27(P,X)1-H-1,,DA/DE
# Author      : Harada                   
# Year        : 2002
# Data points :    137
# E-out(MeV) xs(mb/MeV.sr) dxs(mb/MeV.sr) dE(MeV)      Evaluation  C/E(F)      Chi-2     Delta(mb)
  2.00000E+00  3.90700E-06  6.21100E-08  0.00000E+00  6.00001E+01
  2.50000E+00  4.41550E-06  6.60200E-08  0.00000E+00  6.00001E+01
  3.00000E+00  4.38460E-06  6.58500E-08  0.00000E+00  6.00001E+01
  3.50000E+00  4.27690E-06  6.49200E-08  0.00000E+00  6.00001E+01
  4.00000E+00  3.99670E-06  6.28200E-08  0.00000E+00  6.00001E+01
  4.50000E+00  3.71480E-06  6.05600E-08  0.00000E+00  6.00001E+01
  5.00000E+00  3.44340E-06  5.83800E-08  0.00000E+00  6.00001E+01
  5.50000E+00  3.04410E-06  5.47700E-08  0.00000E+00  6.00001E+01
  6.00000E+00  2.84800E-06  5.29700E-08  0.00000E+00  6.00001E+01
  6.50000E+00  2.75440E-06  5.20900E-08  0.00000E+00  6.00001E+01
  7.00000E+00  2.52380E-06  4.65600E-08  0.00000E+00  6.00001E+01
  7.50000E+00  2.33230E-06  4.47600E-08  0.00000E+00  6.00001E+01
  8.00000E+00  2.07200E-06  4.21800E-08  0.00000E+00  6.00001E+01
  8.50000E+00  1.88940E-06  4.94800E-08  0.00000E+00  6.00001E+01
  9.00000E+00  1.72100E-06  4.72200E-08  0.00000E+00  6.00001E+01
  9.50000E+00  1.65750E-06  4.63400E-08  0.00000E+00  6.00001E+01
  1.00000E+01  1.61050E-06  4.60500E-08  0.00000E+00  6.00001E+01
  1.05000E+01  1.52160E-06  4.45000E-08  0.00000E+00  6.00001E+01
  1.10000E+01  1.43950E-06  4.35800E-08  0.00000E+00  6.00001E+01
  1.15000E+01  1.39830E-06  4.25600E-08  0.00000E+00  6.00001E+01
  1.20000E+01  1.35450E-06  4.19900E-08  0.00000E+00  6.00001E+01
  1.25000E+01  1.30780E-06  4.12700E-08  0.00000E+00  6.00001E+01
  1.30000E+01  1.31300E-06  4.13500E-08  0.00000E+00  6.00001E+01
  1.35000E+01  1.22620E-06  3.99600E-08  0.00000E+00  6.00001E+01
  1.40000E+01  1.19510E-06  3.94600E-08  0.00000E+00  6.00001E+01
  1.45000E+01  1.16400E-06  3.89400E-08  0.00000E+00  6.00001E+01
  1.50000E+01  1.08860E-06  3.75500E-08  0.00000E+00  6.00001E+01
  1.55000E+01  1.09120E-06  3.76000E-08  0.00000E+00  6.00001E+01
  1.60000E+01  1.11190E-06  3.79500E-08  0.00000E+00  6.00001E+01
  1.65000E+01  1.07350E-06  3.75200E-08  0.00000E+00  6.00001E+01
  1.70000E+01  1.07430E-06  3.73100E-08  0.00000E+00  6.00001E+01
  1.75000E+01  1.03590E-06  3.68700E-08  0.00000E+00  6.00001E+01
  1.80000E+01  1.08260E-06  3.76800E-08  0.00000E+00  6.00001E+01
  1.85000E+01  1.00330E-06  3.61700E-08  0.00000E+00  6.00001E+01
  1.90000E+01  1.02560E-06  3.66800E-08  0.00000E+00  6.00001E+01
  1.95000E+01  9.94200E-07  3.60100E-08  0.00000E+00  6.00001E+01
  2.00000E+01  1.03020E-06  3.65300E-08  0.00000E+00  6.00001E+01
  2.05000E+01  9.51700E-07  3.53600E-08  0.00000E+00  6.00001E+01
  2.10000E+01  9.36900E-07  3.48400E-08  0.00000E+00  6.00001E+01
  2.15000E+01  9.77100E-07  3.55800E-08  0.00000E+00  6.00001E+01
  2.20000E+01  9.07300E-07  3.44100E-08  0.00000E+00  6.00001E+01
  2.25000E+01  9.30900E-07  3.49700E-08  0.00000E+00  6.00001E+01
  2.30000E+01  1.00740E-06  3.63600E-08  0.00000E+00  6.00001E+01
  2.35000E+01  9.85400E-07  3.59700E-08  0.00000E+00  6.00001E+01
  2.40000E+01  9.19500E-07  3.48800E-08  0.00000E+00  6.00001E+01
  2.45000E+01  8.89500E-07  3.42000E-08  0.00000E+00  6.00001E+01
  2.50000E+01  8.99300E-07  3.41300E-08  0.00000E+00  6.00001E+01
  2.55000E+01  9.40800E-07  3.49100E-08  0.00000E+00  6.00001E+01
  2.60000E+01  8.98300E-07  3.42400E-08  0.00000E+00  6.00001E+01
  2.65000E+01  9.14900E-07  3.44300E-08  0.00000E+00  6.00001E+01
  2.70000E+01  8.52700E-07  3.32400E-08  0.00000E+00  6.00001E+01
  2.75000E+01  8.44900E-07  3.30900E-08  0.00000E+00  6.00001E+01
  2.80000E+01  8.13800E-07  3.24700E-08  0.00000E+00  6.00001E+01
  2.85000E+01  8.44900E-07  3.30900E-08  0.00000E+00  6.00001E+01
  2.90000E+01  8.47500E-07  3.31400E-08  0.00000E+00  6.00001E+01
  2.95000E+01  8.13800E-07  3.24700E-08  0.00000E+00  6.00001E+01
  3.00000E+01  8.03900E-07  3.25400E-08  0.00000E+00  6.00001E+01
  3.05000E+01  8.20300E-07  3.26000E-08  0.00000E+00  6.00001E+01
  3.10000E+01  8.06000E-07  3.23200E-08  0.00000E+00  6.00001E+01
  3.15000E+01  8.37400E-07  3.30700E-08  0.00000E+00  6.00001E+01
  3.20000E+01  8.55800E-07  3.35500E-08  0.00000E+00  6.00001E+01
  3.25000E+01  7.66300E-07  3.17800E-08  0.00000E+00  6.00001E+01
  3.30000E+01  7.45400E-07  3.12100E-08  0.00000E+00  6.00001E+01
  3.35000E+01  7.82700E-07  3.18400E-08  0.00000E+00  6.00001E+01
  3.40000E+01  7.60700E-07  3.13900E-08  0.00000E+00  6.00001E+01
  3.45000E+01  7.46400E-07  3.11000E-08  0.00000E+00  6.00001E+01
  3.50000E+01  7.75200E-07  3.18200E-08  0.00000E+00  6.00001E+01
  3.55000E+01  7.71300E-07  3.17500E-08  0.00000E+00  6.00001E+01
  3.60000E+01  6.61100E-07  2.94100E-08  0.00000E+00  6.00001E+01
  3.65000E+01  7.38600E-07  3.09300E-08  0.00000E+00  6.00001E+01
  3.70000E+01  7.25900E-07  3.08100E-08  0.00000E+00  6.00001E+01
  3.75000E+01  7.28300E-07  3.07200E-08  0.00000E+00  6.00001E+01
  3.80000E+01  6.37500E-07  2.87400E-08  0.00000E+00  6.00001E+01
  3.85000E+01  7.04900E-07  3.02200E-08  0.00000E+00  6.00001E+01
  3.90000E+01  6.86000E-07  3.01000E-08  0.00000E+00  6.00001E+01
  3.95000E+01  6.69900E-07  2.94600E-08  0.00000E+00  6.00001E+01
  4.00000E+01  6.23300E-07  2.84200E-08  0.00000E+00  6.00001E+01
  4.05000E+01  7.02800E-07  3.04600E-08  0.00000E+00  6.00001E+01
  4.10000E+01  6.63500E-07  2.93200E-08  0.00000E+00  6.00001E+01
  4.15000E+01  5.89600E-07  2.76400E-08  0.00000E+00  6.00001E+01
  4.20000E+01  6.15500E-07  2.82400E-08  0.00000E+00  6.00001E+01
  4.25000E+01  6.22000E-07  2.83900E-08  0.00000E+00  6.00001E+01
  4.30000E+01  6.00000E-07  2.78800E-08  0.00000E+00  6.00001E+01
  4.35000E+01  6.08000E-07  2.82200E-08  0.00000E+00  6.00001E+01
  4.40000E+01  5.86000E-07  2.77100E-08  0.00000E+00  6.00001E+01
  4.45000E+01  5.94800E-07  2.77600E-08  0.00000E+00  6.00001E+01
  4.50000E+01  5.61100E-07  2.69600E-08  0.00000E+00  6.00001E+01
  4.55000E+01  5.42900E-07  2.65200E-08  0.00000E+00  6.00001E+01
  4.60000E+01  5.54600E-07  2.68100E-08  0.00000E+00  6.00001E+01
  4.65000E+01  5.71400E-07  2.72100E-08  0.00000E+00  6.00001E+01
  4.70000E+01  5.11800E-07  2.57500E-08  0.00000E+00  6.00001E+01
  4.75000E+01  4.96300E-07  2.53600E-08  0.00000E+00  6.00001E+01
  4.80000E+01  5.82100E-07  2.76200E-08  0.00000E+00  6.00001E+01
  4.85000E+01  4.62600E-07  2.44800E-08  0.00000E+00  6.00001E+01
  4.90000E+01  4.87500E-07  2.53000E-08  0.00000E+00  6.00001E+01
  4.95000E+01  4.79400E-07  2.49200E-08  0.00000E+00  6.00001E+01
  5.00000E+01  4.88500E-07  2.51600E-08  0.00000E+00  6.00001E+01
  5.05000E+01  5.06700E-07  2.56200E-08  0.00000E+00  6.00001E+01
  5.10000E+01  4.27600E-07  2.35400E-08  0.00000E+00  6.00001E+01
  5.15000E+01  4.13300E-07  2.31400E-08  0.00000E+00  6.00001E+01
  5.20000E+01  4.09500E-07  2.30300E-08  0.00000E+00  6.00001E+01
  5.25000E+01  4.03200E-07  2.30400E-08  0.00000E+00  6.00001E+01
  5.30000E+01  4.31500E-07  2.36400E-08  0.00000E+00  6.00001E+01
  5.35000E+01  3.50100E-07  2.15000E-08  0.00000E+00  6.00001E+01
  5.40000E+01  3.82200E-07  2.22500E-08  0.00000E+00  6.00001E+01
  5.45000E+01  3.79700E-07  2.21800E-08  0.00000E+00  6.00001E+01
  5.50000E+01  3.44700E-07  2.11300E-08  0.00000E+00  6.00001E+01
  5.55000E+01  3.65400E-07  2.17600E-08  0.00000E+00  6.00001E+01
  5.60000E+01  3.52400E-07  2.13700E-08  0.00000E+00  6.00001E+01
  5.65000E+01  2.85100E-07  1.92200E-08  0.00000E+00  6.00001E+01
  5.70000E+01  3.53700E-07  2.14100E-08  0.00000E+00  6.00001E+01
  5.75000E+01  2.68200E-07  1.86400E-08  0.00000E+00  6.00001E+01
  5.80000E+01  4.50900E-07  2.41700E-08  0.00000E+00  6.00001E+01
  5.85000E+01  2.90200E-07  1.93900E-08  0.00000E+00  6.00001E+01
  5.90000E+01  1.85300E-07  1.54900E-08  0.00000E+00  6.00001E+01
  5.95000E+01  1.85300E-07  1.54900E-08  0.00000E+00  6.00001E+01
  6.00000E+01  2.46200E-07  1.78600E-08  0.00000E+00  6.00001E+01
  6.05000E+01  3.86100E-07  2.23700E-08  0.00000E+00  6.00001E+01
  6.10000E+01  1.55500E-07  1.41900E-08  0.00000E+00  6.00001E+01
  6.15000E+01  1.03600E-07  1.15900E-08  0.00000E+00  6.00001E+01
  6.20000E+01  3.82200E-07  2.22500E-08  0.00000E+00  6.00001E+01
  6.25000E+01  3.35600E-07  2.08500E-08  0.00000E+00  6.00001E+01
  6.30000E+01  1.77500E-07  1.51600E-08  0.00000E+00  6.00001E+01
  6.35000E+01  1.15300E-07  1.22200E-08  0.00000E+00  6.00001E+01
  6.40000E+01  1.99500E-07  1.60800E-08  0.00000E+00  6.00001E+01
  6.45000E+01  1.68080E-06  4.66700E-08  0.00000E+00  6.00001E+01
  6.50000E+01  1.87650E-06  4.93100E-08  0.00000E+00  6.00001E+01
  6.55000E+01  2.52700E-07  1.80900E-08  0.00000E+00  6.00001E+01
  6.60000E+01  6.60900E-08  9.25400E-09  0.00000E+00  6.00001E+01
  6.65000E+01  1.68400E-08  4.67200E-09  0.00000E+00  6.00001E+01
  6.70000E+01  6.47900E-09  2.89700E-09  0.00000E+00  6.00001E+01
  6.75000E+01  5.18300E-09  2.59100E-09  0.00000E+00  6.00001E+01
  6.80000E+01  1.29500E-09  1.29500E-09  0.00000E+00  6.00001E+01
  6.85000E+01  0.00000E+00  0.00000E+00  0.00000E+00  6.00001E+01
  6.90000E+01  0.00000E+00  0.00000E+00  0.00000E+00  6.00001E+01
  6.95000E+01  0.00000E+00  0.00000E+00  0.00000E+00  6.00001E+01
  7.00000E+01  0.00000E+00  0.00000E+00  0.00000E+00  6.00001E+01
# Full reference:
#M.Harada,  Y.Watanabe,  Y.Tanaka,  Y.Matsuoka,  K.Shin, S.Meigo,  H.Nakashima,  H.Takada,  T.Sasa,
# O.Iwamoto, T.Fukahori,  S.Chiba,  S.Tanaka
#Jour. Jour. of Nuclear Science and Technology Suppl. Vol.2, p.393, 2002
#Light charged-particle production in proton-induced reactions on 12C, 27Al, 58Ni, 90Zr, 197Au, and 209Bi at 42 and 68 MeV
#
