# Target Z    :  73
# Target A    : 181
# Target state:  
# Projectile  : p
# Reaction    : (p,xa)
# E-inc       :   24.800 MeV
# Quantity    : Differential cross section
# Frame       : L
# MF          :    5
# MT          :  207
# X4 ID       : O2263003 
# X4 code     : 73-TA-181(P,X)2-HE-4,,DE
# Author      : Gadioli                  
# Year        : 1973
# Data points :     68
# E-out(MeV)  xs(mb/MeV)  dxs(mb/MeV)     dE(MeV)      Evaluation  C/E(F)      Chi-2     Delta(mb)
  1.18000E+01  5.79000E-08  0.00000E+00  0.00000E+00
  1.22000E+01  7.80000E-08  0.00000E+00  0.00000E+00
  1.24400E+01  6.75000E-08  0.00000E+00  0.00000E+00
  1.26700E+01  4.95000E-08  0.00000E+00  0.00000E+00
  1.30800E+01  4.75000E-08  0.00000E+00  0.00000E+00
  1.32400E+01  6.77000E-08  0.00000E+00  0.00000E+00
  1.36100E+01  7.68000E-08  0.00000E+00  0.00000E+00
  1.38900E+01  6.13000E-08  0.00000E+00  0.00000E+00
  1.42000E+01  8.39000E-08  0.00000E+00  0.00000E+00
  1.44600E+01  1.29000E-07  0.00000E+00  0.00000E+00
  1.47800E+01  1.03000E-07  0.00000E+00  0.00000E+00
  1.50300E+01  1.11000E-07  0.00000E+00  0.00000E+00
  1.54300E+01  1.25000E-07  0.00000E+00  0.00000E+00
  1.56800E+01  1.39000E-07  0.00000E+00  0.00000E+00
  1.59700E+01  1.30000E-07  0.00000E+00  0.00000E+00
  1.62500E+01  1.53000E-07  0.00000E+00  0.00000E+00
  1.65900E+01  1.78000E-07  9.87000E-09  0.00000E+00
  1.68900E+01  1.63000E-07  0.00000E+00  0.00000E+00
  1.71800E+01  1.88000E-07  0.00000E+00  0.00000E+00
  1.75000E+01  2.18000E-07  0.00000E+00  0.00000E+00
  1.78000E+01  2.29000E-07  0.00000E+00  0.00000E+00
  1.81300E+01  2.46000E-07  0.00000E+00  0.00000E+00
  1.83900E+01  2.38000E-07  0.00000E+00  0.00000E+00
  1.86400E+01  2.77000E-07  0.00000E+00  0.00000E+00
  1.89600E+01  2.83000E-07  0.00000E+00  0.00000E+00
  1.91400E+01  2.99000E-07  0.00000E+00  0.00000E+00
  1.94800E+01  3.26000E-07  0.00000E+00  0.00000E+00
  1.98400E+01  3.52000E-07  0.00000E+00  0.00000E+00
  2.01000E+01  3.14000E-07  0.00000E+00  0.00000E+00
  2.04900E+01  3.85000E-07  1.53000E-08  0.00000E+00
  2.07100E+01  4.11000E-07  0.00000E+00  0.00000E+00
  2.10000E+01  4.06000E-07  0.00000E+00  0.00000E+00
  2.12400E+01  4.01000E-07  0.00000E+00  0.00000E+00
  2.14800E+01  4.34000E-07  0.00000E+00  0.00000E+00
  2.18800E+01  4.46000E-07  0.00000E+00  0.00000E+00
  2.21600E+01  4.56000E-07  0.00000E+00  0.00000E+00
  2.25300E+01  4.36000E-07  0.00000E+00  0.00000E+00
  2.28100E+01  4.52000E-07  0.00000E+00  0.00000E+00
  2.31600E+01  4.61000E-07  0.00000E+00  0.00000E+00
  2.33800E+01  4.35000E-07  0.00000E+00  0.00000E+00
  2.36100E+01  4.80000E-07  0.00000E+00  0.00000E+00
  2.39800E+01  4.81000E-07  1.36000E-08  0.00000E+00
  2.42100E+01  4.69000E-07  0.00000E+00  0.00000E+00
  2.45700E+01  4.56000E-07  0.00000E+00  0.00000E+00
  2.48200E+01  4.70000E-07  0.00000E+00  0.00000E+00
  2.51800E+01  4.63000E-07  0.00000E+00  0.00000E+00
  2.53800E+01  4.29000E-07  0.00000E+00  0.00000E+00
  2.58000E+01  4.34000E-07  0.00000E+00  0.00000E+00
  2.61600E+01  4.36000E-07  0.00000E+00  0.00000E+00
  2.64100E+01  4.03000E-07  0.00000E+00  0.00000E+00
  2.68000E+01  4.08000E-07  0.00000E+00  0.00000E+00
  2.70100E+01  3.66000E-07  1.29000E-08  0.00000E+00
  2.73100E+01  3.46000E-07  0.00000E+00  0.00000E+00
  2.76900E+01  2.96000E-07  0.00000E+00  0.00000E+00
  2.79800E+01  2.84000E-07  0.00000E+00  0.00000E+00
  2.81800E+01  2.64000E-07  0.00000E+00  0.00000E+00
  2.85600E+01  2.57000E-07  0.00000E+00  0.00000E+00
  2.86900E+01  2.25000E-07  0.00000E+00  0.00000E+00
  2.91200E+01  1.85000E-07  1.17000E-08  0.00000E+00
  2.94700E+01  1.32000E-07  0.00000E+00  0.00000E+00
  2.97000E+01  1.11000E-07  0.00000E+00  0.00000E+00
  2.99500E+01  8.69000E-08  0.00000E+00  0.00000E+00
  3.01900E+01  7.63000E-08  0.00000E+00  0.00000E+00
  3.04700E+01  6.39000E-08  0.00000E+00  0.00000E+00
  3.08500E+01  5.26000E-08  0.00000E+00  0.00000E+00
  3.10800E+01  3.71000E-08  0.00000E+00  0.00000E+00
  3.13800E+01  1.48000E-08  0.00000E+00  0.00000E+00
  3.17400E+01  4.83000E-09  0.00000E+00  0.00000E+00
# Full reference:
#E.Gadioli,  I.Lori,  N.Molho,  L.Zetta
#Rept. INFN Reports / Low Energy Physics Series No.73/5, 1973
#(p,a) reactions on heavy nuclei.
