# Target Z    :  73
# Target A    : 181
# Target state:  
# Projectile  : p
# Reaction    : (p,xa)
# E-inc       :   29.700 MeV
# Quantity    : Differential cross section
# Frame       : L
# MF          :    5
# MT          :  207
# X4 ID       : O2263004 
# X4 code     : 73-TA-181(P,X)2-HE-4,,DE
# Author      : Gadioli                  
# Year        : 1973
# Data points :     69
# E-out(MeV)  xs(mb/MeV)  dxs(mb/MeV)     dE(MeV)      Evaluation  C/E(F)      Chi-2     Delta(mb)
  1.32100E+01  1.18000E-07  0.00000E+00  0.00000E+00
  1.36700E+01  1.14000E-07  0.00000E+00  0.00000E+00
  1.40300E+01  1.25000E-07  0.00000E+00  0.00000E+00
  1.41800E+01  1.48000E-07  0.00000E+00  0.00000E+00
  1.46900E+01  1.52000E-07  0.00000E+00  0.00000E+00
  1.50500E+01  1.72000E-07  0.00000E+00  0.00000E+00
  1.52700E+01  2.03000E-07  0.00000E+00  0.00000E+00
  1.56800E+01  2.30000E-07  0.00000E+00  0.00000E+00
  1.60800E+01  2.84000E-07  0.00000E+00  0.00000E+00
  1.64600E+01  3.13000E-07  0.00000E+00  0.00000E+00
  1.68000E+01  3.36000E-07  0.00000E+00  0.00000E+00
  1.70700E+01  3.50000E-07  8.47000E-09  0.00000E+00
  1.73900E+01  4.19000E-07  0.00000E+00  0.00000E+00
  1.74400E+01  4.09000E-07  0.00000E+00  0.00000E+00
  1.78200E+01  4.33000E-07  0.00000E+00  0.00000E+00
  1.82600E+01  4.34000E-07  0.00000E+00  0.00000E+00
  1.87300E+01  4.63000E-07  0.00000E+00  0.00000E+00
  1.88800E+01  4.85000E-07  0.00000E+00  0.00000E+00
  1.92600E+01  4.92000E-07  0.00000E+00  0.00000E+00
  1.95300E+01  5.06000E-07  0.00000E+00  0.00000E+00
  1.99100E+01  5.12000E-07  1.55000E-08  0.00000E+00
  2.02200E+01  5.06000E-07  0.00000E+00  0.00000E+00
  2.05600E+01  5.37000E-07  0.00000E+00  0.00000E+00
  2.09200E+01  5.17000E-07  0.00000E+00  0.00000E+00
  2.12400E+01  5.51000E-07  0.00000E+00  0.00000E+00
  2.16200E+01  5.27000E-07  0.00000E+00  0.00000E+00
  2.20600E+01  5.83000E-07  1.55000E-08  0.00000E+00
  2.22600E+01  5.42000E-07  0.00000E+00  0.00000E+00
  2.26400E+01  5.43000E-07  0.00000E+00  0.00000E+00
  2.30000E+01  5.88000E-07  0.00000E+00  0.00000E+00
  2.32700E+01  5.48000E-07  0.00000E+00  0.00000E+00
  2.37100E+01  5.46000E-07  0.00000E+00  0.00000E+00
  2.40600E+01  5.53000E-07  0.00000E+00  0.00000E+00
  2.43600E+01  5.41000E-07  0.00000E+00  0.00000E+00
  2.47100E+01  5.12000E-07  0.00000E+00  0.00000E+00
  2.51200E+01  5.17000E-07  1.31000E-08  0.00000E+00
  2.54200E+01  5.02000E-07  0.00000E+00  0.00000E+00
  2.57300E+01  5.01000E-07  0.00000E+00  0.00000E+00
  2.60200E+01  4.82000E-07  0.00000E+00  0.00000E+00
  2.64600E+01  4.56000E-07  0.00000E+00  0.00000E+00
  2.68900E+01  4.75000E-07  0.00000E+00  0.00000E+00
  2.71200E+01  4.83000E-07  0.00000E+00  0.00000E+00
  2.74400E+01  4.87000E-07  0.00000E+00  0.00000E+00
  2.77700E+01  4.50000E-07  0.00000E+00  0.00000E+00
  2.82200E+01  4.27000E-07  0.00000E+00  0.00000E+00
  2.85700E+01  4.33000E-07  0.00000E+00  0.00000E+00
  2.88500E+01  4.30000E-07  0.00000E+00  0.00000E+00
  2.90400E+01  4.07000E-07  0.00000E+00  0.00000E+00
  2.95200E+01  3.87000E-07  0.00000E+00  0.00000E+00
  2.99500E+01  3.79000E-07  0.00000E+00  0.00000E+00
  3.01500E+01  3.62000E-07  0.00000E+00  0.00000E+00
  3.05300E+01  3.60000E-07  0.00000E+00  0.00000E+00
  3.09500E+01  3.48000E-07  1.00000E-08  0.00000E+00
  3.11500E+01  3.25000E-07  0.00000E+00  0.00000E+00
  3.14600E+01  3.02000E-07  0.00000E+00  0.00000E+00
  3.18900E+01  2.88000E-07  0.00000E+00  0.00000E+00
  3.20500E+01  2.62000E-07  0.00000E+00  0.00000E+00
  3.23900E+01  2.30000E-07  0.00000E+00  0.00000E+00
  3.27900E+01  1.98000E-07  0.00000E+00  0.00000E+00
  3.31400E+01  2.04000E-07  0.00000E+00  0.00000E+00
  3.35400E+01  1.97000E-07  0.00000E+00  0.00000E+00
  3.38200E+01  1.35000E-07  0.00000E+00  0.00000E+00
  3.41400E+01  8.77000E-08  0.00000E+00  0.00000E+00
  3.44700E+01  6.66000E-08  0.00000E+00  0.00000E+00
  3.47700E+01  6.02000E-08  0.00000E+00  0.00000E+00
  3.51700E+01  4.99000E-08  0.00000E+00  0.00000E+00
  3.55300E+01  4.12000E-08  0.00000E+00  0.00000E+00
  3.59200E+01  2.16000E-08  0.00000E+00  0.00000E+00
  3.65000E+01  3.46000E-09  0.00000E+00  0.00000E+00
# Full reference:
#E.Gadioli,  I.Lori,  N.Molho,  L.Zetta
#Rept. INFN Reports / Low Energy Physics Series No.73/5, 1973
#(p,a) reactions on heavy nuclei.
