# Target Z    :  13
# Target A    :  27
# Target state:  
# Projectile  : p
# Reaction    : (p,xt)
# E-inc       : 1200.000 MeV
# Quantity    : Double-differential cross section
# Frame       : L
# MF          :    6
# MT          :  205
# X4 ID       : D0733004 
# X4 code     : 13-AL-27(P,X)1-H-3,,DA/DE
# Author      : Fidelus                  
# Year        : 2014
# Data points :    782
# E-out(MeV) xs(mb/MeV.sr) dxs(mb/MeV.sr) dE(MeV)      Evaluation  C/E(F)      Chi-2     Delta(mb)
  1.05000E+01  4.28000E-07  3.50000E-08  0.00000E+00  1.56001E+01
  1.35000E+01  3.92000E-07  3.40000E-08  0.00000E+00  1.56001E+01
  1.65000E+01  3.35000E-07  3.10000E-08  0.00000E+00  1.56001E+01
  1.95000E+01  3.02000E-07  2.90000E-08  0.00000E+00  1.56001E+01
  2.25000E+01  1.89000E-07  2.40000E-08  0.00000E+00  1.56001E+01
  2.55000E+01  1.88000E-07  2.40000E-08  0.00000E+00  1.56001E+01
  2.85000E+01  1.56000E-07  2.20000E-08  0.00000E+00  1.56001E+01
  3.05000E+01  1.47000E-07  1.20000E-08  0.00000E+00  1.56001E+01
  3.85000E+01  8.70000E-08  1.60000E-08  0.00000E+00  1.56001E+01
  4.15000E+01  8.00000E-08  1.50000E-08  0.00000E+00  1.56001E+01
  4.45000E+01  6.50000E-08  1.40000E-08  0.00000E+00  1.56001E+01
  4.75000E+01  7.10000E-08  1.50000E-08  0.00000E+00  1.56001E+01
  5.05000E+01  6.30000E-08  1.40000E-08  0.00000E+00  1.56001E+01
  5.35000E+01  5.50000E-08  1.30000E-08  0.00000E+00  1.56001E+01
  5.65000E+01  5.00000E-08  1.20000E-08  0.00000E+00  1.56001E+01
  5.95000E+01  4.90000E-08  1.20000E-08  0.00000E+00  1.56001E+01
  6.25000E+01  4.20000E-08  1.10000E-08  0.00000E+00  1.56001E+01
  6.55000E+01  4.70000E-08  1.20000E-08  0.00000E+00  1.56001E+01
  6.85000E+01  4.40000E-08  1.20000E-08  0.00000E+00  1.56001E+01
  7.15000E+01  3.80000E-08  1.10000E-08  0.00000E+00  1.56001E+01
  7.45000E+01  3.80000E-08  1.10000E-08  0.00000E+00  1.56001E+01
  7.75000E+01  3.29000E-08  1.00000E-08  0.00000E+00  1.56001E+01
  8.05000E+01  3.40000E-08  1.00000E-08  0.00000E+00  1.56001E+01
  8.35000E+01  3.26000E-08  9.90000E-09  0.00000E+00  1.56001E+01
  8.65000E+01  3.50000E-08  1.00000E-08  0.00000E+00  1.56001E+01
  8.95000E+01  2.85000E-08  9.30000E-09  0.00000E+00  1.56001E+01
  9.25000E+01  3.02000E-08  9.50000E-09  0.00000E+00  1.56001E+01
  9.55000E+01  3.29000E-08  1.00000E-08  0.00000E+00  1.56001E+01
  9.85000E+01  2.35000E-08  8.40000E-09  0.00000E+00  1.56001E+01
  1.01500E+02  2.35000E-08  8.40000E-09  0.00000E+00  1.56001E+01
  1.04500E+02  2.79000E-08  9.20000E-09  0.00000E+00  1.56001E+01
  1.07500E+02  1.71000E-08  7.20000E-09  0.00000E+00  1.56001E+01
  1.10500E+02  1.78000E-08  7.30000E-09  0.00000E+00  1.56001E+01
  1.12500E+02  1.41000E-08  3.80000E-09  0.00000E+00  1.56001E+01
  1.15500E+02  1.51000E-08  6.80000E-09  0.00000E+00  1.56001E+01
  1.18500E+02  1.78000E-08  7.30000E-09  0.00000E+00  1.56001E+01
  1.21500E+02  1.81000E-08  7.40000E-09  0.00000E+00  1.56001E+01
  1.24500E+02  1.51000E-08  6.80000E-09  0.00000E+00  1.56001E+01
  1.28500E+02  1.54000E-08  6.80000E-09  0.00000E+00  1.56001E+01
  1.31500E+02  1.58000E-08  6.90000E-09  0.00000E+00  1.56001E+01
  1.34500E+02  1.04000E-08  5.60000E-09  0.00000E+00  1.56001E+01
  1.37500E+02  1.11000E-08  5.80000E-09  0.00000E+00  1.56001E+01
  1.40500E+02  1.41000E-08  6.50000E-09  0.00000E+00  1.56001E+01
  1.43500E+02  1.07000E-08  5.70000E-09  0.00000E+00  1.56001E+01
  1.46500E+02  1.54000E-08  6.80000E-09  0.00000E+00  1.56001E+01
  1.49500E+02  1.01000E-08  5.50000E-09  0.00000E+00  1.56001E+01
  1.52500E+02  1.28000E-08  6.20000E-09  0.00000E+00  1.56001E+01
  1.55500E+02  8.10000E-09  4.90000E-09  0.00000E+00  1.56001E+01
  1.58500E+02  9.40000E-09  5.30000E-09  0.00000E+00  1.56001E+01
  1.61000E+02  8.60000E-09  4.20000E-09  0.00000E+00  1.56001E+01
  1.64500E+02  9.10000E-09  5.20000E-09  0.00000E+00  1.56001E+01
  1.67500E+02  7.40000E-09  4.70000E-09  0.00000E+00  1.56001E+01
  1.70500E+02  7.40000E-09  4.70000E-09  0.00000E+00  1.56001E+01
  1.73500E+02  6.00000E-09  4.30000E-09  0.00000E+00  1.56001E+01
  1.76500E+02  7.70000E-09  4.80000E-09  0.00000E+00  1.56001E+01
  1.79500E+02  8.10000E-09  4.90000E-09  0.00000E+00  1.56001E+01
  1.82500E+02  6.40000E-09  4.40000E-09  0.00000E+00  1.56001E+01
  1.85500E+02  6.00000E-09  4.30000E-09  0.00000E+00  1.56001E+01
  1.88500E+02  7.70000E-09  4.80000E-09  0.00000E+00  1.56001E+01
  1.91500E+02  8.70000E-09  5.10000E-09  0.00000E+00  1.56001E+01
  1.93500E+02  9.10000E-09  3.00000E-09  0.00000E+00  1.56001E+01
  1.96500E+02  5.00000E-09  3.90000E-09  0.00000E+00  1.56001E+01
  1.99500E+02  7.00000E-09  4.60000E-09  0.00000E+00  1.56001E+01
  2.02500E+02  8.10000E-09  4.90000E-09  0.00000E+00  1.56001E+01
  2.05500E+02  4.40000E-09  3.60000E-09  0.00000E+00  1.56001E+01
  2.08500E+02  5.70000E-09  4.20000E-09  0.00000E+00  1.56001E+01
  2.11500E+02  5.40000E-09  4.00000E-09  0.00000E+00  1.56001E+01
  2.14500E+02  4.00000E-09  3.50000E-09  0.00000E+00  1.56001E+01
  2.20000E+02  3.50000E-09  2.70000E-09  0.00000E+00  1.56001E+01
  1.05000E+01  4.36000E-07  3.30000E-08  0.00000E+00  2.00001E+01
  1.35000E+01  4.00000E-07  3.20000E-08  0.00000E+00  2.00001E+01
  1.65000E+01  3.28000E-07  2.90000E-08  0.00000E+00  2.00001E+01
  1.95000E+01  2.77000E-07  2.70000E-08  0.00000E+00  2.00001E+01
  2.25000E+01  1.94000E-07  2.30000E-08  0.00000E+00  2.00001E+01
  2.55000E+01  1.91000E-07  2.30000E-08  0.00000E+00  2.00001E+01
  2.80000E+01  1.71000E-07  1.70000E-08  0.00000E+00  2.00001E+01
  3.05000E+01  1.65000E-07  1.20000E-08  0.00000E+00  2.00001E+01
  3.45000E+01  1.44000E-07  2.00000E-08  0.00000E+00  2.00001E+01
  3.75000E+01  1.27000E-07  1.80000E-08  0.00000E+00  2.00001E+01
  4.05000E+01  1.01000E-07  1.60000E-08  0.00000E+00  2.00001E+01
  4.35000E+01  9.70000E-08  1.60000E-08  0.00000E+00  2.00001E+01
  4.65000E+01  9.10000E-08  1.60000E-08  0.00000E+00  2.00001E+01
  4.95000E+01  7.60000E-08  1.40000E-08  0.00000E+00  2.00001E+01
  5.25000E+01  8.20000E-08  1.50000E-08  0.00000E+00  2.00001E+01
  5.55000E+01  6.30000E-08  1.30000E-08  0.00000E+00  2.00001E+01
  5.85000E+01  6.70000E-08  1.30000E-08  0.00000E+00  2.00001E+01
  6.15000E+01  5.60000E-08  1.20000E-08  0.00000E+00  2.00001E+01
  6.45000E+01  5.80000E-08  1.20000E-08  0.00000E+00  2.00001E+01
  6.75000E+01  5.20000E-08  1.20000E-08  0.00000E+00  2.00001E+01
  7.05000E+01  4.80000E-08  1.10000E-08  0.00000E+00  2.00001E+01
  7.35000E+01  4.30000E-08  1.10000E-08  0.00000E+00  2.00001E+01
  7.65000E+01  3.45000E-08  9.60000E-09  0.00000E+00  2.00001E+01
  7.95000E+01  4.10000E-08  1.10000E-08  0.00000E+00  2.00001E+01
  8.25000E+01  3.48000E-08  9.60000E-09  0.00000E+00  2.00001E+01
  8.55000E+01  3.48000E-08  9.60000E-09  0.00000E+00  2.00001E+01
  8.85000E+01  3.18000E-08  9.20000E-09  0.00000E+00  2.00001E+01
  9.15000E+01  2.67000E-08  8.50000E-09  0.00000E+00  2.00001E+01
  9.45000E+01  3.21000E-08  9.30000E-09  0.00000E+00  2.00001E+01
  9.75000E+01  2.79000E-08  8.60000E-09  0.00000E+00  2.00001E+01
  1.00500E+02  3.51000E-08  9.70000E-09  0.00000E+00  2.00001E+01
  1.03500E+02  2.94000E-08  8.90000E-09  0.00000E+00  2.00001E+01
  1.06500E+02  2.76000E-08  8.60000E-09  0.00000E+00  2.00001E+01
  1.09500E+02  2.50000E-08  8.20000E-09  0.00000E+00  2.00001E+01
  1.12500E+02  2.47000E-08  8.10000E-09  0.00000E+00  2.00001E+01
  1.15500E+02  2.17000E-08  7.60000E-09  0.00000E+00  2.00001E+01
  1.18500E+02  1.87000E-08  7.10000E-09  0.00000E+00  2.00001E+01
  1.21500E+02  1.81000E-08  7.00000E-09  0.00000E+00  2.00001E+01
  1.24500E+02  1.90000E-08  7.10000E-09  0.00000E+00  2.00001E+01
  1.27500E+02  2.05000E-08  7.40000E-09  0.00000E+00  2.00001E+01
  1.30500E+02  1.37000E-08  6.00000E-09  0.00000E+00  2.00001E+01
  1.33500E+02  1.87000E-08  7.10000E-09  0.00000E+00  2.00001E+01
  1.36500E+02  1.55000E-08  6.40000E-09  0.00000E+00  2.00001E+01
  1.39000E+02  1.47000E-08  5.10000E-09  0.00000E+00  2.00001E+01
  1.43500E+02  1.34000E-08  6.00000E-09  0.00000E+00  2.00001E+01
  1.46500E+02  1.66000E-08  6.70000E-09  0.00000E+00  2.00001E+01
  1.49500E+02  1.01000E-08  5.20000E-09  0.00000E+00  2.00001E+01
  1.52500E+02  1.13000E-08  5.50000E-09  0.00000E+00  2.00001E+01
  1.55500E+02  1.28000E-08  5.80000E-09  0.00000E+00  2.00001E+01
  1.58500E+02  8.90000E-09  4.90000E-09  0.00000E+00  2.00001E+01
  1.61500E+02  1.10000E-08  5.40000E-09  0.00000E+00  2.00001E+01
  1.64500E+02  1.16000E-08  5.60000E-09  0.00000E+00  2.00001E+01
  1.67500E+02  8.00000E-09  4.60000E-09  0.00000E+00  2.00001E+01
  1.70500E+02  1.10000E-08  5.40000E-09  0.00000E+00  2.00001E+01
  1.73500E+02  8.90000E-09  4.90000E-09  0.00000E+00  2.00001E+01
  1.76000E+02  1.16000E-08  4.50000E-09  0.00000E+00  2.00001E+01
  1.79000E+02  7.10000E-09  3.60000E-09  0.00000E+00  2.00001E+01
  1.82500E+02  1.07000E-08  5.30000E-09  0.00000E+00  2.00001E+01
  1.85500E+02  6.80000E-09  4.30000E-09  0.00000E+00  2.00001E+01
  1.88500E+02  6.80000E-09  4.30000E-09  0.00000E+00  2.00001E+01
  1.90500E+02  1.07000E-08  3.10000E-09  0.00000E+00  2.00001E+01
  1.93500E+02  1.01000E-08  5.20000E-09  0.00000E+00  2.00001E+01
  1.95500E+02  9.80000E-09  3.00000E-09  0.00000E+00  2.00001E+01
  1.98500E+02  7.40000E-09  4.50000E-09  0.00000E+00  2.00001E+01
  2.01500E+02  6.80000E-09  4.30000E-09  0.00000E+00  2.00001E+01
  2.04500E+02  9.80000E-09  5.10000E-09  0.00000E+00  2.00001E+01
  2.06500E+02  8.90000E-09  2.80000E-09  0.00000E+00  2.00001E+01
  2.09500E+02  8.00000E-09  4.60000E-09  0.00000E+00  2.00001E+01
  2.12500E+02  7.70000E-09  4.50000E-09  0.00000E+00  2.00001E+01
  2.15500E+02  6.80000E-09  4.30000E-09  0.00000E+00  2.00001E+01
  2.18500E+02  5.60000E-09  3.90000E-09  0.00000E+00  2.00001E+01
  2.20500E+02  6.20000E-09  2.40000E-09  0.00000E+00  2.00001E+01
  2.23500E+02  7.10000E-09  4.40000E-09  0.00000E+00  2.00001E+01
  2.26000E+02  6.70000E-09  3.50000E-09  0.00000E+00  2.00001E+01
  2.29500E+02  5.60000E-09  3.90000E-09  0.00000E+00  2.00001E+01
  2.32500E+02  5.10000E-09  3.70000E-09  0.00000E+00  2.00001E+01
  4.50000E+00  4.60000E-07  2.50000E-08  0.00000E+00  3.50000E+01
  9.50000E+00  4.28000E-07  2.40000E-08  0.00000E+00  3.50000E+01
  1.25000E+01  3.40000E-07  1.80000E-08  0.00000E+00  3.50000E+01
  1.55000E+01  2.84000E-07  1.20000E-08  0.00000E+00  3.50000E+01
  1.85000E+01  2.50000E-07  1.80000E-08  0.00000E+00  3.50000E+01
  2.15000E+01  2.10000E-07  1.70000E-08  0.00000E+00  3.50000E+01
  2.45000E+01  1.92000E-07  1.60000E-08  0.00000E+00  3.50000E+01
  2.75000E+01  1.61000E-07  1.50000E-08  0.00000E+00  3.50000E+01
  3.05000E+01  1.50000E-07  1.40000E-08  0.00000E+00  3.50000E+01
  3.35000E+01  1.21000E-07  1.30000E-08  0.00000E+00  3.50000E+01
  3.65000E+01  1.18000E-07  1.30000E-08  0.00000E+00  3.50000E+01
  3.90000E+01  1.03100E-07  9.60000E-09  0.00000E+00  3.50000E+01
  4.50000E+00  3.18000E-07  2.00000E-08  0.00000E+00  5.00000E+01
  7.50000E+00  3.34000E-07  2.00000E-08  0.00000E+00  5.00000E+01
  1.05000E+01  3.15000E-07  1.90000E-08  0.00000E+00  5.00000E+01
  1.45000E+01  2.65600E-07  6.60000E-09  0.00000E+00  5.00000E+01
  1.75000E+01  2.28000E-07  1.00000E-08  0.00000E+00  5.00000E+01
  2.05000E+01  1.77000E-07  1.50000E-08  0.00000E+00  5.00000E+01
  2.35000E+01  1.71000E-07  1.40000E-08  0.00000E+00  5.00000E+01
  2.65000E+01  1.55000E-07  1.40000E-08  0.00000E+00  5.00000E+01
  2.95000E+01  1.43000E-07  1.30000E-08  0.00000E+00  5.00000E+01
  3.25000E+01  1.37000E-07  1.30000E-08  0.00000E+00  5.00000E+01
  3.45000E+01  1.25900E-07  7.10000E-09  0.00000E+00  5.00000E+01
  9.50000E+00  3.67000E-07  1.30000E-08  0.00000E+00  6.50001E+01
  1.25000E+01  3.22000E-07  1.20000E-08  0.00000E+00  6.50001E+01
  1.55000E+01  2.73000E-07  1.10000E-08  0.00000E+00  6.50001E+01
  1.85000E+01  2.20900E-07  9.90000E-09  0.00000E+00  6.50001E+01
  2.15000E+01  1.65600E-07  8.60000E-09  0.00000E+00  6.50001E+01
  2.45000E+01  1.47300E-07  8.30000E-09  0.00000E+00  6.50001E+01
  2.75000E+01  1.24500E-07  7.60000E-09  0.00000E+00  6.50001E+01
  3.00000E+01  1.11400E-07  5.90000E-09  0.00000E+00  6.50001E+01
  3.35000E+01  7.41000E-08  5.90000E-09  0.00000E+00  6.50001E+01
  3.65000E+01  7.24000E-08  5.80000E-09  0.00000E+00  6.50001E+01
  3.95000E+01  6.60000E-08  5.60000E-09  0.00000E+00  6.50001E+01
  4.25000E+01  5.99000E-08  5.30000E-09  0.00000E+00  6.50001E+01
  4.55000E+01  5.35000E-08  5.00000E-09  0.00000E+00  6.50001E+01
  4.85000E+01  5.11000E-08  4.90000E-09  0.00000E+00  6.50001E+01
  5.15000E+01  4.58000E-08  4.60000E-09  0.00000E+00  6.50001E+01
  5.45000E+01  3.93000E-08  4.30000E-09  0.00000E+00  6.50001E+01
  5.75000E+01  3.68000E-08  4.20000E-09  0.00000E+00  6.50001E+01
  6.05000E+01  3.38000E-08  4.00000E-09  0.00000E+00  6.50001E+01
  6.35000E+01  3.12000E-08  3.80000E-09  0.00000E+00  6.50001E+01
  6.65000E+01  2.64000E-08  3.50000E-09  0.00000E+00  6.50001E+01
  6.95000E+01  2.76000E-08  3.60000E-09  0.00000E+00  6.50001E+01
  7.25000E+01  2.51000E-08  3.40000E-09  0.00000E+00  6.50001E+01
  7.55000E+01  2.37000E-08  3.30000E-09  0.00000E+00  6.50001E+01
  7.85000E+01  1.93000E-08  3.00000E-09  0.00000E+00  6.50001E+01
  8.15000E+01  1.65000E-08  2.80000E-09  0.00000E+00  6.50001E+01
  8.45000E+01  1.69000E-08  2.80000E-09  0.00000E+00  6.50001E+01
  8.75000E+01  1.53000E-08  2.70000E-09  0.00000E+00  6.50001E+01
  9.05000E+01  1.49000E-08  2.60000E-09  0.00000E+00  6.50001E+01
  9.35000E+01  1.14000E-08  2.30000E-09  0.00000E+00  6.50001E+01
  9.65000E+01  1.25000E-08  2.40000E-09  0.00000E+00  6.50001E+01
  9.95000E+01  1.14000E-08  2.30000E-09  0.00000E+00  6.50001E+01
  1.02500E+02  1.04000E-08  2.20000E-09  0.00000E+00  6.50001E+01
  1.05500E+02  9.90000E-09  2.20000E-09  0.00000E+00  6.50001E+01
  1.08500E+02  9.10000E-09  2.10000E-09  0.00000E+00  6.50001E+01
  1.11500E+02  7.90000E-09  1.90000E-09  0.00000E+00  6.50001E+01
  1.14500E+02  7.20000E-09  1.80000E-09  0.00000E+00  6.50001E+01
  1.17500E+02  7.20000E-09  1.80000E-09  0.00000E+00  6.50001E+01
  1.20500E+02  6.50000E-09  1.70000E-09  0.00000E+00  6.50001E+01
  1.23500E+02  7.50000E-09  1.90000E-09  0.00000E+00  6.50001E+01
  1.26500E+02  6.00000E-09  1.70000E-09  0.00000E+00  6.50001E+01
  1.29500E+02  5.60000E-09  1.60000E-09  0.00000E+00  6.50001E+01
  1.32500E+02  4.50000E-09  1.50000E-09  0.00000E+00  6.50001E+01
  1.35500E+02  5.70000E-09  1.60000E-09  0.00000E+00  6.50001E+01
  1.38500E+02  4.40000E-09  1.40000E-09  0.00000E+00  6.50001E+01
  1.41500E+02  4.90000E-09  1.50000E-09  0.00000E+00  6.50001E+01
  1.44500E+02  4.50000E-09  1.40000E-09  0.00000E+00  6.50001E+01
  1.47500E+02  3.70000E-09  1.30000E-09  0.00000E+00  6.50001E+01
  1.50500E+02  4.60000E-09  1.50000E-09  0.00000E+00  6.50001E+01
  1.53500E+02  3.30000E-09  1.20000E-09  0.00000E+00  6.50001E+01
  1.56500E+02  4.00000E-09  1.40000E-09  0.00000E+00  6.50001E+01
  1.59500E+02  3.50000E-09  1.30000E-09  0.00000E+00  6.50001E+01
  1.62500E+02  3.50000E-09  1.30000E-09  0.00000E+00  6.50001E+01
  1.65500E+02  3.40000E-09  1.30000E-09  0.00000E+00  6.50001E+01
  1.69500E+02  3.10000E-09  1.20000E-09  0.00000E+00  6.50001E+01
  1.72500E+02  2.20000E-09  1.00000E-09  0.00000E+00  6.50001E+01
  1.75500E+02  2.40000E-09  1.10000E-09  0.00000E+00  6.50001E+01
  1.78500E+02  2.50000E-09  1.10000E-09  0.00000E+00  6.50001E+01
  1.81500E+02  3.10000E-09  1.20000E-09  0.00000E+00  6.50001E+01
  1.84500E+02  2.80000E-09  1.10000E-09  0.00000E+00  6.50001E+01
  1.87500E+02  2.50000E-09  1.10000E-09  0.00000E+00  6.50001E+01
  1.90500E+02  3.00000E-09  1.20000E-09  0.00000E+00  6.50001E+01
  1.93500E+02  2.70000E-09  1.10000E-09  0.00000E+00  6.50001E+01
  1.96500E+02  2.30000E-09  1.00000E-09  0.00000E+00  6.50001E+01
  1.99500E+02  2.30000E-09  1.00000E-09  0.00000E+00  6.50001E+01
  2.03500E+02  9.90000E-10  6.80000E-10  0.00000E+00  6.50001E+01
  2.06500E+02  8.80000E-10  6.40000E-10  0.00000E+00  6.50001E+01
  2.09500E+02  1.14000E-09  7.30000E-10  0.00000E+00  6.50001E+01
  2.12500E+02  1.09000E-09  7.20000E-10  0.00000E+00  6.50001E+01
  2.15500E+02  1.40000E-09  8.10000E-10  0.00000E+00  6.50001E+01
  2.18500E+02  8.30000E-10  6.20000E-10  0.00000E+00  6.50001E+01
  2.21500E+02  1.30000E-09  7.80000E-10  0.00000E+00  6.50001E+01
  2.27000E+02  5.50000E-10  4.10000E-10  0.00000E+00  6.50001E+01
  2.33500E+02  6.20000E-10  5.40000E-10  0.00000E+00  6.50001E+01
  2.36000E+02  6.20000E-10  4.40000E-10  0.00000E+00  6.50001E+01
  2.39500E+02  3.10000E-10  2.20000E-10  0.00000E+00  6.50001E+01
  5.50000E+00  3.69000E-07  1.50000E-08  0.00000E+00  8.00001E+01
  7.50000E+00  3.79000E-07  3.90000E-09  0.00000E+00  8.00001E+01
  1.45000E+01  1.76000E-07  8.40000E-09  0.00000E+00  1.00000E+02
  1.75000E+01  1.47600E-07  7.70000E-09  0.00000E+00  1.00000E+02
  2.05000E+01  1.17300E-07  6.90000E-09  0.00000E+00  1.00000E+02
  2.35000E+01  9.18000E-08  5.90000E-09  0.00000E+00  1.00000E+02
  2.65000E+01  6.60000E-08  5.00000E-09  0.00000E+00  1.00000E+02
  2.95000E+01  5.52000E-08  4.80000E-09  0.00000E+00  1.00000E+02
  3.25000E+01  4.74000E-08  4.40000E-09  0.00000E+00  1.00000E+02
  3.55000E+01  4.10000E-08  4.10000E-09  0.00000E+00  1.00000E+02
  3.75000E+01  3.70000E-08  2.30000E-09  0.00000E+00  1.00000E+02
  4.65000E+01  1.75000E-08  2.70000E-09  0.00000E+00  1.00000E+02
  4.95000E+01  1.71000E-08  2.70000E-09  0.00000E+00  1.00000E+02
  5.25000E+01  1.46000E-08  2.50000E-09  0.00000E+00  1.00000E+02
  5.65000E+01  1.22000E-08  2.30000E-09  0.00000E+00  1.00000E+02
  5.95000E+01  1.07000E-08  2.10000E-09  0.00000E+00  1.00000E+02
  6.25000E+01  1.04000E-08  2.10000E-09  0.00000E+00  1.00000E+02
  6.55000E+01  8.10000E-09  1.80000E-09  0.00000E+00  1.00000E+02
  6.85000E+01  7.50000E-09  1.80000E-09  0.00000E+00  1.00000E+02
  7.15000E+01  6.30000E-09  1.60000E-09  0.00000E+00  1.00000E+02
  7.45000E+01  6.50000E-09  1.70000E-09  0.00000E+00  1.00000E+02
  7.75000E+01  4.90000E-09  1.40000E-09  0.00000E+00  1.00000E+02
  8.05000E+01  4.10000E-09  1.30000E-09  0.00000E+00  1.00000E+02
  8.35000E+01  4.40000E-09  1.30000E-09  0.00000E+00  1.00000E+02
  8.65000E+01  3.50000E-09  1.20000E-09  0.00000E+00  1.00000E+02
  8.90000E+01  3.20000E-09  9.40000E-10  0.00000E+00  1.00000E+02
  9.25000E+01  3.20000E-09  1.20000E-09  0.00000E+00  1.00000E+02
  9.55000E+01  2.50000E-09  1.00000E-09  0.00000E+00  1.00000E+02
  9.85000E+01  2.13000E-09  9.40000E-10  0.00000E+00  1.00000E+02
  1.01500E+02  1.76000E-09  8.60000E-10  0.00000E+00  1.00000E+02
  1.04500E+02  1.44000E-09  7.80000E-10  0.00000E+00  1.00000E+02
  1.07500E+02  1.25000E-09  7.20000E-10  0.00000E+00  1.00000E+02
  1.10500E+02  1.07000E-09  6.70000E-10  0.00000E+00  1.00000E+02
  1.13500E+02  8.40000E-10  5.90000E-10  0.00000E+00  1.00000E+02
  1.16500E+02  1.16000E-09  7.00000E-10  0.00000E+00  1.00000E+02
  1.22500E+02  7.40000E-10  5.60000E-10  0.00000E+00  1.00000E+02
  1.25000E+02  4.90000E-10  3.70000E-10  0.00000E+00  1.00000E+02
  1.30500E+02  7.00000E-10  3.10000E-10  0.00000E+00  1.00000E+02
  1.33500E+02  6.00000E-10  5.00000E-10  0.00000E+00  1.00000E+02
  1.42500E+02  5.60000E-10  2.80000E-10  0.00000E+00  1.00000E+02
  1.45000E+02  6.30000E-10  4.20000E-10  0.00000E+00  1.00000E+02
  1.52500E+02  5.60000E-10  2.80000E-10  0.00000E+00  1.00000E+02
  1.60500E+02  4.20000E-10  2.40000E-10  0.00000E+00  1.00000E+02
  1.05000E+01  5.29000E-07  5.50000E-08  0.00000E+00  1.56001E+01
  1.35000E+01  4.38000E-07  5.00000E-08  0.00000E+00  1.56001E+01
  1.65000E+01  4.17000E-07  4.90000E-08  0.00000E+00  1.56001E+01
  1.95000E+01  3.54000E-07  4.50000E-08  0.00000E+00  1.56001E+01
  2.25000E+01  2.44000E-07  3.80000E-08  0.00000E+00  1.56001E+01
  2.55000E+01  2.37000E-07  3.70000E-08  0.00000E+00  1.56001E+01
  2.85000E+01  1.79000E-07  3.30000E-08  0.00000E+00  1.56001E+01
  3.05000E+01  1.46000E-07  1.70000E-08  0.00000E+00  1.56001E+01
  3.85000E+01  9.50000E-08  2.40000E-08  0.00000E+00  1.56001E+01
  4.15000E+01  9.90000E-08  2.40000E-08  0.00000E+00  1.56001E+01
  4.45000E+01  7.30000E-08  2.10000E-08  0.00000E+00  1.56001E+01
  4.75000E+01  9.40000E-08  2.40000E-08  0.00000E+00  1.56001E+01
  5.05000E+01  8.80000E-08  2.30000E-08  0.00000E+00  1.56001E+01
  5.35000E+01  6.30000E-08  1.90000E-08  0.00000E+00  1.56001E+01
  5.65000E+01  6.70000E-08  2.00000E-08  0.00000E+00  1.56001E+01
  5.95000E+01  5.90000E-08  1.90000E-08  0.00000E+00  1.56001E+01
  6.25000E+01  4.90000E-08  1.70000E-08  0.00000E+00  1.56001E+01
  6.55000E+01  5.10000E-08  1.70000E-08  0.00000E+00  1.56001E+01
  6.85000E+01  6.50000E-08  2.00000E-08  0.00000E+00  1.56001E+01
  7.15000E+01  5.40000E-08  1.80000E-08  0.00000E+00  1.56001E+01
  7.45000E+01  4.60000E-08  1.70000E-08  0.00000E+00  1.56001E+01
  7.75000E+01  4.50000E-08  1.60000E-08  0.00000E+00  1.56001E+01
  8.05000E+01  4.40000E-08  1.60000E-08  0.00000E+00  1.56001E+01
  8.35000E+01  3.20000E-08  1.40000E-08  0.00000E+00  1.56001E+01
  8.65000E+01  4.10000E-08  1.60000E-08  0.00000E+00  1.56001E+01
  8.95000E+01  3.70000E-08  1.50000E-08  0.00000E+00  1.56001E+01
  9.25000E+01  3.10000E-08  1.40000E-08  0.00000E+00  1.56001E+01
  9.55000E+01  3.50000E-08  1.40000E-08  0.00000E+00  1.56001E+01
  9.85000E+01  2.60000E-08  1.30000E-08  0.00000E+00  1.56001E+01
  1.01500E+02  3.40000E-08  1.40000E-08  0.00000E+00  1.56001E+01
  1.04500E+02  2.00000E-08  1.10000E-08  0.00000E+00  1.56001E+01
  1.07500E+02  2.70000E-08  1.30000E-08  0.00000E+00  1.56001E+01
  1.10500E+02  1.45000E-08  9.30000E-09  0.00000E+00  1.56001E+01
  1.13500E+02  2.10000E-08  1.10000E-08  0.00000E+00  1.56001E+01
  1.16500E+02  2.80000E-08  1.30000E-08  0.00000E+00  1.56001E+01
  1.19500E+02  2.20000E-08  1.10000E-08  0.00000E+00  1.56001E+01
  1.22500E+02  1.38000E-08  9.10000E-09  0.00000E+00  1.56001E+01
  1.25500E+02  2.20000E-08  1.20000E-08  0.00000E+00  1.56001E+01
  1.28500E+02  1.45000E-08  9.30000E-09  0.00000E+00  1.56001E+01
  1.31500E+02  1.90000E-08  1.10000E-08  0.00000E+00  1.56001E+01
  1.34500E+02  1.19000E-08  8.40000E-09  0.00000E+00  1.56001E+01
  1.37500E+02  1.25000E-08  8.60000E-09  0.00000E+00  1.56001E+01
  1.40500E+02  1.25000E-08  8.60000E-09  0.00000E+00  1.56001E+01
  1.43500E+02  1.19000E-08  8.40000E-09  0.00000E+00  1.56001E+01
  1.46500E+02  1.58000E-08  9.70000E-09  0.00000E+00  1.56001E+01
  1.49000E+02  1.19000E-08  6.90000E-09  0.00000E+00  1.56001E+01
  1.52500E+02  1.19000E-08  8.40000E-09  0.00000E+00  1.56001E+01
  1.05000E+01  5.20000E-07  5.10000E-08  0.00000E+00  2.00001E+01
  1.35000E+01  4.39000E-07  4.70000E-08  0.00000E+00  2.00001E+01
  1.65000E+01  3.66000E-07  4.30000E-08  0.00000E+00  2.00001E+01
  1.95000E+01  3.31000E-07  4.10000E-08  0.00000E+00  2.00001E+01
  2.25000E+01  2.36000E-07  3.50000E-08  0.00000E+00  2.00001E+01
  2.55000E+01  2.23000E-07  3.40000E-08  0.00000E+00  2.00001E+01
  2.85000E+01  1.73000E-07  3.00000E-08  0.00000E+00  2.00001E+01
  3.45000E+01  1.68000E-07  3.00000E-08  0.00000E+00  2.00001E+01
  3.75000E+01  1.40000E-07  2.70000E-08  0.00000E+00  2.00001E+01
  4.05000E+01  1.31000E-07  2.60000E-08  0.00000E+00  2.00001E+01
  4.35000E+01  1.10000E-07  2.40000E-08  0.00000E+00  2.00001E+01
  4.65000E+01  9.50000E-08  2.20000E-08  0.00000E+00  2.00001E+01
  4.95000E+01  8.90000E-08  2.20000E-08  0.00000E+00  2.00001E+01
  5.25000E+01  1.02000E-07  2.30000E-08  0.00000E+00  2.00001E+01
  5.55000E+01  7.10000E-08  1.90000E-08  0.00000E+00  2.00001E+01
  5.85000E+01  6.80000E-08  1.90000E-08  0.00000E+00  2.00001E+01
  6.15000E+01  6.10000E-08  1.80000E-08  0.00000E+00  2.00001E+01
  6.45000E+01  6.50000E-08  1.90000E-08  0.00000E+00  2.00001E+01
  6.75000E+01  5.80000E-08  1.70000E-08  0.00000E+00  2.00001E+01
  7.05000E+01  4.80000E-08  1.60000E-08  0.00000E+00  2.00001E+01
  7.35000E+01  4.40000E-08  1.50000E-08  0.00000E+00  2.00001E+01
  7.65000E+01  4.30000E-08  1.50000E-08  0.00000E+00  2.00001E+01
  7.95000E+01  5.30000E-08  1.70000E-08  0.00000E+00  2.00001E+01
  8.25000E+01  4.00000E-08  1.50000E-08  0.00000E+00  2.00001E+01
  8.55000E+01  4.20000E-08  1.50000E-08  0.00000E+00  2.00001E+01
  8.85000E+01  3.50000E-08  1.40000E-08  0.00000E+00  2.00001E+01
  9.15000E+01  3.60000E-08  1.40000E-08  0.00000E+00  2.00001E+01
  9.45000E+01  3.20000E-08  1.30000E-08  0.00000E+00  2.00001E+01
  9.75000E+01  3.10000E-08  1.30000E-08  0.00000E+00  2.00001E+01
  1.00500E+02  2.90000E-08  1.20000E-08  0.00000E+00  2.00001E+01
  1.03500E+02  2.70000E-08  1.20000E-08  0.00000E+00  2.00001E+01
  1.06500E+02  2.90000E-08  1.20000E-08  0.00000E+00  2.00001E+01
  1.09500E+02  3.10000E-08  1.30000E-08  0.00000E+00  2.00001E+01
  1.12500E+02  2.60000E-08  1.20000E-08  0.00000E+00  2.00001E+01
  1.15500E+02  2.90000E-08  1.20000E-08  0.00000E+00  2.00001E+01
  1.18500E+02  1.75000E-08  9.60000E-09  0.00000E+00  2.00001E+01
  1.21500E+02  2.70000E-08  1.20000E-08  0.00000E+00  2.00001E+01
  1.24500E+02  2.00000E-08  1.00000E-08  0.00000E+00  2.00001E+01
  1.27500E+02  1.75000E-08  9.60000E-09  0.00000E+00  2.00001E+01
  1.30500E+02  1.52000E-08  8.90000E-09  0.00000E+00  2.00001E+01
  1.33500E+02  1.40000E-08  8.60000E-09  0.00000E+00  2.00001E+01
  1.36500E+02  1.52000E-08  8.90000E-09  0.00000E+00  2.00001E+01
  1.39500E+02  2.00000E-08  1.00000E-08  0.00000E+00  2.00001E+01
  1.42500E+02  1.58000E-08  9.10000E-09  0.00000E+00  2.00001E+01
  1.45500E+02  1.90000E-08  1.00000E-08  0.00000E+00  2.00001E+01
  1.48500E+02  1.52000E-08  8.90000E-09  0.00000E+00  2.00001E+01
  1.51500E+02  1.23000E-08  8.00000E-09  0.00000E+00  2.00001E+01
  1.54500E+02  1.11000E-08  7.60000E-09  0.00000E+00  2.00001E+01
  1.63500E+02  1.28000E-08  8.20000E-09  0.00000E+00  2.00001E+01
  1.66500E+02  1.05000E-08  7.40000E-09  0.00000E+00  2.00001E+01
  1.69500E+02  1.11000E-08  7.60000E-09  0.00000E+00  2.00001E+01
  1.72500E+02  9.30000E-09  7.00000E-09  0.00000E+00  2.00001E+01
  1.75500E+02  8.80000E-09  6.80000E-09  0.00000E+00  2.00001E+01
  1.81500E+02  9.30000E-09  7.00000E-09  0.00000E+00  2.00001E+01
  1.84500E+02  9.90000E-09  7.20000E-09  0.00000E+00  2.00001E+01
  1.87500E+02  9.90000E-09  7.20000E-09  0.00000E+00  2.00001E+01
  2.05500E+02  9.30000E-09  7.00000E-09  0.00000E+00  2.00001E+01
  2.26500E+02  7.60000E-09  6.30000E-09  0.00000E+00  2.00001E+01
  4.50000E+00  5.14000E-07  3.70000E-08  0.00000E+00  3.50000E+01
  7.50000E+00  5.64000E-07  3.90000E-08  0.00000E+00  3.50000E+01
  1.05000E+01  4.85000E-07  3.60000E-08  0.00000E+00  3.50000E+01
  1.35000E+01  3.73000E-07  1.90000E-08  0.00000E+00  3.50000E+01
  1.65000E+01  3.28000E-07  2.50000E-08  0.00000E+00  3.50000E+01
  1.95000E+01  2.84000E-07  2.70000E-08  0.00000E+00  3.50000E+01
  2.25000E+01  2.50000E-07  2.60000E-08  0.00000E+00  3.50000E+01
  2.55000E+01  2.17000E-07  2.40000E-08  0.00000E+00  3.50000E+01
  2.85000E+01  1.92000E-07  2.30000E-08  0.00000E+00  3.50000E+01
  3.15000E+01  1.64000E-07  2.10000E-08  0.00000E+00  3.50000E+01
  3.45000E+01  1.37000E-07  1.90000E-08  0.00000E+00  3.50000E+01
  3.75000E+01  1.38000E-07  1.90000E-08  0.00000E+00  3.50000E+01
  3.95000E+01  1.09100E-07  9.80000E-09  0.00000E+00  3.50000E+01
  4.50000E+00  3.78000E-07  3.00000E-08  0.00000E+00  5.00000E+01
  7.50000E+00  3.79000E-07  3.00000E-08  0.00000E+00  5.00000E+01
  1.05000E+01  3.71000E-07  2.90000E-08  0.00000E+00  5.00000E+01
  1.35000E+01  3.09000E-07  1.00000E-08  0.00000E+00  5.00000E+01
  1.65000E+01  2.95000E-07  1.20000E-08  0.00000E+00  5.00000E+01
  1.95000E+01  2.28000E-07  2.20000E-08  0.00000E+00  5.00000E+01
  2.25000E+01  2.18000E-07  2.30000E-08  0.00000E+00  5.00000E+01
  2.55000E+01  1.96000E-07  2.20000E-08  0.00000E+00  5.00000E+01
  2.85000E+01  1.83000E-07  2.10000E-08  0.00000E+00  5.00000E+01
  3.15000E+01  1.74000E-07  2.00000E-08  0.00000E+00  5.00000E+01
  3.40000E+01  1.54000E-07  1.60000E-08  0.00000E+00  5.00000E+01
  9.50000E+00  4.31000E-07  1.90000E-08  0.00000E+00  6.50001E+01
  1.25000E+01  3.82000E-07  1.80000E-08  0.00000E+00  6.50001E+01
  1.55000E+01  3.33000E-07  1.70000E-08  0.00000E+00  6.50001E+01
  1.85000E+01  2.63000E-07  1.50000E-08  0.00000E+00  6.50001E+01
  2.15000E+01  2.08000E-07  1.40000E-08  0.00000E+00  6.50001E+01
  2.45000E+01  1.78000E-07  1.30000E-08  0.00000E+00  6.50001E+01
  2.75000E+01  1.58000E-07  1.20000E-08  0.00000E+00  6.50001E+01
  3.05000E+01  1.13000E-07  1.00000E-08  0.00000E+00  6.50001E+01
  3.35000E+01  9.68000E-08  9.40000E-09  0.00000E+00  6.50001E+01
  3.65000E+01  9.10000E-08  9.10000E-09  0.00000E+00  6.50001E+01
  3.95000E+01  8.63000E-08  8.90000E-09  0.00000E+00  6.50001E+01
  4.25000E+01  7.56000E-08  8.30000E-09  0.00000E+00  6.50001E+01
  4.55000E+01  7.04000E-08  8.00000E-09  0.00000E+00  6.50001E+01
  4.85000E+01  5.98000E-08  7.40000E-09  0.00000E+00  6.50001E+01
  5.15000E+01  5.13000E-08  6.90000E-09  0.00000E+00  6.50001E+01
  5.45000E+01  4.73000E-08  6.60000E-09  0.00000E+00  6.50001E+01
  5.75000E+01  4.24000E-08  6.20000E-09  0.00000E+00  6.50001E+01
  6.05000E+01  3.66000E-08  5.80000E-09  0.00000E+00  6.50001E+01
  6.35000E+01  3.52000E-08  5.70000E-09  0.00000E+00  6.50001E+01
  6.65000E+01  3.06000E-08  5.30000E-09  0.00000E+00  6.50001E+01
  6.95000E+01  2.88000E-08  5.10000E-09  0.00000E+00  6.50001E+01
  7.25000E+01  2.73000E-08  5.00000E-09  0.00000E+00  6.50001E+01
  7.55000E+01  2.29000E-08  4.60000E-09  0.00000E+00  6.50001E+01
  7.85000E+01  2.33000E-08  4.60000E-09  0.00000E+00  6.50001E+01
  8.15000E+01  2.01000E-08  4.30000E-09  0.00000E+00  6.50001E+01
  8.45000E+01  1.99000E-08  4.30000E-09  0.00000E+00  6.50001E+01
  8.75000E+01  1.96000E-08  4.20000E-09  0.00000E+00  6.50001E+01
  9.05000E+01  1.91000E-08  4.20000E-09  0.00000E+00  6.50001E+01
  9.35000E+01  1.51000E-08  3.70000E-09  0.00000E+00  6.50001E+01
  9.65000E+01  1.34000E-08  3.50000E-09  0.00000E+00  6.50001E+01
  9.95000E+01  1.39000E-08  3.60000E-09  0.00000E+00  6.50001E+01
  1.02500E+02  1.12000E-08  3.20000E-09  0.00000E+00  6.50001E+01
  1.05500E+02  1.19000E-08  3.30000E-09  0.00000E+00  6.50001E+01
  1.08500E+02  1.19000E-08  3.30000E-09  0.00000E+00  6.50001E+01
  1.11500E+02  1.04000E-08  3.10000E-09  0.00000E+00  6.50001E+01
  1.14500E+02  9.40000E-09  2.90000E-09  0.00000E+00  6.50001E+01
  1.17500E+02  9.60000E-09  3.00000E-09  0.00000E+00  6.50001E+01
  1.20500E+02  9.80000E-09  3.00000E-09  0.00000E+00  6.50001E+01
  1.23500E+02  8.90000E-09  2.90000E-09  0.00000E+00  6.50001E+01
  1.26500E+02  6.80000E-09  2.50000E-09  0.00000E+00  6.50001E+01
  1.29500E+02  8.90000E-09  2.90000E-09  0.00000E+00  6.50001E+01
  1.32500E+02  6.80000E-09  2.50000E-09  0.00000E+00  6.50001E+01
  1.35500E+02  6.20000E-09  2.40000E-09  0.00000E+00  6.50001E+01
  1.38500E+02  5.60000E-09  2.30000E-09  0.00000E+00  6.50001E+01
  1.41500E+02  5.70000E-09  2.30000E-09  0.00000E+00  6.50001E+01
  1.44500E+02  4.40000E-09  2.00000E-09  0.00000E+00  6.50001E+01
  1.47500E+02  5.60000E-09  2.30000E-09  0.00000E+00  6.50001E+01
  1.50500E+02  5.90000E-09  2.30000E-09  0.00000E+00  6.50001E+01
  1.53500E+02  5.50000E-09  2.30000E-09  0.00000E+00  6.50001E+01
  1.56500E+02  3.60000E-09  1.80000E-09  0.00000E+00  6.50001E+01
  1.59500E+02  5.00000E-09  2.10000E-09  0.00000E+00  6.50001E+01
  1.62500E+02  5.30000E-09  2.20000E-09  0.00000E+00  6.50001E+01
  1.65500E+02  3.90000E-09  1.90000E-09  0.00000E+00  6.50001E+01
  1.68500E+02  5.00000E-09  2.10000E-09  0.00000E+00  6.50001E+01
  1.71500E+02  4.70000E-09  2.10000E-09  0.00000E+00  6.50001E+01
  1.74500E+02  3.90000E-09  1.90000E-09  0.00000E+00  6.50001E+01
  1.77500E+02  3.90000E-09  1.90000E-09  0.00000E+00  6.50001E+01
  1.80500E+02  3.00000E-09  1.60000E-09  0.00000E+00  6.50001E+01
  1.83500E+02  3.10000E-09  1.70000E-09  0.00000E+00  6.50001E+01
  1.86500E+02  3.30000E-09  1.70000E-09  0.00000E+00  6.50001E+01
  1.92500E+02  3.10000E-09  1.70000E-09  0.00000E+00  6.50001E+01
  1.95500E+02  4.00000E-09  1.90000E-09  0.00000E+00  6.50001E+01
  1.98500E+02  3.30000E-09  1.70000E-09  0.00000E+00  6.50001E+01
  2.04500E+02  2.50000E-09  1.50000E-09  0.00000E+00  6.50001E+01
  4.50000E+00  4.02000E-07  2.90000E-08  0.00000E+00  8.00001E+01
  7.50000E+00  4.37000E-07  1.30000E-08  0.00000E+00  8.00001E+01
  1.00000E+01  4.08100E-07  7.70000E-09  0.00000E+00  8.00001E+01
  1.45000E+01  1.99000E-07  1.30000E-08  0.00000E+00  1.00000E+02
  1.75000E+01  1.69000E-07  1.20000E-08  0.00000E+00  1.00000E+02
  2.05000E+01  1.41000E-07  1.10000E-08  0.00000E+00  1.00000E+02
  2.35000E+01  1.07700E-07  8.90000E-09  0.00000E+00  1.00000E+02
  2.65000E+01  8.50000E-08  7.90000E-09  0.00000E+00  1.00000E+02
  2.95000E+01  6.63000E-08  7.40000E-09  0.00000E+00  1.00000E+02
  3.25000E+01  5.78000E-08  6.90000E-09  0.00000E+00  1.00000E+02
  3.55000E+01  4.79000E-08  6.30000E-09  0.00000E+00  1.00000E+02
  3.75000E+01  3.83000E-08  3.20000E-09  0.00000E+00  1.00000E+02
  4.65000E+01  2.34000E-08  4.40000E-09  0.00000E+00  1.00000E+02
  4.95000E+01  2.08000E-08  4.10000E-09  0.00000E+00  1.00000E+02
  5.25000E+01  1.89000E-08  3.90000E-09  0.00000E+00  1.00000E+02
  5.55000E+01  1.65000E-08  3.70000E-09  0.00000E+00  1.00000E+02
  5.85000E+01  1.48000E-08  3.50000E-09  0.00000E+00  1.00000E+02
  6.15000E+01  1.37000E-08  3.30000E-09  0.00000E+00  1.00000E+02
  6.45000E+01  1.14000E-08  3.10000E-09  0.00000E+00  1.00000E+02
  6.75000E+01  1.02000E-08  2.90000E-09  0.00000E+00  1.00000E+02
  7.05000E+01  9.70000E-09  2.80000E-09  0.00000E+00  1.00000E+02
  7.35000E+01  8.30000E-09  2.60000E-09  0.00000E+00  1.00000E+02
  7.65000E+01  7.80000E-09  2.50000E-09  0.00000E+00  1.00000E+02
  7.95000E+01  7.50000E-09  2.50000E-09  0.00000E+00  1.00000E+02
  8.25000E+01  4.60000E-09  2.00000E-09  0.00000E+00  1.00000E+02
  8.55000E+01  5.20000E-09  2.10000E-09  0.00000E+00  1.00000E+02
  8.85000E+01  4.60000E-09  2.00000E-09  0.00000E+00  1.00000E+02
  9.15000E+01  3.90000E-09  1.80000E-09  0.00000E+00  1.00000E+02
  9.45000E+01  2.80000E-09  1.50000E-09  0.00000E+00  1.00000E+02
  9.75000E+01  2.70000E-09  1.50000E-09  0.00000E+00  1.00000E+02
  1.00500E+02  2.30000E-09  1.40000E-09  0.00000E+00  1.00000E+02
  1.03500E+02  2.10000E-09  1.30000E-09  0.00000E+00  1.00000E+02
  1.06500E+02  2.20000E-09  1.30000E-09  0.00000E+00  1.00000E+02
  1.09500E+02  2.40000E-09  1.40000E-09  0.00000E+00  1.00000E+02
  1.12500E+02  1.60000E-09  1.20000E-09  0.00000E+00  1.00000E+02
  1.15500E+02  1.30000E-09  1.00000E-09  0.00000E+00  1.00000E+02
  1.18500E+02  1.50000E-09  1.10000E-09  0.00000E+00  1.00000E+02
  1.21500E+02  9.30000E-10  8.70000E-10  0.00000E+00  1.00000E+02
  1.27500E+02  1.09000E-09  9.50000E-10  0.00000E+00  1.00000E+02
  1.32500E+02  1.09000E-09  9.50000E-10  0.00000E+00  1.00000E+02
  1.38000E+02  8.20000E-10  6.70000E-10  0.00000E+00  1.00000E+02
  1.43500E+02  1.09000E-09  5.50000E-10  0.00000E+00  1.00000E+02
  1.45500E+02  1.37000E-09  6.10000E-10  0.00000E+00  1.00000E+02
  1.48000E+02  1.09000E-09  7.70000E-10  0.00000E+00  1.00000E+02
  1.52000E+02  9.60000E-10  7.20000E-10  0.00000E+00  1.00000E+02
  1.55500E+02  1.09000E-09  5.50000E-10  0.00000E+00  1.00000E+02
  1.64000E+02  8.20000E-10  6.70000E-10  0.00000E+00  1.00000E+02
  1.05000E+01  5.76000E-07  6.30000E-08  0.00000E+00  1.56001E+01
  1.35000E+01  5.15000E-07  5.90000E-08  0.00000E+00  1.56001E+01
  1.65000E+01  4.52000E-07  5.50000E-08  0.00000E+00  1.56001E+01
  1.95000E+01  4.19000E-07  5.30000E-08  0.00000E+00  1.56001E+01
  2.25000E+01  2.67000E-07  4.30000E-08  0.00000E+00  1.56001E+01
  2.55000E+01  2.64000E-07  4.30000E-08  0.00000E+00  1.56001E+01
  2.85000E+01  2.22000E-07  4.00000E-08  0.00000E+00  1.56001E+01
  3.05000E+01  2.03000E-07  2.20000E-08  0.00000E+00  1.56001E+01
  3.85000E+01  1.21000E-07  2.90000E-08  0.00000E+00  1.56001E+01
  4.15000E+01  1.29000E-07  3.00000E-08  0.00000E+00  1.56001E+01
  4.45000E+01  1.04000E-07  2.70000E-08  0.00000E+00  1.56001E+01
  4.75000E+01  1.00000E-07  2.70000E-08  0.00000E+00  1.56001E+01
  5.05000E+01  9.30000E-08  2.60000E-08  0.00000E+00  1.56001E+01
  5.35000E+01  8.00000E-08  2.40000E-08  0.00000E+00  1.56001E+01
  5.65000E+01  6.80000E-08  2.20000E-08  0.00000E+00  1.56001E+01
  5.95000E+01  7.80000E-08  2.40000E-08  0.00000E+00  1.56001E+01
  6.25000E+01  6.60000E-08  2.20000E-08  0.00000E+00  1.56001E+01
  6.55000E+01  6.20000E-08  2.10000E-08  0.00000E+00  1.56001E+01
  6.85000E+01  7.30000E-08  2.30000E-08  0.00000E+00  1.56001E+01
  7.15000E+01  4.80000E-08  1.90000E-08  0.00000E+00  1.56001E+01
  7.45000E+01  4.90000E-08  1.90000E-08  0.00000E+00  1.56001E+01
  7.75000E+01  4.70000E-08  1.80000E-08  0.00000E+00  1.56001E+01
  8.05000E+01  4.10000E-08  1.70000E-08  0.00000E+00  1.56001E+01
  8.35000E+01  4.70000E-08  1.80000E-08  0.00000E+00  1.56001E+01
  8.65000E+01  3.90000E-08  1.70000E-08  0.00000E+00  1.56001E+01
  8.95000E+01  4.40000E-08  1.80000E-08  0.00000E+00  1.56001E+01
  9.25000E+01  3.30000E-08  1.50000E-08  0.00000E+00  1.56001E+01
  9.55000E+01  3.60000E-08  1.60000E-08  0.00000E+00  1.56001E+01
  9.85000E+01  3.20000E-08  1.50000E-08  0.00000E+00  1.56001E+01
  1.01500E+02  2.50000E-08  1.30000E-08  0.00000E+00  1.56001E+01
  1.04500E+02  3.00000E-08  1.50000E-08  0.00000E+00  1.56001E+01
  1.07500E+02  3.10000E-08  1.50000E-08  0.00000E+00  1.56001E+01
  1.10500E+02  2.60000E-08  1.40000E-08  0.00000E+00  1.56001E+01
  1.13500E+02  3.10000E-08  1.50000E-08  0.00000E+00  1.56001E+01
  1.16500E+02  2.40000E-08  1.30000E-08  0.00000E+00  1.56001E+01
  1.19500E+02  2.80000E-08  1.40000E-08  0.00000E+00  1.56001E+01
  1.22500E+02  2.10000E-08  1.20000E-08  0.00000E+00  1.56001E+01
  1.25500E+02  2.50000E-08  1.30000E-08  0.00000E+00  1.56001E+01
  1.28500E+02  2.70000E-08  1.40000E-08  0.00000E+00  1.56001E+01
  1.32500E+02  1.90000E-08  1.20000E-08  0.00000E+00  1.56001E+01
  1.35500E+02  1.70000E-08  1.10000E-08  0.00000E+00  1.56001E+01
  1.41500E+02  1.90000E-08  1.20000E-08  0.00000E+00  1.56001E+01
  1.44500E+02  1.70000E-08  1.10000E-08  0.00000E+00  1.56001E+01
  1.47500E+02  1.40000E-08  1.00000E-08  0.00000E+00  1.56001E+01
  1.50500E+02  1.70000E-08  1.10000E-08  0.00000E+00  1.56001E+01
  1.53500E+02  1.60000E-08  1.10000E-08  0.00000E+00  1.56001E+01
  1.56500E+02  1.50000E-08  1.00000E-08  0.00000E+00  1.56001E+01
  1.59500E+02  1.90000E-08  1.20000E-08  0.00000E+00  1.56001E+01
  1.62500E+02  1.34000E-08  9.80000E-09  0.00000E+00  1.56001E+01
  1.68500E+02  1.34000E-08  9.80000E-09  0.00000E+00  1.56001E+01
  1.77500E+02  1.70000E-08  1.10000E-08  0.00000E+00  1.56001E+01
  1.86500E+02  1.40000E-08  1.00000E-08  0.00000E+00  1.56001E+01
  1.99500E+02  1.19000E-08  5.30000E-09  0.00000E+00  1.56001E+01
  2.02000E+02  1.19000E-08  7.50000E-09  0.00000E+00  1.56001E+01
  2.07500E+02  9.50000E-09  4.70000E-09  0.00000E+00  1.56001E+01
  2.17500E+02  7.10000E-09  4.10000E-09  0.00000E+00  1.56001E+01
  2.19500E+02  7.10000E-09  4.10000E-09  0.00000E+00  1.56001E+01
  1.05000E+01  5.97000E-07  6.00000E-08  0.00000E+00  2.00001E+01
  1.35000E+01  5.05000E-07  5.50000E-08  0.00000E+00  2.00001E+01
  1.65000E+01  4.40000E-07  5.10000E-08  0.00000E+00  2.00001E+01
  1.95000E+01  3.89000E-07  4.80000E-08  0.00000E+00  2.00001E+01
  2.25000E+01  2.73000E-07  4.10000E-08  0.00000E+00  2.00001E+01
  2.55000E+01  2.39000E-07  3.90000E-08  0.00000E+00  2.00001E+01
  2.85000E+01  2.16000E-07  3.70000E-08  0.00000E+00  2.00001E+01
  3.45000E+01  2.06000E-07  3.60000E-08  0.00000E+00  2.00001E+01
  3.75000E+01  1.60000E-07  3.20000E-08  0.00000E+00  2.00001E+01
  4.05000E+01  1.43000E-07  3.00000E-08  0.00000E+00  2.00001E+01
  4.35000E+01  1.34000E-07  2.90000E-08  0.00000E+00  2.00001E+01
  4.65000E+01  1.09000E-07  2.60000E-08  0.00000E+00  2.00001E+01
  4.95000E+01  1.24000E-07  2.80000E-08  0.00000E+00  2.00001E+01
  5.25000E+01  9.70000E-08  2.50000E-08  0.00000E+00  2.00001E+01
  5.55000E+01  1.04000E-07  2.60000E-08  0.00000E+00  2.00001E+01
  5.85000E+01  7.40000E-08  2.20000E-08  0.00000E+00  2.00001E+01
  6.15000E+01  7.00000E-08  2.10000E-08  0.00000E+00  2.00001E+01
  6.45000E+01  8.00000E-08  2.20000E-08  0.00000E+00  2.00001E+01
  6.75000E+01  5.20000E-08  1.80000E-08  0.00000E+00  2.00001E+01
  7.05000E+01  7.20000E-08  2.10000E-08  0.00000E+00  2.00001E+01
  7.35000E+01  6.30000E-08  2.00000E-08  0.00000E+00  2.00001E+01
  7.65000E+01  5.90000E-08  1.90000E-08  0.00000E+00  2.00001E+01
  7.95000E+01  4.60000E-08  1.70000E-08  0.00000E+00  2.00001E+01
  8.25000E+01  4.80000E-08  1.70000E-08  0.00000E+00  2.00001E+01
  8.55000E+01  4.60000E-08  1.70000E-08  0.00000E+00  2.00001E+01
  8.85000E+01  4.90000E-08  1.80000E-08  0.00000E+00  2.00001E+01
  9.15000E+01  3.70000E-08  1.50000E-08  0.00000E+00  2.00001E+01
  9.45000E+01  3.80000E-08  1.50000E-08  0.00000E+00  2.00001E+01
  9.75000E+01  3.40000E-08  1.50000E-08  0.00000E+00  2.00001E+01
  1.00500E+02  3.80000E-08  1.50000E-08  0.00000E+00  2.00001E+01
  1.03500E+02  4.30000E-08  1.60000E-08  0.00000E+00  2.00001E+01
  1.06500E+02  3.00000E-08  1.40000E-08  0.00000E+00  2.00001E+01
  1.09500E+02  2.80000E-08  1.30000E-08  0.00000E+00  2.00001E+01
  1.12500E+02  3.40000E-08  1.50000E-08  0.00000E+00  2.00001E+01
  1.15500E+02  2.60000E-08  1.30000E-08  0.00000E+00  2.00001E+01
  1.18500E+02  2.90000E-08  1.30000E-08  0.00000E+00  2.00001E+01
  1.21500E+02  2.50000E-08  1.20000E-08  0.00000E+00  2.00001E+01
  1.24500E+02  2.90000E-08  1.40000E-08  0.00000E+00  2.00001E+01
  1.27500E+02  2.50000E-08  1.20000E-08  0.00000E+00  2.00001E+01
  1.30500E+02  1.90000E-08  1.10000E-08  0.00000E+00  2.00001E+01
  1.33500E+02  2.50000E-08  1.30000E-08  0.00000E+00  2.00001E+01
  1.36500E+02  1.90000E-08  1.10000E-08  0.00000E+00  2.00001E+01
  1.39500E+02  1.40000E-08  9.40000E-09  0.00000E+00  2.00001E+01
  1.42500E+02  1.40000E-08  9.40000E-09  0.00000E+00  2.00001E+01
  1.45500E+02  2.00000E-08  1.10000E-08  0.00000E+00  2.00001E+01
  1.48500E+02  1.40000E-08  9.40000E-09  0.00000E+00  2.00001E+01
  1.51500E+02  1.26000E-08  8.90000E-09  0.00000E+00  2.00001E+01
  1.54500E+02  1.12000E-08  8.40000E-09  0.00000E+00  2.00001E+01
  1.57500E+02  1.19000E-08  8.70000E-09  0.00000E+00  2.00001E+01
  1.60500E+02  1.47000E-08  9.60000E-09  0.00000E+00  2.00001E+01
  1.63500E+02  1.47000E-08  9.60000E-09  0.00000E+00  2.00001E+01
  1.66500E+02  1.05000E-08  8.10000E-09  0.00000E+00  2.00001E+01
  1.69500E+02  1.26000E-08  8.90000E-09  0.00000E+00  2.00001E+01
  1.75500E+02  1.33000E-08  9.20000E-09  0.00000E+00  2.00001E+01
  1.78500E+02  1.26000E-08  8.90000E-09  0.00000E+00  2.00001E+01
  1.99500E+02  1.19000E-08  8.70000E-09  0.00000E+00  2.00001E+01
  2.05500E+02  1.12000E-08  8.40000E-09  0.00000E+00  2.00001E+01
  2.11500E+02  1.12000E-08  8.40000E-09  0.00000E+00  2.00001E+01
  2.20500E+02  1.40000E-08  9.40000E-09  0.00000E+00  2.00001E+01
  2.22500E+02  1.05000E-08  4.70000E-09  0.00000E+00  2.00001E+01
  2.25000E+02  8.40000E-09  5.90000E-09  0.00000E+00  2.00001E+01
  2.28000E+02  1.05000E-08  6.60000E-09  0.00000E+00  2.00001E+01
  2.36500E+02  1.26000E-08  5.10000E-09  0.00000E+00  2.00001E+01
  2.39000E+02  1.16000E-08  7.00000E-09  0.00000E+00  2.00001E+01
  4.50000E+00  6.21000E-07  4.40000E-08  0.00000E+00  3.50000E+01
  7.50000E+00  6.22000E-07  4.40000E-08  0.00000E+00  3.50000E+01
  1.05000E+01  5.41000E-07  4.10000E-08  0.00000E+00  3.50000E+01
  1.35000E+01  4.18000E-07  2.20000E-08  0.00000E+00  3.50000E+01
  1.65000E+01  3.66000E-07  2.80000E-08  0.00000E+00  3.50000E+01
  1.95000E+01  3.15000E-07  3.20000E-08  0.00000E+00  3.50000E+01
  2.25000E+01  2.93000E-07  3.00000E-08  0.00000E+00  3.50000E+01
  2.55000E+01  2.42000E-07  2.80000E-08  0.00000E+00  3.50000E+01
  2.85000E+01  2.03000E-07  2.50000E-08  0.00000E+00  3.50000E+01
  3.15000E+01  1.74000E-07  2.30000E-08  0.00000E+00  3.50000E+01
  3.45000E+01  1.71000E-07  2.30000E-08  0.00000E+00  3.50000E+01
  3.75000E+01  1.52000E-07  2.20000E-08  0.00000E+00  3.50000E+01
  3.95000E+01  1.21000E-07  1.10000E-08  0.00000E+00  3.50000E+01
  4.50000E+00  4.46000E-07  3.60000E-08  0.00000E+00  5.00000E+01
  7.50000E+00  4.38000E-07  3.50000E-08  0.00000E+00  5.00000E+01
  1.05000E+01  4.24000E-07  3.40000E-08  0.00000E+00  5.00000E+01
  1.35000E+01  3.47000E-07  1.20000E-08  0.00000E+00  5.00000E+01
  1.65000E+01  3.37000E-07  1.40000E-08  0.00000E+00  5.00000E+01
  1.95000E+01  2.56000E-07  2.50000E-08  0.00000E+00  5.00000E+01
  2.25000E+01  2.30000E-07  2.60000E-08  0.00000E+00  5.00000E+01
  2.55000E+01  2.16000E-07  2.50000E-08  0.00000E+00  5.00000E+01
  2.85000E+01  2.15000E-07  2.50000E-08  0.00000E+00  5.00000E+01
  3.15000E+01  1.86000E-07  2.30000E-08  0.00000E+00  5.00000E+01
  9.50000E+00  4.95000E-07  2.30000E-08  0.00000E+00  6.50001E+01
  1.25000E+01  4.35000E-07  2.10000E-08  0.00000E+00  6.50001E+01
  1.55000E+01  3.86000E-07  2.00000E-08  0.00000E+00  6.50001E+01
  1.85000E+01  3.21000E-07  1.80000E-08  0.00000E+00  6.50001E+01
  2.15000E+01  2.34000E-07  1.60000E-08  0.00000E+00  6.50001E+01
  2.45000E+01  2.08000E-07  1.50000E-08  0.00000E+00  6.50001E+01
  2.75000E+01  1.94000E-07  1.50000E-08  0.00000E+00  6.50001E+01
  3.05000E+01  1.30000E-07  1.20000E-08  0.00000E+00  6.50001E+01
  3.35000E+01  1.12000E-07  1.10000E-08  0.00000E+00  6.50001E+01
  3.65000E+01  9.90000E-08  1.00000E-08  0.00000E+00  6.50001E+01
  3.95000E+01  9.30000E-08  1.00000E-08  0.00000E+00  6.50001E+01
  4.25000E+01  9.01000E-08  1.00000E-08  0.00000E+00  6.50001E+01
  4.55000E+01  7.18000E-08  8.90000E-09  0.00000E+00  6.50001E+01
  4.85000E+01  6.57000E-08  8.50000E-09  0.00000E+00  6.50001E+01
  5.15000E+01  5.59000E-08  7.80000E-09  0.00000E+00  6.50001E+01
  5.45000E+01  5.69000E-08  7.90000E-09  0.00000E+00  6.50001E+01
  5.75000E+01  4.99000E-08  7.40000E-09  0.00000E+00  6.50001E+01
  6.05000E+01  4.18000E-08  6.80000E-09  0.00000E+00  6.50001E+01
  6.35000E+01  4.33000E-08  6.90000E-09  0.00000E+00  6.50001E+01
  6.65000E+01  4.10000E-08  6.70000E-09  0.00000E+00  6.50001E+01
  6.95000E+01  3.31000E-08  6.00000E-09  0.00000E+00  6.50001E+01
  7.25000E+01  2.93000E-08  5.70000E-09  0.00000E+00  6.50001E+01
  7.55000E+01  2.93000E-08  5.70000E-09  0.00000E+00  6.50001E+01
  7.85000E+01  2.56000E-08  5.30000E-09  0.00000E+00  6.50001E+01
  8.15000E+01  2.63000E-08  5.40000E-09  0.00000E+00  6.50001E+01
  8.45000E+01  2.18000E-08  4.90000E-09  0.00000E+00  6.50001E+01
  8.75000E+01  2.51000E-08  5.30000E-09  0.00000E+00  6.50001E+01
  9.05000E+01  2.24000E-08  5.00000E-09  0.00000E+00  6.50001E+01
  9.35000E+01  1.89000E-08  4.60000E-09  0.00000E+00  6.50001E+01
  9.65000E+01  1.74000E-08  4.40000E-09  0.00000E+00  6.50001E+01
  9.95000E+01  1.41000E-08  3.90000E-09  0.00000E+00  6.50001E+01
  1.02500E+02  1.45000E-08  4.00000E-09  0.00000E+00  6.50001E+01
  1.05500E+02  1.64000E-08  4.30000E-09  0.00000E+00  6.50001E+01
  1.08500E+02  1.45000E-08  4.00000E-09  0.00000E+00  6.50001E+01
  1.11500E+02  1.26000E-08  3.70000E-09  0.00000E+00  6.50001E+01
  1.14500E+02  1.05000E-08  3.40000E-09  0.00000E+00  6.50001E+01
  1.17500E+02  9.60000E-09  3.20000E-09  0.00000E+00  6.50001E+01
  1.20500E+02  9.10000E-09  3.20000E-09  0.00000E+00  6.50001E+01
  1.23500E+02  1.08000E-08  3.40000E-09  0.00000E+00  6.50001E+01
  1.26500E+02  8.80000E-09  3.10000E-09  0.00000E+00  6.50001E+01
  1.29500E+02  9.30000E-09  3.20000E-09  0.00000E+00  6.50001E+01
  1.32500E+02  8.80000E-09  3.10000E-09  0.00000E+00  6.50001E+01
  1.35500E+02  6.70000E-09  2.70000E-09  0.00000E+00  6.50001E+01
  1.38500E+02  7.00000E-09  2.80000E-09  0.00000E+00  6.50001E+01
  1.41500E+02  5.30000E-09  2.40000E-09  0.00000E+00  6.50001E+01
  1.44500E+02  6.00000E-09  2.60000E-09  0.00000E+00  6.50001E+01
  1.47500E+02  5.90000E-09  2.50000E-09  0.00000E+00  6.50001E+01
  1.50500E+02  6.00000E-09  2.60000E-09  0.00000E+00  6.50001E+01
  1.53500E+02  6.50000E-09  2.70000E-09  0.00000E+00  6.50001E+01
  1.56500E+02  6.70000E-09  2.70000E-09  0.00000E+00  6.50001E+01
  1.59500E+02  6.70000E-09  2.70000E-09  0.00000E+00  6.50001E+01
  1.62500E+02  4.50000E-09  2.20000E-09  0.00000E+00  6.50001E+01
  1.65500E+02  6.00000E-09  2.60000E-09  0.00000E+00  6.50001E+01
  1.68500E+02  4.40000E-09  2.20000E-09  0.00000E+00  6.50001E+01
  1.71500E+02  5.10000E-09  2.40000E-09  0.00000E+00  6.50001E+01
  1.74500E+02  4.90000E-09  2.30000E-09  0.00000E+00  6.50001E+01
  1.77500E+02  3.90000E-09  2.10000E-09  0.00000E+00  6.50001E+01
  1.80500E+02  5.40000E-09  2.40000E-09  0.00000E+00  6.50001E+01
  1.83500E+02  4.20000E-09  2.10000E-09  0.00000E+00  6.50001E+01
  1.86500E+02  3.90000E-09  2.10000E-09  0.00000E+00  6.50001E+01
  1.89500E+02  4.20000E-09  2.10000E-09  0.00000E+00  6.50001E+01
  1.92500E+02  3.40000E-09  1.90000E-09  0.00000E+00  6.50001E+01
  1.95500E+02  5.10000E-09  2.40000E-09  0.00000E+00  6.50001E+01
  1.98500E+02  2.90000E-09  1.80000E-09  0.00000E+00  6.50001E+01
  2.01500E+02  2.90000E-09  1.80000E-09  0.00000E+00  6.50001E+01
  2.04500E+02  3.20000E-09  1.90000E-09  0.00000E+00  6.50001E+01
  2.07500E+02  3.20000E-09  1.90000E-09  0.00000E+00  6.50001E+01
  2.13500E+02  3.10000E-09  1.80000E-09  0.00000E+00  6.50001E+01
  2.19500E+02  2.30000E-09  1.60000E-09  0.00000E+00  6.50001E+01
  2.29000E+02  1.70000E-09  1.10000E-09  0.00000E+00  6.50001E+01
  2.34500E+02  1.10000E-09  6.40000E-10  0.00000E+00  6.50001E+01
  2.36500E+02  1.47000E-09  7.40000E-10  0.00000E+00  6.50001E+01
  4.50000E+00  4.66000E-07  3.40000E-08  0.00000E+00  8.00001E+01
  7.50000E+00  4.90000E-07  1.50000E-08  0.00000E+00  8.00001E+01
  1.00000E+01  4.49000E-07  9.60000E-09  0.00000E+00  8.00001E+01
  1.45000E+01  2.43000E-07  1.50000E-08  0.00000E+00  1.00000E+02
  1.75000E+01  1.99000E-07  1.40000E-08  0.00000E+00  1.00000E+02
  2.05000E+01  1.70000E-07  1.30000E-08  0.00000E+00  1.00000E+02
  2.35000E+01  1.33000E-07  1.10000E-08  0.00000E+00  1.00000E+02
  2.65000E+01  9.51000E-08  9.10000E-09  0.00000E+00  1.00000E+02
  2.95000E+01  8.10000E-08  8.90000E-09  0.00000E+00  1.00000E+02
  3.25000E+01  7.15000E-08  8.40000E-09  0.00000E+00  1.00000E+02
  3.55000E+01  5.92000E-08  7.60000E-09  0.00000E+00  1.00000E+02
  3.75000E+01  4.13000E-08  3.70000E-09  0.00000E+00  1.00000E+02
  4.65000E+01  2.74000E-08  5.20000E-09  0.00000E+00  1.00000E+02
  4.95000E+01  2.90000E-08  5.30000E-09  0.00000E+00  1.00000E+02
  5.25000E+01  2.25000E-08  4.70000E-09  0.00000E+00  1.00000E+02
  5.55000E+01  2.03000E-08  4.50000E-09  0.00000E+00  1.00000E+02
  5.85000E+01  1.91000E-08  4.30000E-09  0.00000E+00  1.00000E+02
  6.15000E+01  1.85000E-08  4.30000E-09  0.00000E+00  1.00000E+02
  6.45000E+01  1.31000E-08  3.60000E-09  0.00000E+00  1.00000E+02
  6.75000E+01  1.25000E-08  3.50000E-09  0.00000E+00  1.00000E+02
  7.05000E+01  1.08000E-08  3.30000E-09  0.00000E+00  1.00000E+02
  7.35000E+01  1.09000E-08  3.30000E-09  0.00000E+00  1.00000E+02
  7.65000E+01  9.60000E-09  3.10000E-09  0.00000E+00  1.00000E+02
  7.95000E+01  7.10000E-09  2.60000E-09  0.00000E+00  1.00000E+02
  8.25000E+01  8.60000E-09  2.90000E-09  0.00000E+00  1.00000E+02
  8.55000E+01  7.70000E-09  2.70000E-09  0.00000E+00  1.00000E+02
  8.85000E+01  5.70000E-09  2.40000E-09  0.00000E+00  1.00000E+02
  9.15000E+01  4.80000E-09  2.20000E-09  0.00000E+00  1.00000E+02
  9.45000E+01  6.00000E-09  2.40000E-09  0.00000E+00  1.00000E+02
  9.75000E+01  3.70000E-09  1.90000E-09  0.00000E+00  1.00000E+02
  1.00500E+02  4.00000E-09  2.00000E-09  0.00000E+00  1.00000E+02
  1.03500E+02  3.30000E-09  1.80000E-09  0.00000E+00  1.00000E+02
  1.06500E+02  3.10000E-09  1.70000E-09  0.00000E+00  1.00000E+02
  1.09500E+02  2.70000E-09  1.60000E-09  0.00000E+00  1.00000E+02
  1.12500E+02  2.10000E-09  1.40000E-09  0.00000E+00  1.00000E+02
  1.15500E+02  2.50000E-09  1.60000E-09  0.00000E+00  1.00000E+02
  1.21500E+02  1.70000E-09  1.30000E-09  0.00000E+00  1.00000E+02
  1.24500E+02  1.90000E-09  1.40000E-09  0.00000E+00  1.00000E+02
  1.27500E+02  1.70000E-09  1.30000E-09  0.00000E+00  1.00000E+02
  1.35500E+02  1.31000E-09  6.60000E-10  0.00000E+00  1.00000E+02
# Full reference:
#M.Fidelus,  D.Filges,  F.Goldenbaum,  H.Hodde,  A.Jany, L.Jarczyk,  B.Kamys,  M.Kistryn,  St.Kistryn,
#St.Kliczewski,  E.Kozik,  P.Kulessa,  H.Machner, A.Magiera,  B.Piskor-Ignatowicz,  K.Pysz,  Z.Rudy, Sushil K.Sharma,
# R.Siudak,  M.Wojciechowski
#Jour. Physical Review, Part C, Nuclear Physics Vol.89, p.054617, 2014
#Sequential and simultaneous emission of particles from p+Al collisions at GeV energies
