# Target Z    :  13
# Target A    :  27
# Target state:  
# Projectile  : p
# Reaction    : (p,xt)
# E-inc       :   68.000 MeV
# Quantity    : Double-differential cross section
# Frame       : L
# MF          :    6
# MT          :  205
# X4 ID       : E2400159 
# X4 code     : 13-AL-27(P,X)1-H-3,,DA/DE
# Author      : Harada                   
# Year        : 2002
# Data points :    131
# E-out(MeV) xs(mb/MeV.sr) dxs(mb/MeV.sr) dE(MeV)      Evaluation  C/E(F)      Chi-2     Delta(mb)
  3.00000E+00  4.92700E-08  6.96800E-09  0.00000E+00  6.00001E+01
  3.50000E+00  4.63100E-08  6.75600E-09  0.00000E+00  6.00001E+01
  4.00000E+00  6.30600E-08  7.88300E-09  0.00000E+00  6.00001E+01
  4.50000E+00  7.98200E-08  8.86900E-09  0.00000E+00  6.00001E+01
  5.00000E+00  6.99600E-08  8.30300E-09  0.00000E+00  6.00001E+01
  5.50000E+00  6.30600E-08  7.88300E-09  0.00000E+00  6.00001E+01
  6.00000E+00  6.10900E-08  7.75900E-09  0.00000E+00  6.00001E+01
  6.50000E+00  7.68600E-08  8.70300E-09  0.00000E+00  6.00001E+01
  7.00000E+00  5.61700E-08  7.44000E-09  0.00000E+00  6.00001E+01
  7.50000E+00  5.02500E-08  7.03700E-09  0.00000E+00  6.00001E+01
  8.00000E+00  6.10900E-08  7.75900E-09  0.00000E+00  6.00001E+01
  8.50000E+00  6.50400E-08  8.00500E-09  0.00000E+00  6.00001E+01
  9.00000E+00  7.39000E-08  8.53400E-09  0.00000E+00  6.00001E+01
  9.50000E+00  6.79900E-08  8.18500E-09  0.00000E+00  6.00001E+01
  1.00000E+01  7.29200E-08  8.47700E-09  0.00000E+00  6.00001E+01
  1.05000E+01  7.68600E-08  8.70300E-09  0.00000E+00  6.00001E+01
  1.10000E+01  8.37600E-08  9.08500E-09  0.00000E+00  6.00001E+01
  1.35000E+01  3.88700E-08  7.09800E-09  0.00000E+00  6.00001E+01
  1.40000E+01  3.88700E-08  7.09800E-09  0.00000E+00  6.00001E+01
  1.45000E+01  4.40600E-08  7.55600E-09  0.00000E+00  6.00001E+01
  1.50000E+01  3.23900E-08  6.47900E-09  0.00000E+00  6.00001E+01
  1.55000E+01  2.46200E-08  5.64800E-09  0.00000E+00  6.00001E+01
  1.60000E+01  4.01700E-08  7.21500E-09  0.00000E+00  6.00001E+01
  1.65000E+01  2.72100E-08  5.93800E-09  0.00000E+00  6.00001E+01
  1.70000E+01  3.49800E-08  6.73300E-09  0.00000E+00  6.00001E+01
  1.75000E+01  3.23900E-08  6.47900E-09  0.00000E+00  6.00001E+01
  1.80000E+01  2.98000E-08  6.21400E-09  0.00000E+00  6.00001E+01
  1.85000E+01  2.33200E-08  5.49800E-09  0.00000E+00  6.00001E+01
  1.90000E+01  3.62800E-08  6.85700E-09  0.00000E+00  6.00001E+01
  1.95000E+01  2.98000E-08  6.21400E-09  0.00000E+00  6.00001E+01
  2.00000E+01  3.11000E-08  6.34800E-09  0.00000E+00  6.00001E+01
  2.05000E+01  1.94300E-08  5.01900E-09  0.00000E+00  6.00001E+01
  2.10000E+01  2.20300E-08  5.34300E-09  0.00000E+00  6.00001E+01
  2.15000E+01  2.20300E-08  5.34300E-09  0.00000E+00  6.00001E+01
  2.20000E+01  1.94300E-08  5.01900E-09  0.00000E+00  6.00001E+01
  2.25000E+01  2.85100E-08  6.07800E-09  0.00000E+00  6.00001E+01
  2.30000E+01  2.72100E-08  5.93800E-09  0.00000E+00  6.00001E+01
  2.35000E+01  2.98000E-08  6.21400E-09  0.00000E+00  6.00001E+01
  2.40000E+01  2.59100E-08  5.79500E-09  0.00000E+00  6.00001E+01
  2.45000E+01  1.55500E-08  4.48900E-09  0.00000E+00  6.00001E+01
  2.50000E+01  2.07300E-08  5.18300E-09  0.00000E+00  6.00001E+01
  2.55000E+01  1.03600E-08  3.66500E-09  0.00000E+00  6.00001E+01
  2.60000E+01  1.16600E-08  3.88700E-09  0.00000E+00  6.00001E+01
  2.65000E+01  1.81400E-08  4.84800E-09  0.00000E+00  6.00001E+01
  2.70000E+01  1.42500E-08  4.29800E-09  0.00000E+00  6.00001E+01
  2.75000E+01  1.42500E-08  4.29800E-09  0.00000E+00  6.00001E+01
  2.80000E+01  2.07300E-08  5.18300E-09  0.00000E+00  6.00001E+01
  2.85000E+01  2.85100E-08  6.07800E-09  0.00000E+00  6.00001E+01
  2.90000E+01  1.81400E-08  4.84800E-09  0.00000E+00  6.00001E+01
  2.95000E+01  7.77500E-09  3.17400E-09  0.00000E+00  6.00001E+01
  3.00000E+01  9.07100E-09  3.42800E-09  0.00000E+00  6.00001E+01
  3.05000E+01  1.29500E-08  4.09800E-09  0.00000E+00  6.00001E+01
  3.10000E+01  9.07100E-09  3.42800E-09  0.00000E+00  6.00001E+01
  3.15000E+01  1.42500E-08  4.29800E-09  0.00000E+00  6.00001E+01
  3.20000E+01  7.77500E-09  3.17400E-09  0.00000E+00  6.00001E+01
  3.25000E+01  1.16600E-08  3.88700E-09  0.00000E+00  6.00001E+01
  3.30000E+01  1.55500E-08  4.48900E-09  0.00000E+00  6.00001E+01
  3.35000E+01  9.07100E-09  3.42800E-09  0.00000E+00  6.00001E+01
  3.40000E+01  1.29500E-08  4.09800E-09  0.00000E+00  6.00001E+01
  3.45000E+01  1.16600E-08  3.88700E-09  0.00000E+00  6.00001E+01
  3.50000E+01  6.47900E-09  2.89700E-09  0.00000E+00  6.00001E+01
  3.55000E+01  7.77500E-09  3.17400E-09  0.00000E+00  6.00001E+01
  3.60000E+01  9.07100E-09  3.42800E-09  0.00000E+00  6.00001E+01
  3.65000E+01  9.07100E-09  3.42800E-09  0.00000E+00  6.00001E+01
  3.70000E+01  1.16600E-08  3.88700E-09  0.00000E+00  6.00001E+01
  3.75000E+01  1.03600E-08  3.66500E-09  0.00000E+00  6.00001E+01
  3.80000E+01  3.88700E-09  2.24400E-09  0.00000E+00  6.00001E+01
  3.85000E+01  1.42500E-08  4.29800E-09  0.00000E+00  6.00001E+01
  3.90000E+01  1.03600E-08  3.66500E-09  0.00000E+00  6.00001E+01
  3.95000E+01  6.47900E-09  2.89700E-09  0.00000E+00  6.00001E+01
  4.00000E+01  1.55500E-08  4.48900E-09  0.00000E+00  6.00001E+01
  4.05000E+01  3.88700E-09  2.24400E-09  0.00000E+00  6.00001E+01
  4.10000E+01  3.88700E-09  2.24400E-09  0.00000E+00  6.00001E+01
  4.15000E+01  1.29500E-08  4.09800E-09  0.00000E+00  6.00001E+01
  4.20000E+01  1.29500E-08  4.09800E-09  0.00000E+00  6.00001E+01
  4.25000E+01  6.47900E-09  2.89700E-09  0.00000E+00  6.00001E+01
  4.30000E+01  3.88700E-09  2.24400E-09  0.00000E+00  6.00001E+01
  4.35000E+01  1.29500E-09  1.29500E-09  0.00000E+00  6.00001E+01
  4.40000E+01  2.59100E-09  1.83200E-09  0.00000E+00  6.00001E+01
  4.45000E+01  1.29500E-09  1.29500E-09  0.00000E+00  6.00001E+01
  4.50000E+01  2.59100E-09  1.83200E-09  0.00000E+00  6.00001E+01
  4.55000E+01  7.77500E-09  3.17400E-09  0.00000E+00  6.00001E+01
  4.60000E+01  2.59100E-09  1.83200E-09  0.00000E+00  6.00001E+01
  4.65000E+01  0.00000E+00  0.00000E+00  0.00000E+00  6.00001E+01
  4.70000E+01  2.59100E-09  1.83200E-09  0.00000E+00  6.00001E+01
  4.75000E+01  3.88700E-09  2.24400E-09  0.00000E+00  6.00001E+01
  4.80000E+01  0.00000E+00  0.00000E+00  0.00000E+00  6.00001E+01
  4.85000E+01  0.00000E+00  0.00000E+00  0.00000E+00  6.00001E+01
  4.90000E+01  0.00000E+00  0.00000E+00  0.00000E+00  6.00001E+01
  4.95000E+01  0.00000E+00  0.00000E+00  0.00000E+00  6.00001E+01
  5.00000E+01  1.29500E-09  1.29500E-09  0.00000E+00  6.00001E+01
  5.05000E+01  0.00000E+00  0.00000E+00  0.00000E+00  6.00001E+01
  5.10000E+01  0.00000E+00  0.00000E+00  0.00000E+00  6.00001E+01
  5.15000E+01  0.00000E+00  0.00000E+00  0.00000E+00  6.00001E+01
  5.20000E+01  0.00000E+00  0.00000E+00  0.00000E+00  6.00001E+01
  5.25000E+01  0.00000E+00  0.00000E+00  0.00000E+00  6.00001E+01
  5.30000E+01  0.00000E+00  0.00000E+00  0.00000E+00  6.00001E+01
  5.35000E+01  0.00000E+00  0.00000E+00  0.00000E+00  6.00001E+01
  5.40000E+01  0.00000E+00  0.00000E+00  0.00000E+00  6.00001E+01
  5.45000E+01  0.00000E+00  0.00000E+00  0.00000E+00  6.00001E+01
  5.50000E+01  0.00000E+00  0.00000E+00  0.00000E+00  6.00001E+01
  5.55000E+01  0.00000E+00  0.00000E+00  0.00000E+00  6.00001E+01
  5.60000E+01  0.00000E+00  0.00000E+00  0.00000E+00  6.00001E+01
  5.65000E+01  0.00000E+00  0.00000E+00  0.00000E+00  6.00001E+01
  5.70000E+01  0.00000E+00  0.00000E+00  0.00000E+00  6.00001E+01
  5.75000E+01  0.00000E+00  0.00000E+00  0.00000E+00  6.00001E+01
  5.80000E+01  0.00000E+00  0.00000E+00  0.00000E+00  6.00001E+01
  5.85000E+01  0.00000E+00  0.00000E+00  0.00000E+00  6.00001E+01
  5.90000E+01  0.00000E+00  0.00000E+00  0.00000E+00  6.00001E+01
  5.95000E+01  0.00000E+00  0.00000E+00  0.00000E+00  6.00001E+01
  6.00000E+01  0.00000E+00  0.00000E+00  0.00000E+00  6.00001E+01
  6.05000E+01  0.00000E+00  0.00000E+00  0.00000E+00  6.00001E+01
  6.10000E+01  0.00000E+00  0.00000E+00  0.00000E+00  6.00001E+01
  6.15000E+01  0.00000E+00  0.00000E+00  0.00000E+00  6.00001E+01
  6.20000E+01  0.00000E+00  0.00000E+00  0.00000E+00  6.00001E+01
  6.25000E+01  0.00000E+00  0.00000E+00  0.00000E+00  6.00001E+01
  6.30000E+01  0.00000E+00  0.00000E+00  0.00000E+00  6.00001E+01
  6.35000E+01  0.00000E+00  0.00000E+00  0.00000E+00  6.00001E+01
  6.40000E+01  0.00000E+00  0.00000E+00  0.00000E+00  6.00001E+01
  6.45000E+01  0.00000E+00  0.00000E+00  0.00000E+00  6.00001E+01
  6.50000E+01  0.00000E+00  0.00000E+00  0.00000E+00  6.00001E+01
  6.55000E+01  0.00000E+00  0.00000E+00  0.00000E+00  6.00001E+01
  6.60000E+01  0.00000E+00  0.00000E+00  0.00000E+00  6.00001E+01
  6.65000E+01  0.00000E+00  0.00000E+00  0.00000E+00  6.00001E+01
  6.70000E+01  0.00000E+00  0.00000E+00  0.00000E+00  6.00001E+01
  6.75000E+01  0.00000E+00  0.00000E+00  0.00000E+00  6.00001E+01
  6.80000E+01  0.00000E+00  0.00000E+00  0.00000E+00  6.00001E+01
  6.85000E+01  0.00000E+00  0.00000E+00  0.00000E+00  6.00001E+01
  6.90000E+01  0.00000E+00  0.00000E+00  0.00000E+00  6.00001E+01
  6.95000E+01  0.00000E+00  0.00000E+00  0.00000E+00  6.00001E+01
  7.00000E+01  0.00000E+00  0.00000E+00  0.00000E+00  6.00001E+01
# Full reference:
#M.Harada,  Y.Watanabe,  Y.Tanaka,  Y.Matsuoka,  K.Shin, S.Meigo,  H.Nakashima,  H.Takada,  T.Sasa,
# O.Iwamoto, T.Fukahori,  S.Chiba,  S.Tanaka
#Jour. Jour. of Nuclear Science and Technology Suppl. Vol.2, p.393, 2002
#Light charged-particle production in proton-induced reactions on 12C, 27Al, 58Ni, 90Zr, 197Au, and 209Bi at 42 and 68 MeV
#
