# Target Z    :  13
# Target A    :  27
# Target state:  
# Projectile  : p
# Reaction    : (p,xt)
# E-inc       :   68.000 MeV
# Quantity    : Double-differential cross section
# Frame       : L
# MF          :    6
# MT          :  205
# X4 ID       : E2400158 
# X4 code     : 13-AL-27(P,X)1-H-3,,DA/DE
# Author      : Harada                   
# Year        : 2002
# Data points :    131
# E-out(MeV) xs(mb/MeV.sr) dxs(mb/MeV.sr) dE(MeV)      Evaluation  C/E(F)      Chi-2     Delta(mb)
  3.00000E+00  3.70900E-08  7.90800E-09  0.00000E+00  4.50001E+01
  3.50000E+00  5.56300E-08  9.68500E-09  0.00000E+00  4.50001E+01
  4.00000E+00  6.91200E-08  1.07900E-08  0.00000E+00  4.50001E+01
  4.50000E+00  9.10400E-08  1.23800E-08  0.00000E+00  4.50001E+01
  5.00000E+00  7.75500E-08  1.14300E-08  0.00000E+00  4.50001E+01
  5.50000E+00  7.41800E-08  1.11800E-08  0.00000E+00  4.50001E+01
  6.00000E+00  7.24900E-08  1.10500E-08  0.00000E+00  4.50001E+01
  6.50000E+00  8.09200E-08  1.16800E-08  0.00000E+00  4.50001E+01
  7.00000E+00  1.01100E-07  1.30600E-08  0.00000E+00  4.50001E+01
  7.50000E+00  9.27300E-08  1.25000E-08  0.00000E+00  4.50001E+01
  8.00000E+00  7.92400E-08  1.15500E-08  0.00000E+00  4.50001E+01
  8.50000E+00  1.02800E-07  1.31600E-08  0.00000E+00  4.50001E+01
  9.00000E+00  8.43000E-08  1.19200E-08  0.00000E+00  4.50001E+01
  9.50000E+00  8.43000E-08  1.19200E-08  0.00000E+00  4.50001E+01
  1.00000E+01  7.75500E-08  1.14300E-08  0.00000E+00  4.50001E+01
  1.05000E+01  1.01100E-07  1.30600E-08  0.00000E+00  4.50001E+01
  1.10000E+01  1.29800E-07  1.47900E-08  0.00000E+00  4.50001E+01
  1.35000E+01  5.31500E-08  1.02300E-08  0.00000E+00  4.50001E+01
  1.40000E+01  4.52800E-08  9.44100E-09  0.00000E+00  4.50001E+01
  1.45000E+01  5.90600E-08  1.07800E-08  0.00000E+00  4.50001E+01
  1.50000E+01  6.10300E-08  1.09600E-08  0.00000E+00  4.50001E+01
  1.55000E+01  4.13400E-08  9.02100E-09  0.00000E+00  4.50001E+01
  1.60000E+01  5.70900E-08  1.06000E-08  0.00000E+00  4.50001E+01
  1.65000E+01  5.90600E-08  1.07800E-08  0.00000E+00  4.50001E+01
  1.70000E+01  5.70900E-08  1.06000E-08  0.00000E+00  4.50001E+01
  1.75000E+01  5.31500E-08  1.02300E-08  0.00000E+00  4.50001E+01
  1.80000E+01  3.74000E-08  8.58100E-09  0.00000E+00  4.50001E+01
  1.85000E+01  3.15000E-08  7.87500E-09  0.00000E+00  4.50001E+01
  1.90000E+01  3.34600E-08  8.11700E-09  0.00000E+00  4.50001E+01
  1.95000E+01  4.72500E-08  9.64400E-09  0.00000E+00  4.50001E+01
  2.00000E+01  3.54300E-08  8.35200E-09  0.00000E+00  4.50001E+01
  2.05000E+01  4.33100E-08  9.23400E-09  0.00000E+00  4.50001E+01
  2.10000E+01  4.13400E-08  9.02100E-09  0.00000E+00  4.50001E+01
  2.15000E+01  4.92100E-08  9.84300E-09  0.00000E+00  4.50001E+01
  2.20000E+01  3.54300E-08  8.35200E-09  0.00000E+00  4.50001E+01
  2.25000E+01  4.13400E-08  9.02100E-09  0.00000E+00  4.50001E+01
  2.30000E+01  2.95300E-08  7.62400E-09  0.00000E+00  4.50001E+01
  2.35000E+01  3.54300E-08  8.35200E-09  0.00000E+00  4.50001E+01
  2.40000E+01  4.13400E-08  9.02100E-09  0.00000E+00  4.50001E+01
  2.45000E+01  3.74000E-08  8.58100E-09  0.00000E+00  4.50001E+01
  2.50000E+01  3.74000E-08  8.58100E-09  0.00000E+00  4.50001E+01
  2.55000E+01  3.54300E-08  8.35200E-09  0.00000E+00  4.50001E+01
  2.60000E+01  2.55900E-08  7.09800E-09  0.00000E+00  4.50001E+01
  2.65000E+01  3.74000E-08  8.58100E-09  0.00000E+00  4.50001E+01
  2.70000E+01  2.95300E-08  7.62400E-09  0.00000E+00  4.50001E+01
  2.75000E+01  3.93700E-08  8.80400E-09  0.00000E+00  4.50001E+01
  2.80000E+01  2.75600E-08  7.36600E-09  0.00000E+00  4.50001E+01
  2.85000E+01  4.13400E-08  9.02100E-09  0.00000E+00  4.50001E+01
  2.90000E+01  4.13400E-08  9.02100E-09  0.00000E+00  4.50001E+01
  2.95000E+01  2.36200E-08  6.81900E-09  0.00000E+00  4.50001E+01
  3.00000E+01  3.15000E-08  7.87500E-09  0.00000E+00  4.50001E+01
  3.05000E+01  3.34600E-08  8.11700E-09  0.00000E+00  4.50001E+01
  3.10000E+01  3.15000E-08  7.87500E-09  0.00000E+00  4.50001E+01
  3.15000E+01  3.15000E-08  7.87500E-09  0.00000E+00  4.50001E+01
  3.20000E+01  3.15000E-08  7.87500E-09  0.00000E+00  4.50001E+01
  3.25000E+01  2.16500E-08  6.52900E-09  0.00000E+00  4.50001E+01
  3.30000E+01  2.16500E-08  6.52900E-09  0.00000E+00  4.50001E+01
  3.35000E+01  1.57500E-08  5.56800E-09  0.00000E+00  4.50001E+01
  3.40000E+01  2.95300E-08  7.62400E-09  0.00000E+00  4.50001E+01
  3.45000E+01  2.95300E-08  7.62400E-09  0.00000E+00  4.50001E+01
  3.50000E+01  2.55900E-08  7.09800E-09  0.00000E+00  4.50001E+01
  3.55000E+01  2.55900E-08  7.09800E-09  0.00000E+00  4.50001E+01
  3.60000E+01  2.16500E-08  6.52900E-09  0.00000E+00  4.50001E+01
  3.65000E+01  2.16500E-08  6.52900E-09  0.00000E+00  4.50001E+01
  3.70000E+01  2.55900E-08  7.09800E-09  0.00000E+00  4.50001E+01
  3.75000E+01  2.36200E-08  6.81900E-09  0.00000E+00  4.50001E+01
  3.80000E+01  2.95300E-08  7.62400E-09  0.00000E+00  4.50001E+01
  3.85000E+01  2.75600E-08  7.36600E-09  0.00000E+00  4.50001E+01
  3.90000E+01  4.92100E-08  9.84300E-09  0.00000E+00  4.50001E+01
  3.95000E+01  2.55900E-08  7.09800E-09  0.00000E+00  4.50001E+01
  4.00000E+01  4.33100E-08  9.23400E-09  0.00000E+00  4.50001E+01
  4.05000E+01  3.34600E-08  8.11700E-09  0.00000E+00  4.50001E+01
  4.10000E+01  2.36200E-08  6.81900E-09  0.00000E+00  4.50001E+01
  4.15000E+01  5.31500E-08  1.02300E-08  0.00000E+00  4.50001E+01
  4.20000E+01  9.84300E-09  4.40200E-09  0.00000E+00  4.50001E+01
  4.25000E+01  9.84300E-09  4.40200E-09  0.00000E+00  4.50001E+01
  4.30000E+01  1.57500E-08  5.56800E-09  0.00000E+00  4.50001E+01
  4.35000E+01  2.75600E-08  7.36600E-09  0.00000E+00  4.50001E+01
  4.40000E+01  1.77100E-08  5.90600E-09  0.00000E+00  4.50001E+01
  4.45000E+01  5.90600E-09  3.41000E-09  0.00000E+00  4.50001E+01
  4.50000E+01  7.87500E-09  3.93700E-09  0.00000E+00  4.50001E+01
  4.55000E+01  5.90600E-09  3.41000E-09  0.00000E+00  4.50001E+01
  4.60000E+01  1.96800E-09  1.96800E-09  0.00000E+00  4.50001E+01
  4.65000E+01  3.93700E-09  2.78400E-09  0.00000E+00  4.50001E+01
  4.70000E+01  1.96800E-09  1.96800E-09  0.00000E+00  4.50001E+01
  4.75000E+01  1.96800E-09  1.96800E-09  0.00000E+00  4.50001E+01
  4.80000E+01  3.93700E-09  2.78400E-09  0.00000E+00  4.50001E+01
  4.85000E+01  9.84300E-09  4.40200E-09  0.00000E+00  4.50001E+01
  4.90000E+01  2.16500E-08  6.52900E-09  0.00000E+00  4.50001E+01
  4.95000E+01  0.00000E+00  0.00000E+00  0.00000E+00  4.50001E+01
  5.00000E+01  3.93700E-09  2.78400E-09  0.00000E+00  4.50001E+01
  5.05000E+01  0.00000E+00  0.00000E+00  0.00000E+00  4.50001E+01
  5.10000E+01  0.00000E+00  0.00000E+00  0.00000E+00  4.50001E+01
  5.15000E+01  0.00000E+00  0.00000E+00  0.00000E+00  4.50001E+01
  5.20000E+01  0.00000E+00  0.00000E+00  0.00000E+00  4.50001E+01
  5.25000E+01  0.00000E+00  0.00000E+00  0.00000E+00  4.50001E+01
  5.30000E+01  0.00000E+00  0.00000E+00  0.00000E+00  4.50001E+01
  5.35000E+01  0.00000E+00  0.00000E+00  0.00000E+00  4.50001E+01
  5.40000E+01  0.00000E+00  0.00000E+00  0.00000E+00  4.50001E+01
  5.45000E+01  0.00000E+00  0.00000E+00  0.00000E+00  4.50001E+01
  5.50000E+01  0.00000E+00  0.00000E+00  0.00000E+00  4.50001E+01
  5.55000E+01  0.00000E+00  0.00000E+00  0.00000E+00  4.50001E+01
  5.60000E+01  0.00000E+00  0.00000E+00  0.00000E+00  4.50001E+01
  5.65000E+01  0.00000E+00  0.00000E+00  0.00000E+00  4.50001E+01
  5.70000E+01  0.00000E+00  0.00000E+00  0.00000E+00  4.50001E+01
  5.75000E+01  0.00000E+00  0.00000E+00  0.00000E+00  4.50001E+01
  5.80000E+01  0.00000E+00  0.00000E+00  0.00000E+00  4.50001E+01
  5.85000E+01  0.00000E+00  0.00000E+00  0.00000E+00  4.50001E+01
  5.90000E+01  0.00000E+00  0.00000E+00  0.00000E+00  4.50001E+01
  5.95000E+01  0.00000E+00  0.00000E+00  0.00000E+00  4.50001E+01
  6.00000E+01  0.00000E+00  0.00000E+00  0.00000E+00  4.50001E+01
  6.05000E+01  0.00000E+00  0.00000E+00  0.00000E+00  4.50001E+01
  6.10000E+01  0.00000E+00  0.00000E+00  0.00000E+00  4.50001E+01
  6.15000E+01  0.00000E+00  0.00000E+00  0.00000E+00  4.50001E+01
  6.20000E+01  0.00000E+00  0.00000E+00  0.00000E+00  4.50001E+01
  6.25000E+01  0.00000E+00  0.00000E+00  0.00000E+00  4.50001E+01
  6.30000E+01  0.00000E+00  0.00000E+00  0.00000E+00  4.50001E+01
  6.35000E+01  0.00000E+00  0.00000E+00  0.00000E+00  4.50001E+01
  6.40000E+01  0.00000E+00  0.00000E+00  0.00000E+00  4.50001E+01
  6.45000E+01  0.00000E+00  0.00000E+00  0.00000E+00  4.50001E+01
  6.50000E+01  0.00000E+00  0.00000E+00  0.00000E+00  4.50001E+01
  6.55000E+01  0.00000E+00  0.00000E+00  0.00000E+00  4.50001E+01
  6.60000E+01  0.00000E+00  0.00000E+00  0.00000E+00  4.50001E+01
  6.65000E+01  0.00000E+00  0.00000E+00  0.00000E+00  4.50001E+01
  6.70000E+01  0.00000E+00  0.00000E+00  0.00000E+00  4.50001E+01
  6.75000E+01  0.00000E+00  0.00000E+00  0.00000E+00  4.50001E+01
  6.80000E+01  0.00000E+00  0.00000E+00  0.00000E+00  4.50001E+01
  6.85000E+01  0.00000E+00  0.00000E+00  0.00000E+00  4.50001E+01
  6.90000E+01  0.00000E+00  0.00000E+00  0.00000E+00  4.50001E+01
  6.95000E+01  0.00000E+00  0.00000E+00  0.00000E+00  4.50001E+01
  7.00000E+01  0.00000E+00  0.00000E+00  0.00000E+00  4.50001E+01
# Full reference:
#M.Harada,  Y.Watanabe,  Y.Tanaka,  Y.Matsuoka,  K.Shin, S.Meigo,  H.Nakashima,  H.Takada,  T.Sasa,
# O.Iwamoto, T.Fukahori,  S.Chiba,  S.Tanaka
#Jour. Jour. of Nuclear Science and Technology Suppl. Vol.2, p.393, 2002
#Light charged-particle production in proton-induced reactions on 12C, 27Al, 58Ni, 90Zr, 197Au, and 209Bi at 42 and 68 MeV
#
