# Target Z    :  13
# Target A    :  27
# Target state:  
# Projectile  : p
# Reaction    : (p,xt)
# E-inc       :   68.000 MeV
# Quantity    : Double-differential cross section
# Frame       : L
# MF          :    6
# MT          :  205
# X4 ID       : E2400157 
# X4 code     : 13-AL-27(P,X)1-H-3,,DA/DE
# Author      : Harada                   
# Year        : 2002
# Data points :    131
# E-out(MeV) xs(mb/MeV.sr) dxs(mb/MeV.sr) dE(MeV)      Evaluation  C/E(F)      Chi-2     Delta(mb)
  3.00000E+00  3.48900E-08  1.42400E-08  0.00000E+00  3.50000E+01
  3.50000E+00  6.39700E-08  1.92800E-08  0.00000E+00  3.50000E+01
  4.00000E+00  9.30400E-08  2.32600E-08  0.00000E+00  3.50000E+01
  4.50000E+00  9.30400E-08  2.32600E-08  0.00000E+00  3.50000E+01
  5.00000E+00  7.56000E-08  2.09600E-08  0.00000E+00  3.50000E+01
  5.50000E+00  9.88600E-08  2.39700E-08  0.00000E+00  3.50000E+01
  6.00000E+00  8.72300E-08  2.25200E-08  0.00000E+00  3.50000E+01
  6.50000E+00  9.88600E-08  2.39700E-08  0.00000E+00  3.50000E+01
  7.00000E+00  1.45300E-07  2.90700E-08  0.00000E+00  3.50000E+01
  7.50000E+00  1.16300E-07  2.60000E-08  0.00000E+00  3.50000E+01
  8.00000E+00  8.72300E-08  2.25200E-08  0.00000E+00  3.50000E+01
  8.50000E+00  1.04600E-07  2.46700E-08  0.00000E+00  3.50000E+01
  9.00000E+00  1.16300E-07  2.60000E-08  0.00000E+00  3.50000E+01
  9.50000E+00  9.30400E-08  2.32600E-08  0.00000E+00  3.50000E+01
  1.00000E+01  1.51200E-07  2.96500E-08  0.00000E+00  3.50000E+01
  1.05000E+01  1.33700E-07  2.78900E-08  0.00000E+00  3.50000E+01
  1.10000E+01  1.80200E-07  3.23800E-08  0.00000E+00  3.50000E+01
  1.35000E+01  1.02700E-07  2.17600E-08  0.00000E+00  3.50000E+01
  1.40000E+01  4.40400E-08  1.42400E-08  0.00000E+00  3.50000E+01
  1.45000E+01  8.07400E-08  1.92800E-08  0.00000E+00  3.50000E+01
  1.50000E+01  2.20200E-08  1.00700E-08  0.00000E+00  3.50000E+01
  1.55000E+01  8.80800E-08  2.01400E-08  0.00000E+00  3.50000E+01
  1.60000E+01  5.13800E-08  1.53800E-08  0.00000E+00  3.50000E+01
  1.65000E+01  1.46800E-08  8.22400E-09  0.00000E+00  3.50000E+01
  1.70000E+01  2.20200E-08  1.00700E-08  0.00000E+00  3.50000E+01
  1.75000E+01  8.07400E-08  1.92800E-08  0.00000E+00  3.50000E+01
  1.80000E+01  7.34000E-08  1.83900E-08  0.00000E+00  3.50000E+01
  1.85000E+01  3.67000E-08  1.30000E-08  0.00000E+00  3.50000E+01
  1.90000E+01  5.87200E-08  1.64400E-08  0.00000E+00  3.50000E+01
  1.95000E+01  6.60600E-08  1.74400E-08  0.00000E+00  3.50000E+01
  2.00000E+01  8.80800E-08  2.01400E-08  0.00000E+00  3.50000E+01
  2.05000E+01  5.13800E-08  1.53800E-08  0.00000E+00  3.50000E+01
  2.10000E+01  6.60600E-08  1.74400E-08  0.00000E+00  3.50000E+01
  2.15000E+01  3.67000E-08  1.30000E-08  0.00000E+00  3.50000E+01
  2.20000E+01  5.13800E-08  1.53800E-08  0.00000E+00  3.50000E+01
  2.25000E+01  7.34000E-08  1.83900E-08  0.00000E+00  3.50000E+01
  2.30000E+01  6.60600E-08  1.74400E-08  0.00000E+00  3.50000E+01
  2.35000E+01  7.34000E-08  1.83900E-08  0.00000E+00  3.50000E+01
  2.40000E+01  3.67000E-08  1.30000E-08  0.00000E+00  3.50000E+01
  2.45000E+01  8.80800E-08  2.01400E-08  0.00000E+00  3.50000E+01
  2.50000E+01  3.67000E-08  1.30000E-08  0.00000E+00  3.50000E+01
  2.55000E+01  1.46800E-08  8.22400E-09  0.00000E+00  3.50000E+01
  2.60000E+01  5.87200E-08  1.64400E-08  0.00000E+00  3.50000E+01
  2.65000E+01  6.60600E-08  1.74400E-08  0.00000E+00  3.50000E+01
  2.70000E+01  2.93600E-08  1.16300E-08  0.00000E+00  3.50000E+01
  2.75000E+01  6.60600E-08  1.74400E-08  0.00000E+00  3.50000E+01
  2.80000E+01  7.34000E-08  1.83900E-08  0.00000E+00  3.50000E+01
  2.85000E+01  7.34000E-09  5.81500E-09  0.00000E+00  3.50000E+01
  2.90000E+01  4.40400E-08  1.42400E-08  0.00000E+00  3.50000E+01
  2.95000E+01  5.13800E-08  1.53800E-08  0.00000E+00  3.50000E+01
  3.00000E+01  5.87200E-08  1.64400E-08  0.00000E+00  3.50000E+01
  3.05000E+01  2.93600E-08  1.16300E-08  0.00000E+00  3.50000E+01
  3.10000E+01  2.20200E-08  1.00700E-08  0.00000E+00  3.50000E+01
  3.15000E+01  3.67000E-08  1.30000E-08  0.00000E+00  3.50000E+01
  3.20000E+01  4.40400E-08  1.42400E-08  0.00000E+00  3.50000E+01
  3.25000E+01  3.67000E-08  1.30000E-08  0.00000E+00  3.50000E+01
  3.30000E+01  4.40400E-08  1.42400E-08  0.00000E+00  3.50000E+01
  3.35000E+01  1.46800E-08  8.22400E-09  0.00000E+00  3.50000E+01
  3.40000E+01  1.46800E-08  8.22400E-09  0.00000E+00  3.50000E+01
  3.45000E+01  1.46800E-08  8.22400E-09  0.00000E+00  3.50000E+01
  3.50000E+01  3.67000E-08  1.30000E-08  0.00000E+00  3.50000E+01
  3.55000E+01  5.13800E-08  1.53800E-08  0.00000E+00  3.50000E+01
  3.60000E+01  2.93600E-08  1.16300E-08  0.00000E+00  3.50000E+01
  3.65000E+01  5.13800E-08  1.53800E-08  0.00000E+00  3.50000E+01
  3.70000E+01  3.67000E-08  1.30000E-08  0.00000E+00  3.50000E+01
  3.75000E+01  2.93600E-08  1.16300E-08  0.00000E+00  3.50000E+01
  3.80000E+01  2.20200E-08  1.00700E-08  0.00000E+00  3.50000E+01
  3.85000E+01  4.40400E-08  1.42400E-08  0.00000E+00  3.50000E+01
  3.90000E+01  3.67000E-08  1.30000E-08  0.00000E+00  3.50000E+01
  3.95000E+01  2.20200E-08  1.00700E-08  0.00000E+00  3.50000E+01
  4.00000E+01  2.93600E-08  1.16300E-08  0.00000E+00  3.50000E+01
  4.05000E+01  7.34000E-09  5.81500E-09  0.00000E+00  3.50000E+01
  4.10000E+01  1.10100E-07  2.25200E-08  0.00000E+00  3.50000E+01
  4.15000E+01  1.46800E-08  8.22400E-09  0.00000E+00  3.50000E+01
  4.20000E+01  5.13800E-08  1.53800E-08  0.00000E+00  3.50000E+01
  4.25000E+01  5.87200E-08  1.64400E-08  0.00000E+00  3.50000E+01
  4.30000E+01  1.46800E-08  8.22400E-09  0.00000E+00  3.50000E+01
  4.35000E+01  7.34000E-09  5.81500E-09  0.00000E+00  3.50000E+01
  4.40000E+01  9.54200E-08  2.09600E-08  0.00000E+00  3.50000E+01
  4.45000E+01  1.46800E-08  8.22400E-09  0.00000E+00  3.50000E+01
  4.50000E+01  2.20200E-08  1.00700E-08  0.00000E+00  3.50000E+01
  4.55000E+01  0.00000E+00  0.00000E+00  0.00000E+00  3.50000E+01
  4.60000E+01  1.46800E-08  8.22400E-09  0.00000E+00  3.50000E+01
  4.65000E+01  7.34000E-09  5.81500E-09  0.00000E+00  3.50000E+01
  4.70000E+01  1.46800E-08  8.22400E-09  0.00000E+00  3.50000E+01
  4.75000E+01  7.34000E-09  5.81500E-09  0.00000E+00  3.50000E+01
  4.80000E+01  2.93600E-08  1.16300E-08  0.00000E+00  3.50000E+01
  4.85000E+01  1.46800E-08  8.22400E-09  0.00000E+00  3.50000E+01
  4.90000E+01  7.34000E-09  5.81500E-09  0.00000E+00  3.50000E+01
  4.95000E+01  1.46800E-08  8.22400E-09  0.00000E+00  3.50000E+01
  5.00000E+01  1.46800E-08  8.22400E-09  0.00000E+00  3.50000E+01
  5.05000E+01  0.00000E+00  0.00000E+00  0.00000E+00  3.50000E+01
  5.10000E+01  0.00000E+00  0.00000E+00  0.00000E+00  3.50000E+01
  5.15000E+01  0.00000E+00  0.00000E+00  0.00000E+00  3.50000E+01
  5.20000E+01  0.00000E+00  0.00000E+00  0.00000E+00  3.50000E+01
  5.25000E+01  0.00000E+00  0.00000E+00  0.00000E+00  3.50000E+01
  5.30000E+01  0.00000E+00  0.00000E+00  0.00000E+00  3.50000E+01
  5.35000E+01  0.00000E+00  0.00000E+00  0.00000E+00  3.50000E+01
  5.40000E+01  0.00000E+00  0.00000E+00  0.00000E+00  3.50000E+01
  5.45000E+01  0.00000E+00  0.00000E+00  0.00000E+00  3.50000E+01
  5.50000E+01  0.00000E+00  0.00000E+00  0.00000E+00  3.50000E+01
  5.55000E+01  0.00000E+00  0.00000E+00  0.00000E+00  3.50000E+01
  5.60000E+01  0.00000E+00  0.00000E+00  0.00000E+00  3.50000E+01
  5.65000E+01  0.00000E+00  0.00000E+00  0.00000E+00  3.50000E+01
  5.70000E+01  0.00000E+00  0.00000E+00  0.00000E+00  3.50000E+01
  5.75000E+01  0.00000E+00  0.00000E+00  0.00000E+00  3.50000E+01
  5.80000E+01  0.00000E+00  0.00000E+00  0.00000E+00  3.50000E+01
  5.85000E+01  0.00000E+00  0.00000E+00  0.00000E+00  3.50000E+01
  5.90000E+01  0.00000E+00  0.00000E+00  0.00000E+00  3.50000E+01
  5.95000E+01  0.00000E+00  0.00000E+00  0.00000E+00  3.50000E+01
  6.00000E+01  0.00000E+00  0.00000E+00  0.00000E+00  3.50000E+01
  6.05000E+01  0.00000E+00  0.00000E+00  0.00000E+00  3.50000E+01
  6.10000E+01  0.00000E+00  0.00000E+00  0.00000E+00  3.50000E+01
  6.15000E+01  0.00000E+00  0.00000E+00  0.00000E+00  3.50000E+01
  6.20000E+01  0.00000E+00  0.00000E+00  0.00000E+00  3.50000E+01
  6.25000E+01  0.00000E+00  0.00000E+00  0.00000E+00  3.50000E+01
  6.30000E+01  0.00000E+00  0.00000E+00  0.00000E+00  3.50000E+01
  6.35000E+01  0.00000E+00  0.00000E+00  0.00000E+00  3.50000E+01
  6.40000E+01  0.00000E+00  0.00000E+00  0.00000E+00  3.50000E+01
  6.45000E+01  0.00000E+00  0.00000E+00  0.00000E+00  3.50000E+01
  6.50000E+01  0.00000E+00  0.00000E+00  0.00000E+00  3.50000E+01
  6.55000E+01  0.00000E+00  0.00000E+00  0.00000E+00  3.50000E+01
  6.60000E+01  0.00000E+00  0.00000E+00  0.00000E+00  3.50000E+01
  6.65000E+01  0.00000E+00  0.00000E+00  0.00000E+00  3.50000E+01
  6.70000E+01  0.00000E+00  0.00000E+00  0.00000E+00  3.50000E+01
  6.75000E+01  0.00000E+00  0.00000E+00  0.00000E+00  3.50000E+01
  6.80000E+01  0.00000E+00  0.00000E+00  0.00000E+00  3.50000E+01
  6.85000E+01  0.00000E+00  0.00000E+00  0.00000E+00  3.50000E+01
  6.90000E+01  0.00000E+00  0.00000E+00  0.00000E+00  3.50000E+01
  6.95000E+01  0.00000E+00  0.00000E+00  0.00000E+00  3.50000E+01
  7.00000E+01  0.00000E+00  0.00000E+00  0.00000E+00  3.50000E+01
# Full reference:
#M.Harada,  Y.Watanabe,  Y.Tanaka,  Y.Matsuoka,  K.Shin, S.Meigo,  H.Nakashima,  H.Takada,  T.Sasa,
# O.Iwamoto, T.Fukahori,  S.Chiba,  S.Tanaka
#Jour. Jour. of Nuclear Science and Technology Suppl. Vol.2, p.393, 2002
#Light charged-particle production in proton-induced reactions on 12C, 27Al, 58Ni, 90Zr, 197Au, and 209Bi at 42 and 68 MeV
#
