$SPEC_ID:
No sample description was entered.
$SPEC_REM:
DET# 1
DETDESC# EPS-140909 Easy-MCA-8k SN 16175454
AP# Maestro Version 7.01
$DATE_MEA:
02/25/2022 19:22:23
$MEAS_TIM:
297 300
$DATA:
0 8191
       0
       0
       0
       0
       0
       0
       0
       0
       0
       0
       0
       0
       0
       0
       0
       0
       0
       0
       0
       0
       0
       0
       0
       0
       0
       0
       0
       0
       0
       0
       0
       0
       0
       0
       0
       0
       0
       1
      12
      41
      99
     289
    5831
    8465
    4151
    3353
    2932
    2853
    2797
    2885
    2889
    2944
    2965
    2901
    2759
    2693
    2684
    2547
    2696
    2606
    2569
    2387
    2522
    2391
    2298
    2257
    2238
    2119
    2010
    2053
    1914
    1869
    1813
    1903
    1888
    1919
    1858
    1826
    1650
    1719
    1705
    1627
    1609
    1510
    1493
    1462
    1444
    1425
    1361
    1399
    1370
    1280
    1311
    1273
    1285
    1220
    1214
    1185
    1138
    1126
    1118
    1123
    1099
    1090
    1140
    1095
    1078
    1095
    1131
    1127
    1099
    1075
    1132
    1086
    1145
    1142
    1152
    1222
    1105
    1166
    1146
    1093
    1117
    1074
     974
     920
     909
     947
     899
     862
     932
     909
    1151
    1601
    2148
    3013
    3690
    4076
    4441
    4179
    3299
    2415
    1863
    1457
    1129
     915
     745
     665
     581
     531
     504
     541
     546
     643
     793
    1082
    1331
    1413
    1285
    1136
    1029
     985
     941
     776
     609
     556
     495
     479
     400
     424
     389
     367
     374
     389
     343
     321
     342
     369
     361
     365
     324
     322
     331
     317
     346
     313
     299
     312
     303
     284
     287
     312
     290
     299
     304
     299
     270
     283
     271
     289
     295
     273
     282
     284
     299
     272
     234
     282
     236
     254
     275
     229
     278
     205
     213
     241
     231
     224
     245
     225
     229
     198
     268
     213
     230
     176
     216
     240
     227
     301
     346
     478
     517
     542
     424
     273
     225
     209
     210
     181
     168
     171
     195
     169
     175
     172
     182
     169
     180
     173
     160
     175
     155
     167
     170
     196
     227
     195
     218
     203
     177
     168
     148
     154
     142
     156
     167
     147
     114
     130
     131
     132
     141
     136
     124
     145
     141
     147
     120
     137
     141
     103
     134
     137
     109
     119
     127
      99
     134
     105
     120
     122
     109
     114
     106
     111
     124
     128
     106
      88
      95
     120
     105
      89
     114
     106
      96
     103
      94
     110
      92
     103
     115
     105
     112
     101
      89
      91
      93
      97
      88
     105
     108
      80
      82
      93
      86
      90
      95
      89
      91
      83
      83
      94
      84
      83
     101
      72
      88
      75
      89
      68
      76
      84
      76
      86
      78
      79
     124
     139
     112
     118
     107
      80
      91
      79
      82
      77
      79
      76
      71
      81
      73
      68
      63
      79
      73
      66
      75
      71
      69
      59
      60
      72
      69
      77
      69
      61
      76
      56
      63
      70
      67
      74
      59
      58
      77
      57
      71
      70
      72
      54
      65
      62
      63
      67
      53
      68
      55
      58
      41
      57
      67
      52
      64
      57
      56
      61
      63
      55
      67
      56
      60
      53
      55
      54
      54
      57
      67
      64
      60
      60
      57
      55
      69
      68
      69
      53
      41
      51
      57
      64
      50
      54
      60
      56
      48
      62
      56
      56
      42
      59
      48
      45
      51
      57
      48
      47
      41
      48
      52
      55
      45
      59
      50
      58
      54
      45
      44
      44
      58
      50
      48
      69
      44
      56
      30
      30
      47
      54
      54
      46
      43
      40
      31
      48
      45
      44
      33
      32
      40
      58
      61
      35
      45
      43
      44
      41
      26
      42
      40
      47
      32
      58
      43
      38
      54
      36
      38
      45
      46
      46
      51
      41
      43
      37
      35
      35
      41
      35
      50
      35
      39
      37
      40
      27
      38
      28
      35
      37
      40
      42
      38
      34
      38
      44
      33
      43
      40
      52
      33
      47
      32
      35
      33
      36
      33
      30
      35
      32
      36
      32
      35
      37
      43
      24
      27
      33
      35
      37
      33
      24
      28
      34
      29
      27
      27
      31
      30
      33
      37
      39
      22
      19
      30
      31
      29
      25
      25
      30
      40
      44
      30
      26
      34
      29
      31
      28
      41
      22
      37
      32
      40
      29
      40
      28
      19
      31
      39
      26
      33
      21
      39
      35
      52
      65
      48
      33
      50
      32
      29
      39
      48
      43
      26
      32
      33
      27
      27
      24
      34
      29
      39
      24
      26
      22
      26
      24
      32
      32
      28
      28
      24
      25
      38
      33
      27
      28
      22
      30
      26
      25
      19
      31
      16
      25
      23
      31
      24
      35
      22
      27
      26
      23
      17
      24
      29
      24
      21
      26
      23
      26
      21
      20
      28
      17
      17
      23
      36
      28
      33
      15
      15
      27
      28
      24
      18
      35
      27
      21
      27
      21
      24
      31
      21
      26
      25
      25
      24
      24
      25
      22
      22
      24
      25
      20
      24
      31
      21
      27
      20
      18
      22
      21
      28
      27
      22
      23
      23
      28
      24
      24
      16
      25
      19
      25
      30
      16
      24
      24
      10
      25
      13
      22
      14
      29
      27
      22
      29
      34
      24
      23
      26
      21
      35
      21
      27
      24
      15
      14
      28
      22
      22
      20
      30
      33
      28
      28
      21
      29
      27
      13
      25
      16
      22
      26
      20
      21
      18
      22
      25
      18
      18
      21
      16
      26
      10
      17
      13
      21
      23
      23
      24
      30
      38
      26
      21
      24
      23
      18
      24
      10
      24
      16
      13
      24
      16
      14
      22
      27
      25
      17
      23
      17
      21
      21
      24
      22
      18
      24
      19
      17
      17
      21
      24
      17
      27
      16
      25
      17
      13
      18
      26
      24
      20
      21
      24
      21
      18
      17
      19
      28
      21
      22
      22
      20
      21
      24
      18
      20
      23
      22
      14
      18
      25
      24
      25
      15
      25
      17
      14
      22
      27
      19
      15
      23
      20
      21
      14
      26
      19
      26
      16
      32
      30
      27
      21
      13
      14
      12
      15
      13
      19
      17
      14
      11
      15
      21
      14
      16
      20
      19
      19
       9
      16
       9
      16
      20
      12
      19
      13
      22
      14
      13
      21
      23
      29
      40
      31
      31
      24
      14
      25
      11
      16
      11
      17
      11
      15
      21
      11
       7
      17
      12
      13
      13
      20
      11
      15
      14
      17
      15
       6
      13
      10
      18
      13
      14
      13
      11
      17
      15
       9
      13
      16
       8
       8
       6
      11
      12
      12
      12
      13
      12
      13
      19
      16
      10
      11
       9
      12
      14
      10
      17
      11
      17
       8
       8
       9
      11
      17
      13
       9
      10
      13
       7
      10
      11
      11
       8
      12
      12
       9
       9
      15
       7
       9
      10
      14
       8
      11
      12
      15
       9
       7
       8
       9
      11
      14
       6
      10
      12
      12
       4
      12
      15
       9
      15
       9
      12
      12
      11
      18
      12
      14
      10
      12
      20
      10
      12
       6
      12
      14
      11
       8
      11
      14
      10
      15
      11
      16
       6
      13
      16
      10
      11
       8
       8
      15
      15
      11
      13
       9
       3
       6
       7
      13
      10
       7
       6
      16
      11
       7
      14
       6
      16
      13
      12
       5
       9
       7
       9
       8
      15
       9
      10
      10
      12
       9
       9
       5
      12
       7
      10
       4
       5
       9
      10
       6
      11
      10
       7
      11
       2
       6
       4
      14
      10
      14
      10
       5
       7
      11
       5
       9
       6
      12
      10
      13
       4
      12
      10
      16
      13
      10
       9
      14
       8
       9
       6
       6
       3
      10
      10
      12
       3
      15
       6
       6
       6
       6
       7
       8
       5
       7
      10
       7
       6
      17
       6
       3
       5
      13
      13
       6
       6
       8
       9
       6
       4
       6
       4
       6
      10
       8
       8
      10
       6
       8
      10
      15
       5
       9
       7
       4
       4
      11
      14
       8
       8
       9
       5
       4
       5
      10
      13
       3
       6
       9
      14
       7
      10
       7
       7
       5
      12
       7
       8
       9
       4
       9
       8
      10
      11
       9
      14
       9
      11
       6
       5
      12
      11
       8
       9
       9
       9
      12
      10
       2
       9
       5
       4
      13
       6
      11
       5
      12
       7
       6
       6
      12
       7
       2
      10
       5
      10
       9
      12
       5
       5
       4
       5
       5
       5
       9
       6
       8
       9
       7
      11
       8
       9
       9
       6
       8
       8
      11
       3
      10
       9
       3
       8
      10
       4
       2
       8
       5
      13
      11
       6
       6
       7
      12
       6
       8
       9
       6
       8
       5
       4
       2
       5
      13
       5
       3
       4
       6
      10
       6
      10
       5
      10
       5
       9
       9
      12
       4
       6
      10
       5
      11
       7
       7
      13
      10
       8
       9
       9
       8
       7
       7
      11
      10
       8
      13
      31
      29
      51
      91
     111
     142
     194
     217
     247
     250
     216
     174
     155
     103
      72
      38
      20
      25
      13
       9
      11
      15
       7
       3
       6
       8
      11
       3
       8
       6
       7
       7
       5
       4
       5
       7
       9
      10
       5
       5
       5
       7
       6
       6
       6
       1
       6
       9
       6
       8
      10
      10
      11
       4
       5
       6
       7
       6
       3
       4
       9
       2
       5
       6
       7
       3
       1
      10
       8
       6
      10
       8
       6
       9
       6
       9
       8
       7
       8
       9
       3
       5
       9
       3
       4
       9
       6
      10
       4
      13
       7
       5
       7
       2
       8
       3
       7
       9
      12
       3
       4
       6
       6
       4
       3
       7
      10
       4
       4
       7
       7
       5
       4
      12
       4
      11
       2
       4
       7
       6
       5
       9
       7
       8
       3
       6
       8
       6
       9
       4
       5
       5
       5
       5
       5
       8
       7
       7
       2
       9
       7
      14
       6
       7
       5
       6
       7
       2
       4
       8
       7
       4
       8
      10
       5
       6
       6
       3
       7
       6
       5
       4
       5
       3
       3
       4
       7
       4
       5
       2
       3
       7
      11
       7
       3
       5
       5
       7
       5
       4
      14
       8
       8
       9
      10
      10
      10
      12
      13
      16
      20
       9
       7
       3
      10
       2
       2
       7
       7
      11
       7
       5
       6
       5
       4
       3
       6
       4
       4
       5
       3
       6
       9
       3
       3
       3
       7
       7
       2
       5
       3
       4
      10
       5
       7
       2
       4
       8
       3
      11
       4
       7
       8
       6
       4
      10
       2
       5
       3
       4
       3
       3
       5
       6
       5
      10
       4
      10
       5
       6
      14
       3
      20
      22
      17
      19
       8
       9
       5
       8
       6
       3
       5
      11
       7
       7
       5
       4
       7
       5
       6
       7
       4
       5
       7
       8
       6
       4
       5
       8
       6
       9
       4
       5
       6
       3
       3
       8
       3
       7
       6
       8
       4
       2
       8
       7
       8
       3
       5
       5
       3
       5
       4
       9
       3
       9
       7
       4
       8
       4
       5
       3
       6
       6
       3
       5
       3
       4
       1
       3
       7
       4
      11
       4
       7
       3
       3
       6
       5
       8
       4
       4
       4
       7
      11
       2
       5
       8
       6
       4
       6
       4
       2
       4
       6
       3
       3
       3
       1
       8
       8
       7
       6
       8
       4
       3
       7
       4
      11
       8
       4
       2
       4
       6
       3
       4
       3
       6
       7
       5
       3
       6
       4
       4
       4
       6
       3
       5
       7
       3
       6
       3
       6
       6
       8
       6
       4
       1
       4
       6
       3
       6
       7
       8
      10
       4
       5
       3
       1
       6
       5
      11
       4
       4
       7
       6
       7
       7
       5
       3
       4
       8
       5
       5
       5
       5
       5
       1
       5
       4
       6
       3
       6
       5
       6
       6
       5
       3
       7
       5
       1
       4
       4
       3
       1
       5
       3
       4
       9
       2
       8
       4
       5
       5
       2
       2
       3
       3
       1
       1
       1
       5
      10
       7
       5
       7
       4
       4
       5
       2
       6
       4
       5
       6
       2
       2
       4
       1
       3
       5
       2
       4
       3
       3
       3
       4
       2
       4
       4
       0
       3
       7
      10
      18
      13
      16
      22
      14
      19
      16
       7
       7
       7
       3
       2
       6
       5
       6
       4
       3
       4
       3
       7
       5
       4
       5
       5
       3
       8
       4
       4
       4
       4
       5
       5
       2
       8
       1
       4
       4
       3
       3
       2
       5
       6
       3
       6
       3
       7
       5
       3
       4
       6
       7
       7
       4
       2
       7
       4
       5
       3
       8
       5
       4
       4
       6
       7
       7
       5
       6
       2
       4
       3
       2
       4
       3
       9
       2
       2
       5
       4
       2
       5
       0
       2
       4
       5
       6
       3
       4
       2
       2
       1
       5
       6
       7
       6
       1
       4
      10
       4
       2
       1
       4
       3
       7
       5
       2
       1
       5
       3
       2
       4
       3
       1
       5
       2
       3
       2
       5
       2
       8
       1
       4
       7
       3
       6
       1
       2
       1
       2
       3
       1
       6
       4
       4
       4
       8
       1
       2
       2
       2
       3
       3
       3
       5
       3
       1
       3
       3
       5
       3
       5
       2
       5
       3
       1
       5
       4
       3
      11
       7
       9
      19
      19
      16
       8
       6
       6
       5
       5
       5
       1
       0
       3
       4
       3
       1
       6
       2
       5
       1
       3
       4
       4
       1
       1
       5
       4
       4
       2
       4
       4
       4
       8
       7
       5
       7
       4
       3
       4
       3
       9
       6
       3
       5
       0
       1
       2
       0
       5
       3
       0
       5
       3
       3
       4
       3
       3
       2
       1
       2
       4
       4
       3
       2
       4
       1
       2
       4
       0
       3
       1
       1
       1
       5
       7
       5
       3
       2
       5
       5
       1
       5
       5
       3
       5
       2
       1
       2
       4
       2
       3
       3
       5
       2
       3
       4
       1
       1
       1
       2
       1
       2
       6
       1
       5
       1
       3
       2
       4
       2
       1
       1
       2
       4
       4
       2
       3
       3
       5
       2
       3
       4
       1
       2
       1
       2
       0
       1
       4
       0
       2
       0
       1
       2
       0
       1
       5
       1
       3
       4
       3
       1
       1
       1
       1
       1
       2
       3
       2
       2
       4
       3
       2
       2
       5
       1
       4
       2
       0
       2
       4
       1
       0
       0
       2
       1
       4
       3
       1
       2
       2
       1
       4
       2
       6
       2
       4
       3
       1
       3
       2
       3
       2
       6
       1
       4
       2
       3
       0
       4
       1
       1
       5
       4
       0
       2
       6
       1
       2
       1
       3
       3
       2
       9
       1
       4
       5
       7
       9
      13
      18
      19
      15
      10
       6
       3
       1
       2
       4
       1
       2
       1
       6
       2
       3
       2
       4
       3
       3
       3
       2
       2
       5
       2
       4
       1
       5
       5
       4
       4
       2
       6
       1
       6
       1
       1
       1
       1
       1
       2
       2
       2
       4
       1
       3
       3
       5
       8
       3
       9
      27
      30
      44
      56
      64
      48
      39
      18
      11
       6
       4
       1
       3
       3
       3
       9
       1
       1
       2
       3
       5
       4
       1
       3
       4
       4
       3
       2
       4
       4
       1
       5
       4
       3
       6
       1
       1
       4
       2
       2
       3
       6
       0
       4
       3
       1
       1
       5
       3
       2
       3
       2
       4
       1
       2
       2
       3
       1
       3
       1
       3
       2
       2
       1
       2
       1
       1
       1
       3
       2
       1
       5
       1
       1
       3
       3
       1
       1
       0
       3
       4
       1
       2
       1
       1
       2
       3
       3
       3
       6
       3
       0
       4
       3
       4
       3
       1
       0
       3
       4
       5
       4
       6
       5
       6
       7
       9
       4
       0
       6
       2
       2
       0
       3
       2
       2
       6
       6
       2
       3
       2
       2
       2
       0
       1
       2
       3
       1
       3
       4
       0
       2
       1
       3
       5
       3
       1
       1
       2
       2
       0
       1
       3
       2
       3
       4
       0
       3
       3
       2
       2
       2
       1
       4
       5
       3
       2
       4
       6
       3
       4
       2
       3
       2
       1
       0
       2
       3
       2
       2
       1
       2
       5
       3
       0
       5
       3
       4
       1
       5
       3
       1
       0
       0
       1
       5
       3
       2
       1
       2
       1
       0
       2
       3
       3
       5
       3
       2
       4
       5
       2
       7
       1
       3
       2
       6
       3
       6
       6
       2
       4
       3
       1
       2
       1
       1
       2
       2
       1
       0
       3
       6
       1
       2
       1
       4
       2
       0
       1
       1
       3
       5
       2
       2
       2
       2
       4
       7
       4
       4
       3
       2
       5
       1
       6
       1
       6
       8
       2
       4
       1
       5
       2
       3
       0
       4
       5
       2
       1
       2
       1
       0
       2
       1
       1
       0
       2
       2
       2
       3
       0
       3
       2
       1
       2
       2
       4
       2
       2
       1
       5
       2
       2
       2
       4
       4
       4
       1
       5
       1
       1
       2
       2
       1
       3
       1
       0
       1
       0
       2
       2
       1
       1
       2
       3
       3
       3
       1
       4
       8
       0
       1
       2
       5
       5
       0
       5
       3
       0
       4
       2
       5
       3
       5
       5
       1
       0
       1
       2
       3
       1
       0
       3
       1
       3
       0
       1
       2
       4
       2
       9
       2
       0
       4
       2
       1
       2
       2
       4
       2
       0
       1
       3
       1
       3
       2
       1
       4
       0
       3
       1
       1
       1
       2
       2
       2
       3
       2
       3
       2
       1
       2
       2
       1
       1
       0
       0
       2
       1
       6
       2
       2
       2
       1
       2
       2
       3
       3
       2
       0
       2
       3
       0
       1
       1
       1
       0
       1
       0
       1
       1
       3
       1
       1
       2
       0
       0
       2
       1
       2
       1
       3
       2
       0
       3
       3
       0
       1
       0
       1
       4
       3
       1
       2
       5
       0
       3
       1
       0
       4
       3
       7
       0
       0
       1
       4
       1
       2
       4
       3
       0
       1
       2
       4
       1
       1
       3
       1
       1
       3
       0
       4
       2
       2
       2
       1
       0
       2
       1
       3
       3
       2
       2
       2
       2
       3
       3
       2
       2
       3
       3
       2
       0
       4
       4
       2
       0
       3
       2
       3
       2
       1
       0
       3
       1
       1
       0
       5
       4
       1
       1
       2
       4
       0
       3
       2
       1
       0
       5
       1
       3
       2
       2
       3
       2
       2
       1
       1
       5
       7
       1
       2
       2
       3
       3
       1
       0
       0
       4
       0
       2
       0
       0
       1
       4
       1
       1
       2
       5
       1
       1
       1
       3
       2
       3
       5
       0
       1
       1
       2
       0
       1
       0
       1
       1
       0
       2
       0
       1
       1
       2
       1
       3
       1
       3
       2
       0
       4
       1
       2
       0
       0
       3
       4
       5
       5
       1
       1
       4
       1
       3
       4
       1
       2
       1
       1
       1
       2
       2
       2
       4
       3
       0
       0
       3
       2
       2
       1
       2
       1
       1
       1
       1
       0
       1
       3
       1
       2
       2
       7
       2
       0
       2
       1
       1
       2
       1
       2
       2
       3
       5
       0
       2
       3
       3
       0
       3
       3
       4
       2
       3
       2
       4
       5
       6
       8
       9
       3
       1
       1
       6
       2
       2
       1
       0
       2
       1
       3
       5
       1
       4
       0
       3
       1
       4
       2
       4
       3
       3
       0
       4
       0
       2
       0
       1
       2
       1
       0
       5
       1
       2
       2
       0
       1
       2
       2
       1
       2
       2
       1
       2
       0
       1
       2
       0
       2
       3
       3
       0
       1
       1
       1
       3
       2
       1
       1
       2
       2
       4
       5
       2
       0
       3
       3
       1
       1
       1
       0
       0
       2
       2
       1
       1
       2
       6
       4
       3
       2
       1
       1
       2
       0
       2
       1
       3
       2
       1
       3
       1
       4
       1
       2
       4
       4
       4
       2
       1
       1
       2
       1
       2
       0
       1
       2
       1
       1
       3
       2
       1
       3
       2
       0
       1
       1
       3
       0
       1
       0
       1
       3
       2
       2
       4
       3
       5
       0
       5
       2
       2
       4
       1
       3
       0
       2
       1
       2
       3
       3
       2
       0
       3
       2
       1
       2
       4
       1
       4
       1
       1
       1
       2
       1
       1
       2
       2
       6
       5
       4
       0
       2
       0
       3
       1
       2
       1
       3
       2
       3
       2
       1
       3
       2
       2
       0
       0
       4
       1
       0
       3
       1
       3
       2
       1
       0
       2
       2
       4
       4
       4
       3
       0
       1
       2
       3
       4
       5
       2
       3
       3
       2
       1
       1
       2
       2
       2
       1
       2
       1
       3
       4
       1
       3
       3
       2
       0
       0
       5
       4
       3
       3
       0
       1
       1
       3
       3
       0
       4
       5
       2
       6
       2
       3
       1
       4
       2
       0
       0
       1
       0
       0
       2
       6
       0
       2
       2
       1
       2
       1
       1
       2
       1
       0
       3
       1
       3
       2
       2
       1
       4
       2
       3
       2
       2
       2
       3
       2
       1
       0
       1
       3
       1
       3
       0
       3
       0
       2
       1
       3
       2
       4
       2
       0
       2
       1
       0
       2
       0
       2
       2
       4
       1
       3
       3
       2
       0
       2
       2
       4
       1
       1
       3
       2
       2
       0
       1
       0
       1
       3
       1
       1
       1
       4
       2
       1
       0
       0
       2
       1
       1
       0
       1
       0
       2
       1
       0
       1
       0
       0
       3
       3
       0
       0
       1
       0
       3
       4
       1
       2
       2
       3
       1
       0
       1
       0
       1
       1
       0
       3
       1
       1
       2
       1
       0
       1
       1
       0
       0
       2
       1
       2
       3
       1
       1
       7
       0
       2
       2
       0
       1
       2
       2
       2
       0
       0
       3
       4
       1
       3
       1
       2
       0
       4
       2
       1
       0
       0
       0
       2
       0
       2
       1
       2
       1
       1
       1
       0
       2
       2
       4
       0
       1
       2
       2
       1
       0
       0
       1
       1
       1
       1
       3
       0
       1
       1
       2
       1
       1
       0
       1
       2
       0
       3
       1
       1
       0
       1
       0
       0
       1
       1
       1
       2
       0
       0
       1
       0
       2
       2
       1
       0
       0
       1
       1
       2
       1
       0
       0
       0
       0
       0
       1
       0
       1
       1
       1
       2
       0
       3
       1
       3
       1
       0
       1
       4
       0
       1
       2
       2
       1
       0
       2
       0
       0
       2
       1
       2
       2
       1
       1
       1
       2
       1
       2
       1
       0
       0
       3
       0
       0
       0
       4
       0
       0
       1
       1
       1
       0
       0
       0
       1
       2
       0
       0
       0
       1
       0
       1
       1
       0
       0
       1
       1
       1
       0
       0
       1
       2
       3
       1
       1
       2
       2
       2
       3
       2
       3
       3
       1
       0
       1
       3
       0
       1
       0
       0
       0
       1
       0
       0
       0
       1
       1
       1
       2
       1
       1
       1
       2
       2
       0
       1
       2
       1
       1
       1
       1
       1
       1
       2
       1
       0
       1
       0
       1
       2
       0
       1
       0
       0
       0
       0
       0
       0
       1
       2
       0
       1
       1
       1
       1
       0
       1
       1
       2
       0
       1
       2
       0
       2
       0
       0
       1
       0
       4
       2
       2
       1
       1
       3
       1
       1
       2
       1
       0
       2
       0
       0
       2
       1
       1
       1
       0
       0
       0
       0
       0
       1
       1
       1
       2
       1
       1
       2
       0
       0
       2
       0
       0
       2
       1
       1
       1
       0
       2
       3
       0
       1
       2
       0
       2
       0
       1
       4
       1
       0
       1
       1
       0
       1
       1
       0
       1
       2
       1
       0
       2
       2
       2
       2
       0
       1
       1
       2
       0
       1
       0
       0
       0
       0
       0
       1
       1
       0
       0
       1
       1
       0
       0
       1
       0
       2
       1
       1
       0
       0
       1
       2
       1
       0
       1
       1
       0
       1
       0
       1
       1
       0
       0
       2
       4
       0
       0
       1
       1
       1
       2
       1
       0
       0
       1
       3
       1
       2
       3
       2
       1
       1
       0
       1
       0
       1
       0
       1
       1
       2
       1
       3
       0
       0
       1
       1
       0
       2
       3
       0
       1
       1
       1
       1
       2
       0
       1
       2
       0
       0
       0
       2
       2
       0
       1
       0
       0
       1
       1
       2
       1
       1
       1
       0
       0
       2
       1
       0
       1
       1
       0
       1
       0
       1
       0
       0
       1
       0
       0
       0
       1
       1
       0
       0
       0
       0
       1
       2
       0
       2
       1
       5
       2
       0
       0
       0
       0
       0
       1
       2
       0
       1
       0
       2
       0
       3
       1
       2
       1
       0
       1
       0
       2
       0
       0
       0
       0
       0
       0
       1
       0
       2
       1
       0
       3
       0
       3
       1
       1
       0
       0
       0
       1
       1
       1
       0
       1
       1
       0
       3
       2
       1
       1
       4
      12
      12
      21
      35
      30
      33
      22
      18
      16
       4
       4
       4
       2
       0
       1
       0
       1
       0
       0
       0
       1
       0
       1
       1
       2
       1
       0
       0
       0
       1
       1
       1
       0
       0
       0
       0
       1
       1
       0
       1
       0
       3
       0
       0
       0
       2
       0
       0
       0
       0
       1
       1
       1
       2
       0
       0
       0
       1
       1
       0
       1
       0
       0
       0
       1
       1
       1
       0
       0
       0
       0
       0
       1
       0
       0
       0
       0
       0
       0
       1
       1
       1
       0
       2
       0
       2
       0
       1
       1
       1
       1
       0
       1
       3
       2
       1
       1
       0
       1
       0
       0
       1
       1
       0
       0
       0
       3
       0
       1
       2
       1
       0
       0
       3
       0
       0
       1
       1
       1
       2
       1
       1
       1
       3
       1
       1
       2
       0
       0
       0
       1
       0
       1
       1
       0
       1
       2
       0
       0
       2
       1
       0
       0
       0
       1
       0
       0
       0
       2
       0
       2
       1
       2
       3
       1
       1
       0
       3
       2
       2
       0
       2
       0
       0
       0
       3
       0
       0
       0
       1
       3
       1
       0
       0
       0
       2
       1
       0
       0
       0
       2
       0
       2
       1
       1
       0
       0
       0
       0
       0
       0
       1
       2
       0
       0
       0
       0
       1
       1
       0
       0
       0
       1
       0
       0
       1
       0
       0
       0
       0
       1
       0
       2
       0
       0
       1
       0
       0
       0
       1
       0
       0
       0
       1
       1
       0
       1
       0
       0
       1
       1
       1
       0
       1
       1
       1
       0
       1
       0
       1
       0
       2
       0
       0
       0
       0
       0
       0
       0
       1
       0
       0
       1
       1
       0
       1
       0
       1
       1
       0
       1
       0
       0
       0
       1
       0
       0
       2
       1
       0
       0
       0
       0
       0
       0
       1
       0
       1
       0
       0
       0
       0
       0
       0
       0
       0
       0
       0
       0
       2
       1
       0
       0
       0
       3
       0
       2
       0
       0
       1
       0
       0
       0
       0
       0
       1
       0
       1
       1
       0
       0
       0
       0
       1
       1
       2
       1
       1
       1
       1
       2
       0
       1
       0
       0
       0
       1
       0
       0
       2
       1
       6
       3
       2
       1
       1
       0
       1
       0
       0
       0
       0
       0
       0
       1
       0
       0
       1
       0
       0
       0
       0
       0
       0
       0
       1
       0
       1
       0
       0
       0
       1
       0
       0
       0
       2
       0
       0
       0
       1
       1
       1
       0
       0
       0
       1
       0
       0
       0
       1
       0
       1
       0
       0
       0
       1
       1
       1
       0
       0
       1
       1
       1
       1
       0
       0
       0
       0
       0
       1
       1
       0
       0
       0
       0
       0
       1
       1
       0
       1
       0
       0
       0
       0
       0
       0
       0
       0
       0
       0
       0
       0
       0
       0
       2
       0
       0
       0
       1
       1
       2
       0
       0
       0
       2
       1
       0
       0
       1
       1
       0
       1
       0
       0
       0
       1
       0
       1
       1
       0
       1
       0
       0
       1
       0
       1
       0
       0
       0
       2
       1
       0
       0
       0
       0
       0
       0
       0
       1
       0
       0
       1
       0
       1
       0
       1
       0
       0
       0
       1
       0
       0
       1
       0
       1
       1
       0
       0
       1
       1
       0
       0
       1
       2
       0
       0
       0
       0
       1
       0
       0
       0
       0
       0
       0
       1
       0
       0
       3
       0
       0
       0
       0
       0
       0
       0
       0
       0
       0
       0
       0
       0
       1
       0
       0
       2
       0
       0
       0
       0
       0
       0
       0
       0
       0
       0
       0
       0
       0
       0
       1
       0
       0
       0
       2
       1
       1
       0
       0
       0
       0
       0
       0
       0
       0
       1
       0
       0
       0
       0
       0
       0
       2
       1
       0
       1
       0
       0
       0
       0
       0
       0
       0
       0
       0
       1
       0
       0
       0
       1
       0
       1
       0
       0
       0
       0
       0
       0
       0
       0
       0
       0
       0
       0
       1
       0
       0
       1
       1
       3
       0
       0
       1
       0
       2
       1
       0
       0
       0
       1
       1
       0
       0
       1
       1
       0
       0
       1
       0
       1
       0
       1
       0
       0
       0
       0
       0
       0
       0
       0
       1
       1
       2
       1
       2
       0
       0
       0
       0
       0
       0
       0
       0
       0
       0
       1
       0
       0
       0
       0
       1
       1
       0
       0
       0
       0
       0
       0
       0
       0
       0
       0
       1
       0
       0
       1
       0
       1
       1
       0
       1
       0
       0
       0
       0
       1
       1
       1
       1
       1
       0
       1
       1
       0
       1
       0
       0
       2
       1
       0
       0
       0
       1
       0
       0
       0
       0
       1
       0
       0
       0
       0
       0
       1
       0
       0
       0
       1
       0
       1
       0
       0
       0
       0
       1
       0
       1
       2
       1
       0
       0
       0
       0
       0
       0
       1
       0
       1
       0
       0
       0
       0
       1
       0
       0
       0
       0
       0
       0
       1
       0
       0
       3
       0
       0
       0
       0
       0
       1
       0
       0
       0
       0
       0
       1
       0
       0
       1
       2
       3
       6
       2
       1
       2
       2
       2
       1
       0
       0
       3
       0
       0
       0
       0
       0
       0
       1
       0
       1
       0
       0
       0
       0
       0
       1
       0
       0
       0
       0
       1
       0
       0
       2
       0
       0
       1
       0
       0
       0
       0
       0
       1
       0
       0
       1
       0
       0
       0
       0
       0
       1
       1
       0
       0
       0
       0
       0
       1
       0
       1
       0
       0
       0
       1
       2
       1
       0
       0
       1
       0
       1
       0
       0
       0
       2
       0
       1
       0
       0
       1
       0
       0
       1
       0
       0
       0
       0
       1
       0
       0
       0
       0
       0
       1
       0
       0
       1
       1
       0
       1
       0
       0
       0
       1
       0
       0
       1
       2
       0
       0
       0
       1
       1
       1
       0
       1
       2
       0
       0
       1
       0
       0
       1
       0
       1
       0
       1
       1
       0
       0
       2
       0
       0
       0
       0
       1
       0
       0
       0
       1
       1
       0
       0
       0
       0
       0
       0
       0
       1
       0
       0
       0
       0
       1
       0
       0
       1
       1
       0
       0
       0
       0
       0
       1
       0
       0
       0
       0
       0
       0
       1
       0
       0
       0
       0
       0
       1
       0
       0
       0
       0
       1
       0
       0
       0
       0
       0
       0
       0
       1
       0
       1
       0
       0
       0
       0
       0
       0
       0
       0
       0
       0
       0
       0
       1
       1
       0
       1
       0
       2
       0
       0
       0
       1
       1
       0
       0
       0
       0
       0
       0
       0
       0
       0
       0
       1
       0
       0
       0
       0
       1
       0
       0
       0
       0
       0
       0
       0
       0
       0
       0
       0
       2
       1
       0
       1
       0
       4
       0
       0
       0
       2
       0
       2
       0
       1
       2
       3
       1
       0
       0
       0
       0
       0
       1
       0
       1
       0
       1
       0
       2
       0
       0
       0
       0
       0
       0
       0
       0
       1
       0
       0
       0
       0
       0
       0
       1
       0
       0
       0
       0
       0
       1
       1
       0
       0
       0
       0
       0
       0
       0
       0
       0
       0
       0
       0
       0
       0
       1
       0
       1
       2
       1
       0
       0
       0
       0
       0
       1
       0
       0
       0
       0
       1
       0
       0
       0
       0
       0
       0
       1
       1
       1
       0
       0
       1
       0
       0
       0
       0
       0
       0
       0
       1
       0
       1
       0
       0
       0
       0
       1
       0
       0
       0
       0
       1
       1
       0
       0
       1
       0
       1
       1
       1
       0
       0
       0
       0
       0
       0
       1
       0
       1
       0
       0
       0
       0
       0
       0
       0
       0
       0
       0
       0
       0
       0
       2
       0
       0
       0
       1
       2
       0
       1
       1
       0
       1
       0
       0
       0
       1
       0
       0
       0
       0
       0
       0
       1
       2
       0
       0
       0
       0
       0
       0
       0
       1
       0
       0
       0
       0
       0
       0
       0
       0
       0
       0
       0
       0
       0
       0
       0
       1
       0
       0
       0
       0
       0
       0
       1
       1
       0
       1
       0
       0
       0
       0
       0
       0
       0
       1
       0
       0
       0
       0
       3
       1
       1
       0
       0
       1
       1
       1
       0
       0
       0
       1
       0
       0
       0
       0
       0
       0
       0
       0
       0
       0
       1
       0
       0
       0
       1
       0
       0
       0
       0
       0
       0
       0
       0
       0
       0
       0
       0
       0
       0
       0
       0
       0
       0
       0
       0
       0
       0
       1
       0
       0
       1
       2
       0
       0
       0
       0
       0
       0
       0
       0
       1
       0
       0
       0
       1
       0
       0
       0
       0
       0
       0
       1
       0
       1
       0
       0
       0
       0
       0
       0
       1
       0
       3
       0
       1
       0
       1
       1
       0
       1
       0
       0
       0
       0
       1
       0
       0
       0
       0
       0
       0
       1
       1
       0
       0
       1
       0
       0
       0
       0
       0
       0
       1
       0
       2
       0
       0
       0
       0
       0
       0
       0
       1
       0
       0
       1
       0
       1
       0
       0
       1
       0
       0
       1
       0
       0
       1
       0
       0
       0
       0
       0
       0
       0
       1
       0
       0
       0
       0
       0
       0
       1
       0
       0
       0
       0
       1
       1
       1
       1
       0
       0
       0
       0
       1
       1
       0
       0
       0
       0
       0
       1
       2
       2
       0
       0
       0
       1
       1
       0
       0
       0
       0
       0
       1
       0
       0
       0
       0
       0
       0
       0
       0
       0
       0
       0
       1
       0
       0
       0
       0
       0
       0
       0
       0
       0
       1
       0
       0
       0
       0
       0
       1
       0
       0
       0
       1
       2
       0
       0
       0
       0
       0
       0
       0
       0
       0
       0
       1
       1
       0
       1
       0
       0
       0
       0
       1
       0
       0
       0
       0
       0
       0
       0
       0
       0
       0
       0
       0
       0
       0
       0
       0
       0
       0
       0
       0
       2
       0
       0
       0
       0
       0
       0
       1
       0
       0
       0
       0
       0
       0
       0
       0
       0
       1
       0
       0
       0
       0
       0
       1
       1
       0
       0
       1
       1
       0
       1
       0
       1
       0
       0
       0
       0
       1
       0
       0
       1
       0
       0
       0
       0
       0
       0
       0
       0
       0
       0
       0
       0
       0
       0
       0
       1
       0
       0
       1
       0
       0
       0
       0
       0
       0
       0
       0
       1
       0
       0
       0
       0
       0
       0
       0
       0
       0
       0
       0
       0
       0
       0
       0
       0
       0
       0
       0
       0
       0
       0
       0
       0
       0
       0
       0
       1
       0
       0
       0
       0
       0
       0
       0
       0
       0
       0
       0
       1
       0
       0
       1
       0
       0
       0
       0
       0
       0
       0
       0
       0
       0
       2
       0
       0
       2
       0
       1
       1
       1
       1
       0
       1
       2
       0
       0
       0
       0
       0
       1
       0
       0
       0
       0
       1
       0
       1
       0
       2
       0
       0
       1
       1
       0
       0
       0
       0
       0
       0
       0
       0
       0
       1
       0
       0
       0
       2
       1
       0
       1
       0
       0
       1
       0
       0
       0
       0
       0
       1
       0
       0
       0
       0
       0
       1
       0
       0
       0
       0
       0
       0
       0
       0
       1
       0
       0
       0
       0
       0
       0
       0
       0
       0
       0
       0
       0
       0
       0
       0
       0
       0
       0
       0
       0
       0
       0
       0
       0
       0
       0
       0
       0
       1
       2
       0
       0
       0
       0
       1
       0
       0
       0
       0
       0
       1
       0
       1
       0
       0
       0
       1
       0
       0
       0
       0
       0
       0
       0
       0
       0
       0
       0
       0
       1
       0
       0
       0
       0
       0
       0
       0
       0
       1
       0
       0
       0
       0
       0
       0
       1
       0
       0
       0
       0
       0
       1
       1
       1
       1
       1
       1
       0
       0
       0
       0
       0
       0
       0
       0
       0
       0
       0
       0
       0
       0
       1
       0
       0
       1
       0
       0
       0
       0
       0
       0
       0
       0
       0
       0
       1
       2
       0
       1
       0
       0
       1
       0
       1
       0
       0
       0
       0
       0
       0
       0
       0
       0
       0
       0
       0
       0
       0
       0
       0
       0
       0
       0
       0
       0
       1
       0
       0
       0
       0
       0
       2
       1
       1
       0
       0
       0
       0
       0
       0
       0
       0
       0
       0
       1
       1
       0
       1
       0
       0
       0
       0
       0
       0
       0
       0
       0
       1
       0
       0
       0
       0
       0
       2
       1
       1
       0
       1
       1
       2
       0
       0
       0
       0
       0
       0
       0
       0
       0
       0
       0
       0
       1
       0
       0
       0
       0
       0
       0
       0
       0
       0
       0
       0
       0
       1
       1
       0
       0
       0
       0
       0
       0
       0
       0
       0
       0
       1
       1
       0
       0
       0
       2
       1
       0
       0
       0
       0
       0
       0
       1
       0
       0
       0
       0
       0
       0
       0
       0
       1
       0
       0
       0
       0
       0
       1
       0
       0
       1
       0
       0
       1
       0
       1
       0
       0
       1
       0
       0
       0
       1
       0
       0
       0
       0
       0
       0
       0
       1
       0
       0
       0
       0
       0
       0
       1
       0
       0
       0
       1
       0
       0
       0
       0
       0
       0
       1
       0
       0
       0
       0
       0
       0
       0
       0
       0
       1
       1
       0
       0
       0
       0
       0
       0
       0
       0
       1
       0
       0
       1
       0
       0
       0
       0
       0
       1
       1
       0
       0
       0
       0
       0
       0
       0
       1
       0
       1
       0
       0
       0
       0
       1
       0
       0
       0
       0
       0
       0
       0
       0
       1
       0
       0
       0
       0
       0
       0
       1
       0
       1
       0
       1
       0
       0
       0
       0
       0
       0
       0
       0
       0
       0
       1
       0
       0
       0
       0
       0
       1
       0
       0
       0
       0
       0
       0
       0
       0
       1
       1
       0
       0
       0
       0
       0
       0
       0
       0
       0
       0
       0
       0
       1
       1
       0
       0
       0
       0
       0
       0
       0
       1
       0
       0
       0
       1
       2
       0
       2
       0
       0
       0
       0
       0
       0
       0
       0
       0
       0
       0
       0
       0
       1
       0
       0
       2
       0
       1
       0
       0
       2
       0
       1
       0
       0
       0
       0
       0
       0
       1
       0
       0
       1
       1
       0
       0
       0
       0
       0
       1
       0
       0
       0
       0
       0
       0
       0
       0
       0
       0
       0
       0
       0
       0
       0
       0
       0
       0
       1
       0
       0
       0
       0
       0
       0
       0
       0
       0
       0
       0
       0
       0
       1
       0
       1
       0
       1
       0
       1
       0
       0
       0
       0
       0
       0
       0
       0
       1
       0
       0
       0
       0
       1
       0
       0
       0
       0
       0
       1
       0
       1
       0
       0
       0
       0
       0
       0
       0
       2
       0
       0
       0
       0
       0
       0
       0
       0
       1
       1
       0
       0
       0
       0
       0
       0
       0
       0
       0
       0
       0
       0
       0
       0
       0
       0
       1
       0
       0
       0
       0
       0
       1
       0
       0
       0
       0
       0
       0
       0
       0
       0
       0
       0
       0
       0
       0
       0
       0
       0
       0
       1
       0
       0
       0
       0
       1
       1
       0
       1
       0
       0
       0
       0
       0
       0
       0
       0
       1
       1
       1
       1
       1
       0
       0
       0
       0
       1
       0
       0
       0
       0
       0
       0
       0
       0
       0
       1
       0
       0
       0
       0
       0
       0
       0
       0
       0
       0
       0
       0
       0
       1
       0
       0
       0
       0
       1
       1
       1
       0
       0
       0
       0
       1
       0
       0
       1
       1
       0
       0
       0
       0
       1
       1
       0
       1
       0
       0
       0
       1
       0
       1
       0
       0
       2
       0
       0
       0
       0
       0
       1
       0
       0
       1
       0
       0
       0
       0
       2
       0
       1
       1
       1
       0
       0
       0
       0
       0
       0
       0
       0
       1
       0
       0
       0
       0
       0
       0
       0
       0
       0
       0
       0
       0
       1
       0
       0
       1
       0
       1
       0
       0
       0
       0
       0
       0
       0
       1
       0
       0
       0
       0
       0
       0
       0
       0
       0
       0
       0
       0
       0
       0
       1
       1
       0
       0
       0
       1
       0
       0
       0
       0
       0
       0
       0
       0
       0
       0
       0
       0
       0
       0
       0
       0
       0
       0
       0
       1
       0
       0
       0
       1
       0
       1
       0
       0
       0
       0
       0
       0
       0
       0
       0
       0
       0
       0
       0
       0
       0
       0
       0
       0
       0
       0
       0
       0
       0
       0
       0
       0
       0
       0
       0
       0
       0
       0
       1
       1
       0
       0
       0
       1
       1
       0
       0
       0
       0
       0
       0
       0
       0
       0
       0
       0
       0
       1
       0
       0
       0
       0
       0
       0
       0
       0
       0
       0
       0
       0
       0
       0
       0
       0
       0
       0
       0
       0
       0
       0
       0
       1
       0
       0
       1
       0
       0
       0
       0
       0
       0
       0
       0
       0
       0
       0
       0
       0
       0
       0
       0
       0
       0
       0
       0
       1
       0
       0
       0
       0
       0
       0
       0
       0
       0
       0
       0
       0
       0
       0
       0
       0
       0
       0
       1
       0
       0
       1
       0
       0
       0
       0
       0
       0
       0
       0
       0
       0
       0
       0
       0
       1
       1
       2
       0
       0
       0
       0
       0
       0
       0
       0
       0
       0
       0
       0
       0
       1
       0
       0
       1
       0
       0
       0
       0
       1
       0
       0
       0
       0
       0
       0
       0
       0
       0
       0
       0
       0
       0
       0
       0
       0
       0
       0
       1
       0
       0
       0
       1
       0
       1
       0
       0
       0
       0
       0
       0
       0
       0
       0
       1
       0
       0
       0
       0
       0
       0
       0
       0
       0
       0
       3
       0
       0
       0
       0
       0
       0
       0
       0
       0
       1
       0
       0
       0
       0
       0
       0
       0
       0
       0
       0
       0
       0
       0
       0
       1
       0
       0
       0
       0
       0
       1
       0
       0
       0
       0
       0
       0
       0
       0
       0
       0
       0
       0
       0
       0
       0
       0
       0
       0
       0
       0
       0
       0
       0
       0
       0
       0
       0
       0
       0
       0
       0
       0
       0
       0
       0
       0
       0
       0
       0
       0
       0
       0
       0
       0
       0
       0
       1
       0
       0
       0
       0
       0
       0
       0
       1
       0
       0
       0
       0
       0
       0
       0
       0
       0
       0
       0
       0
       0
       0
       0
       0
       0
       0
       0
       0
       0
       0
       0
       0
       0
       0
       0
       0
       0
       0
       0
       0
       0
       0
       0
       0
       0
       0
       0
       0
       0
       0
       0
       0
       0
       0
       0
       0
       0
       0
       0
       0
       0
       0
       0
       0
       0
       0
       0
       0
       0
       0
       0
       0
       0
       0
       0
       0
       0
       0
       0
       0
       0
       0
       0
       0
       0
       0
       0
       0
       0
       0
       0
       0
       0
       0
       0
       0
       0
       0
       0
       0
       0
       0
       0
       0
       0
       0
       0
       0
       1
       0
       0
       0
       0
       0
       0
       0
       0
       1
       0
       0
       0
       0
       0
       0
       0
       0
       0
       0
       0
       0
       0
       0
       0
       0
       0
       0
       0
       0
       0
       0
       0
       0
       0
       1
       0
       0
       0
       0
       0
       0
       2
       0
       0
       0
       0
       0
       1
       1
       2
       3
       3
       2
       3
       3
       2
       3
       2
       5
       2
       1
       2
       0
       0
       0
       0
       0
       0
       0
       0
       0
       0
       0
       0
       0
       0
       0
       0
       1
       0
       0
       0
       1
       0
       0
       0
       0
       0
       0
       0
       0
       0
       0
       0
       0
       0
       0
       0
       0
       0
       0
       0
       0
       0
       0
       0
       0
       0
       1
       0
       0
       0
       0
       0
       0
       0
       0
       0
       0
       0
       0
       0
       0
       0
       0
       0
       0
       0
       0
       0
       0
       0
       0
       0
       0
       0
       0
       0
       0
       0
       0
       0
       0
       0
       0
       0
       0
       0
       0
       0
       0
       0
       0
       0
       0
       0
       0
       0
       0
       0
       0
       0
       0
       0
       0
       0
       0
       0
       0
       0
       0
       0
       0
       0
       0
       0
       0
       0
       0
       0
       0
       0
       0
       0
       0
       0
       0
       0
       0
       0
       0
       0
       0
       0
       0
       0
       0
       0
       0
       0
       0
       0
       0
       0
       0
       0
       1
       0
       0
       0
       0
       0
       0
       0
       0
       0
       0
       0
       0
       0
       0
       0
       0
       0
       0
       0
       0
       0
       0
       0
       0
       0
       0
       0
       0
       0
       0
       0
       0
       0
       0
       0
       0
       0
       0
       0
       0
       0
       0
       0
       0
       0
       0
       0
       1
       0
       0
       0
       0
       0
       0
       0
       0
       1
       0
       0
       0
       0
       0
       0
       0
       0
       0
       0
       0
       0
       0
       0
       0
       0
       0
       0
       0
       0
       0
       0
       0
       0
       0
       0
       0
       0
       0
       0
       0
       0
       0
       0
       0
       0
       0
       0
       0
       0
       0
       0
       0
       0
       0
       0
       0
       0
       0
       0
       0
       0
       0
       0
       0
       0
       0
       0
       0
       0
       0
       0
       0
       0
       0
       0
       0
       0
       0
       0
       1
       0
       0
       0
       0
       0
       0
       0
       0
       0
       0
       0
       0
       0
       0
       0
       0
       0
       0
       0
       0
       0
       0
       0
       0
       0
       0
       0
       0
       0
       0
       0
       0
       0
       0
       0
       0
       0
       0
       0
       0
       0
       0
       0
       0
       0
       0
       0
       0
       0
       0
       0
       0
       0
       0
       0
       0
       0
       0
       0
       0
       0
       0
       0
       0
       0
       0
       0
       0
       0
       0
       0
       0
       0
       0
       0
       0
       0
       0
       0
       0
       0
       0
       0
       0
       0
       0
       0
       0
       0
       0
       0
       0
       0
       0
       0
       0
       0
       0
       0
       0
       1
       0
       0
       0
       0
       0
       0
       0
       0
       0
       0
       0
       0
       0
       0
       0
       0
       0
       0
       0
       0
       0
       0
       0
       0
       0
       0
       0
       0
       0
       0
       0
       0
       0
       0
       0
       0
       0
       0
       0
       0
       0
       0
       0
       0
       0
       0
       0
       0
       0
       0
       0
       0
       0
       0
       0
       0
       0
       0
       0
       0
       0
       0
       0
       0
       0
       0
       0
       0
       0
       0
       0
       0
       0
       0
       0
       0
       0
       0
       0
       0
       0
       0
       0
       0
       0
       0
       0
       0
       0
       0
       0
       0
       0
       0
       0
       0
       0
       0
       0
       0
       0
       0
       0
       0
       0
       0
       0
       0
       0
       0
       0
       0
       0
       0
       0
       0
       0
       0
       0
       0
       0
       0
       0
       0
       0
       0
       0
       0
       0
       0
       0
       0
       0
       0
       0
       0
       0
       0
       0
       0
       0
       0
       0
       0
       0
       0
       0
       0
       0
       0
       0
       0
       0
       0
       0
       0
       0
       0
       0
       0
       0
       0
       0
       0
       0
       0
       0
       0
       0
       0
       0
       0
       0
       0
       0
       0
       0
       0
       0
       0
       0
       0
       0
       0
       0
       0
       0
       0
       0
       0
       0
       0
       0
       0
       0
       0
       0
       0
       0
       0
       0
       0
       0
       0
       0
       0
       0
       0
       0
       0
       0
       0
       0
       0
       0
       0
       0
       0
       0
       0
       0
       0
       0
       0
       0
       0
       0
       0
       0
       0
       0
       0
       0
       0
       0
       0
       0
       0
       0
       0
       0
       0
       0
       0
       0
       0
       0
       0
       0
       0
       0
       0
       0
       0
       0
       0
       0
       0
       0
       0
       0
       0
       0
       0
       0
       0
       0
       0
       0
       0
       0
       1
       0
       0
       0
       0
       0
       0
       0
       0
       0
       0
       0
       0
       0
       0
       0
       0
       0
       0
       0
       0
       0
       0
       0
       0
       0
       0
       0
       0
       0
       0
       0
       0
       0
       0
       0
       0
       0
       0
       0
       0
       0
       0
       0
       0
       0
       0
       0
       0
       0
       0
       0
       0
       0
       1
       0
       0
       0
       0
       0
       0
       0
       0
       0
       0
       0
       0
       0
       0
       0
       0
       0
       0
       0
       0
       0
       0
       0
       0
       0
       0
       0
       0
       0
       0
       0
       0
       0
       0
       0
       0
       0
       0
       0
       0
       0
       0
       0
       0
       0
       0
       0
       0
       0
       0
       0
       0
       0
       0
       0
       0
       0
       0
       0
       0
       0
       0
       0
       0
       0
       0
       0
       0
       0
       0
       0
       0
       0
       0
       0
       0
       0
       0
       0
       0
       0
       0
       0
       0
       0
       0
       0
       0
       0
       0
       0
       0
       0
       0
       0
       0
       0
       0
       0
       0
       0
       0
       0
       0
       0
       0
       0
       0
       0
       0
       0
       0
       0
       0
       0
       0
       0
       0
       0
       0
       0
       0
       0
       0
       0
       0
       0
       0
       0
       0
       0
       0
       0
       0
       0
       0
       0
       0
       0
       0
       0
       0
       0
       0
       0
       0
       0
       0
       0
       0
       0
       0
       0
       0
       0
       0
       0
       0
       0
       0
       0
       0
       0
       0
       0
       0
       0
       0
       0
       0
       0
       0
       0
       0
       0
       0
       0
       0
       0
       0
       0
       0
       0
       0
       0
       0
       0
       0
       0
       0
       0
       0
       0
       0
       0
       0
       0
       0
       0
       0
       0
       0
       0
       0
       0
       0
       0
       0
       0
       0
       0
       0
       0
       0
       0
       0
       0
       0
       0
       0
       0
       0
       0
       0
       0
       0
       0
       0
       0
       0
       0
       0
       0
       0
       0
       0
       0
       0
       0
       0
       0
       0
       0
       0
       0
       0
       0
       0
       0
       0
       0
       0
       0
       0
       0
       0
       0
       0
       0
       0
       0
       0
       0
       0
       0
       0
       0
       0
       0
       0
       0
       0
       0
       0
       0
       0
       0
       0
       0
       0
       0
       0
       0
       0
       0
       0
       0
       0
       0
       0
       0
       0
       0
       0
       0
       0
       0
       0
       0
       0
       0
       0
       0
       0
       0
       0
       0
       0
       0
       0
       0
       0
       0
       0
       0
       0
       0
       0
       0
       0
       0
       0
       0
       0
       0
       0
       0
       0
       0
       0
       0
       0
       0
       0
       0
       0
       0
       0
       0
       0
       0
       0
       0
       0
       0
       0
       0
       0
       0
       0
       0
       0
       0
       0
       0
       0
       0
       0
       0
       0
       0
       0
       0
       0
       0
       0
       0
       0
       0
       0
       1
       0
       0
       0
       0
       0
       0
       0
       0
       0
       0
       0
       0
       0
       0
       0
       0
       0
       0
       0
       0
       0
       0
       0
       0
       0
       0
       0
       0
       0
       0
       0
       0
       0
       0
       0
       0
       0
       0
       0
       0
       0
       0
       0
       0
       0
       1
       0
       0
       0
       0
       0
       0
       0
       0
       0
       0
       0
       0
       0
       0
       0
       0
       0
       0
       0
       0
       0
       0
       0
       0
       0
       0
       0
       0
       0
       0
       1
       0
       0
       0
       0
       0
       0
       0
       0
       0
       0
       0
       0
       0
       0
       0
       0
       0
       0
       0
       0
       0
       0
       0
       0
       0
       0
       0
       0
       0
       0
       0
       0
       0
       0
       0
       0
       0
       0
       0
       0
       0
       0
       0
       0
       0
       0
       0
       0
       0
       0
       0
       0
       0
       0
       0
       0
       0
       0
       0
       0
       0
       0
       0
       0
       0
       0
       0
       0
       0
       0
       0
       0
       0
       0
       0
       0
       0
       0
       0
       0
       0
       0
       0
       0
       0
       0
       0
       0
       0
       0
       0
       0
       0
       0
       0
       0
       0
       0
       0
       0
       0
       0
       0
       0
       0
       0
       0
       0
       0
       0
       0
       0
       0
       0
       0
       0
       0
       0
       0
       0
       0
       0
       0
       0
       0
       0
       0
       0
       0
       0
       0
       0
       0
       0
       0
       0
       0
       0
       0
       0
       0
       0
       0
       0
       0
       0
       0
       0
       0
       0
       0
       0
       0
       0
       0
       0
       0
       0
       0
       0
       0
       0
       0
       0
       0
       0
       0
       0
       0
       0
       0
       0
       0
       0
       0
       0
       0
       0
       0
       0
       0
       0
       0
       0
       0
       0
       0
       0
       0
       0
       0
       0
       0
       0
       0
       0
       0
       0
       0
       0
       0
       0
       0
       0
       0
       0
       0
       0
       0
       0
       0
       0
       0
       0
       0
       0
       0
       0
       0
       0
       0
       0
       0
       0
       0
       0
       0
       0
       0
       0
       0
       0
       0
       0
       0
       0
       0
       0
       0
       0
       0
       0
       0
       0
       0
       0
       0
       0
       0
       0
       0
       0
       0
       0
       0
       0
       0
       0
       0
       0
       0
       0
       0
       0
       0
       0
       0
       0
       0
       0
       0
       0
       0
       0
       0
       0
       0
       0
       0
       0
       0
       0
       0
       0
       0
       0
       0
       0
       0
       0
       0
       0
       0
       0
       0
       0
       0
       0
       0
       0
       0
       0
       0
       0
       0
       0
       0
       0
       0
       0
       0
       0
       0
       0
       0
       0
       0
       0
       0
       1
       0
       0
       0
       0
       0
       0
       0
       0
       0
       0
       0
       0
       0
       0
       0
       0
       0
       0
       0
       0
       0
       0
       0
       0
       0
       0
       0
       0
       0
       0
       0
       0
       0
       0
       0
       0
       0
       0
       0
       0
       0
       0
       0
       0
       0
       0
       0
       0
       0
       0
       0
       0
       0
       0
       0
       0
       1
       0
       0
       0
       0
       0
       0
       0
       0
       0
       0
       0
       0
       0
       0
       0
       0
       0
       0
       0
       0
       0
       0
       0
       0
       0
       0
       0
       0
       0
       0
       0
       0
       0
       0
       0
       0
       0
       0
       0
       0
       0
       0
       0
       0
       0
       0
       0
       0
       0
       0
       0
       0
       0
       0
       0
       0
       0
       0
       0
       0
       0
       0
       0
       0
       0
       0
       0
       0
       0
       0
       0
       0
       0
       0
       0
       0
       0
       0
       0
       0
       0
       0
       0
       0
       0
       0
       0
       0
       0
       0
       0
       0
       0
       0
       0
       0
       0
       0
       0
       0
       0
       0
       0
       0
       0
       0
       0
       0
       0
       0
       0
       0
       0
       0
       0
       0
       0
       0
       0
       0
       0
       0
       0
       0
       0
       0
       0
       0
       0
       0
       0
       0
       0
       0
       0
       0
       0
       0
       0
       0
       0
       0
       0
       0
       0
       0
$ROI:
0
$PRESETS:
Real Time
300
0
$ENER_FIT:
8.931054 0.240803
$MCA_CAL:
3
8.931054E+000 2.408025E-001 6.157388E-008 keV
$SHAPE_CAL:
3
9.658150E+000 -1.618950E-003 2.758845E-007
