$SPEC_ID:
No sample description was entered.
$SPEC_REM:
DET# 1
DETDESC# EPS-140909 Easy-MCA-8k SN 16175454
AP# Maestro Version 7.01
$DATE_MEA:
02/25/2022 19:27:23
$MEAS_TIM:
298 300
$DATA:
0 8191
       0
       0
       0
       0
       0
       0
       0
       0
       0
       0
       0
       0
       0
       0
       0
       0
       0
       0
       0
       0
       0
       0
       0
       0
       0
       0
       0
       0
       0
       0
       0
       0
       0
       0
       0
       0
       0
       0
       0
       3
       1
      12
     216
     494
     204
     123
     117
     107
      70
      82
      84
      84
      71
      53
      54
      45
      38
      56
      55
      71
      70
      57
      45
      42
      59
      44
      54
      55
      51
      57
      53
      72
      56
     110
     132
     145
     216
     185
     142
      77
      56
      41
      45
      55
      61
      56
      48
      68
      55
      57
      55
      72
      61
      59
      56
      82
      61
      93
      66
      97
      78
      85
     102
     117
     141
     126
     131
     145
     169
     163
     222
     232
     298
     336
     377
     422
     439
     418
     421
     430
     427
     355
     363
     346
     305
     307
     297
     305
     252
     264
     291
     339
     485
     886
    1600
    2439
    3175
    3703
    4028
    3821
    3014
    1997
    1355
    1007
     716
     470
     304
     201
     159
     131
     145
     147
     136
     238
     443
     718
     980
    1113
     961
     854
     679
     617
     577
     478
     329
     230
     186
     184
     129
     135
     126
     117
     114
     115
     116
      97
     114
     100
     126
     104
     116
     109
     125
     115
     113
     133
     135
     143
     119
     119
     117
     119
     109
     116
     121
     102
     119
     117
     106
     108
     119
     109
     104
      98
     108
     110
     102
     104
      94
      98
     105
      88
     109
      98
     120
     119
     106
      98
      97
      94
     124
     115
      94
      88
      95
      99
     100
     121
     138
     185
     244
     390
     444
     425
     291
     222
     144
     114
      94
      98
      80
      94
      93
     109
      92
      97
      86
      96
      72
      77
     118
      90
      91
      71
      99
     110
     140
     153
     147
     149
     117
     103
     103
      98
      96
      70
      96
      79
      97
      89
      91
      91
      78
      90
      91
      80
     102
      87
      99
      65
      87
      79
      83
      79
      82
      73
      89
      84
      76
      90
      81
      95
      88
      89
      76
      83
      72
      82
      63
      78
      93
      82
      59
      71
      53
      71
      75
      88
      71
      63
      88
      71
      92
      78
      98
      69
      58
      66
      64
      78
      87
      56
      83
      68
      72
      74
      81
      63
      78
      84
      87
      57
      64
      63
      68
      71
      87
      84
      66
      76
      71
      72
      62
      62
      61
      64
      58
      82
      72
     111
     121
     104
      92
      68
      79
      60
      66
      55
      66
      72
      64
      61
      59
      64
      61
      56
      48
      86
      75
      63
      66
      61
      80
      54
      70
      55
      59
      54
      54
      54
      66
      70
      61
      62
      63
      63
      46
      50
      49
      70
      61
      60
      55
      49
      63
      49
      47
      55
      41
      58
      53
      58
      62
      48
      53
      42
      61
      56
      62
      42
      60
      59
      60
      52
      43
      50
      52
      55
      53
      58
      47
      46
      44
      64
      54
      54
      54
      53
      44
      51
      58
      52
      51
      44
      53
      49
      58
      32
      30
      52
      42
      41
      41
      50
      49
      49
      33
      44
      44
      41
      39
      36
      42
      47
      36
      48
      36
      46
      51
      44
      47
      51
      36
      49
      48
      45
      45
      46
      38
      46
      38
      39
      44
      37
      39
      37
      41
      45
      35
      47
      34
      47
      35
      52
      31
      40
      39
      46
      42
      37
      42
      39
      35
      46
      48
      46
      35
      34
      45
      48
      35
      42
      35
      45
      42
      34
      35
      44
      38
      30
      39
      28
      34
      32
      35
      36
      36
      40
      40
      31
      37
      35
      43
      33
      38
      39
      29
      29
      45
      41
      45
      32
      42
      42
      42
      30
      34
      38
      36
      25
      42
      30
      27
      23
      30
      32
      38
      35
      32
      38
      40
      35
      35
      31
      29
      37
      28
      27
      39
      36
      28
      33
      35
      34
      34
      36
      37
      32
      22
      37
      23
      32
      33
      37
      31
      34
      27
      24
      32
      18
      25
      32
      29
      19
      27
      39
      33
      24
      29
      39
      31
      37
      46
      42
      55
      64
      37
      43
      39
      38
      32
      37
      38
      42
      36
      28
      33
      31
      22
      23
      24
      29
      19
      26
      29
      25
      13
      35
      30
      27
      28
      24
      28
      22
      25
      21
      28
      23
      38
      18
      24
      28
      26
      36
      30
      24
      21
      23
      27
      19
      28
      16
      17
      32
      28
      34
      33
      30
      21
      18
      26
      25
      21
      24
      26
      29
      35
      22
      24
      25
      32
      29
      28
      19
      27
      22
      19
      18
      27
      23
      28
      24
      27
      25
      26
      24
      22
      16
      22
      28
      29
      18
      13
      22
      19
      22
      17
      25
      20
      25
      24
      32
      15
      23
      19
      21
      26
      21
      20
      17
      19
      28
      19
      21
      26
      26
      20
      18
      25
      17
      23
      21
      24
      18
      26
      25
      24
      27
      27
      19
      18
      20
      26
      24
      27
      12
      24
      26
      24
      22
      16
      21
      20
      23
      26
      34
      31
      33
      24
      29
      27
      22
      20
      18
      24
      23
      21
      21
      23
      21
      22
      29
      16
      22
      19
      25
      28
      21
      22
      20
      22
      28
      16
      23
      28
      26
      26
      17
      11
      22
      23
      16
      14
      20
      14
      21
      31
      26
      21
      20
      14
      14
      19
      19
      29
      22
      13
      28
      24
      16
      26
      22
      31
      24
      16
      21
      18
      21
      19
      14
      27
      21
      26
      21
      18
      13
      21
      23
      16
      16
      22
      21
      16
      25
      23
      21
      24
      22
      13
      19
      18
      17
      22
      26
      13
      21
      21
      23
      13
      13
      15
      13
      16
      22
      21
      13
      18
      21
      18
      20
      11
      18
      11
      30
      22
      22
      12
      15
      28
      18
      14
      16
      18
      20
      19
      21
      18
      14
      11
      12
      12
      18
      13
      13
      15
      27
      12
      14
      13
      12
      18
      12
      17
       8
      25
      25
      31
      25
      46
      23
      11
      23
      18
      15
      12
      14
      15
      10
      14
      14
      11
      22
      12
      18
      12
      15
       5
       5
      10
      10
       8
       9
      14
      18
      16
       9
      12
       9
      19
      16
       8
      10
      12
      13
       6
      12
      13
      13
      14
       5
      15
      11
      15
      10
      17
      17
      10
      15
      10
      15
      13
      13
      11
      11
      12
      16
       8
      14
       9
      14
      11
      10
      12
      16
      12
      12
       6
      16
       8
      16
      13
      13
       8
      11
       9
       9
      10
      15
      13
       8
      14
      10
      16
       9
      10
      12
      13
      14
       6
      10
      13
      13
       7
      12
       7
      11
       4
       7
       6
      10
       7
       9
      12
      16
      12
       7
       9
      13
       9
      15
       7
      11
       6
      11
      15
       5
       9
       8
       7
       6
       4
       8
       9
      11
      12
       9
       5
      11
      11
       4
       9
       7
      14
       9
      10
       7
      14
      11
       9
      12
      13
       6
      10
       9
      11
       9
       5
       7
      14
       7
      10
       6
       6
      10
       6
       7
       6
      14
      10
       9
       8
       8
       7
       9
       6
       6
      11
       7
      15
       5
       8
       7
       9
      11
       9
       8
       6
       8
      15
       9
       7
       7
      13
       9
       6
      16
      13
       8
       9
       5
      12
       9
      11
       8
      11
      12
       7
      12
       9
       9
      11
      13
       6
      10
       8
       6
       8
      16
       8
       8
      11
       8
       6
       6
       8
      10
      11
      10
       4
       7
       7
       4
       4
      13
       6
       9
       4
       9
      13
      10
      10
       7
       8
       8
       7
       7
       4
      11
       6
       8
      10
      11
       7
       0
       5
       6
       5
       9
       6
      12
       9
       4
       5
       5
      13
       4
      10
       5
       6
      11
       8
      11
       5
       4
       6
       5
       9
       6
      11
      10
       4
      12
      11
       6
      12
       9
       8
       7
       4
      10
       4
       5
       7
       7
       6
       8
       5
       8
       6
       5
       8
       4
       4
       7
       7
       9
       1
      12
       4
       7
       7
       8
      11
       7
      11
      12
       9
       9
       6
       7
      10
       6
       7
       8
       5
       7
      10
       6
       5
      14
       8
       9
      11
      10
       9
       8
       6
       7
       9
      12
       8
       8
       6
       8
       9
       6
       6
      11
       9
       8
       9
       3
       6
       6
       8
       9
       7
       7
       6
       9
       8
       8
       8
       4
       6
       8
       8
       5
       8
       4
       2
       3
       9
       5
       8
       9
       6
       8
       8
       7
      11
      10
       8
       9
       7
       4
       5
       7
       9
      13
       7
       4
      12
       6
      13
       8
      23
      48
      49
      99
     119
     188
     221
     228
     209
     209
     172
     125
      93
      41
      34
      24
      12
       9
       8
       8
       3
       8
       6
       6
       4
       6
      12
       3
       8
       9
      11
       5
      10
       8
       7
       8
      10
       7
       5
       3
       7
       7
       8
       4
       8
       9
       6
       5
       3
       7
       7
       6
       8
       3
       8
       9
      12
       7
       5
       6
       9
       7
       6
       6
       5
       6
       3
       8
       4
       8
       3
       6
       2
       7
       7
       5
      11
       4
       7
       4
       6
       6
       3
       6
       3
       8
       5
       7
       5
       9
       6
       7
       8
       6
       6
       7
       5
       6
      10
      11
       7
       7
       8
       6
       8
       9
       6
       5
       6
       5
      12
       8
       9
      10
       5
      11
       4
       6
       7
       7
       9
       6
       3
       5
       8
       4
       4
       9
       7
       4
       7
       2
       8
       9
       2
       8
       5
       7
       4
      10
       7
       5
       6
      10
       5
       6
       6
       4
       6
       8
       7
       4
       6
       5
       7
       6
      12
       5
       9
      11
       6
       8
       7
       4
       5
       8
       8
       8
       6
       6
       5
       3
       4
       8
       8
       5
       6
       5
       5
       6
       2
       1
       6
       5
       8
      11
       8
      17
      11
      15
       9
      13
       3
       9
       8
       6
       3
       4
       4
       7
       7
       2
       2
       2
       4
       6
       7
      11
       5
       6
       7
       6
       2
       4
       2
       6
       1
       7
       3
       2
       4
       2
       2
       8
       1
       2
       4
       9
       4
       2
       7
      10
       3
       5
       6
       2
       4
       6
       4
       5
       3
      10
       4
       5
       2
       2
       7
       7
       8
      11
      17
       9
      14
      12
      18
      12
       9
      11
       6
       8
       8
       4
       5
       6
       7
       6
       8
       5
       4
       5
       7
       5
      12
       4
       4
       7
      10
       2
       3
       0
       5
       4
       5
       1
      10
       7
       7
       0
       2
       6
       1
       6
       6
       3
       9
       5
       3
       1
       7
       4
       7
       4
       4
       6
       6
      10
       8
       4
       4
       9
       8
       6
       7
       4
       4
       9
       5
       7
       5
       7
       5
       3
       6
       2
       6
       3
       4
       3
       8
      11
       7
       4
       7
       4
       8
       6
       7
       6
       4
       2
       4
       2
       6
       4
       9
       3
       5
       3
       8
       4
       2
       8
       6
       7
       2
       4
       8
       4
       6
       7
       3
      11
       6
       7
       2
       5
       6
       6
       5
       8
       1
       2
       3
       4
       6
       2
       6
       5
       2
       0
       5
       5
       4
       5
       4
       1
       4
       5
       6
       7
       6
       4
       5
       7
       6
       3
       2
       2
      10
       7
       3
       8
       2
       5
       5
       2
       8
       2
       1
       6
       9
       4
       5
       4
       6
      10
       6
       5
       5
       7
       3
       5
       3
       6
       1
       4
       4
       5
       4
       7
       4
       4
       2
       8
       2
       3
       2
       5
       3
       6
       1
       5
       6
       1
       1
       2
       4
       8
       5
       9
       7
       8
       6
       5
       2
       3
       2
       5
       2
       4
       6
       3
       4
       4
       2
       3
       2
       5
       6
       5
       6
       2
       2
       6
       2
       5
       6
       3
       6
       4
       5
       1
      10
      14
      20
      18
      17
      16
      12
       6
       7
       3
       4
       5
       1
       5
       5
       5
       2
       2
       2
       5
       5
       3
       5
       2
       3
       5
       6
       3
       4
       7
       6
       3
       2
       3
       0
       6
       5
       1
       3
       1
       8
       2
       7
       2
       7
       3
       6
       2
       3
       5
       6
       1
       4
       3
       2
       4
       4
       6
       1
       2
       6
       6
       3
       2
       4
       2
       4
       3
       3
       3
       5
       3
       3
       6
       1
       5
       3
       2
       3
       3
       3
       2
       4
       3
       2
       4
       2
       2
       1
       6
       3
       3
       4
       4
       5
       2
       4
       3
       4
       3
       5
       5
       5
       5
       4
       1
       4
       5
       0
       4
       4
       1
       2
       4
       1
       0
       2
      11
       3
       3
       2
       6
       4
       1
       8
       3
       1
       4
       6
       3
       4
       4
       5
       3
       3
       3
       4
       6
       2
       2
       1
       2
       3
       2
       2
       0
       5
       3
       2
       2
       1
       2
       0
       3
       5
       4
       7
       9
       5
      14
      17
      25
      20
      14
      12
       5
       9
       4
       7
       7
       3
       3
       4
       4
       2
       1
       5
       6
       1
       3
       0
       4
       4
       2
       3
       2
       1
       3
       5
       7
       7
       3
       6
      11
       4
       2
       0
       1
       3
       1
       3
       4
       3
       4
       2
       4
       1
       1
       1
       1
       1
       4
       7
       2
       3
       3
       2
       3
       8
       3
       4
       4
       5
       2
       3
       2
       3
       6
       2
       4
       1
       1
       0
       5
       5
       5
       7
       3
       5
       2
       4
       6
       1
       0
       1
       2
       4
       2
       1
       5
       3
       4
       3
       3
       0
       3
       9
       4
       0
       0
       5
       3
       3
       0
       5
       4
       1
       1
       2
       1
       3
       1
       2
       1
       5
       5
       4
       4
       4
       1
       7
       0
       2
       3
       3
       8
       2
       4
       5
       1
       4
       1
       1
       2
       4
       0
       1
       2
       4
       1
       6
       2
       3
       3
       4
       2
       0
       0
       3
       4
       4
       1
       5
       1
       4
       3
       4
       0
       3
       7
       3
       1
       0
       5
       2
       4
       2
       5
       2
       3
       2
       3
       5
       4
       2
       4
       7
       5
       6
       4
       3
       1
       1
       3
       4
       0
       3
       2
       5
       5
       3
       3
       2
       1
       3
       5
       2
       3
       3
       2
       3
       0
       1
       4
       1
       7
       9
       8
      10
      19
      19
      14
      15
       8
       5
       1
       2
       3
       3
       2
       5
       0
       2
       3
       4
       0
       1
       3
       2
       3
       4
       3
       3
       0
       3
       2
       3
       8
       9
       5
       1
       5
       1
       2
       2
       4
       1
       1
       2
       2
       1
       3
       2
       5
       1
       1
       2
       3
       3
      14
      20
      34
      41
      38
      49
      36
      23
       9
       5
       5
       2
       4
       2
       4
       1
       1
       3
       5
       3
       2
       6
       1
       2
       3
       3
       4
       2
       1
       4
       3
       4
       2
       1
       2
       0
       3
       2
       1
       5
       1
       5
       5
       1
       3
       2
       1
       0
       3
       3
       3
       1
       2
       5
       2
       1
       0
       1
       3
       7
       0
       4
       1
       5
       3
       2
       1
       1
       3
       2
       4
       2
       2
       1
       2
       2
       1
       3
       3
       3
       2
       1
       2
       1
       1
       3
       7
       2
       3
       2
       2
       2
       0
       2
       1
       4
       4
       3
       4
       0
       2
       5
       5
       8
       5
       8
       6
       5
       5
       1
       2
       2
       2
       1
       1
       2
       4
       7
       3
       2
       3
       1
       1
       1
       1
       2
       1
       3
       2
       5
       1
       2
       3
       1
       4
       1
       3
       0
       0
       4
       2
       4
       0
       4
       6
       1
       2
       3
       3
       0
       0
       2
       1
       1
       3
       7
       2
       2
       0
       2
       2
       2
       1
       4
       2
       0
       1
       1
       1
       2
       1
       4
       1
       3
       3
       1
       2
       3
       4
       1
       1
       2
       2
       0
       3
       1
       0
       1
       1
       0
       3
       5
       4
       4
       1
       2
       1
       4
       2
       2
       2
       1
       0
       2
       3
       3
       3
       4
       2
       0
       1
       2
       4
       3
       1
       0
       1
       3
       3
       2
       2
       2
       6
       2
       1
       4
       4
       3
       2
       1
       3
       1
       6
       3
       5
       6
       1
       2
       2
       1
       4
       2
       2
       2
       2
       3
      10
       5
      12
       6
       5
       4
       3
       0
       1
       1
       5
       1
       4
       2
       1
       2
       3
       0
       1
       2
       2
       0
       1
       0
       1
       2
       4
       2
       2
       2
       2
       0
       1
       3
       1
       1
       3
       0
       2
       1
       0
       4
       1
       1
       0
       2
       1
       1
       1
       0
       2
       0
       2
       3
       1
       3
       2
       2
       3
       1
       1
       2
       4
       1
       1
       1
       3
       1
       1
       3
       1
       2
       4
       3
       1
       3
       2
       1
       1
       2
       2
       4
       2
       2
       1
       1
       2
       2
       1
       3
       1
       2
       1
       1
       2
       1
       0
       1
       3
       4
       3
       2
       1
       1
       3
       3
       3
       1
       2
       1
       0
       2
       1
       4
       1
       3
       2
       0
       2
       3
       1
       3
       1
       3
       0
       1
       2
       1
       1
       2
       3
       1
       1
       2
       0
       4
       1
       2
       4
       1
       1
       1
       1
       0
       2
       1
       1
       2
       0
       2
       2
       3
       3
       1
       4
       3
       1
       4
       0
       3
       4
       0
       1
       1
       1
       1
       1
       1
       1
       2
       2
       3
       0
       3
       4
       3
       0
       4
       1
       2
       4
       6
       2
       2
       1
       2
       2
       4
       2
       1
       1
       6
       2
       0
       3
       5
       0
       2
       2
       1
       5
       2
       1
       1
       4
       4
       2
       4
       0
       2
       2
       0
       0
       1
       4
       2
       0
       0
       0
       2
       0
       1
       0
       1
       3
       1
       1
       1
       1
       1
       0
       1
       1
       1
       0
       3
       1
       1
       3
       1
       2
       2
       2
       0
       2
       3
       1
       3
       1
       3
       3
       1
       2
       1
       1
       1
       1
       2
       2
       2
       0
       3
       1
       3
       1
       3
       2
       2
       1
       2
       0
       3
       0
       1
       0
       3
       5
       3
       1
       3
       1
       3
       1
       1
       3
       0
       1
       0
       1
       1
       1
       0
       0
       2
       2
       2
       1
       1
       1
       4
       2
       1
       0
       3
       6
       1
       1
       1
       0
       0
       2
       3
       0
       2
       1
       4
       2
       2
       0
       4
       2
       3
       1
       2
       1
       3
       1
       1
       5
       0
       3
       2
       1
       3
       1
       2
       1
       2
       3
       3
       7
       1
       1
       2
       0
       1
       2
       0
       3
       1
       2
       1
       2
       2
       4
       0
       3
       3
       2
       2
       3
       1
       3
       3
       0
       3
       2
       7
       4
       2
       0
       1
       2
       2
       4
       4
       4
       4
       4
       6
       6
       4
       4
       7
       5
       4
       0
       1
       3
       1
       1
       1
       0
       4
       1
       1
       0
       2
       2
       5
       1
       3
       3
       3
       3
       0
       1
       1
       0
       2
       3
       3
       2
       4
       2
       1
       1
       0
       2
       1
       0
       3
       2
       3
       1
       2
       4
       0
       1
       1
       2
       4
       3
       1
       0
       1
       3
       0
       1
       2
       2
       1
       1
       2
       1
       1
       1
       2
       2
       3
       3
       0
       5
       3
       3
       1
       2
       6
       3
       4
       1
       6
       2
       1
       2
       5
       1
       1
       1
       1
       2
       1
       2
       1
       0
       3
       1
       0
       2
       1
       1
       2
       3
       2
       2
       3
       1
       1
       3
       1
       1
       3
       3
       2
       2
       3
       2
       2
       1
       1
       2
       0
       4
       2
       5
       0
       2
       6
       2
       6
       4
       6
       2
       6
       1
       1
       2
       1
       3
       1
       1
       2
       4
       0
       1
       1
       1
       2
       2
       1
       2
       1
       3
       1
       0
       3
       1
       2
       1
       3
       1
       1
       1
       0
       1
       0
       0
       1
       1
       0
       3
       4
       2
       4
       3
       3
       2
       1
       1
       3
       1
       0
       6
       2
       0
       2
       3
       2
       0
       2
       3
       4
       3
       3
       2
       6
       3
       2
       1
       3
       1
       0
       0
       0
       4
       3
       2
       1
       1
       2
       1
       3
       0
       1
       0
       0
       3
       2
       0
       2
       1
       0
       6
       0
       1
       2
       3
       2
       2
       1
       3
       2
       0
       5
       2
       1
       2
       1
       2
       2
       2
       5
       1
       0
       3
       3
       1
       2
       1
       1
       2
       4
       2
       2
       2
       2
       2
       1
       1
       0
       1
       3
       2
       2
       0
       3
       4
       0
       3
       0
       1
       3
       2
       0
       4
       3
       2
       3
       0
       2
       1
       2
       1
       4
       1
       2
       3
       1
       2
       3
       1
       5
       3
       2
       3
       4
       0
       1
       4
       2
       2
       0
       2
       4
       3
       3
       4
       2
       1
       1
       1
       0
       4
       3
       3
       1
       2
       2
       1
       2
       0
       0
       2
       3
       2
       0
       1
       1
       2
       0
       3
       3
       3
       0
       3
       1
       1
       2
       1
       1
       2
       1
       1
       0
       2
       2
       0
       2
       2
       2
       3
       1
       2
       1
       1
       2
       2
       0
       2
       1
       1
       1
       1
       2
       2
       0
       2
       1
       0
       3
       1
       1
       2
       1
       0
       1
       1
       1
       3
       0
       3
       0
       5
       0
       4
       1
       3
       1
       1
       1
       0
       0
       0
       1
       2
       1
       1
       0
       3
       1
       4
       3
       1
       1
       3
       2
       0
       3
       1
       2
       1
       2
       0
       1
       2
       1
       1
       1
       2
       0
       2
       2
       0
       0
       0
       2
       0
       0
       3
       2
       1
       3
       1
       1
       3
       0
       1
       2
       2
       2
       1
       0
       1
       2
       2
       0
       2
       1
       1
       2
       3
       2
       2
       2
       1
       3
       0
       0
       2
       2
       1
       1
       1
       2
       0
       1
       3
       2
       1
       3
       3
       3
       2
       1
       1
       1
       0
       1
       2
       0
       1
       0
       0
       2
       1
       2
       0
       1
       0
       2
       1
       0
       0
       1
       0
       0
       2
       1
       0
       3
       1
       0
       1
       2
       1
       0
       0
       1
       1
       0
       0
       1
       2
       0
       1
       0
       1
       1
       1
       1
       1
       1
       2
       1
       2
       0
       3
       3
       2
       2
       5
       1
       3
       1
       1
       1
       2
       1
       0
       1
       0
       2
       1
       0
       0
       0
       1
       0
       2
       1
       2
       1
       1
       0
       0
       0
       1
       0
       1
       1
       1
       0
       1
       0
       0
       1
       2
       1
       1
       0
       1
       2
       2
       1
       1
       3
       0
       0
       1
       1
       1
       0
       1
       1
       0
       1
       2
       1
       1
       2
       2
       1
       0
       1
       3
       1
       2
       3
       1
       1
       3
       2
       0
       1
       0
       1
       1
       2
       0
       1
       1
       2
       2
       1
       3
       0
       1
       1
       1
       2
       1
       2
       2
       0
       1
       3
       0
       0
       1
       0
       2
       0
       0
       0
       0
       1
       1
       1
       0
       1
       2
       2
       1
       1
       2
       2
       0
       1
       0
       0
       0
       0
       1
       0
       0
       1
       0
       0
       0
       1
       2
       0
       0
       1
       2
       1
       1
       0
       0
       0
       2
       1
       0
       1
       1
       1
       0
       0
       0
       1
       0
       1
       1
       0
       0
       0
       0
       2
       0
       0
       1
       1
       0
       0
       0
       0
       1
       1
       1
       0
       0
       1
       0
       2
       0
       0
       0
       1
       0
       0
       0
       0
       1
       2
       0
       2
       0
       1
       1
       0
       0
       1
       0
       0
       0
       0
       1
       1
       0
       0
       0
       1
       1
       0
       0
       2
       1
       1
       1
       1
       1
       0
       1
       2
       0
       2
       0
       1
       0
       0
       0
       1
       2
       0
       1
       1
       2
       1
       1
       1
       1
       1
       2
       0
       0
       0
       1
       2
       0
       1
       0
       0
       0
       0
       2
       2
       0
       2
       1
       0
       3
       0
       1
       2
       0
       2
       0
       0
       0
       0
       0
       0
       2
       0
       0
       1
       1
       2
       0
       1
       1
       0
       0
       0
       1
       0
       0
       1
       1
       1
       0
       1
       0
       0
       0
       0
       1
       1
       0
       1
       1
       0
       2
       1
       0
       1
       0
       1
       1
       2
       1
       0
       1
       0
       1
       0
       0
       0
       0
       1
       2
       3
       5
      10
      15
      24
      28
      35
      44
      27
      16
      12
       8
       3
       2
       0
       0
       1
       0
       0
       0
       0
       0
       0
       0
       0
       0
       0
       1
       1
       0
       0
       0
       1
       1
       1
       1
       0
       2
       1
       0
       0
       3
       0
       0
       1
       0
       1
       2
       1
       3
       0
       5
       0
       1
       2
       1
       1
       0
       1
       0
       0
       1
       0
       1
       1
       0
       1
       1
       1
       0
       0
       0
       2
       1
       1
       0
       2
       0
       0
       0
       0
       0
       0
       1
       0
       0
       0
       0
       0
       2
       1
       0
       0
       1
       1
       0
       4
       2
       0
       0
       1
       1
       0
       0
       0
       0
       0
       1
       0
       2
       0
       2
       0
       1
       1
       1
       1
       1
       2
       1
       0
       0
       1
       0
       0
       1
       0
       0
       1
       2
       0
       0
       1
       0
       1
       2
       0
       0
       2
       1
       1
       1
       0
       2
       0
       0
       0
       1
       0
       0
       0
       0
       0
       2
       4
       2
       1
       1
       1
       1
       3
       2
       1
       0
       0
       0
       4
       0
       0
       0
       0
       0
       0
       2
       1
       0
       0
       1
       0
       0
       2
       0
       0
       1
       1
       1
       0
       1
       2
       0
       2
       0
       0
       2
       1
       0
       0
       1
       0
       0
       1
       0
       0
       1
       0
       0
       0
       0
       0
       0
       1
       1
       0
       0
       2
       0
       2
       1
       0
       0
       0
       0
       0
       0
       0
       0
       1
       1
       0
       0
       0
       1
       0
       0
       1
       0
       0
       0
       1
       0
       0
       0
       1
       0
       0
       0
       0
       1
       1
       0
       0
       0
       1
       0
       0
       0
       0
       0
       0
       1
       1
       1
       3
       0
       0
       0
       1
       0
       0
       2
       1
       0
       0
       0
       0
       1
       1
       1
       1
       0
       0
       0
       2
       0
       0
       1
       0
       1
       1
       0
       0
       2
       1
       0
       0
       1
       1
       1
       2
       1
       0
       0
       0
       0
       0
       1
       0
       0
       1
       0
       0
       0
       0
       0
       2
       0
       2
       1
       1
       2
       0
       0
       0
       0
       1
       0
       1
       1
       1
       0
       1
       0
       0
       3
       0
       0
       4
       1
       0
       1
       0
       0
       1
       1
       1
       0
       1
       1
       0
       0
       1
       0
       0
       0
       1
       0
       1
       1
       0
       0
       0
       1
       1
       0
       0
       0
       0
       0
       0
       0
       0
       0
       0
       0
       0
       0
       0
       0
       1
       0
       0
       0
       1
       1
       0
       0
       0
       0
       0
       1
       0
       0
       0
       0
       1
       0
       1
       1
       0
       2
       0
       0
       0
       3
       0
       2
       0
       0
       1
       2
       0
       0
       0
       0
       0
       0
       0
       0
       0
       0
       2
       1
       0
       0
       0
       0
       1
       0
       1
       0
       1
       1
       1
       1
       0
       0
       0
       0
       0
       1
       0
       0
       0
       0
       1
       0
       0
       0
       0
       1
       0
       0
       0
       0
       0
       0
       0
       0
       0
       0
       1
       1
       0
       0
       0
       0
       0
       3
       0
       0
       0
       1
       0
       0
       0
       2
       0
       0
       1
       1
       0
       0
       0
       2
       0
       0
       0
       0
       3
       0
       0
       0
       1
       1
       1
       0
       1
       0
       1
       2
       0
       0
       0
       0
       1
       1
       3
       3
       0
       0
       1
       0
       0
       0
       0
       0
       0
       1
       2
       0
       0
       0
       1
       0
       0
       0
       1
       0
       0
       0
       0
       0
       0
       0
       0
       1
       1
       0
       1
       0
       1
       0
       1
       0
       0
       0
       0
       0
       0
       0
       1
       0
       0
       2
       1
       2
       0
       1
       0
       0
       0
       0
       0
       0
       2
       1
       0
       1
       1
       0
       0
       2
       0
       0
       0
       0
       0
       0
       0
       0
       1
       0
       0
       0
       0
       0
       0
       1
       0
       0
       0
       0
       1
       0
       1
       1
       0
       0
       0
       0
       1
       0
       1
       1
       0
       0
       1
       1
       0
       0
       0
       1
       1
       0
       0
       1
       1
       0
       0
       1
       1
       1
       1
       1
       1
       1
       0
       0
       0
       0
       0
       0
       0
       0
       0
       0
       0
       0
       0
       1
       0
       0
       0
       0
       0
       0
       0
       0
       0
       0
       1
       0
       0
       0
       0
       0
       1
       1
       0
       1
       0
       1
       0
       1
       0
       1
       1
       0
       0
       2
       0
       0
       0
       2
       1
       1
       0
       0
       1
       1
       0
       1
       0
       2
       0
       1
       0
       0
       0
       0
       0
       0
       0
       0
       1
       2
       0
       0
       0
       0
       0
       0
       1
       0
       0
       0
       0
       1
       1
       0
       0
       0
       1
       0
       1
       0
       1
       0
       0
       0
       0
       1
       0
       0
       1
       0
       0
       1
       1
       2
       0
       0
       0
       0
       0
       0
       0
       0
       0
       2
       0
       1
       0
       0
       1
       1
       1
       1
       0
       0
       0
       0
       1
       0
       0
       0
       1
       1
       0
       2
       0
       2
       3
       1
       5
       0
       3
       1
       0
       1
       0
       0
       0
       1
       0
       0
       0
       0
       0
       0
       0
       0
       0
       0
       0
       0
       0
       0
       0
       0
       1
       0
       1
       0
       0
       2
       1
       0
       1
       0
       0
       0
       0
       0
       1
       2
       1
       1
       1
       0
       0
       0
       1
       0
       0
       0
       0
       0
       0
       0
       0
       1
       1
       0
       0
       0
       0
       0
       0
       0
       0
       1
       0
       0
       0
       1
       0
       0
       0
       0
       0
       0
       1
       2
       0
       0
       0
       0
       0
       0
       0
       0
       0
       1
       0
       0
       0
       1
       1
       0
       0
       0
       0
       0
       0
       0
       0
       0
       0
       0
       1
       0
       0
       0
       0
       0
       0
       0
       0
       0
       0
       0
       1
       0
       0
       2
       0
       0
       1
       0
       1
       0
       0
       1
       0
       1
       0
       0
       0
       1
       0
       0
       1
       1
       0
       0
       0
       1
       0
       0
       0
       0
       1
       0
       0
       1
       0
       0
       0
       0
       0
       1
       0
       0
       1
       1
       0
       1
       0
       1
       1
       1
       0
       0
       0
       1
       0
       2
       1
       1
       0
       0
       0
       0
       0
       1
       0
       1
       0
       0
       0
       0
       0
       2
       1
       0
       0
       1
       0
       0
       1
       1
       0
       0
       2
       0
       0
       3
       0
       1
       1
       1
       0
       0
       0
       0
       1
       0
       0
       0
       1
       0
       1
       0
       0
       0
       1
       0
       0
       1
       0
       0
       0
       0
       0
       1
       0
       0
       0
       0
       0
       1
       1
       0
       0
       0
       0
       1
       0
       0
       0
       1
       0
       0
       2
       0
       1
       0
       0
       1
       2
       1
       3
       2
       3
       4
       0
       2
       1
       0
       0
       0
       0
       1
       1
       1
       0
       2
       0
       0
       0
       0
       0
       0
       1
       0
       0
       0
       0
       1
       0
       0
       1
       0
       0
       1
       0
       0
       0
       1
       1
       1
       0
       0
       0
       0
       0
       0
       1
       0
       0
       0
       2
       0
       0
       0
       0
       0
       1
       0
       1
       0
       0
       0
       0
       1
       2
       0
       0
       0
       0
       0
       1
       0
       1
       1
       0
       0
       1
       1
       1
       0
       0
       0
       0
       0
       0
       1
       1
       0
       0
       0
       0
       0
       0
       0
       0
       1
       0
       0
       0
       0
       0
       1
       1
       0
       0
       0
       1
       0
       0
       0
       0
       0
       0
       0
       0
       0
       1
       0
       0
       0
       0
       0
       0
       1
       0
       0
       0
       2
       0
       0
       0
       0
       0
       1
       0
       0
       1
       0
       1
       0
       1
       0
       0
       0
       0
       0
       1
       0
       0
       0
       1
       1
       1
       1
       0
       0
       2
       0
       0
       1
       0
       0
       2
       0
       1
       0
       0
       0
       0
       0
       0
       0
       0
       0
       0
       0
       0
       0
       1
       1
       0
       0
       0
       0
       0
       0
       0
       0
       2
       0
       0
       0
       0
       0
       0
       0
       0
       1
       0
       0
       1
       1
       0
       0
       0
       0
       0
       1
       1
       0
       1
       0
       0
       0
       0
       1
       0
       0
       0
       0
       0
       1
       0
       0
       0
       0
       0
       0
       1
       0
       0
       0
       1
       0
       1
       0
       0
       1
       0
       0
       0
       0
       0
       0
       0
       1
       0
       0
       0
       1
       0
       0
       0
       1
       1
       1
       2
       0
       0
       0
       2
       1
       0
       0
       1
       0
       1
       0
       0
       0
       0
       0
       1
       0
       0
       0
       0
       0
       0
       0
       0
       1
       0
       0
       1
       1
       0
       0
       0
       0
       0
       1
       1
       0
       0
       0
       0
       0
       1
       0
       0
       0
       0
       0
       0
       0
       0
       0
       0
       1
       0
       1
       2
       0
       0
       0
       0
       0
       0
       0
       0
       0
       0
       0
       0
       1
       1
       0
       0
       0
       0
       1
       0
       1
       0
       1
       0
       0
       0
       0
       0
       1
       0
       0
       1
       0
       0
       0
       0
       0
       0
       1
       1
       0
       0
       1
       0
       0
       0
       1
       1
       0
       0
       0
       0
       1
       0
       0
       2
       0
       0
       0
       0
       0
       0
       0
       0
       0
       0
       0
       0
       0
       1
       1
       0
       0
       0
       0
       0
       0
       0
       0
       0
       0
       0
       0
       0
       0
       0
       0
       2
       0
       0
       1
       0
       0
       1
       0
       0
       0
       0
       0
       0
       1
       0
       0
       0
       0
       0
       0
       0
       1
       0
       0
       0
       0
       0
       0
       0
       0
       1
       0
       0
       0
       0
       0
       0
       0
       0
       1
       1
       0
       0
       0
       0
       0
       0
       0
       1
       1
       1
       0
       0
       0
       0
       1
       0
       0
       0
       1
       0
       1
       0
       0
       0
       0
       2
       1
       1
       0
       0
       0
       0
       1
       0
       0
       0
       0
       0
       0
       0
       0
       0
       0
       0
       0
       0
       0
       0
       0
       0
       0
       0
       0
       1
       0
       0
       0
       0
       0
       0
       1
       0
       0
       0
       0
       0
       0
       0
       1
       0
       0
       0
       0
       0
       1
       0
       0
       0
       0
       1
       0
       1
       0
       1
       0
       0
       0
       0
       0
       0
       0
       1
       0
       0
       0
       0
       0
       0
       0
       0
       0
       0
       0
       0
       0
       0
       0
       2
       0
       0
       0
       1
       0
       0
       0
       0
       0
       0
       0
       0
       0
       2
       0
       0
       0
       0
       1
       0
       0
       0
       0
       0
       0
       1
       0
       0
       1
       1
       1
       1
       1
       0
       0
       1
       0
       0
       0
       1
       0
       0
       1
       0
       0
       0
       0
       0
       0
       0
       0
       0
       0
       0
       0
       0
       0
       0
       0
       0
       0
       1
       0
       1
       0
       1
       0
       0
       0
       0
       0
       0
       0
       1
       0
       0
       1
       1
       0
       0
       0
       0
       0
       0
       0
       0
       0
       0
       1
       0
       0
       0
       1
       0
       2
       0
       0
       0
       0
       1
       0
       0
       0
       0
       0
       1
       0
       0
       2
       1
       1
       0
       1
       0
       1
       0
       0
       0
       2
       1
       0
       0
       0
       1
       0
       1
       0
       0
       0
       0
       0
       0
       0
       0
       0
       0
       1
       0
       1
       0
       2
       0
       0
       0
       0
       1
       0
       0
       1
       0
       0
       2
       0
       0
       0
       0
       0
       0
       1
       1
       0
       0
       0
       0
       0
       0
       0
       0
       0
       0
       0
       0
       0
       0
       0
       0
       0
       0
       0
       1
       1
       0
       0
       1
       0
       0
       0
       1
       0
       0
       0
       1
       0
       1
       0
       0
       0
       0
       0
       1
       1
       1
       1
       1
       0
       0
       0
       0
       0
       0
       0
       0
       1
       0
       0
       1
       0
       0
       0
       0
       0
       0
       0
       0
       1
       0
       0
       0
       0
       0
       0
       1
       0
       1
       0
       0
       0
       0
       0
       0
       0
       0
       0
       0
       0
       0
       0
       0
       0
       1
       0
       0
       0
       0
       0
       0
       0
       0
       0
       0
       0
       0
       0
       1
       0
       0
       0
       0
       0
       0
       0
       0
       0
       1
       0
       1
       0
       0
       1
       0
       0
       0
       0
       0
       0
       1
       0
       2
       2
       0
       0
       0
       1
       0
       1
       0
       0
       0
       0
       1
       0
       0
       0
       3
       0
       0
       1
       0
       0
       0
       0
       0
       0
       1
       0
       1
       1
       0
       0
       0
       0
       0
       1
       0
       0
       1
       0
       0
       0
       0
       0
       0
       0
       0
       0
       0
       0
       0
       0
       0
       0
       0
       0
       1
       0
       1
       2
       0
       0
       0
       1
       0
       0
       0
       0
       0
       1
       0
       0
       0
       0
       0
       0
       0
       0
       0
       0
       0
       0
       0
       0
       0
       1
       0
       0
       0
       0
       0
       0
       0
       0
       0
       0
       0
       0
       0
       1
       0
       0
       0
       0
       0
       1
       0
       0
       0
       0
       1
       0
       0
       0
       1
       0
       0
       1
       0
       0
       0
       2
       0
       1
       0
       0
       0
       0
       0
       0
       0
       0
       1
       0
       0
       0
       0
       0
       0
       1
       0
       0
       0
       0
       0
       1
       0
       0
       0
       1
       0
       1
       0
       0
       0
       0
       0
       0
       0
       0
       0
       1
       0
       0
       0
       0
       0
       0
       0
       0
       0
       0
       1
       0
       0
       0
       0
       0
       0
       0
       0
       0
       0
       0
       0
       0
       0
       0
       0
       0
       0
       0
       0
       0
       1
       1
       1
       0
       0
       0
       1
       0
       0
       0
       0
       0
       0
       0
       0
       0
       0
       0
       0
       0
       0
       0
       3
       0
       0
       0
       0
       0
       0
       0
       1
       0
       0
       0
       0
       1
       1
       0
       0
       0
       0
       0
       0
       0
       0
       1
       0
       0
       1
       0
       1
       1
       0
       0
       0
       1
       0
       0
       0
       0
       0
       0
       0
       0
       1
       0
       0
       0
       0
       0
       1
       2
       0
       0
       1
       0
       0
       0
       0
       0
       1
       0
       0
       0
       0
       0
       1
       0
       0
       0
       1
       0
       0
       1
       0
       0
       0
       0
       0
       0
       0
       0
       0
       1
       1
       0
       0
       0
       0
       0
       0
       0
       0
       1
       1
       0
       1
       1
       0
       0
       0
       0
       0
       0
       0
       0
       1
       0
       0
       0
       0
       1
       0
       0
       0
       0
       0
       0
       0
       0
       0
       1
       0
       0
       1
       0
       0
       0
       1
       0
       0
       0
       0
       0
       1
       0
       0
       0
       0
       0
       0
       0
       0
       0
       0
       0
       0
       0
       0
       1
       0
       1
       0
       0
       0
       1
       0
       0
       0
       0
       0
       0
       0
       0
       0
       1
       1
       0
       0
       0
       0
       0
       1
       2
       0
       0
       1
       0
       0
       0
       0
       0
       0
       0
       0
       0
       0
       0
       2
       0
       2
       0
       0
       0
       0
       0
       0
       0
       0
       0
       0
       0
       0
       0
       1
       0
       2
       0
       0
       0
       0
       0
       1
       0
       0
       0
       0
       0
       0
       0
       0
       1
       0
       0
       1
       1
       0
       0
       0
       1
       0
       0
       0
       0
       1
       0
       1
       0
       0
       0
       0
       1
       0
       2
       0
       0
       0
       0
       0
       0
       0
       0
       0
       0
       0
       1
       0
       2
       0
       0
       0
       0
       0
       0
       0
       0
       0
       0
       0
       0
       0
       0
       0
       0
       0
       0
       0
       0
       0
       0
       0
       0
       0
       0
       0
       0
       0
       0
       0
       0
       0
       0
       0
       0
       0
       0
       0
       0
       0
       0
       0
       0
       0
       0
       0
       0
       1
       0
       0
       0
       1
       0
       1
       0
       0
       0
       0
       0
       0
       0
       0
       0
       1
       0
       0
       0
       0
       0
       1
       0
       0
       0
       0
       0
       0
       0
       0
       1
       0
       0
       0
       1
       0
       0
       0
       0
       0
       0
       0
       0
       0
       0
       1
       0
       0
       0
       0
       0
       0
       0
       0
       0
       0
       0
       1
       0
       0
       0
       0
       0
       0
       0
       0
       1
       0
       1
       0
       0
       0
       0
       0
       0
       0
       0
       0
       0
       0
       0
       0
       0
       0
       0
       0
       0
       1
       0
       0
       0
       0
       0
       0
       0
       0
       0
       0
       0
       0
       0
       0
       0
       0
       0
       0
       0
       0
       0
       0
       0
       0
       0
       0
       0
       0
       0
       0
       0
       0
       0
       0
       0
       0
       0
       0
       1
       0
       0
       0
       1
       0
       0
       0
       0
       0
       0
       0
       0
       0
       1
       0
       0
       0
       0
       0
       0
       0
       0
       0
       0
       0
       0
       0
       0
       0
       0
       0
       0
       0
       0
       0
       1
       0
       0
       0
       0
       0
       0
       0
       0
       0
       0
       0
       0
       0
       0
       0
       0
       0
       0
       0
       0
       0
       0
       0
       0
       0
       0
       0
       0
       0
       0
       0
       1
       0
       0
       0
       1
       0
       0
       0
       0
       0
       0
       0
       0
       0
       0
       0
       0
       0
       0
       0
       0
       0
       0
       0
       0
       0
       0
       0
       0
       0
       0
       0
       0
       0
       0
       0
       0
       0
       0
       0
       0
       0
       0
       0
       1
       0
       0
       0
       0
       0
       0
       0
       0
       0
       0
       0
       0
       0
       0
       0
       0
       0
       0
       0
       0
       0
       0
       0
       0
       0
       0
       0
       0
       0
       0
       0
       0
       0
       0
       0
       0
       0
       0
       0
       0
       0
       0
       0
       0
       0
       0
       0
       0
       0
       0
       0
       0
       0
       0
       0
       0
       0
       0
       0
       0
       0
       0
       0
       0
       0
       0
       0
       0
       0
       1
       0
       0
       0
       0
       0
       0
       0
       0
       0
       0
       0
       0
       0
       0
       0
       0
       0
       0
       0
       0
       0
       1
       0
       0
       0
       0
       0
       0
       0
       0
       0
       0
       0
       0
       0
       0
       0
       0
       0
       0
       0
       0
       0
       0
       0
       0
       0
       0
       0
       1
       0
       0
       0
       0
       0
       0
       0
       0
       0
       0
       0
       0
       0
       0
       0
       0
       1
       0
       0
       0
       0
       0
       0
       0
       0
       1
       0
       0
       0
       0
       0
       0
       0
       0
       0
       0
       0
       0
       0
       0
       0
       0
       0
       0
       0
       1
       0
       0
       0
       1
       0
       0
       0
       1
       0
       1
       0
       0
       0
       0
       0
       0
       0
       0
       0
       0
       0
       0
       0
       0
       0
       0
       0
       0
       0
       0
       0
       0
       0
       0
       0
       0
       0
       0
       0
       0
       0
       0
       0
       1
       0
       0
       0
       0
       0
       0
       0
       0
       0
       0
       0
       0
       0
       0
       0
       0
       0
       0
       0
       0
       0
       0
       0
       0
       0
       0
       0
       0
       0
       0
       0
       0
       0
       0
       0
       0
       0
       0
       0
       0
       0
       0
       0
       0
       0
       0
       0
       1
       4
       2
       3
       5
       8
       7
       5
       5
       2
       3
       0
       2
       0
       0
       0
       0
       0
       0
       0
       0
       0
       0
       0
       0
       0
       0
       0
       0
       0
       0
       0
       0
       0
       0
       0
       0
       0
       0
       0
       0
       0
       0
       0
       0
       0
       0
       0
       0
       0
       0
       0
       0
       0
       0
       0
       0
       0
       0
       0
       0
       0
       0
       0
       0
       0
       0
       0
       0
       0
       0
       0
       0
       0
       0
       0
       0
       0
       0
       0
       0
       0
       0
       0
       0
       0
       0
       0
       0
       0
       0
       0
       0
       0
       0
       0
       0
       0
       0
       0
       0
       0
       0
       0
       0
       0
       0
       0
       1
       0
       0
       0
       0
       0
       0
       0
       0
       0
       0
       0
       0
       0
       0
       0
       0
       0
       0
       0
       0
       0
       0
       0
       0
       0
       0
       0
       0
       0
       0
       0
       0
       0
       0
       0
       0
       0
       1
       0
       0
       0
       0
       0
       0
       0
       0
       0
       0
       0
       0
       0
       0
       0
       0
       0
       0
       0
       0
       0
       0
       0
       0
       0
       0
       0
       0
       0
       0
       0
       0
       0
       0
       0
       0
       0
       0
       0
       0
       0
       0
       0
       0
       0
       0
       0
       1
       0
       0
       0
       0
       0
       0
       0
       0
       0
       0
       0
       0
       0
       0
       0
       0
       0
       0
       0
       0
       0
       0
       0
       0
       0
       0
       0
       0
       0
       0
       0
       0
       0
       0
       0
       0
       0
       0
       0
       0
       0
       0
       0
       0
       0
       0
       0
       0
       0
       0
       0
       0
       0
       0
       0
       0
       0
       0
       0
       0
       0
       0
       0
       0
       0
       0
       0
       0
       0
       0
       0
       0
       0
       0
       0
       0
       0
       0
       0
       0
       0
       0
       0
       0
       0
       0
       0
       0
       0
       0
       0
       0
       0
       0
       0
       0
       0
       0
       0
       0
       0
       0
       0
       0
       0
       0
       0
       0
       0
       0
       0
       0
       0
       0
       0
       0
       0
       0
       0
       0
       0
       0
       0
       0
       0
       1
       0
       0
       0
       0
       0
       0
       0
       0
       0
       0
       0
       0
       0
       0
       0
       0
       0
       0
       0
       0
       0
       0
       0
       0
       0
       0
       0
       0
       0
       0
       0
       0
       0
       0
       0
       0
       0
       0
       0
       0
       0
       0
       0
       0
       0
       0
       0
       0
       0
       0
       0
       0
       0
       0
       0
       0
       0
       0
       0
       0
       0
       0
       0
       0
       0
       0
       0
       0
       0
       0
       0
       0
       0
       0
       0
       0
       0
       0
       0
       0
       0
       0
       0
       0
       0
       0
       0
       0
       0
       0
       0
       0
       0
       0
       0
       0
       0
       0
       0
       0
       0
       0
       0
       0
       0
       0
       0
       0
       0
       0
       0
       0
       0
       0
       0
       0
       0
       0
       0
       0
       0
       0
       0
       0
       0
       0
       0
       0
       0
       0
       0
       0
       0
       0
       0
       0
       0
       0
       0
       0
       0
       0
       0
       0
       0
       0
       0
       0
       0
       0
       0
       0
       0
       0
       0
       0
       0
       0
       0
       0
       0
       0
       0
       0
       0
       0
       0
       0
       0
       0
       0
       0
       0
       0
       0
       0
       0
       0
       0
       0
       0
       0
       0
       0
       0
       0
       0
       0
       0
       0
       0
       0
       0
       0
       0
       0
       0
       0
       0
       0
       0
       0
       0
       0
       0
       0
       0
       0
       0
       0
       0
       0
       0
       0
       0
       0
       0
       0
       0
       0
       0
       0
       0
       0
       0
       0
       0
       0
       0
       0
       0
       0
       0
       1
       0
       0
       0
       0
       0
       0
       0
       0
       0
       0
       0
       0
       0
       0
       0
       0
       0
       0
       0
       0
       1
       0
       0
       0
       0
       0
       0
       0
       0
       0
       0
       0
       0
       0
       0
       0
       0
       0
       0
       0
       0
       0
       0
       0
       0
       0
       0
       0
       0
       0
       0
       0
       0
       0
       0
       0
       0
       0
       0
       0
       0
       0
       0
       0
       0
       0
       0
       0
       0
       0
       0
       0
       0
       0
       0
       0
       0
       0
       0
       0
       0
       0
       0
       0
       0
       0
       0
       0
       0
       0
       0
       0
       0
       0
       0
       0
       0
       0
       0
       0
       0
       0
       0
       0
       0
       0
       0
       0
       0
       0
       0
       0
       0
       0
       0
       0
       0
       0
       0
       0
       0
       0
       0
       0
       0
       0
       0
       0
       0
       0
       0
       0
       0
       0
       0
       0
       0
       0
       0
       0
       0
       0
       0
       0
       0
       0
       0
       0
       0
       0
       0
       0
       0
       0
       0
       0
       0
       0
       0
       0
       0
       0
       0
       0
       0
       0
       0
       0
       0
       0
       0
       0
       0
       0
       0
       0
       0
       0
       0
       0
       0
       0
       0
       0
       0
       0
       0
       0
       0
       0
       0
       0
       0
       0
       0
       0
       1
       0
       0
       0
       0
       0
       0
       0
       0
       0
       0
       0
       0
       0
       0
       0
       0
       0
       0
       0
       0
       0
       0
       0
       0
       0
       0
       0
       0
       0
       0
       0
       0
       0
       0
       0
       0
       0
       0
       0
       0
       0
       0
       0
       0
       0
       0
       0
       0
       0
       0
       0
       0
       0
       0
       0
       0
       0
       0
       0
       0
       0
       0
       0
       0
       0
       0
       0
       0
       0
       0
       0
       0
       0
       0
       0
       0
       0
       0
       0
       0
       0
       0
       0
       0
       0
       0
       0
       0
       0
       0
       0
       0
       0
       0
       0
       0
       0
       0
       0
       0
       0
       0
       0
       0
       0
       0
       0
       0
       0
       0
       0
       0
       0
       0
       0
       0
       0
       0
       0
       0
       0
       0
       0
       0
       0
       0
       0
       0
       0
       0
       0
       0
       0
       0
       0
       0
       0
       0
       0
       0
       0
       0
       0
       0
       0
       0
       0
       0
       0
       0
       0
       0
       0
       0
       0
       0
       0
       0
       0
       0
       0
       0
       0
       0
       0
       0
       0
       0
       0
       0
       0
       0
       0
       0
       0
       0
       0
       0
       0
       0
       0
       0
       0
       0
       0
       0
       0
       0
       0
       0
       0
       0
       0
       0
       0
       0
       0
       0
       0
       0
       0
       0
       0
       0
       0
       0
       0
       0
       0
       0
       0
       0
       0
       0
       0
       0
       0
       0
       0
       0
       0
       0
       0
       0
       0
       0
       0
       0
       0
       0
       0
       0
       0
       0
       0
       0
       0
       0
       0
       0
       0
       0
       0
       0
       0
       0
       0
       0
       0
       0
       0
       0
       0
       0
       0
       0
       0
       0
       0
       0
       0
       0
       0
       0
       0
       0
       0
       0
       0
       0
       0
       0
       0
       0
       0
       0
       0
       0
       0
       0
       0
       0
       0
       0
       0
       0
       0
       0
       0
       0
       0
       0
       0
       0
       0
       0
       0
       0
       0
       0
       0
       0
       0
       0
       0
       0
       0
       0
       0
       0
       0
       0
       0
       0
       0
       0
       0
       0
       0
       0
       0
       0
       0
       0
       0
       0
       0
       0
       0
       0
       0
       0
       0
       0
       0
       0
       0
       0
       0
       0
       0
       0
       0
       0
       0
       0
       0
       0
       0
       0
       0
       0
       0
       0
       0
       0
       0
       0
       0
       0
       0
       0
       0
       0
       0
       0
       0
       0
       0
       0
       0
       0
       0
       0
       0
       0
       0
       0
       0
       0
       0
       0
       0
       0
       0
       0
       0
       0
       0
       0
       0
       0
       0
       0
       0
       0
       0
       0
       0
       0
       0
       0
       0
       0
       0
       0
       0
       0
       0
       0
       0
       0
       0
       0
       0
       0
       0
       0
       0
       0
       0
       0
       0
       0
       0
       0
       0
       0
       0
       0
       0
       0
       0
       0
       0
       0
       0
       0
       0
       0
       0
       0
       0
       0
       0
       0
       0
       0
       0
       0
       0
       0
       0
       0
       0
       0
       0
       0
       0
       0
       0
       0
       0
       0
       0
       0
       0
       0
       0
       0
       0
       0
       0
       0
       0
       0
       0
       0
       0
       0
       0
       0
       0
       0
       0
       0
       0
       0
       0
       0
       0
       0
       0
       0
       0
       0
       0
       0
       0
       0
       0
       0
       0
       0
       0
       0
       0
       0
       0
       0
       1
       0
       0
       0
       0
       0
       0
       0
       0
       0
       0
       0
       0
       0
       0
       0
       0
       0
       0
       0
       0
       0
       0
       0
       0
       0
       0
       0
       0
       1
       0
       0
       0
       0
       0
       0
       0
       0
       0
       0
       0
       0
       0
       0
       0
       0
       0
       0
       0
       0
       0
       0
       0
       0
       0
       0
       0
       0
       0
       0
       0
       0
       0
       0
       0
       0
       0
       0
       0
       0
       0
       0
       0
       0
       0
       0
       0
       0
       0
       0
       0
       0
       0
       0
       0
       0
       0
       0
       0
       0
       0
       0
       0
       0
       0
       0
       0
       0
       0
       0
       0
       0
       0
       0
       0
       0
       0
       0
       0
       0
       0
       0
       0
       0
       0
       0
       0
       0
       0
       0
       0
       0
       0
       0
       0
       0
       0
       0
       0
       0
       0
       0
       0
       0
       0
       0
       0
       0
       0
       0
       0
       0
       0
       0
       0
       0
       0
       0
       0
       0
       0
       0
       0
       0
       0
       0
       0
       0
       0
       0
       0
       0
       0
       1
       0
       0
       0
       0
       0
       0
       0
       0
       0
       0
       0
       0
       0
       0
       0
       0
       0
       0
       0
       0
       0
       0
       0
       0
       0
       0
       0
       0
       0
       0
       0
       0
       0
       0
       0
       0
       0
       0
       0
       0
       0
       0
       0
       0
       0
       0
       0
       0
       0
       0
       0
       0
       0
       0
       0
       0
       0
       0
       0
       0
       0
       0
       0
       0
       0
       0
       1
       0
       0
       0
       0
       0
       0
       0
       0
       0
       0
       0
       0
       0
       0
       0
       0
       0
       0
       0
       0
       0
       0
       0
       0
       0
       0
       0
       0
       0
       0
       0
       0
       0
       0
       0
       0
       0
       0
       0
       0
       0
       0
       0
       0
       0
       0
       0
       0
       0
       0
       0
       0
       0
       0
       0
       0
       0
       0
       0
       0
       0
       0
       0
       0
       0
       0
       0
       0
       0
       0
       0
       0
       0
       0
       0
       0
       0
       0
       0
       0
       0
       0
       0
       0
       0
       0
       0
       0
       0
       0
       0
       0
       0
       0
       0
       0
       0
       0
       0
       0
       0
       0
       0
       0
       0
       0
       0
       0
       0
       0
       0
       0
       0
       0
       0
       0
       0
       0
       0
       0
       0
       0
       0
       0
       0
       0
       0
       0
       0
       0
       0
       0
       0
       0
       0
       0
       0
       0
       0
       0
       0
       0
       0
       0
       0
       0
       0
       0
       0
       0
       0
       0
       0
       0
       0
       0
       0
       0
       0
       0
       0
       0
       0
       0
       0
       0
       0
       0
       0
       0
       0
       0
       0
       0
       0
       0
       0
       0
       0
       0
       0
       0
       0
       0
       0
       0
       0
       0
       0
       0
$ROI:
0
$PRESETS:
Real Time
300
0
$ENER_FIT:
8.931054 0.240803
$MCA_CAL:
3
8.931054E+000 2.408025E-001 6.157388E-008 keV
$SHAPE_CAL:
3
9.658150E+000 -1.618950E-003 2.758845E-007
