# Target Z    :  29
# Target A    :   0
# Target state:  
# Projectile  : p
# Reaction    : (p,xa)
# E-inc       :   30.000 MeV
# Quantity    : Double-differential cross section
# Frame       : L
# MF          :    6
# MT          :  207
# X4 ID       : O0759002 
# X4 code     : 29-CU-0(P,X)2-HE-4,,DA/DE
# Author      : Muto                     
# Year        : 1963
# Data points :    295
# E-out(MeV) xs(mb/MeV.sr) dxs(mb/MeV.sr) dE(MeV)      Evaluation  C/E(F)      Chi-2     Delta(mb)
  3.02000E+00  4.20000E-08  0.00000E+00  0.00000E+00  9.00000E+01
  4.26000E+00  1.49000E-07  0.00000E+00  0.00000E+00  9.00000E+01
  5.20000E+00  6.60000E-07  0.00000E+00  0.00000E+00  9.00000E+01
  6.03000E+00  1.39000E-06  0.00000E+00  0.00000E+00  9.00000E+01
  7.19000E+00  2.02200E-06  0.00000E+00  0.00000E+00  9.00000E+01
  8.40000E+00  1.80000E-06  0.00000E+00  0.00000E+00  9.00000E+01
  9.32000E+00  1.49300E-06  0.00000E+00  0.00000E+00  9.00000E+01
  1.04500E+01  1.29600E-06  0.00000E+00  0.00000E+00  9.00000E+01
  1.13500E+01  8.06000E-07  0.00000E+00  0.00000E+00  9.00000E+01
  1.24800E+01  5.60000E-07  0.00000E+00  0.00000E+00  9.00000E+01
  1.32700E+01  2.90000E-07  0.00000E+00  0.00000E+00  9.00000E+01
  1.44100E+01  1.54000E-07  0.00000E+00  0.00000E+00  9.00000E+01
  1.52400E+01  2.13000E-07  0.00000E+00  0.00000E+00  9.00000E+01
  1.63900E+01  1.38000E-07  0.00000E+00  0.00000E+00  9.00000E+01
  1.73400E+01  1.12000E-07  0.00000E+00  0.00000E+00  9.00000E+01
  1.85000E+01  9.70000E-08  0.00000E+00  0.00000E+00  9.00000E+01
  1.92500E+01  9.60000E-08  0.00000E+00  0.00000E+00  9.00000E+01
  2.04700E+01  4.40000E-08  0.00000E+00  0.00000E+00  9.00000E+01
  2.12900E+01  5.50000E-08  0.00000E+00  0.00000E+00  9.00000E+01
  2.24400E+01  5.30000E-08  0.00000E+00  0.00000E+00  9.00000E+01
  2.34000E+01  6.30000E-08  0.00000E+00  0.00000E+00  9.00000E+01
  2.49000E+00  4.00000E-08  0.00000E+00  0.00000E+00  6.25001E+01
  3.32000E+00  1.15000E-07  0.00000E+00  0.00000E+00  6.25001E+01
  4.46000E+00  2.44000E-07  0.00000E+00  0.00000E+00  6.25001E+01
  5.60000E+00  8.85000E-07  0.00000E+00  0.00000E+00  6.25001E+01
  6.53000E+00  1.67100E-06  0.00000E+00  0.00000E+00  6.25001E+01
  7.96000E+00  2.33600E-06  0.00000E+00  0.00000E+00  6.25001E+01
  8.70000E+00  2.22200E-06  0.00000E+00  0.00000E+00  6.25001E+01
  9.53000E+00  2.11300E-06  0.00000E+00  0.00000E+00  6.25001E+01
  1.05700E+01  1.80500E-06  0.00000E+00  0.00000E+00  6.25001E+01
  1.15000E+01  1.27700E-06  0.00000E+00  0.00000E+00  6.25001E+01
  1.26400E+01  9.32000E-07  0.00000E+00  0.00000E+00  6.25001E+01
  1.35800E+01  6.97000E-07  0.00000E+00  0.00000E+00  6.25001E+01
  1.45100E+01  4.24000E-07  0.00000E+00  0.00000E+00  6.25001E+01
  1.57500E+01  3.35000E-07  0.00000E+00  0.00000E+00  6.25001E+01
  1.65800E+01  3.18000E-07  0.00000E+00  0.00000E+00  6.25001E+01
  1.76200E+01  1.37000E-07  0.00000E+00  0.00000E+00  6.25001E+01
  1.86500E+01  8.40000E-08  0.00000E+00  0.00000E+00  6.25001E+01
  1.95900E+01  1.59000E-07  0.00000E+00  0.00000E+00  6.25001E+01
  2.04100E+01  6.90000E-08  0.00000E+00  0.00000E+00  6.25001E+01
  2.06200E+01  1.06000E-07  0.00000E+00  0.00000E+00  6.25001E+01
  2.14500E+01  1.25000E-07  0.00000E+00  0.00000E+00  6.25001E+01
  2.26900E+01  9.10000E-08  0.00000E+00  0.00000E+00  6.25001E+01
  2.36300E+01  1.65000E-07  0.00000E+00  0.00000E+00  6.25001E+01
  2.45600E+01  1.12000E-07  0.00000E+00  0.00000E+00  6.25001E+01
  3.32000E+00  1.51000E-07  0.00000E+00  0.00000E+00  9.00000E+01
  4.25000E+00  4.26000E-07  0.00000E+00  0.00000E+00  9.00000E+01
  5.08000E+00  5.92000E-07  0.00000E+00  0.00000E+00  9.00000E+01
  6.32000E+00  1.28700E-06  0.00000E+00  0.00000E+00  9.00000E+01
  7.15000E+00  2.32900E-06  0.00000E+00  0.00000E+00  9.00000E+01
  8.08000E+00  2.33000E-06  0.00000E+00  0.00000E+00  9.00000E+01
  9.02000E+00  2.22200E-06  0.00000E+00  0.00000E+00  9.00000E+01
  1.00500E+01  1.45700E-06  0.00000E+00  0.00000E+00  9.00000E+01
  1.10500E+01  1.56400E-06  0.00000E+00  0.00000E+00  9.00000E+01
  1.20500E+01  1.18700E-06  0.00000E+00  0.00000E+00  9.00000E+01
  1.30600E+01  8.05000E-07  0.00000E+00  0.00000E+00  9.00000E+01
  1.42000E+01  7.16000E-07  0.00000E+00  0.00000E+00  9.00000E+01
  1.53400E+01  4.08000E-07  0.00000E+00  0.00000E+00  9.00000E+01
  1.60600E+01  2.81000E-07  0.00000E+00  0.00000E+00  9.00000E+01
  1.72000E+01  2.10000E-07  0.00000E+00  0.00000E+00  9.00000E+01
  1.81300E+01  1.38000E-07  0.00000E+00  0.00000E+00  9.00000E+01
  1.90700E+01  1.22000E-07  0.00000E+00  0.00000E+00  9.00000E+01
  2.11400E+01  8.80000E-08  0.00000E+00  0.00000E+00  9.00000E+01
  2.22800E+01  1.27000E-07  0.00000E+00  0.00000E+00  9.00000E+01
  2.33200E+01  1.10000E-07  0.00000E+00  0.00000E+00  9.00000E+01
  2.44600E+01  9.40000E-08  0.00000E+00  0.00000E+00  9.00000E+01
  3.11000E+00  4.10000E-08  0.00000E+00  0.00000E+00  1.20000E+02
  4.25000E+00  5.91000E-07  0.00000E+00  0.00000E+00  1.20000E+02
  4.97000E+00  7.92000E-07  0.00000E+00  0.00000E+00  1.20000E+02
  5.91000E+00  1.72400E-06  0.00000E+00  0.00000E+00  1.20000E+02
  6.94000E+00  2.32800E-06  0.00000E+00  0.00000E+00  1.20000E+02
  7.98000E+00  3.18700E-06  0.00000E+00  0.00000E+00  1.20000E+02
  9.12000E+00  2.53200E-06  0.00000E+00  0.00000E+00  1.20000E+02
  1.01600E+01  1.45800E-06  0.00000E+00  0.00000E+00  1.20000E+02
  1.11900E+01  1.53200E-06  0.00000E+00  0.00000E+00  1.20000E+02
  1.22300E+01  1.16900E-06  0.00000E+00  0.00000E+00  1.20000E+02
  1.32600E+01  7.69000E-07  0.00000E+00  0.00000E+00  1.20000E+02
  1.40900E+01  6.43000E-07  0.00000E+00  0.00000E+00  1.20000E+02
  1.53400E+01  3.53000E-07  0.00000E+00  0.00000E+00  1.20000E+02
  1.63700E+01  2.63000E-07  0.00000E+00  0.00000E+00  1.20000E+02
  1.83400E+01  1.93000E-07  0.00000E+00  0.00000E+00  1.20000E+02
  2.00000E+01  8.70000E-08  0.00000E+00  0.00000E+00  1.20000E+02
  2.22800E+01  5.40000E-08  0.00000E+00  0.00000E+00  1.20000E+02
  2.30100E+01  5.50000E-08  0.00000E+00  0.00000E+00  1.20000E+02
  2.39400E+01  5.60000E-08  0.00000E+00  0.00000E+00  1.20000E+02
  3.30000E+00  4.30000E-08  0.00000E+00  0.00000E+00  1.50000E+02
  4.02000E+00  1.00000E-07  0.00000E+00  0.00000E+00  1.50000E+02
  5.15000E+00  3.25000E-07  0.00000E+00  0.00000E+00  1.50000E+02
  6.08000E+00  9.04000E-07  0.00000E+00  0.00000E+00  1.50000E+02
  7.22000E+00  1.55800E-06  0.00000E+00  0.00000E+00  1.50000E+02
  8.25000E+00  2.69800E-06  0.00000E+00  0.00000E+00  1.50000E+02
  9.28000E+00  1.91500E-06  0.00000E+00  0.00000E+00  1.50000E+02
  1.02100E+01  1.54400E-06  0.00000E+00  0.00000E+00  1.50000E+02
  1.10300E+01  1.13600E-06  0.00000E+00  0.00000E+00  1.50000E+02
  1.20600E+01  9.33000E-07  0.00000E+00  0.00000E+00  1.50000E+02
  1.30900E+01  7.11000E-07  0.00000E+00  0.00000E+00  1.50000E+02
  1.41200E+01  4.89000E-07  0.00000E+00  0.00000E+00  1.50000E+02
  1.51700E+01  3.68000E-07  0.00000E+00  0.00000E+00  1.50000E+02
  1.62900E+01  2.51000E-07  0.00000E+00  0.00000E+00  1.50000E+02
  1.71100E+01  1.59000E-07  0.00000E+00  0.00000E+00  1.50000E+02
  1.80400E+01  1.05000E-07  0.00000E+00  0.00000E+00  1.50000E+02
  1.90700E+01  1.25000E-07  0.00000E+00  0.00000E+00  1.50000E+02
  2.20600E+01  9.30000E-08  0.00000E+00  0.00000E+00  1.50000E+02
  2.34000E+01  5.80000E-08  0.00000E+00  0.00000E+00  1.50000E+02
  2.43300E+01  7.80000E-08  0.00000E+00  0.00000E+00  1.50000E+02
  2.60000E+00  5.10000E-08  0.00000E+00  0.00000E+00  1.75000E+01
  3.84000E+00  1.22000E-07  0.00000E+00  0.00000E+00  1.75000E+01
  4.58000E+00  2.68000E-07  0.00000E+00  0.00000E+00  1.75000E+01
  5.72000E+00  3.95000E-07  0.00000E+00  0.00000E+00  1.75000E+01
  6.73000E+00  1.20200E-06  0.00000E+00  0.00000E+00  1.75000E+01
  7.88000E+00  1.40300E-06  0.00000E+00  0.00000E+00  1.75000E+01
  8.88000E+00  2.04400E-06  0.00000E+00  0.00000E+00  1.75000E+01
  1.00000E+01  1.96900E-06  0.00000E+00  0.00000E+00  1.75000E+01
  1.08900E+01  1.60000E-06  0.00000E+00  0.00000E+00  1.75000E+01
  1.19900E+01  1.24900E-06  0.00000E+00  0.00000E+00  1.75000E+01
  1.26900E+01  1.08200E-06  0.00000E+00  0.00000E+00  1.75000E+01
  1.34800E+01  7.50000E-07  0.00000E+00  0.00000E+00  1.75000E+01
  1.48100E+01  6.75000E-07  0.00000E+00  0.00000E+00  1.75000E+01
  1.57400E+01  6.91000E-07  0.00000E+00  0.00000E+00  1.75000E+01
  1.69600E+01  5.24000E-07  0.00000E+00  0.00000E+00  1.75000E+01
  1.78800E+01  4.86000E-07  0.00000E+00  0.00000E+00  1.75000E+01
  1.97200E+01  3.54000E-07  0.00000E+00  0.00000E+00  1.75000E+01
  2.06600E+01  4.26000E-07  0.00000E+00  0.00000E+00  1.75000E+01
  2.18800E+01  2.77000E-07  0.00000E+00  0.00000E+00  1.75000E+01
  2.28100E+01  3.31000E-07  0.00000E+00  0.00000E+00  1.75000E+01
  2.38300E+01  2.55000E-07  0.00000E+00  0.00000E+00  1.75000E+01
  2.48700E+01  3.27000E-07  0.00000E+00  0.00000E+00  1.75000E+01
  2.57900E+01  2.52000E-07  0.00000E+00  0.00000E+00  1.75000E+01
  2.68200E+01  2.32000E-07  0.00000E+00  0.00000E+00  1.75000E+01
  2.77400E+01  2.12000E-07  0.00000E+00  0.00000E+00  1.75000E+01
  2.89700E+01  1.74000E-07  0.00000E+00  0.00000E+00  1.75000E+01
  3.00100E+01  2.82000E-07  0.00000E+00  0.00000E+00  1.75000E+01
  3.08300E+01  2.26000E-07  0.00000E+00  0.00000E+00  1.75000E+01
  3.18600E+01  2.06000E-07  0.00000E+00  0.00000E+00  1.75000E+01
  3.27900E+01  2.78000E-07  1.00000E-07  0.00000E+00  1.75000E+01
  3.38100E+01  1.66000E-07  0.00000E+00  0.00000E+00  1.75000E+01
  3.46300E+01  1.46000E-07  0.00000E+00  0.00000E+00  1.75000E+01
  3.57700E+01  1.63000E-07  0.00000E+00  0.00000E+00  1.75000E+01
  3.67000E+01  2.53000E-07  0.00000E+00  0.00000E+00  1.75000E+01
  3.79300E+01  1.41000E-07  0.00000E+00  0.00000E+00  1.75000E+01
  3.88500E+01  1.21000E-07  0.00000E+00  0.00000E+00  1.75000E+01
  3.96800E+01  1.75000E-07  0.00000E+00  0.00000E+00  1.75000E+01
  4.07100E+01  1.18000E-07  0.00000E+00  0.00000E+00  1.75000E+01
  4.18400E+01  1.71000E-07  0.00000E+00  0.00000E+00  1.75000E+01
  4.27700E+01  1.33000E-07  0.00000E+00  0.00000E+00  1.75000E+01
  4.36900E+01  1.31000E-07  0.00000E+00  0.00000E+00  1.75000E+01
  4.48200E+01  9.30000E-08  0.00000E+00  0.00000E+00  1.75000E+01
  4.57500E+01  9.10000E-08  0.00000E+00  0.00000E+00  1.75000E+01
  4.68800E+01  8.90000E-08  0.00000E+00  0.00000E+00  1.75000E+01
  4.77000E+01  8.80000E-08  0.00000E+00  0.00000E+00  1.75000E+01
  4.88400E+01  1.23000E-07  0.00000E+00  0.00000E+00  1.75000E+01
  2.70000E+00  6.90000E-08  0.00000E+00  0.00000E+00  3.25000E+01
  3.64000E+00  1.23000E-07  0.00000E+00  0.00000E+00  3.25000E+01
  4.66000E+00  4.80000E-08  0.00000E+00  0.00000E+00  3.25000E+01
  5.61000E+00  2.67000E-07  0.00000E+00  0.00000E+00  3.25000E+01
  6.79000E+00  7.24000E-07  0.00000E+00  0.00000E+00  3.25000E+01
  7.73000E+00  9.25000E-07  0.00000E+00  0.00000E+00  3.25000E+01
  7.76000E+00  1.20100E-06  0.00000E+00  0.00000E+00  3.25000E+01
  8.92000E+00  1.43800E-06  0.00000E+00  0.00000E+00  3.25000E+01
  9.87000E+00  1.65700E-06  0.00000E+00  0.00000E+00  3.25000E+01
  1.07800E+01  1.56300E-06  0.00000E+00  0.00000E+00  3.25000E+01
  1.26000E+01  1.19300E-06  0.00000E+00  0.00000E+00  3.25000E+01
  1.38200E+01  1.08100E-06  0.00000E+00  0.00000E+00  3.25000E+01
  1.48200E+01  7.85000E-07  0.00000E+00  0.00000E+00  3.25000E+01
  1.57400E+01  6.55000E-07  0.00000E+00  0.00000E+00  3.25000E+01
  1.68500E+01  4.69000E-07  0.00000E+00  0.00000E+00  3.25000E+01
  1.79800E+01  4.12000E-07  0.00000E+00  0.00000E+00  3.25000E+01
  1.98200E+01  3.36000E-07  0.00000E+00  0.00000E+00  3.25000E+01
  2.06400E+01  2.61000E-07  0.00000E+00  0.00000E+00  3.25000E+01
  2.19800E+01  2.22000E-07  0.00000E+00  0.00000E+00  3.25000E+01
  2.30200E+01  3.67000E-07  0.00000E+00  0.00000E+00  3.25000E+01
  2.39400E+01  3.29000E-07  0.00000E+00  0.00000E+00  3.25000E+01
  2.47600E+01  2.72000E-07  0.00000E+00  0.00000E+00  3.25000E+01
  2.57800E+01  2.16000E-07  0.00000E+00  0.00000E+00  3.25000E+01
  2.69200E+01  2.32000E-07  0.00000E+00  0.00000E+00  3.25000E+01
  2.99000E+01  1.72000E-07  0.00000E+00  0.00000E+00  3.25000E+01
  3.08200E+01  1.34000E-07  0.00000E+00  0.00000E+00  3.25000E+01
  3.18500E+01  7.70000E-08  0.00000E+00  0.00000E+00  3.25000E+01
  3.27700E+01  9.40000E-08  0.00000E+00  0.00000E+00  3.25000E+01
  3.38100E+01  1.47000E-07  0.00000E+00  0.00000E+00  3.25000E+01
  3.49400E+01  1.09000E-07  0.00000E+00  0.00000E+00  3.25000E+01
  3.69000E+01  1.24000E-07  0.00000E+00  0.00000E+00  3.25000E+01
  3.81300E+01  1.40000E-07  0.00000E+00  0.00000E+00  3.25000E+01
  3.99900E+01  1.56000E-07  0.00000E+00  0.00000E+00  3.25000E+01
  4.09100E+01  1.17000E-07  0.00000E+00  0.00000E+00  3.25000E+01
  4.19400E+01  1.16000E-07  0.00000E+00  0.00000E+00  3.25000E+01
  4.29500E+01  9.20000E-08  0.00000E+00  0.00000E+00  3.25000E+01
  2.80000E+00  1.40000E-08  0.00000E+00  0.00000E+00  6.25001E+01
  4.05000E+00  1.41000E-07  0.00000E+00  0.00000E+00  6.25001E+01
  4.57000E+00  2.13000E-07  0.00000E+00  0.00000E+00  6.25001E+01
  5.83000E+00  4.50000E-07  0.00000E+00  0.00000E+00  6.25001E+01
  6.71000E+00  1.00000E-06  0.00000E+00  0.00000E+00  6.25001E+01
  7.47000E+00  1.42200E-06  0.00000E+00  0.00000E+00  6.25001E+01
  8.94000E+00  1.67700E-06  0.00000E+00  0.00000E+00  6.25001E+01
  9.88000E+00  1.82200E-06  0.00000E+00  0.00000E+00  6.25001E+01
  1.07300E+01  2.02300E-06  2.50000E-07  0.00000E+00  6.25001E+01
  1.15800E+01  1.26800E-06  0.00000E+00  0.00000E+00  6.25001E+01
  1.25700E+01  8.80000E-07  0.00000E+00  0.00000E+00  6.25001E+01
  1.38000E+01  8.05000E-07  0.00000E+00  0.00000E+00  6.25001E+01
  1.47900E+01  4.91000E-07  0.00000E+00  0.00000E+00  6.25001E+01
  1.57100E+01  3.79000E-07  0.00000E+00  0.00000E+00  6.25001E+01
  1.71400E+01  3.03000E-07  0.00000E+00  0.00000E+00  6.25001E+01
  1.78700E+01  3.39000E-07  0.00000E+00  0.00000E+00  6.25001E+01
  2.08400E+01  1.50000E-07  0.00000E+00  0.00000E+00  6.25001E+01
  2.17600E+01  1.30000E-07  0.00000E+00  0.00000E+00  6.25001E+01
  2.26900E+01  1.65000E-07  0.00000E+00  0.00000E+00  6.25001E+01
  2.35000E+01  5.40000E-08  0.00000E+00  0.00000E+00  6.25001E+01
  2.48400E+01  5.20000E-08  0.00000E+00  0.00000E+00  6.25001E+01
  2.58800E+01  1.60000E-07  0.00000E+00  0.00000E+00  6.25001E+01
  2.68100E+01  1.77000E-07  0.00000E+00  0.00000E+00  6.25001E+01
  2.78300E+01  8.40000E-08  0.00000E+00  0.00000E+00  6.25001E+01
  2.87600E+01  1.19000E-07  0.00000E+00  0.00000E+00  6.25001E+01
  2.98000E+01  1.72000E-07  0.00000E+00  0.00000E+00  6.25001E+01
  3.24600E+01  7.60000E-08  0.00000E+00  0.00000E+00  6.25001E+01
  3.39100E+01  1.10000E-07  0.00000E+00  0.00000E+00  6.25001E+01
  3.50400E+01  1.09000E-07  0.00000E+00  0.00000E+00  6.25001E+01
  3.60700E+01  1.07000E-07  0.00000E+00  0.00000E+00  6.25001E+01
  3.68900E+01  8.70000E-08  0.00000E+00  0.00000E+00  6.25001E+01
  3.79200E+01  8.60000E-08  0.00000E+00  0.00000E+00  6.25001E+01
  3.88500E+01  8.40000E-08  0.00000E+00  0.00000E+00  6.25001E+01
  3.98800E+01  1.01000E-07  0.00000E+00  0.00000E+00  6.25001E+01
  4.07000E+01  9.90000E-08  0.00000E+00  0.00000E+00  6.25001E+01
  4.19400E+01  9.70000E-08  0.00000E+00  0.00000E+00  6.25001E+01
  4.66000E+00  1.03000E-07  0.00000E+00  0.00000E+00  9.00000E+01
  5.81000E+00  2.66000E-07  0.00000E+00  0.00000E+00  9.00000E+01
  6.60000E+00  9.45000E-07  0.00000E+00  0.00000E+00  9.00000E+01
  7.79000E+00  1.45800E-06  0.00000E+00  0.00000E+00  9.00000E+01
  8.92000E+00  1.47500E-06  0.00000E+00  0.00000E+00  9.00000E+01
  9.98000E+00  1.71200E-06  0.00000E+00  0.00000E+00  9.00000E+01
  1.09000E+01  1.65500E-06  0.00000E+00  0.00000E+00  9.00000E+01
  1.17800E+01  1.19400E-06  0.00000E+00  0.00000E+00  9.00000E+01
  1.27700E+01  7.88000E-07  0.00000E+00  0.00000E+00  9.00000E+01
  1.36600E+01  5.11000E-07  0.00000E+00  0.00000E+00  9.00000E+01
  1.48000E+01  5.64000E-07  0.00000E+00  0.00000E+00  9.00000E+01
  1.59200E+01  4.15000E-07  0.00000E+00  0.00000E+00  9.00000E+01
  1.70400E+01  3.22000E-07  0.00000E+00  0.00000E+00  9.00000E+01
  1.79600E+01  3.21000E-07  0.00000E+00  0.00000E+00  9.00000E+01
  1.95000E+01  1.34000E-07  0.00000E+00  0.00000E+00  9.00000E+01
  2.07300E+01  1.50000E-07  0.00000E+00  0.00000E+00  9.00000E+01
  2.19700E+01  1.48000E-07  0.00000E+00  0.00000E+00  9.00000E+01
  2.30000E+01  1.28000E-07  0.00000E+00  0.00000E+00  9.00000E+01
  2.39200E+01  1.27000E-07  0.00000E+00  0.00000E+00  9.00000E+01
  2.50500E+01  8.80000E-08  0.00000E+00  0.00000E+00  9.00000E+01
  2.70100E+01  1.03000E-07  0.00000E+00  0.00000E+00  9.00000E+01
  2.78300E+01  6.50000E-08  0.00000E+00  0.00000E+00  9.00000E+01
  3.11300E+01  7.80000E-08  0.00000E+00  0.00000E+00  9.00000E+01
  3.53000E+00  6.80000E-08  0.00000E+00  0.00000E+00  1.20000E+02
  4.46000E+00  8.50000E-08  0.00000E+00  0.00000E+00  1.20000E+02
  5.30000E+00  2.86000E-07  0.00000E+00  0.00000E+00  1.20000E+02
  6.58000E+00  7.25000E-07  0.00000E+00  0.00000E+00  1.20000E+02
  7.66000E+00  1.18200E-06  0.00000E+00  0.00000E+00  1.20000E+02
  8.71000E+00  1.45700E-06  2.00000E-07  0.00000E+00  1.20000E+02
  9.94000E+00  1.34400E-06  0.00000E+00  0.00000E+00  1.20000E+02
  1.07500E+01  1.23300E-06  0.00000E+00  0.00000E+00  1.20000E+02
  1.17500E+01  9.74000E-07  0.00000E+00  0.00000E+00  1.20000E+02
  1.26800E+01  9.17000E-07  0.00000E+00  0.00000E+00  1.20000E+02
  1.37700E+01  5.48000E-07  0.00000E+00  0.00000E+00  1.20000E+02
  1.47900E+01  4.17000E-07  0.00000E+00  0.00000E+00  1.20000E+02
  1.58100E+01  3.24000E-07  0.00000E+00  0.00000E+00  1.20000E+02
  1.77500E+01  2.10000E-07  0.00000E+00  0.00000E+00  1.20000E+02
  1.85700E+01  1.72000E-07  0.00000E+00  0.00000E+00  1.20000E+02
  1.98000E+01  1.15000E-07  0.00000E+00  0.00000E+00  1.20000E+02
  2.09300E+01  1.13000E-07  0.00000E+00  0.00000E+00  1.20000E+02
  2.20700E+01  9.30000E-08  0.00000E+00  0.00000E+00  1.20000E+02
  2.28900E+01  7.30000E-08  0.00000E+00  0.00000E+00  1.20000E+02
  2.40200E+01  7.10000E-08  0.00000E+00  0.00000E+00  1.20000E+02
  2.57700E+01  1.05000E-07  0.00000E+00  0.00000E+00  1.20000E+02
  2.67200E+01  7.80000E-08  0.00000E+00  0.00000E+00  1.20000E+02
  2.76900E+01  7.60000E-08  0.00000E+00  0.00000E+00  1.20000E+02
  2.88600E+01  1.00000E-07  0.00000E+00  0.00000E+00  1.20000E+02
  2.99900E+01  9.80000E-08  0.00000E+00  0.00000E+00  1.20000E+02
  3.17400E+01  9.60000E-08  0.00000E+00  0.00000E+00  1.20000E+02
  3.84000E+00  4.90000E-08  0.00000E+00  0.00000E+00  1.50000E+02
  4.68000E+00  2.13000E-07  0.00000E+00  0.00000E+00  1.50000E+02
  5.42000E+00  4.69000E-07  0.00000E+00  0.00000E+00  1.50000E+02
  6.80000E+00  8.90000E-07  0.00000E+00  0.00000E+00  1.50000E+02
  7.68000E+00  1.36600E-06  0.00000E+00  0.00000E+00  1.50000E+02
  8.67000E+00  2.02600E-06  0.00000E+00  0.00000E+00  1.50000E+02
  9.97000E+00  1.67500E-06  0.00000E+00  0.00000E+00  1.50000E+02
  1.09800E+01  1.45300E-06  0.00000E+00  0.00000E+00  1.50000E+02
  1.16700E+01  1.15800E-06  0.00000E+00  0.00000E+00  1.50000E+02
  1.28800E+01  8.98000E-07  0.00000E+00  0.00000E+00  1.50000E+02
  1.38800E+01  6.21000E-07  0.00000E+00  0.00000E+00  1.50000E+02
  1.48900E+01  3.80000E-07  0.00000E+00  0.00000E+00  1.50000E+02
  1.58100E+01  3.05000E-07  0.00000E+00  0.00000E+00  1.50000E+02
  1.69300E+01  2.48000E-07  0.00000E+00  0.00000E+00  1.50000E+02
  1.77500E+01  1.55000E-07  0.00000E+00  0.00000E+00  1.50000E+02
  1.86700E+01  1.35000E-07  0.00000E+00  0.00000E+00  1.50000E+02
  1.96900E+01  6.00000E-08  0.00000E+00  0.00000E+00  1.50000E+02
  2.06300E+01  1.14000E-07  0.00000E+00  0.00000E+00  1.50000E+02
  2.19600E+01  7.50000E-08  0.00000E+00  0.00000E+00  1.50000E+02
  2.32000E+01  9.10000E-08  0.00000E+00  0.00000E+00  1.50000E+02
  2.42300E+01  7.10000E-08  0.00000E+00  0.00000E+00  1.50000E+02
  2.52500E+01  5.10000E-08  0.00000E+00  0.00000E+00  1.50000E+02
  2.70100E+01  1.03000E-07  0.00000E+00  0.00000E+00  1.50000E+02
# Full reference:
#J.Muto,  H.Iton,  K.Okano,  N.Shiomi,  K.Fukuda,  Y.Omori, M.Kinara
#
#Jour. Nuclear Physics Vol.47, p.19, 1963
#Alpha-Particles from Several Elements Bombarded with 30,43 and 56 MeV Protons.
