# Target Z    :  73
# Target A    : 181
# Target state:  
# Projectile  : p
# Reaction    : (p,xn)
# E-inc       :  392.000 MeV
# Quantity    : Double-differential cross section
# Frame       : L
# MF          :    6
# MT          :  201
# X4 ID       : E2075129 
# X4 code     : 73-TA-181(P,X)0-NN-1,,DA/DE
# Author      : Otsu                     
# Year        : 1995
# Data points :    835
# E-out(MeV) xs(mb/MeV.sr) dxs(mb/MeV.sr) dE(MeV)      Evaluation  C/E(F)      Chi-2     Delta(mb)
  0.00000E+00  0.00000E+00  0.00000E+00  0.00000E+00  2.80001E+01
  0.00000E+00  4.20200E-09  3.93500E-09  0.00000E+00  2.80001E+01
  0.00000E+00 -2.60400E-09  3.17500E-09  0.00000E+00  2.80001E+01
  0.00000E+00 -2.34500E-09  3.06400E-09  0.00000E+00  2.80001E+01
  0.00000E+00 -9.51700E-09  2.42000E-09  0.00000E+00  2.80001E+01
  0.00000E+00  6.26300E-09  4.24500E-09  0.00000E+00  2.80001E+01
  0.00000E+00 -5.56700E-09  2.65300E-09  0.00000E+00  2.80001E+01
  0.00000E+00 -6.15600E-09  2.65300E-09  0.00000E+00  2.80001E+01
  0.00000E+00 -4.52500E-09  3.30100E-09  0.00000E+00  2.80001E+01
  0.00000E+00 -9.26700E-10  3.59900E-09  0.00000E+00  2.80001E+01
  0.00000E+00  9.86300E-11  3.74800E-09  0.00000E+00  2.80001E+01
  0.00000E+00  1.34800E-09  3.65200E-09  0.00000E+00  2.80001E+01
  0.00000E+00 -1.48600E-10  3.58400E-09  0.00000E+00  2.80001E+01
  0.00000E+00 -1.56400E-11  3.65900E-09  0.00000E+00  2.80001E+01
  0.00000E+00 -8.74200E-09  2.26200E-09  0.00000E+00  2.80001E+01
  0.00000E+00  5.98600E-09  4.36400E-09  0.00000E+00  2.80001E+01
  0.00000E+00 -6.49500E-10  3.80300E-09  0.00000E+00  2.80001E+01
  0.00000E+00 -7.10400E-10  3.62800E-09  0.00000E+00  2.80001E+01
  0.00000E+00 -6.97900E-09  3.09100E-09  0.00000E+00  2.80001E+01
  0.00000E+00 -9.52700E-09  2.14200E-09  0.00000E+00  2.80001E+01
  0.00000E+00 -9.64500E-09  2.34400E-09  0.00000E+00  2.80001E+01
  0.00000E+00 -5.06100E-09  3.07200E-09  0.00000E+00  2.80001E+01
  0.00000E+00  5.31700E-09  4.29100E-09  0.00000E+00  2.80001E+01
  0.00000E+00 -2.53800E-09  3.44700E-09  0.00000E+00  2.80001E+01
  0.00000E+00 -6.71200E-09  3.05000E-09  0.00000E+00  2.80001E+01
  0.00000E+00 -1.16900E-09  3.48400E-09  0.00000E+00  2.80001E+01
  0.00000E+00 -5.02900E-09  3.44800E-09  0.00000E+00  2.80001E+01
  0.00000E+00  7.39600E-09  4.33100E-09  0.00000E+00  2.80001E+01
  0.00000E+00 -7.65400E-09  2.45100E-09  0.00000E+00  2.80001E+01
  0.00000E+00  1.50400E-09  3.95200E-09  0.00000E+00  2.80001E+01
  0.00000E+00 -4.03000E-09  3.49800E-09  0.00000E+00  2.80001E+01
  0.00000E+00 -2.06000E-09  3.41300E-09  0.00000E+00  2.80001E+01
  0.00000E+00  7.95500E-09  4.45700E-09  0.00000E+00  2.80001E+01
  0.00000E+00  6.96900E-09  4.38400E-09  0.00000E+00  2.80001E+01
  0.00000E+00 -1.15800E-08  2.20000E-09  0.00000E+00  2.80001E+01
  0.00000E+00 -5.30400E-09  3.30200E-09  0.00000E+00  2.80001E+01
  0.00000E+00 -8.52900E-09  2.52200E-09  0.00000E+00  2.80001E+01
  0.00000E+00  9.11000E-09  4.55800E-09  0.00000E+00  2.80001E+01
  0.00000E+00  7.21300E-09  4.44000E-09  0.00000E+00  2.80001E+01
  0.00000E+00 -7.48700E-10  3.61300E-09  0.00000E+00  2.80001E+01
  0.00000E+00  1.62800E-09  3.97200E-09  0.00000E+00  2.80001E+01
  0.00000E+00 -4.31300E-09  3.50600E-09  0.00000E+00  2.80001E+01
  0.00000E+00  1.23900E-09  3.79800E-09  0.00000E+00  2.80001E+01
  0.00000E+00 -3.35400E-09  3.31300E-09  0.00000E+00  2.80001E+01
  0.00000E+00  2.05800E-09  4.10900E-09  0.00000E+00  2.80001E+01
  0.00000E+00 -1.33900E-09  3.63800E-09  0.00000E+00  2.80001E+01
  0.00000E+00 -6.76000E-09  2.99800E-09  0.00000E+00  2.80001E+01
  0.00000E+00  4.60800E-09  4.17000E-09  0.00000E+00  2.80001E+01
  0.00000E+00  2.64900E-09  4.17400E-09  0.00000E+00  2.80001E+01
  0.00000E+00 -2.30100E-09  3.68600E-09  0.00000E+00  2.80001E+01
  0.00000E+00  5.20900E-09  4.28300E-09  0.00000E+00  2.80001E+01
  0.00000E+00 -2.10700E-09  3.66800E-09  0.00000E+00  2.80001E+01
  0.00000E+00  5.69900E-09  4.35900E-09  0.00000E+00  2.80001E+01
  0.00000E+00 -6.10200E-10  3.61700E-09  0.00000E+00  2.80001E+01
  0.00000E+00  3.82800E-09  4.23400E-09  0.00000E+00  2.80001E+01
  0.00000E+00  6.26800E-09  4.33500E-09  0.00000E+00  2.80001E+01
  0.00000E+00 -7.38200E-09  2.66900E-09  0.00000E+00  2.80001E+01
  0.00000E+00  3.72500E-09  4.30200E-09  0.00000E+00  2.80001E+01
  0.00000E+00  1.10600E-08  4.84700E-09  0.00000E+00  2.80001E+01
  0.00000E+00  1.30300E-08  4.97500E-09  0.00000E+00  2.80001E+01
  0.00000E+00  1.59100E-08  5.11100E-09  0.00000E+00  2.80001E+01
  0.00000E+00  1.38100E-08  5.04500E-09  0.00000E+00  2.80001E+01
  0.00000E+00  2.01700E-08  5.49000E-09  0.00000E+00  2.80001E+01
  0.00000E+00  3.20200E-08  6.20200E-09  0.00000E+00  2.80001E+01
  0.00000E+00  2.67000E-08  5.89100E-09  0.00000E+00  2.80001E+01
  0.00000E+00  2.92300E-08  6.00800E-09  0.00000E+00  2.80001E+01
  0.00000E+00  4.84700E-08  7.08900E-09  0.00000E+00  2.80001E+01
  0.00000E+00  3.60700E-08  6.46400E-09  0.00000E+00  2.80001E+01
  0.00000E+00  3.13400E-08  6.13800E-09  0.00000E+00  2.80001E+01
  0.00000E+00  4.21500E-08  6.73200E-09  0.00000E+00  2.80001E+01
  0.00000E+00  3.37300E-08  6.32700E-09  0.00000E+00  2.80001E+01
  0.00000E+00  5.14500E-08  7.21700E-09  0.00000E+00  2.80001E+01
  0.00000E+00  4.41300E-08  6.90700E-09  0.00000E+00  2.80001E+01
  0.00000E+00  3.20300E-08  6.33100E-09  0.00000E+00  2.80001E+01
  0.00000E+00  4.78600E-08  7.08400E-09  0.00000E+00  2.80001E+01
  0.00000E+00  5.61500E-08  7.51200E-09  0.00000E+00  2.80001E+01
  0.00000E+00  6.07700E-08  7.70900E-09  0.00000E+00  2.80001E+01
  0.00000E+00  6.44200E-08  7.90900E-09  0.00000E+00  2.80001E+01
  0.00000E+00  5.14100E-08  7.25000E-09  0.00000E+00  2.80001E+01
  0.00000E+00  7.68600E-08  8.42400E-09  0.00000E+00  2.80001E+01
  0.00000E+00  6.11100E-08  7.74100E-09  0.00000E+00  2.80001E+01
  0.00000E+00  7.13400E-08  8.21900E-09  0.00000E+00  2.80001E+01
  0.00000E+00  7.97200E-08  8.54600E-09  0.00000E+00  2.80001E+01
  0.00000E+00  9.73500E-08  9.29400E-09  0.00000E+00  2.80001E+01
  0.00000E+00  7.94400E-08  8.56500E-09  0.00000E+00  2.80001E+01
  0.00000E+00  7.29500E-08  8.30600E-09  0.00000E+00  2.80001E+01
  0.00000E+00  8.16400E-08  8.65800E-09  0.00000E+00  2.80001E+01
  0.00000E+00  7.58400E-08  8.40400E-09  0.00000E+00  2.80001E+01
  0.00000E+00  9.33300E-08  9.16000E-09  0.00000E+00  2.80001E+01
  0.00000E+00  8.14800E-08  8.60000E-09  0.00000E+00  2.80001E+01
  0.00000E+00  9.28500E-08  9.07700E-09  0.00000E+00  2.80001E+01
  0.00000E+00  9.48800E-08  9.19100E-09  0.00000E+00  2.80001E+01
  0.00000E+00  9.96800E-08  9.39000E-09  0.00000E+00  2.80001E+01
  0.00000E+00  1.29500E-07  1.05000E-08  0.00000E+00  2.80001E+01
  0.00000E+00  1.28400E-07  1.04000E-08  0.00000E+00  2.80001E+01
  0.00000E+00  1.14100E-07  9.92000E-09  0.00000E+00  2.80001E+01
  0.00000E+00  9.70800E-08  9.24600E-09  0.00000E+00  2.80001E+01
  0.00000E+00  1.16600E-07  1.00100E-08  0.00000E+00  2.80001E+01
  0.00000E+00  1.28900E-07  1.04500E-08  0.00000E+00  2.80001E+01
  0.00000E+00  1.32700E-07  1.05800E-08  0.00000E+00  2.80001E+01
  0.00000E+00  1.60100E-07  1.14800E-08  0.00000E+00  2.80001E+01
  0.00000E+00  1.56600E-07  1.13700E-08  0.00000E+00  2.80001E+01
  0.00000E+00  1.16200E-07  1.00500E-08  0.00000E+00  2.80001E+01
  0.00000E+00  1.19400E-07  1.01100E-08  0.00000E+00  2.80001E+01
  0.00000E+00  1.32200E-07  1.05600E-08  0.00000E+00  2.80001E+01
  0.00000E+00  1.45900E-07  1.10300E-08  0.00000E+00  2.80001E+01
  0.00000E+00  1.42700E-07  1.09400E-08  0.00000E+00  2.80001E+01
  0.00000E+00  1.64100E-07  1.16100E-08  0.00000E+00  2.80001E+01
  0.00000E+00  1.53600E-07  1.12900E-08  0.00000E+00  2.80001E+01
  0.00000E+00  1.60600E-07  1.14900E-08  0.00000E+00  2.80001E+01
  0.00000E+00  1.60000E-07  1.14900E-08  0.00000E+00  2.80001E+01
  0.00000E+00  1.84300E-07  1.22500E-08  0.00000E+00  2.80001E+01
  0.00000E+00  1.80000E-07  1.21000E-08  0.00000E+00  2.80001E+01
  0.00000E+00  1.81400E-07  1.21600E-08  0.00000E+00  2.80001E+01
  0.00000E+00  1.83700E-07  1.22200E-08  0.00000E+00  2.80001E+01
  0.00000E+00  1.70900E-07  1.18200E-08  0.00000E+00  2.80001E+01
  0.00000E+00  1.88400E-07  1.23500E-08  0.00000E+00  2.80001E+01
  0.00000E+00  1.98000E-07  1.26400E-08  0.00000E+00  2.80001E+01
  0.00000E+00  2.04600E-07  1.28100E-08  0.00000E+00  2.80001E+01
  0.00000E+00  1.92500E-07  1.24800E-08  0.00000E+00  2.80001E+01
  0.00000E+00  2.04100E-07  1.28000E-08  0.00000E+00  2.80001E+01
  0.00000E+00  1.99900E-07  1.27000E-08  0.00000E+00  2.80001E+01
  0.00000E+00  2.25600E-07  1.33900E-08  0.00000E+00  2.80001E+01
  0.00000E+00  1.93900E-07  1.25300E-08  0.00000E+00  2.80001E+01
  0.00000E+00  2.20700E-07  1.32700E-08  0.00000E+00  2.80001E+01
  0.00000E+00  2.55100E-07  1.41700E-08  0.00000E+00  2.80001E+01
  0.00000E+00  2.41000E-07  1.38100E-08  0.00000E+00  2.80001E+01
  0.00000E+00  2.21500E-07  1.32900E-08  0.00000E+00  2.80001E+01
  0.00000E+00  2.27400E-07  1.34400E-08  0.00000E+00  2.80001E+01
  0.00000E+00  2.49400E-07  1.40300E-08  0.00000E+00  2.80001E+01
  0.00000E+00  2.46900E-07  1.39600E-08  0.00000E+00  2.80001E+01
  0.00000E+00  2.52800E-07  1.41300E-08  0.00000E+00  2.80001E+01
  0.00000E+00  2.42900E-07  1.38800E-08  0.00000E+00  2.80001E+01
  0.00000E+00  2.50700E-07  1.40800E-08  0.00000E+00  2.80001E+01
  0.00000E+00  2.78800E-07  1.47700E-08  0.00000E+00  2.80001E+01
  0.00000E+00  2.70000E-07  1.45600E-08  0.00000E+00  2.80001E+01
  0.00000E+00  2.81200E-07  1.48400E-08  0.00000E+00  2.80001E+01
  0.00000E+00  3.03400E-07  1.53700E-08  0.00000E+00  2.80001E+01
  0.00000E+00  3.00700E-07  1.53100E-08  0.00000E+00  2.80001E+01
  0.00000E+00  2.91100E-07  1.50900E-08  0.00000E+00  2.80001E+01
  0.00000E+00  2.90400E-07  1.50500E-08  0.00000E+00  2.80001E+01
  0.00000E+00  3.05300E-07  1.54200E-08  0.00000E+00  2.80001E+01
  0.00000E+00  2.99500E-07  1.52800E-08  0.00000E+00  2.80001E+01
  0.00000E+00  3.00700E-07  1.53100E-08  0.00000E+00  2.80001E+01
  0.00000E+00  3.10200E-07  1.55300E-08  0.00000E+00  2.80001E+01
  0.00000E+00  3.25900E-07  1.58900E-08  0.00000E+00  2.80001E+01
  0.00000E+00  3.01300E-07  1.53400E-08  0.00000E+00  2.80001E+01
  0.00000E+00  3.09800E-07  1.55300E-08  0.00000E+00  2.80001E+01
  0.00000E+00  3.18000E-07  1.57300E-08  0.00000E+00  2.80001E+01
  0.00000E+00  3.71700E-07  1.69000E-08  0.00000E+00  2.80001E+01
  0.00000E+00  3.37300E-07  1.61600E-08  0.00000E+00  2.80001E+01
  0.00000E+00  3.41200E-07  1.62200E-08  0.00000E+00  2.80001E+01
  0.00000E+00  3.51800E-07  1.64800E-08  0.00000E+00  2.80001E+01
  0.00000E+00  3.35700E-07  1.61000E-08  0.00000E+00  2.80001E+01
  0.00000E+00  3.42700E-07  1.62800E-08  0.00000E+00  2.80001E+01
  0.00000E+00  3.68700E-07  1.68500E-08  0.00000E+00  2.80001E+01
  0.00000E+00  3.72400E-07  1.69200E-08  0.00000E+00  2.80001E+01
  0.00000E+00  3.44800E-07  1.63400E-08  0.00000E+00  2.80001E+01
  0.00000E+00  4.04500E-07  1.75900E-08  0.00000E+00  2.80001E+01
  0.00000E+00  3.73000E-07  1.69500E-08  0.00000E+00  2.80001E+01
  0.00000E+00  4.13300E-07  1.77700E-08  0.00000E+00  2.80001E+01
  0.00000E+00  4.19300E-07  1.78900E-08  0.00000E+00  2.80001E+01
  0.00000E+00  3.90500E-07  1.73100E-08  0.00000E+00  2.80001E+01
  0.00000E+00  3.94200E-07  1.73900E-08  0.00000E+00  2.80001E+01
  0.00000E+00  4.18900E-07  1.78700E-08  0.00000E+00  2.80001E+01
  0.00000E+00  4.31000E-07  1.81400E-08  0.00000E+00  2.80001E+01
  0.00000E+00  4.02300E-07  1.75600E-08  0.00000E+00  2.80001E+01
  0.00000E+00  4.26400E-07  1.80500E-08  0.00000E+00  2.80001E+01
  0.00000E+00  4.43200E-07  1.83700E-08  0.00000E+00  2.80001E+01
  0.00000E+00  4.41000E-07  1.83300E-08  0.00000E+00  2.80001E+01
  0.00000E+00  4.68500E-07  1.88500E-08  0.00000E+00  2.80001E+01
  0.00000E+00  4.46100E-07  1.84300E-08  0.00000E+00  2.80001E+01
  0.00000E+00  4.41000E-07  1.83400E-08  0.00000E+00  2.80001E+01
  0.00000E+00  4.29100E-07  1.80900E-08  0.00000E+00  2.80001E+01
  0.00000E+00  4.44000E-07  1.83900E-08  0.00000E+00  2.80001E+01
  0.00000E+00  4.96200E-07  1.93900E-08  0.00000E+00  2.80001E+01
  0.00000E+00  4.43200E-07  1.83800E-08  0.00000E+00  2.80001E+01
  0.00000E+00  4.71500E-07  1.89200E-08  0.00000E+00  2.80001E+01
  0.00000E+00  4.82200E-07  1.91400E-08  0.00000E+00  2.80001E+01
  0.00000E+00  4.64200E-07  1.88000E-08  0.00000E+00  2.80001E+01
  0.00000E+00  4.64200E-07  1.88000E-08  0.00000E+00  2.80001E+01
  0.00000E+00  5.12100E-07  1.97000E-08  0.00000E+00  2.80001E+01
  0.00000E+00  4.80600E-07  1.91100E-08  0.00000E+00  2.80001E+01
  0.00000E+00  5.16200E-07  1.97600E-08  0.00000E+00  2.80001E+01
  0.00000E+00  5.14800E-07  1.97400E-08  0.00000E+00  2.80001E+01
  0.00000E+00  5.13800E-07  1.97300E-08  0.00000E+00  2.80001E+01
  0.00000E+00  5.13100E-07  1.97100E-08  0.00000E+00  2.80001E+01
  0.00000E+00  5.62000E-07  2.05800E-08  0.00000E+00  2.80001E+01
  0.00000E+00  4.91000E-07  1.93200E-08  0.00000E+00  2.80001E+01
  0.00000E+00  5.65100E-07  2.06400E-08  0.00000E+00  2.80001E+01
  0.00000E+00  5.59700E-07  2.05500E-08  0.00000E+00  2.80001E+01
  0.00000E+00  5.35300E-07  2.01200E-08  0.00000E+00  2.80001E+01
  0.00000E+00  5.22900E-07  1.99100E-08  0.00000E+00  2.80001E+01
  0.00000E+00  5.48700E-07  2.03700E-08  0.00000E+00  2.80001E+01
  0.00000E+00  5.51700E-07  2.04200E-08  0.00000E+00  2.80001E+01
  0.00000E+00  5.72400E-07  2.07700E-08  0.00000E+00  2.80001E+01
  0.00000E+00  5.49800E-07  2.03800E-08  0.00000E+00  2.80001E+01
  0.00000E+00  5.75100E-07  2.08300E-08  0.00000E+00  2.80001E+01
  0.00000E+00  6.00100E-07  2.12500E-08  0.00000E+00  2.80001E+01
  0.00000E+00  5.44300E-07  2.02800E-08  0.00000E+00  2.80001E+01
  0.00000E+00  5.74000E-07  2.08000E-08  0.00000E+00  2.80001E+01
  0.00000E+00  5.82200E-07  2.09500E-08  0.00000E+00  2.80001E+01
  0.00000E+00  5.95400E-07  2.11800E-08  0.00000E+00  2.80001E+01
  0.00000E+00  5.80500E-07  2.09300E-08  0.00000E+00  2.80001E+01
  0.00000E+00  6.09000E-07  2.14100E-08  0.00000E+00  2.80001E+01
  0.00000E+00  6.17800E-07  2.15500E-08  0.00000E+00  2.80001E+01
  0.00000E+00  6.46500E-07  2.20300E-08  0.00000E+00  2.80001E+01
  0.00000E+00  6.17300E-07  2.15500E-08  0.00000E+00  2.80001E+01
  0.00000E+00  6.44000E-07  2.19900E-08  0.00000E+00  2.80001E+01
  0.00000E+00  6.41100E-07  2.19500E-08  0.00000E+00  2.80001E+01
  0.00000E+00  6.51000E-07  2.21100E-08  0.00000E+00  2.80001E+01
  0.00000E+00  6.29200E-07  2.17500E-08  0.00000E+00  2.80001E+01
  0.00000E+00  6.39500E-07  2.19200E-08  0.00000E+00  2.80001E+01
  0.00000E+00  6.59300E-07  2.22500E-08  0.00000E+00  2.80001E+01
  0.00000E+00  6.56500E-07  2.22100E-08  0.00000E+00  2.80001E+01
  0.00000E+00  6.43700E-07  2.19900E-08  0.00000E+00  2.80001E+01
  0.00000E+00  6.21400E-07  2.16400E-08  0.00000E+00  2.80001E+01
  0.00000E+00  7.02600E-07  2.29300E-08  0.00000E+00  2.80001E+01
  0.00000E+00  6.67500E-07  2.23800E-08  0.00000E+00  2.80001E+01
  0.00000E+00  6.63800E-07  2.23200E-08  0.00000E+00  2.80001E+01
  0.00000E+00  6.92200E-07  2.27900E-08  0.00000E+00  2.80001E+01
  0.00000E+00  6.97600E-07  2.28700E-08  0.00000E+00  2.80001E+01
  0.00000E+00  7.01600E-07  2.29300E-08  0.00000E+00  2.80001E+01
  0.00000E+00  7.11500E-07  2.30900E-08  0.00000E+00  2.80001E+01
  0.00000E+00  7.11500E-07  2.30900E-08  0.00000E+00  2.80001E+01
  0.00000E+00  6.99300E-07  2.28800E-08  0.00000E+00  2.80001E+01
  0.00000E+00  6.59500E-07  2.22600E-08  0.00000E+00  2.80001E+01
  0.00000E+00  7.17200E-07  2.31700E-08  0.00000E+00  2.80001E+01
  0.00000E+00  6.81200E-07  2.26200E-08  0.00000E+00  2.80001E+01
  0.00000E+00  7.31200E-07  2.33900E-08  0.00000E+00  2.80001E+01
  0.00000E+00  7.21900E-07  2.32600E-08  0.00000E+00  2.80001E+01
  0.00000E+00  6.98500E-07  2.29000E-08  0.00000E+00  2.80001E+01
  0.00000E+00  7.28000E-07  2.33500E-08  0.00000E+00  2.80001E+01
  0.00000E+00  7.78800E-07  2.41200E-08  0.00000E+00  2.80001E+01
  0.00000E+00  8.02600E-07  2.44700E-08  0.00000E+00  2.80001E+01
  0.00000E+00  7.55800E-07  2.37800E-08  0.00000E+00  2.80001E+01
  0.00000E+00  6.95000E-07  2.28500E-08  0.00000E+00  2.80001E+01
  0.00000E+00  7.69000E-07  2.39900E-08  0.00000E+00  2.80001E+01
  0.00000E+00  7.42400E-07  2.35900E-08  0.00000E+00  2.80001E+01
  0.00000E+00  7.50500E-07  2.37100E-08  0.00000E+00  2.80001E+01
  0.00000E+00  7.76400E-07  2.41000E-08  0.00000E+00  2.80001E+01
  0.00000E+00  7.69600E-07  2.39900E-08  0.00000E+00  2.80001E+01
  0.00000E+00  8.14900E-07  2.46600E-08  0.00000E+00  2.80001E+01
  0.00000E+00  7.58200E-07  2.38200E-08  0.00000E+00  2.80001E+01
  0.00000E+00  7.93300E-07  2.43400E-08  0.00000E+00  2.80001E+01
  0.00000E+00  7.75000E-07  2.40800E-08  0.00000E+00  2.80001E+01
  0.00000E+00  8.20100E-07  2.47500E-08  0.00000E+00  2.80001E+01
  0.00000E+00  8.18900E-07  2.47200E-08  0.00000E+00  2.80001E+01
  0.00000E+00  7.93500E-07  2.43600E-08  0.00000E+00  2.80001E+01
  0.00000E+00  7.71100E-07  2.40300E-08  0.00000E+00  2.80001E+01
  0.00000E+00  8.14000E-07  2.46600E-08  0.00000E+00  2.80001E+01
  0.00000E+00  7.64200E-07  2.39300E-08  0.00000E+00  2.80001E+01
  0.00000E+00  8.03600E-07  2.45200E-08  0.00000E+00  2.80001E+01
  0.00000E+00  7.93700E-07  2.43700E-08  0.00000E+00  2.80001E+01
  0.00000E+00  7.82300E-07  2.42000E-08  0.00000E+00  2.80001E+01
  0.00000E+00  8.10500E-07  2.46100E-08  0.00000E+00  2.80001E+01
  0.00000E+00  8.66600E-07  2.54300E-08  0.00000E+00  2.80001E+01
  0.00000E+00  8.14200E-07  2.46700E-08  0.00000E+00  2.80001E+01
  0.00000E+00  7.93000E-07  2.43600E-08  0.00000E+00  2.80001E+01
  0.00000E+00  7.89800E-07  2.43100E-08  0.00000E+00  2.80001E+01
  0.00000E+00  8.51600E-07  2.52200E-08  0.00000E+00  2.80001E+01
  0.00000E+00  8.15700E-07  2.46900E-08  0.00000E+00  2.80001E+01
  0.00000E+00  8.57900E-07  2.53200E-08  0.00000E+00  2.80001E+01
  0.00000E+00  8.80300E-07  2.56300E-08  0.00000E+00  2.80001E+01
  0.00000E+00  8.09900E-07  2.46200E-08  0.00000E+00  2.80001E+01
  0.00000E+00  8.48000E-07  2.51800E-08  0.00000E+00  2.80001E+01
  0.00000E+00  8.35600E-07  2.49900E-08  0.00000E+00  2.80001E+01
  0.00000E+00  8.82000E-07  2.56500E-08  0.00000E+00  2.80001E+01
  0.00000E+00  8.41200E-07  2.50800E-08  0.00000E+00  2.80001E+01
  0.00000E+00  8.35800E-07  2.50000E-08  0.00000E+00  2.80001E+01
  0.00000E+00  8.75800E-07  2.55700E-08  0.00000E+00  2.80001E+01
  0.00000E+00  8.36200E-07  2.50000E-08  0.00000E+00  2.80001E+01
  0.00000E+00  8.73200E-07  2.55400E-08  0.00000E+00  2.80001E+01
  0.00000E+00  8.49500E-07  2.52000E-08  0.00000E+00  2.80001E+01
  0.00000E+00  8.82100E-07  2.56600E-08  0.00000E+00  2.80001E+01
  0.00000E+00  8.73200E-07  2.55300E-08  0.00000E+00  2.80001E+01
  0.00000E+00  8.84200E-07  2.56900E-08  0.00000E+00  2.80001E+01
  0.00000E+00  8.57900E-07  2.53300E-08  0.00000E+00  2.80001E+01
  0.00000E+00  8.74100E-07  2.55600E-08  0.00000E+00  2.80001E+01
  0.00000E+00  9.17200E-07  2.61500E-08  0.00000E+00  2.80001E+01
  0.00000E+00  8.72100E-07  2.55300E-08  0.00000E+00  2.80001E+01
  0.00000E+00  8.57800E-07  2.53400E-08  0.00000E+00  2.80001E+01
  0.00000E+00  9.35100E-07  2.64000E-08  0.00000E+00  2.80001E+01
  0.00000E+00  9.09100E-07  2.60600E-08  0.00000E+00  2.80001E+01
  0.00000E+00  8.86200E-07  2.57400E-08  0.00000E+00  2.80001E+01
  0.00000E+00  8.71200E-07  2.55300E-08  0.00000E+00  2.80001E+01
  0.00000E+00  9.06600E-07  2.60200E-08  0.00000E+00  2.80001E+01
  0.00000E+00  9.10600E-07  2.60800E-08  0.00000E+00  2.80001E+01
  0.00000E+00  8.88700E-07  2.57800E-08  0.00000E+00  2.80001E+01
  0.00000E+00  9.13200E-07  2.61100E-08  0.00000E+00  2.80001E+01
  0.00000E+00  8.89300E-07  2.57800E-08  0.00000E+00  2.80001E+01
  0.00000E+00  8.47600E-07  2.52000E-08  0.00000E+00  2.80001E+01
  0.00000E+00  9.12300E-07  2.61100E-08  0.00000E+00  2.80001E+01
  0.00000E+00  9.47200E-07  2.65900E-08  0.00000E+00  2.80001E+01
  0.00000E+00  8.70400E-07  2.55300E-08  0.00000E+00  2.80001E+01
  0.00000E+00  8.91600E-07  2.58300E-08  0.00000E+00  2.80001E+01
  0.00000E+00  8.95700E-07  2.58900E-08  0.00000E+00  2.80001E+01
  0.00000E+00  9.08700E-07  2.60700E-08  0.00000E+00  2.80001E+01
  0.00000E+00  9.01000E-07  2.59600E-08  0.00000E+00  2.80001E+01
  0.00000E+00  9.22600E-07  2.62700E-08  0.00000E+00  2.80001E+01
  0.00000E+00  8.39700E-07  2.51100E-08  0.00000E+00  2.80001E+01
  0.00000E+00  9.49700E-07  2.66300E-08  0.00000E+00  2.80001E+01
  0.00000E+00  8.88500E-07  2.57900E-08  0.00000E+00  2.80001E+01
  0.00000E+00  8.95700E-07  2.59000E-08  0.00000E+00  2.80001E+01
  0.00000E+00  9.14100E-07  2.61600E-08  0.00000E+00  2.80001E+01
  0.00000E+00  8.50300E-07  2.52600E-08  0.00000E+00  2.80001E+01
  0.00000E+00  8.89400E-07  2.58200E-08  0.00000E+00  2.80001E+01
  0.00000E+00  8.99500E-07  2.59500E-08  0.00000E+00  2.80001E+01
  0.00000E+00  9.28300E-07  2.63700E-08  0.00000E+00  2.80001E+01
  0.00000E+00  9.24400E-07  2.63000E-08  0.00000E+00  2.80001E+01
  0.00000E+00  9.01900E-07  2.60000E-08  0.00000E+00  2.80001E+01
  0.00000E+00  9.50300E-07  2.66600E-08  0.00000E+00  2.80001E+01
  0.00000E+00  8.67700E-07  2.55200E-08  0.00000E+00  2.80001E+01
  0.00000E+00  9.24700E-07  2.63200E-08  0.00000E+00  2.80001E+01
  0.00000E+00  9.01900E-07  2.60100E-08  0.00000E+00  2.80001E+01
  0.00000E+00  9.52900E-07  2.67000E-08  0.00000E+00  2.80001E+01
  0.00000E+00  8.82600E-07  2.57500E-08  0.00000E+00  2.80001E+01
  0.00000E+00  8.95600E-07  2.59300E-08  0.00000E+00  2.80001E+01
  0.00000E+00  8.95300E-07  2.59300E-08  0.00000E+00  2.80001E+01
  0.00000E+00  9.29700E-07  2.64000E-08  0.00000E+00  2.80001E+01
  0.00000E+00  8.87500E-07  2.58300E-08  0.00000E+00  2.80001E+01
  0.00000E+00  8.87900E-07  2.58200E-08  0.00000E+00  2.80001E+01
  0.00000E+00  8.80700E-07  2.57300E-08  0.00000E+00  2.80001E+01
  0.00000E+00  8.92400E-07  2.59000E-08  0.00000E+00  2.80001E+01
  0.00000E+00  9.02700E-07  2.60400E-08  0.00000E+00  2.80001E+01
  0.00000E+00  8.63600E-07  2.54900E-08  0.00000E+00  2.80001E+01
  0.00000E+00  8.96600E-07  2.59500E-08  0.00000E+00  2.80001E+01
  0.00000E+00  8.57300E-07  2.54100E-08  0.00000E+00  2.80001E+01
  0.00000E+00  9.07600E-07  2.61100E-08  0.00000E+00  2.80001E+01
  0.00000E+00  9.08600E-07  2.61200E-08  0.00000E+00  2.80001E+01
  0.00000E+00  9.25700E-07  2.63600E-08  0.00000E+00  2.80001E+01
  0.00000E+00  8.70600E-07  2.56000E-08  0.00000E+00  2.80001E+01
  0.00000E+00  9.11600E-07  2.61700E-08  0.00000E+00  2.80001E+01
  0.00000E+00  8.39700E-07  2.51700E-08  0.00000E+00  2.80001E+01
  0.00000E+00  8.66200E-07  2.55400E-08  0.00000E+00  2.80001E+01
  0.00000E+00  8.64800E-07  2.55200E-08  0.00000E+00  2.80001E+01
  0.00000E+00  8.93700E-07  2.59400E-08  0.00000E+00  2.80001E+01
  0.00000E+00  9.03400E-07  2.60700E-08  0.00000E+00  2.80001E+01
  0.00000E+00  8.95700E-07  2.59800E-08  0.00000E+00  2.80001E+01
  0.00000E+00  9.36600E-07  2.65200E-08  0.00000E+00  2.80001E+01
  0.00000E+00  9.24300E-07  2.63600E-08  0.00000E+00  2.80001E+01
  0.00000E+00  9.32900E-07  2.64800E-08  0.00000E+00  2.80001E+01
  0.00000E+00  8.34800E-07  2.51200E-08  0.00000E+00  2.80001E+01
  0.00000E+00  8.70400E-07  2.56200E-08  0.00000E+00  2.80001E+01
  0.00000E+00  8.65300E-07  2.55500E-08  0.00000E+00  2.80001E+01
  0.00000E+00  8.72500E-07  2.56400E-08  0.00000E+00  2.80001E+01
  0.00000E+00  8.37500E-07  2.51600E-08  0.00000E+00  2.80001E+01
  0.00000E+00  8.94700E-07  2.59700E-08  0.00000E+00  2.80001E+01
  0.00000E+00  8.62800E-07  2.55200E-08  0.00000E+00  2.80001E+01
  0.00000E+00  9.11600E-07  2.62200E-08  0.00000E+00  2.80001E+01
  0.00000E+00  8.64500E-07  2.55600E-08  0.00000E+00  2.80001E+01
  0.00000E+00  8.62800E-07  2.55300E-08  0.00000E+00  2.80001E+01
  0.00000E+00  8.97900E-07  2.60300E-08  0.00000E+00  2.80001E+01
  0.00000E+00  8.37000E-07  2.51800E-08  0.00000E+00  2.80001E+01
  0.00000E+00  8.48300E-07  2.53400E-08  0.00000E+00  2.80001E+01
  0.00000E+00  8.72000E-07  2.56800E-08  0.00000E+00  2.80001E+01
  0.00000E+00  8.70300E-07  2.56500E-08  0.00000E+00  2.80001E+01
  0.00000E+00  8.65800E-07  2.55900E-08  0.00000E+00  2.80001E+01
  0.00000E+00  8.86000E-07  2.58700E-08  0.00000E+00  2.80001E+01
  0.00000E+00  8.65000E-07  2.55900E-08  0.00000E+00  2.80001E+01
  0.00000E+00  9.21900E-07  2.63700E-08  0.00000E+00  2.80001E+01
  0.00000E+00  8.30500E-07  2.51100E-08  0.00000E+00  2.80001E+01
  0.00000E+00  8.40100E-07  2.52400E-08  0.00000E+00  2.80001E+01
  0.00000E+00  8.38500E-07  2.52200E-08  0.00000E+00  2.80001E+01
  0.00000E+00  8.29600E-07  2.51000E-08  0.00000E+00  2.80001E+01
  0.00000E+00  8.43500E-07  2.53000E-08  0.00000E+00  2.80001E+01
  0.00000E+00  9.06200E-07  2.61700E-08  0.00000E+00  2.80001E+01
  0.00000E+00  8.52900E-07  2.54300E-08  0.00000E+00  2.80001E+01
  0.00000E+00  8.57400E-07  2.55100E-08  0.00000E+00  2.80001E+01
  0.00000E+00  8.26100E-07  2.50500E-08  0.00000E+00  2.80001E+01
  0.00000E+00  8.56700E-07  2.54900E-08  0.00000E+00  2.80001E+01
  0.00000E+00  8.61600E-07  2.55700E-08  0.00000E+00  2.80001E+01
  0.00000E+00  8.65200E-07  2.56200E-08  0.00000E+00  2.80001E+01
  0.00000E+00  8.29600E-07  2.51100E-08  0.00000E+00  2.80001E+01
  0.00000E+00  8.54600E-07  2.54800E-08  0.00000E+00  2.80001E+01
  0.00000E+00  8.60300E-07  2.55600E-08  0.00000E+00  2.80001E+01
  0.00000E+00  8.64300E-07  2.56100E-08  0.00000E+00  2.80001E+01
  0.00000E+00  8.18100E-07  2.49500E-08  0.00000E+00  2.80001E+01
  0.00000E+00  8.51700E-07  2.54300E-08  0.00000E+00  2.80001E+01
  0.00000E+00  8.57300E-07  2.55200E-08  0.00000E+00  2.80001E+01
  0.00000E+00  8.83800E-07  2.59000E-08  0.00000E+00  2.80001E+01
  0.00000E+00  8.85700E-07  2.59300E-08  0.00000E+00  2.80001E+01
  0.00000E+00  7.77000E-07  2.43800E-08  0.00000E+00  2.80001E+01
  0.00000E+00  8.21800E-07  2.50300E-08  0.00000E+00  2.80001E+01
  0.00000E+00  7.92600E-07  2.46300E-08  0.00000E+00  2.80001E+01
  0.00000E+00  8.82600E-07  2.58900E-08  0.00000E+00  2.80001E+01
  0.00000E+00  8.61100E-07  2.55900E-08  0.00000E+00  2.80001E+01
  0.00000E+00  8.21300E-07  2.50300E-08  0.00000E+00  2.80001E+01
  0.00000E+00  7.84800E-07  2.45100E-08  0.00000E+00  2.80001E+01
  0.00000E+00  8.36600E-07  2.52600E-08  0.00000E+00  2.80001E+01
  0.00000E+00  8.46700E-07  2.54100E-08  0.00000E+00  2.80001E+01
  0.00000E+00  8.70800E-07  2.57500E-08  0.00000E+00  2.80001E+01
  0.00000E+00  8.37300E-07  2.52800E-08  0.00000E+00  2.80001E+01
  0.00000E+00  8.29500E-07  2.51700E-08  0.00000E+00  2.80001E+01
  0.00000E+00  8.37200E-07  2.52800E-08  0.00000E+00  2.80001E+01
  0.00000E+00  8.78100E-07  2.58600E-08  0.00000E+00  2.80001E+01
  0.00000E+00  7.99600E-07  2.47500E-08  0.00000E+00  2.80001E+01
  0.00000E+00  8.46700E-07  2.54300E-08  0.00000E+00  2.80001E+01
  0.00000E+00  8.25100E-07  2.51300E-08  0.00000E+00  2.80001E+01
  0.00000E+00  8.78700E-07  2.58800E-08  0.00000E+00  2.80001E+01
  0.00000E+00  8.27900E-07  2.51800E-08  0.00000E+00  2.80001E+01
  0.00000E+00  8.30800E-07  2.52100E-08  0.00000E+00  2.80001E+01
  0.00000E+00  8.93000E-07  2.61000E-08  0.00000E+00  2.80001E+01
  0.00000E+00  8.56000E-07  2.55800E-08  0.00000E+00  2.80001E+01
  0.00000E+00  8.47800E-07  2.54600E-08  0.00000E+00  2.80001E+01
  0.00000E+00  8.44200E-07  2.54200E-08  0.00000E+00  2.80001E+01
  0.00000E+00  7.96100E-07  2.47300E-08  0.00000E+00  2.80001E+01
  0.00000E+00  8.08500E-07  2.49100E-08  0.00000E+00  2.80001E+01
  0.00000E+00  8.74000E-07  2.58400E-08  0.00000E+00  2.80001E+01
  0.00000E+00  8.50700E-07  2.55200E-08  0.00000E+00  2.80001E+01
  0.00000E+00  8.25000E-07  2.51600E-08  0.00000E+00  2.80001E+01
  0.00000E+00  8.54900E-07  2.55900E-08  0.00000E+00  2.80001E+01
  0.00000E+00  8.84500E-07  2.60000E-08  0.00000E+00  2.80001E+01
  0.00000E+00  8.48000E-07  2.55000E-08  0.00000E+00  2.80001E+01
  0.00000E+00  8.37100E-07  2.53500E-08  0.00000E+00  2.80001E+01
  0.00000E+00  8.40900E-07  2.53900E-08  0.00000E+00  2.80001E+01
  0.00000E+00  9.05900E-07  2.63200E-08  0.00000E+00  2.80001E+01
  0.00000E+00  8.33600E-07  2.53200E-08  0.00000E+00  2.80001E+01
  0.00000E+00  8.12600E-07  2.50200E-08  0.00000E+00  2.80001E+01
  0.00000E+00  8.63800E-07  2.57300E-08  0.00000E+00  2.80001E+01
  0.00000E+00  8.40700E-07  2.54300E-08  0.00000E+00  2.80001E+01
  0.00000E+00  8.41600E-07  2.54300E-08  0.00000E+00  2.80001E+01
  0.00000E+00  8.68900E-07  2.58200E-08  0.00000E+00  2.80001E+01
  0.00000E+00  8.42600E-07  2.54500E-08  0.00000E+00  2.80001E+01
  0.00000E+00  8.61100E-07  2.57100E-08  0.00000E+00  2.80001E+01
  0.00000E+00  8.00000E-07  2.48600E-08  0.00000E+00  2.80001E+01
  0.00000E+00  8.25000E-07  2.52200E-08  0.00000E+00  2.80001E+01
  0.00000E+00  7.97400E-07  2.48300E-08  0.00000E+00  2.80001E+01
  0.00000E+00  8.29400E-07  2.52800E-08  0.00000E+00  2.80001E+01
  0.00000E+00  8.17400E-07  2.51300E-08  0.00000E+00  2.80001E+01
  0.00000E+00  7.94900E-07  2.48000E-08  0.00000E+00  2.80001E+01
  0.00000E+00  8.04800E-07  2.49300E-08  0.00000E+00  2.80001E+01
  0.00000E+00  8.73300E-07  2.59200E-08  0.00000E+00  2.80001E+01
  0.00000E+00  8.14700E-07  2.51000E-08  0.00000E+00  2.80001E+01
  0.00000E+00  8.12800E-07  2.50800E-08  0.00000E+00  2.80001E+01
  0.00000E+00  8.54600E-07  2.56700E-08  0.00000E+00  2.80001E+01
  0.00000E+00  8.44100E-07  2.55100E-08  0.00000E+00  2.80001E+01
  0.00000E+00  8.64700E-07  2.58200E-08  0.00000E+00  2.80001E+01
  0.00000E+00  8.20400E-07  2.51900E-08  0.00000E+00  2.80001E+01
  0.00000E+00  8.44200E-07  2.55300E-08  0.00000E+00  2.80001E+01
  0.00000E+00  8.32200E-07  2.53900E-08  0.00000E+00  2.80001E+01
  0.00000E+00  8.01300E-07  2.49300E-08  0.00000E+00  2.80001E+01
  0.00000E+00  8.36000E-07  2.54200E-08  0.00000E+00  2.80001E+01
  0.00000E+00  8.80500E-07  2.60500E-08  0.00000E+00  2.80001E+01
  0.00000E+00  8.47300E-07  2.56000E-08  0.00000E+00  2.80001E+01
  0.00000E+00  8.54700E-07  2.57100E-08  0.00000E+00  2.80001E+01
  0.00000E+00  8.64600E-07  2.58400E-08  0.00000E+00  2.80001E+01
  0.00000E+00  8.37800E-07  2.54700E-08  0.00000E+00  2.80001E+01
  0.00000E+00  8.14400E-07  2.51600E-08  0.00000E+00  2.80001E+01
  0.00000E+00  8.77100E-07  2.60300E-08  0.00000E+00  2.80001E+01
  0.00000E+00  8.49500E-07  2.56600E-08  0.00000E+00  2.80001E+01
  0.00000E+00  8.73900E-07  2.59900E-08  0.00000E+00  2.80001E+01
  0.00000E+00  8.80800E-07  2.60900E-08  0.00000E+00  2.80001E+01
  0.00000E+00  8.43000E-07  2.55700E-08  0.00000E+00  2.80001E+01
  0.00000E+00  8.18400E-07  2.52400E-08  0.00000E+00  2.80001E+01
  0.00000E+00  8.54400E-07  2.57400E-08  0.00000E+00  2.80001E+01
  0.00000E+00  8.53000E-07  2.57300E-08  0.00000E+00  2.80001E+01
  0.00000E+00  8.06100E-07  2.50600E-08  0.00000E+00  2.80001E+01
  0.00000E+00  8.62200E-07  2.58600E-08  0.00000E+00  2.80001E+01
  0.00000E+00  8.34500E-07  2.54800E-08  0.00000E+00  2.80001E+01
  0.00000E+00  8.41300E-07  2.55700E-08  0.00000E+00  2.80001E+01
  0.00000E+00  8.56800E-07  2.58100E-08  0.00000E+00  2.80001E+01
  0.00000E+00  8.75800E-07  2.60700E-08  0.00000E+00  2.80001E+01
  0.00000E+00  8.66100E-07  2.59400E-08  0.00000E+00  2.80001E+01
  0.00000E+00  8.60100E-07  2.58700E-08  0.00000E+00  2.80001E+01
  0.00000E+00  8.39000E-07  2.55600E-08  0.00000E+00  2.80001E+01
  0.00000E+00  8.51700E-07  2.57400E-08  0.00000E+00  2.80001E+01
  0.00000E+00  8.96700E-07  2.63900E-08  0.00000E+00  2.80001E+01
  0.00000E+00  9.10800E-07  2.65700E-08  0.00000E+00  2.80001E+01
  0.00000E+00  8.62100E-07  2.59100E-08  0.00000E+00  2.80001E+01
  0.00000E+00  8.58000E-07  2.58600E-08  0.00000E+00  2.80001E+01
  0.00000E+00  8.63500E-07  2.59300E-08  0.00000E+00  2.80001E+01
  0.00000E+00  9.00600E-07  2.64500E-08  0.00000E+00  2.80001E+01
  0.00000E+00  8.61200E-07  2.59100E-08  0.00000E+00  2.80001E+01
  0.00000E+00  8.95400E-07  2.63800E-08  0.00000E+00  2.80001E+01
  0.00000E+00  8.86000E-07  2.62700E-08  0.00000E+00  2.80001E+01
  0.00000E+00  8.39500E-07  2.56300E-08  0.00000E+00  2.80001E+01
  0.00000E+00  8.69500E-07  2.60400E-08  0.00000E+00  2.80001E+01
  0.00000E+00  8.61700E-07  2.59500E-08  0.00000E+00  2.80001E+01
  0.00000E+00  9.05800E-07  2.65500E-08  0.00000E+00  2.80001E+01
  0.00000E+00  8.63500E-07  2.59900E-08  0.00000E+00  2.80001E+01
  0.00000E+00  8.73000E-07  2.61300E-08  0.00000E+00  2.80001E+01
  0.00000E+00  8.30600E-07  2.55200E-08  0.00000E+00  2.80001E+01
  0.00000E+00  8.38500E-07  2.56400E-08  0.00000E+00  2.80001E+01
  0.00000E+00  8.17500E-07  2.53600E-08  0.00000E+00  2.80001E+01
  0.00000E+00  8.83400E-07  2.62900E-08  0.00000E+00  2.80001E+01
  0.00000E+00  8.65700E-07  2.60400E-08  0.00000E+00  2.80001E+01
  0.00000E+00  8.78200E-07  2.62200E-08  0.00000E+00  2.80001E+01
  0.00000E+00  8.67900E-07  2.61000E-08  0.00000E+00  2.80001E+01
  0.00000E+00  8.38300E-07  2.56700E-08  0.00000E+00  2.80001E+01
  0.00000E+00  8.43300E-07  2.57500E-08  0.00000E+00  2.80001E+01
  0.00000E+00  8.61400E-07  2.60000E-08  0.00000E+00  2.80001E+01
  0.00000E+00  9.26500E-07  2.69100E-08  0.00000E+00  2.80001E+01
  0.00000E+00  9.18700E-07  2.68100E-08  0.00000E+00  2.80001E+01
  0.00000E+00  9.04700E-07  2.66200E-08  0.00000E+00  2.80001E+01
  0.00000E+00  8.95600E-07  2.64900E-08  0.00000E+00  2.80001E+01
  0.00000E+00  9.49900E-07  2.72300E-08  0.00000E+00  2.80001E+01
  0.00000E+00  9.04700E-07  2.66400E-08  0.00000E+00  2.80001E+01
  0.00000E+00  8.97600E-07  2.65500E-08  0.00000E+00  2.80001E+01
  0.00000E+00  9.30700E-07  2.69900E-08  0.00000E+00  2.80001E+01
  0.00000E+00  9.19600E-07  2.68400E-08  0.00000E+00  2.80001E+01
  0.00000E+00  9.49500E-07  2.72400E-08  0.00000E+00  2.80001E+01
  0.00000E+00  9.58300E-07  2.73800E-08  0.00000E+00  2.80001E+01
  0.00000E+00  8.97700E-07  2.65800E-08  0.00000E+00  2.80001E+01
  0.00000E+00  8.78200E-07  2.63100E-08  0.00000E+00  2.80001E+01
  0.00000E+00  9.46100E-07  2.72300E-08  0.00000E+00  2.80001E+01
  0.00000E+00  9.36500E-07  2.71100E-08  0.00000E+00  2.80001E+01
  0.00000E+00  9.25700E-07  2.69600E-08  0.00000E+00  2.80001E+01
  0.00000E+00  8.61400E-07  2.61000E-08  0.00000E+00  2.80001E+01
  0.00000E+00  8.96900E-07  2.66100E-08  0.00000E+00  2.80001E+01
  0.00000E+00  8.65000E-07  2.61500E-08  0.00000E+00  2.80001E+01
  0.00000E+00  9.25900E-07  2.70100E-08  0.00000E+00  2.80001E+01
  0.00000E+00  9.30900E-07  2.70600E-08  0.00000E+00  2.80001E+01
  0.00000E+00  9.68400E-07  2.75700E-08  0.00000E+00  2.80001E+01
  0.00000E+00  9.04100E-07  2.67100E-08  0.00000E+00  2.80001E+01
  0.00000E+00  9.03300E-07  2.67300E-08  0.00000E+00  2.80001E+01
  0.00000E+00  9.18300E-07  2.69100E-08  0.00000E+00  2.80001E+01
  0.00000E+00  9.62000E-07  2.75100E-08  0.00000E+00  2.80001E+01
  0.00000E+00  8.79000E-07  2.63800E-08  0.00000E+00  2.80001E+01
  0.00000E+00  9.03900E-07  2.67500E-08  0.00000E+00  2.80001E+01
  0.00000E+00  8.99200E-07  2.66900E-08  0.00000E+00  2.80001E+01
  0.00000E+00  9.77300E-07  2.77200E-08  0.00000E+00  2.80001E+01
  0.00000E+00  9.90800E-07  2.79100E-08  0.00000E+00  2.80001E+01
  0.00000E+00  9.32900E-07  2.71800E-08  0.00000E+00  2.80001E+01
  0.00000E+00  9.47400E-07  2.73700E-08  0.00000E+00  2.80001E+01
  0.00000E+00  9.55100E-07  2.74500E-08  0.00000E+00  2.80001E+01
  0.00000E+00  9.54800E-07  2.74600E-08  0.00000E+00  2.80001E+01
  0.00000E+00  9.02900E-07  2.67800E-08  0.00000E+00  2.80001E+01
  0.00000E+00  9.12500E-07  2.69200E-08  0.00000E+00  2.80001E+01
  0.00000E+00  9.18900E-07  2.70200E-08  0.00000E+00  2.80001E+01
  0.00000E+00  9.27500E-07  2.71400E-08  0.00000E+00  2.80001E+01
  0.00000E+00  9.95800E-07  2.80500E-08  0.00000E+00  2.80001E+01
  0.00000E+00  9.13100E-07  2.69500E-08  0.00000E+00  2.80001E+01
  0.00000E+00  9.69200E-07  2.77100E-08  0.00000E+00  2.80001E+01
  0.00000E+00  9.25700E-07  2.71300E-08  0.00000E+00  2.80001E+01
  0.00000E+00  9.52100E-07  2.75000E-08  0.00000E+00  2.80001E+01
  0.00000E+00  9.91000E-07  2.79900E-08  0.00000E+00  2.80001E+01
  0.00000E+00  9.34100E-07  2.72800E-08  0.00000E+00  2.80001E+01
  0.00000E+00  9.90500E-07  2.80200E-08  0.00000E+00  2.80001E+01
  0.00000E+00  1.01770E-06  2.83600E-08  0.00000E+00  2.80001E+01
  0.00000E+00  9.99100E-07  2.81400E-08  0.00000E+00  2.80001E+01
  0.00000E+00  9.64400E-07  2.76900E-08  0.00000E+00  2.80001E+01
  0.00000E+00  8.90400E-07  2.67200E-08  0.00000E+00  2.80001E+01
  0.00000E+00  9.76000E-07  2.78600E-08  0.00000E+00  2.80001E+01
  0.00000E+00  9.21300E-07  2.71500E-08  0.00000E+00  2.80001E+01
  0.00000E+00  1.00730E-06  2.82700E-08  0.00000E+00  2.80001E+01
  0.00000E+00  9.88000E-07  2.80300E-08  0.00000E+00  2.80001E+01
  0.00000E+00  9.43300E-07  2.74600E-08  0.00000E+00  2.80001E+01
  0.00000E+00  9.76800E-07  2.79200E-08  0.00000E+00  2.80001E+01
  0.00000E+00  9.62800E-07  2.77200E-08  0.00000E+00  2.80001E+01
  0.00000E+00  9.81000E-07  2.79800E-08  0.00000E+00  2.80001E+01
  0.00000E+00  1.04580E-06  2.88100E-08  0.00000E+00  2.80001E+01
  0.00000E+00  1.01210E-06  2.84000E-08  0.00000E+00  2.80001E+01
  0.00000E+00  1.00780E-06  2.83300E-08  0.00000E+00  2.80001E+01
  0.00000E+00  9.77100E-07  2.79500E-08  0.00000E+00  2.80001E+01
  0.00000E+00  9.76400E-07  2.79800E-08  0.00000E+00  2.80001E+01
  0.00000E+00  9.36000E-07  2.74400E-08  0.00000E+00  2.80001E+01
  0.00000E+00  9.57200E-07  2.77400E-08  0.00000E+00  2.80001E+01
  0.00000E+00  9.68500E-07  2.78900E-08  0.00000E+00  2.80001E+01
  0.00000E+00  9.45600E-07  2.75900E-08  0.00000E+00  2.80001E+01
  0.00000E+00  1.00690E-06  2.84100E-08  0.00000E+00  2.80001E+01
  0.00000E+00  1.01410E-06  2.84800E-08  0.00000E+00  2.80001E+01
  0.00000E+00  1.00760E-06  2.84200E-08  0.00000E+00  2.80001E+01
  0.00000E+00  9.96700E-07  2.83100E-08  0.00000E+00  2.80001E+01
  0.00000E+00  1.02250E-06  2.86100E-08  0.00000E+00  2.80001E+01
  0.00000E+00  9.81000E-07  2.81200E-08  0.00000E+00  2.80001E+01
  0.00000E+00  9.97000E-07  2.83000E-08  0.00000E+00  2.80001E+01
  0.00000E+00  1.01940E-06  2.86100E-08  0.00000E+00  2.80001E+01
  0.00000E+00  1.06320E-06  2.91600E-08  0.00000E+00  2.80001E+01
  0.00000E+00  1.02960E-06  2.87600E-08  0.00000E+00  2.80001E+01
  0.00000E+00  1.00890E-06  2.85000E-08  0.00000E+00  2.80001E+01
  0.00000E+00  1.11040E-06  2.97800E-08  0.00000E+00  2.80001E+01
  0.00000E+00  1.03870E-06  2.88900E-08  0.00000E+00  2.80001E+01
  0.00000E+00  1.03740E-06  2.89000E-08  0.00000E+00  2.80001E+01
  0.00000E+00  1.07460E-06  2.93700E-08  0.00000E+00  2.80001E+01
  0.00000E+00  1.03580E-06  2.88900E-08  0.00000E+00  2.80001E+01
  0.00000E+00  1.06380E-06  2.92500E-08  0.00000E+00  2.80001E+01
  0.00000E+00  1.04140E-06  2.89700E-08  0.00000E+00  2.80001E+01
  0.00000E+00  1.05210E-06  2.91300E-08  0.00000E+00  2.80001E+01
  0.00000E+00  1.07520E-06  2.94200E-08  0.00000E+00  2.80001E+01
  0.00000E+00  1.01630E-06  2.87000E-08  0.00000E+00  2.80001E+01
  0.00000E+00  1.02370E-06  2.87700E-08  0.00000E+00  2.80001E+01
  0.00000E+00  1.02210E-06  2.88000E-08  0.00000E+00  2.80001E+01
  0.00000E+00  1.07850E-06  2.95200E-08  0.00000E+00  2.80001E+01
  0.00000E+00  1.04530E-06  2.90900E-08  0.00000E+00  2.80001E+01
  0.00000E+00  1.04640E-06  2.91200E-08  0.00000E+00  2.80001E+01
  0.00000E+00  1.04320E-06  2.90800E-08  0.00000E+00  2.80001E+01
  0.00000E+00  1.02620E-06  2.88900E-08  0.00000E+00  2.80001E+01
  0.00000E+00  1.03820E-06  2.90400E-08  0.00000E+00  2.80001E+01
  0.00000E+00  1.06060E-06  2.93600E-08  0.00000E+00  2.80001E+01
  0.00000E+00  1.07670E-06  2.95300E-08  0.00000E+00  2.80001E+01
  0.00000E+00  1.02990E-06  2.90000E-08  0.00000E+00  2.80001E+01
  0.00000E+00  1.03780E-06  2.90900E-08  0.00000E+00  2.80001E+01
  0.00000E+00  1.03890E-06  2.91000E-08  0.00000E+00  2.80001E+01
  0.00000E+00  1.03130E-06  2.90200E-08  0.00000E+00  2.80001E+01
  0.00000E+00  1.07000E-06  2.95100E-08  0.00000E+00  2.80001E+01
  0.00000E+00  1.09990E-06  2.98900E-08  0.00000E+00  2.80001E+01
  0.00000E+00  1.02670E-06  2.90200E-08  0.00000E+00  2.80001E+01
  0.00000E+00  1.06800E-06  2.95500E-08  0.00000E+00  2.80001E+01
  0.00000E+00  1.06580E-06  2.95500E-08  0.00000E+00  2.80001E+01
  0.00000E+00  1.02520E-06  2.90200E-08  0.00000E+00  2.80001E+01
  0.00000E+00  1.04230E-06  2.92500E-08  0.00000E+00  2.80001E+01
  0.00000E+00  1.06840E-06  2.95900E-08  0.00000E+00  2.80001E+01
  0.00000E+00  1.12730E-06  3.03000E-08  0.00000E+00  2.80001E+01
  0.00000E+00  1.09120E-06  2.99000E-08  0.00000E+00  2.80001E+01
  0.00000E+00  1.01760E-06  2.90000E-08  0.00000E+00  2.80001E+01
  0.00000E+00  1.05540E-06  2.94600E-08  0.00000E+00  2.80001E+01
  0.00000E+00  1.05390E-06  2.94800E-08  0.00000E+00  2.80001E+01
  0.00000E+00  1.06850E-06  2.96400E-08  0.00000E+00  2.80001E+01
  0.00000E+00  1.03280E-06  2.92500E-08  0.00000E+00  2.80001E+01
  0.00000E+00  1.04900E-06  2.94700E-08  0.00000E+00  2.80001E+01
  0.00000E+00  9.93200E-07  2.87700E-08  0.00000E+00  2.80001E+01
  0.00000E+00  1.02320E-06  2.91500E-08  0.00000E+00  2.80001E+01
  0.00000E+00  1.05330E-06  2.95500E-08  0.00000E+00  2.80001E+01
  0.00000E+00  1.09440E-06  3.00700E-08  0.00000E+00  2.80001E+01
  0.00000E+00  1.03920E-06  2.94000E-08  0.00000E+00  2.80001E+01
  0.00000E+00  1.07920E-06  2.98900E-08  0.00000E+00  2.80001E+01
  0.00000E+00  1.04590E-06  2.95100E-08  0.00000E+00  2.80001E+01
  0.00000E+00  1.03380E-06  2.93500E-08  0.00000E+00  2.80001E+01
  0.00000E+00  1.06490E-06  2.97700E-08  0.00000E+00  2.80001E+01
  0.00000E+00  1.06180E-06  2.97400E-08  0.00000E+00  2.80001E+01
  0.00000E+00  1.05280E-06  2.96300E-08  0.00000E+00  2.80001E+01
  0.00000E+00  9.93700E-07  2.89300E-08  0.00000E+00  2.80001E+01
  0.00000E+00  1.04500E-06  2.95900E-08  0.00000E+00  2.80001E+01
  0.00000E+00  1.08420E-06  3.00800E-08  0.00000E+00  2.80001E+01
  0.00000E+00  1.06870E-06  2.99000E-08  0.00000E+00  2.80001E+01
  0.00000E+00  1.00080E-06  2.90800E-08  0.00000E+00  2.80001E+01
  0.00000E+00  1.08370E-06  3.01200E-08  0.00000E+00  2.80001E+01
  0.00000E+00  1.00740E-06  2.91900E-08  0.00000E+00  2.80001E+01
  0.00000E+00  9.91000E-07  2.89800E-08  0.00000E+00  2.80001E+01
  0.00000E+00  1.05560E-06  2.98500E-08  0.00000E+00  2.80001E+01
  0.00000E+00  1.00500E-06  2.92300E-08  0.00000E+00  2.80001E+01
  0.00000E+00  1.05900E-06  2.99000E-08  0.00000E+00  2.80001E+01
  0.00000E+00  9.67900E-07  2.87800E-08  0.00000E+00  2.80001E+01
  0.00000E+00  1.03100E-06  2.95900E-08  0.00000E+00  2.80001E+01
  0.00000E+00  9.98600E-07  2.92200E-08  0.00000E+00  2.80001E+01
  0.00000E+00  9.84600E-07  2.90400E-08  0.00000E+00  2.80001E+01
  0.00000E+00  1.03930E-06  2.97500E-08  0.00000E+00  2.80001E+01
  0.00000E+00  1.00790E-06  2.94300E-08  0.00000E+00  2.80001E+01
  0.00000E+00  1.03220E-06  2.96800E-08  0.00000E+00  2.80001E+01
  0.00000E+00  1.03120E-06  2.97300E-08  0.00000E+00  2.80001E+01
  0.00000E+00  9.54900E-07  2.87900E-08  0.00000E+00  2.80001E+01
  0.00000E+00  9.48700E-07  2.87300E-08  0.00000E+00  2.80001E+01
  0.00000E+00  1.03410E-06  2.98200E-08  0.00000E+00  2.80001E+01
  0.00000E+00  9.14400E-07  2.83100E-08  0.00000E+00  2.80001E+01
  0.00000E+00  1.02970E-06  2.97600E-08  0.00000E+00  2.80001E+01
  0.00000E+00  9.61100E-07  2.89700E-08  0.00000E+00  2.80001E+01
  0.00000E+00  9.83900E-07  2.93000E-08  0.00000E+00  2.80001E+01
  0.00000E+00  9.70500E-07  2.91300E-08  0.00000E+00  2.80001E+01
  0.00000E+00  9.33700E-07  2.86800E-08  0.00000E+00  2.80001E+01
  0.00000E+00  9.07700E-07  2.83500E-08  0.00000E+00  2.80001E+01
  0.00000E+00  8.80900E-07  2.80500E-08  0.00000E+00  2.80001E+01
  0.00000E+00  9.38200E-07  2.87800E-08  0.00000E+00  2.80001E+01
  0.00000E+00  8.77500E-07  2.80200E-08  0.00000E+00  2.80001E+01
  0.00000E+00  8.98500E-07  2.83500E-08  0.00000E+00  2.80001E+01
  0.00000E+00  8.22700E-07  2.73700E-08  0.00000E+00  2.80001E+01
  0.00000E+00  9.20700E-07  2.86800E-08  0.00000E+00  2.80001E+01
  0.00000E+00  8.60400E-07  2.79200E-08  0.00000E+00  2.80001E+01
  0.00000E+00  8.96300E-07  2.84200E-08  0.00000E+00  2.80001E+01
  0.00000E+00  8.56800E-07  2.79300E-08  0.00000E+00  2.80001E+01
  0.00000E+00  7.92200E-07  2.70300E-08  0.00000E+00  2.80001E+01
  0.00000E+00  8.26700E-07  2.75700E-08  0.00000E+00  2.80001E+01
  0.00000E+00  8.11700E-07  2.73800E-08  0.00000E+00  2.80001E+01
  0.00000E+00  8.10900E-07  2.73900E-08  0.00000E+00  2.80001E+01
  0.00000E+00  7.31600E-07  2.63400E-08  0.00000E+00  2.80001E+01
  0.00000E+00  7.83400E-07  2.71200E-08  0.00000E+00  2.80001E+01
  0.00000E+00  7.49200E-07  2.66800E-08  0.00000E+00  2.80001E+01
  0.00000E+00  7.46100E-07  2.66300E-08  0.00000E+00  2.80001E+01
  0.00000E+00  7.24900E-07  2.63900E-08  0.00000E+00  2.80001E+01
  0.00000E+00  7.14400E-07  2.62900E-08  0.00000E+00  2.80001E+01
  0.00000E+00  7.56800E-07  2.69100E-08  0.00000E+00  2.80001E+01
  0.00000E+00  7.35100E-07  2.66000E-08  0.00000E+00  2.80001E+01
  0.00000E+00  7.38400E-07  2.67400E-08  0.00000E+00  2.80001E+01
  0.00000E+00  7.06900E-07  2.62700E-08  0.00000E+00  2.80001E+01
  0.00000E+00  6.43100E-07  2.53900E-08  0.00000E+00  2.80001E+01
  0.00000E+00  7.26200E-07  2.66600E-08  0.00000E+00  2.80001E+01
  0.00000E+00  6.75300E-07  2.59300E-08  0.00000E+00  2.80001E+01
  0.00000E+00  6.27200E-07  2.53400E-08  0.00000E+00  2.80001E+01
  0.00000E+00  6.98300E-07  2.63500E-08  0.00000E+00  2.80001E+01
  0.00000E+00  6.41200E-07  2.55800E-08  0.00000E+00  2.80001E+01
  0.00000E+00  6.34500E-07  2.55200E-08  0.00000E+00  2.80001E+01
  0.00000E+00  6.22000E-07  2.53700E-08  0.00000E+00  2.80001E+01
  0.00000E+00  5.87800E-07  2.48700E-08  0.00000E+00  2.80001E+01
  0.00000E+00  5.92800E-07  2.50100E-08  0.00000E+00  2.80001E+01
  0.00000E+00  5.45900E-07  2.43600E-08  0.00000E+00  2.80001E+01
  0.00000E+00  5.61700E-07  2.46400E-08  0.00000E+00  2.80001E+01
  0.00000E+00  5.72200E-07  2.48400E-08  0.00000E+00  2.80001E+01
  0.00000E+00  5.56100E-07  2.46600E-08  0.00000E+00  2.80001E+01
  0.00000E+00  4.47100E-07  2.29800E-08  0.00000E+00  2.80001E+01
  0.00000E+00  5.74600E-07  2.51000E-08  0.00000E+00  2.80001E+01
  0.00000E+00  4.64200E-07  2.33900E-08  0.00000E+00  2.80001E+01
  0.00000E+00  4.72100E-07  2.35300E-08  0.00000E+00  2.80001E+01
  0.00000E+00  4.25200E-07  2.28400E-08  0.00000E+00  2.80001E+01
  0.00000E+00  4.53700E-07  2.33700E-08  0.00000E+00  2.80001E+01
  0.00000E+00  4.14000E-07  2.27300E-08  0.00000E+00  2.80001E+01
  0.00000E+00  4.04300E-07  2.26500E-08  0.00000E+00  2.80001E+01
  0.00000E+00  3.81600E-07  2.23200E-08  0.00000E+00  2.80001E+01
  0.00000E+00  3.68700E-07  2.22300E-08  0.00000E+00  2.80001E+01
  0.00000E+00  3.23000E-07  2.15000E-08  0.00000E+00  2.80001E+01
  0.00000E+00  2.76300E-07  2.06500E-08  0.00000E+00  2.80001E+01
  0.00000E+00  3.49300E-07  2.20400E-08  0.00000E+00  2.80001E+01
  0.00000E+00  2.84900E-07  2.09400E-08  0.00000E+00  2.80001E+01
  0.00000E+00  2.62500E-07  2.06100E-08  0.00000E+00  2.80001E+01
  0.00000E+00  2.40300E-07  2.03000E-08  0.00000E+00  2.80001E+01
  0.00000E+00  2.59600E-07  2.07500E-08  0.00000E+00  2.80001E+01
  0.00000E+00  2.94900E-07  2.15900E-08  0.00000E+00  2.80001E+01
  0.00000E+00  2.71000E-07  2.10800E-08  0.00000E+00  2.80001E+01
  0.00000E+00  2.49000E-07  2.08200E-08  0.00000E+00  2.80001E+01
  0.00000E+00  2.50000E-07  2.09800E-08  0.00000E+00  2.80001E+01
  0.00000E+00  2.61700E-07  2.12100E-08  0.00000E+00  2.80001E+01
  0.00000E+00  2.60700E-07  2.12700E-08  0.00000E+00  2.80001E+01
  0.00000E+00  2.73600E-07  2.16500E-08  0.00000E+00  2.80001E+01
  0.00000E+00  2.50300E-07  2.13300E-08  0.00000E+00  2.80001E+01
  0.00000E+00  2.04600E-07  2.05400E-08  0.00000E+00  2.80001E+01
  0.00000E+00  2.60400E-07  2.17100E-08  0.00000E+00  2.80001E+01
  0.00000E+00  2.81600E-07  2.21700E-08  0.00000E+00  2.80001E+01
  0.00000E+00  2.06400E-07  2.08200E-08  0.00000E+00  2.80001E+01
  0.00000E+00  2.24400E-07  2.13600E-08  0.00000E+00  2.80001E+01
  0.00000E+00  1.92000E-07  2.08700E-08  0.00000E+00  2.80001E+01
  0.00000E+00  2.55000E-07  2.21400E-08  0.00000E+00  2.80001E+01
  0.00000E+00  1.93300E-07  2.09900E-08  0.00000E+00  2.80001E+01
  0.00000E+00  2.03100E-07  2.13800E-08  0.00000E+00  2.80001E+01
  0.00000E+00  1.94500E-07  2.14200E-08  0.00000E+00  2.80001E+01
  0.00000E+00  1.78900E-07  2.12400E-08  0.00000E+00  2.80001E+01
  0.00000E+00  2.02200E-07  2.17500E-08  0.00000E+00  2.80001E+01
  0.00000E+00  1.88400E-07  2.15800E-08  0.00000E+00  2.80001E+01
  0.00000E+00  2.05200E-07  2.19800E-08  0.00000E+00  2.80001E+01
  0.00000E+00  1.76300E-07  2.16400E-08  0.00000E+00  2.80001E+01
  0.00000E+00  1.99700E-07  2.22200E-08  0.00000E+00  2.80001E+01
  0.00000E+00  2.01000E-07  2.23400E-08  0.00000E+00  2.80001E+01
  0.00000E+00  1.51700E-07  2.17300E-08  0.00000E+00  2.80001E+01
  0.00000E+00  2.32900E-07  2.31900E-08  0.00000E+00  2.80001E+01
  0.00000E+00  1.82100E-07  2.24500E-08  0.00000E+00  2.80001E+01
  0.00000E+00  1.86100E-07  2.27700E-08  0.00000E+00  2.80001E+01
  0.00000E+00  1.67300E-07  2.25300E-08  0.00000E+00  2.80001E+01
  0.00000E+00  1.72600E-07  2.28500E-08  0.00000E+00  2.80001E+01
  0.00000E+00  1.85800E-07  2.33100E-08  0.00000E+00  2.80001E+01
  0.00000E+00  1.55000E-07  2.27700E-08  0.00000E+00  2.80001E+01
  0.00000E+00  1.44100E-07  2.28500E-08  0.00000E+00  2.80001E+01
  0.00000E+00  1.39900E-07  2.26900E-08  0.00000E+00  2.80001E+01
  0.00000E+00  1.30400E-07  2.29100E-08  0.00000E+00  2.80001E+01
  0.00000E+00  1.10600E-07  2.26500E-08  0.00000E+00  2.80001E+01
  0.00000E+00  6.19500E-08  2.21200E-08  0.00000E+00  2.80001E+01
  0.00000E+00  1.26500E-07  2.34200E-08  0.00000E+00  2.80001E+01
  0.00000E+00  7.12900E-08  2.29500E-08  0.00000E+00  2.80001E+01
  0.00000E+00  8.75700E-08  2.31100E-08  0.00000E+00  2.80001E+01
  0.00000E+00  7.43800E-08  2.33400E-08  0.00000E+00  2.80001E+01
  0.00000E+00  6.64600E-08  2.34400E-08  0.00000E+00  2.80001E+01
  0.00000E+00  8.65800E-08  2.37600E-08  0.00000E+00  2.80001E+01
  0.00000E+00  8.18300E-08  2.39200E-08  0.00000E+00  2.80001E+01
  0.00000E+00  5.61000E-08  2.38600E-08  0.00000E+00  2.80001E+01
  0.00000E+00  7.12300E-08  2.43100E-08  0.00000E+00  2.80001E+01
  0.00000E+00  3.48600E-08  2.37600E-08  0.00000E+00  2.80001E+01
  0.00000E+00  2.94400E-08  2.38900E-08  0.00000E+00  2.80001E+01
  0.00000E+00  1.78400E-08  2.39700E-08  0.00000E+00  2.80001E+01
  0.00000E+00  1.15600E-07  2.56600E-08  0.00000E+00  2.80001E+01
  0.00000E+00  1.32600E-08  2.44300E-08  0.00000E+00  2.80001E+01
  0.00000E+00  3.18200E-07  2.81800E-08  0.00000E+00  2.80001E+01
  0.00000E+00  6.08900E-08  2.57800E-08  0.00000E+00  2.80001E+01
  0.00000E+00  3.12900E-07  2.84600E-08  0.00000E+00  2.80001E+01
  0.00000E+00  3.21900E-08  2.57600E-08  0.00000E+00  2.80001E+01
  0.00000E+00  1.52500E-07  2.76500E-08  0.00000E+00  2.80001E+01
  0.00000E+00  1.54600E-07  2.82100E-08  0.00000E+00  2.80001E+01
  0.00000E+00  2.17600E-07  2.95700E-08  0.00000E+00  2.80001E+01
  0.00000E+00  8.56900E-08  2.75100E-08  0.00000E+00  2.80001E+01
  0.00000E+00  9.42100E-08  2.77900E-08  0.00000E+00  2.80001E+01
  0.00000E+00 -1.60900E-07  2.56900E-08  0.00000E+00  2.80001E+01
  0.00000E+00 -1.14700E-06  1.20900E-08  0.00000E+00  2.80001E+01
  0.00000E+00 -1.18560E-06  1.20100E-08  0.00000E+00  2.80001E+01
  0.00000E+00 -1.22320E-06  1.08800E-08  0.00000E+00  2.80001E+01
  0.00000E+00 -1.21780E-06  7.55400E-09  0.00000E+00  2.80001E+01
  0.00000E+00 -1.17060E-06  6.26700E-09  0.00000E+00  2.80001E+01
  0.00000E+00 -1.03200E-06  5.81400E-09  0.00000E+00  2.80001E+01
  0.00000E+00  0.00000E+00  0.00000E+00  0.00000E+00  2.80001E+01
  0.00000E+00  0.00000E+00  0.00000E+00  0.00000E+00  2.80001E+01
  0.00000E+00  0.00000E+00  0.00000E+00  0.00000E+00  2.80001E+01
  0.00000E+00  0.00000E+00  0.00000E+00  0.00000E+00  2.80001E+01
  0.00000E+00  0.00000E+00  0.00000E+00  0.00000E+00  2.80001E+01
  0.00000E+00  0.00000E+00  0.00000E+00  0.00000E+00  2.80001E+01
  0.00000E+00  0.00000E+00  0.00000E+00  0.00000E+00  2.80001E+01
  0.00000E+00  0.00000E+00  0.00000E+00  0.00000E+00  2.80001E+01
  0.00000E+00  0.00000E+00  0.00000E+00  0.00000E+00  2.80001E+01
  0.00000E+00  0.00000E+00  0.00000E+00  0.00000E+00  2.80001E+01
  0.00000E+00  0.00000E+00  0.00000E+00  0.00000E+00  2.80001E+01
  0.00000E+00  0.00000E+00  0.00000E+00  0.00000E+00  2.80001E+01
  0.00000E+00  0.00000E+00  0.00000E+00  0.00000E+00  2.80001E+01
  0.00000E+00  0.00000E+00  0.00000E+00  0.00000E+00  2.80001E+01
  0.00000E+00  0.00000E+00  0.00000E+00  0.00000E+00  2.80001E+01
  0.00000E+00  0.00000E+00  0.00000E+00  0.00000E+00  2.80001E+01
  0.00000E+00  0.00000E+00  0.00000E+00  0.00000E+00  2.80001E+01
  0.00000E+00  0.00000E+00  0.00000E+00  0.00000E+00  2.80001E+01
  0.00000E+00  0.00000E+00  0.00000E+00  0.00000E+00  2.80001E+01
  0.00000E+00  0.00000E+00  0.00000E+00  0.00000E+00  2.80001E+01
  0.00000E+00  0.00000E+00  0.00000E+00  0.00000E+00  2.80001E+01
  0.00000E+00  0.00000E+00  0.00000E+00  0.00000E+00  2.80001E+01
  0.00000E+00  0.00000E+00  0.00000E+00  0.00000E+00  2.80001E+01
  0.00000E+00  0.00000E+00  0.00000E+00  0.00000E+00  2.80001E+01
  0.00000E+00  0.00000E+00  0.00000E+00  0.00000E+00  2.80001E+01
  0.00000E+00  0.00000E+00  0.00000E+00  0.00000E+00  2.80001E+01
  0.00000E+00  0.00000E+00  0.00000E+00  0.00000E+00  2.80001E+01
  0.00000E+00  0.00000E+00  0.00000E+00  0.00000E+00  2.80001E+01
  0.00000E+00  0.00000E+00  0.00000E+00  0.00000E+00  2.80001E+01
  0.00000E+00  0.00000E+00  0.00000E+00  0.00000E+00  2.80001E+01
  0.00000E+00  0.00000E+00  0.00000E+00  0.00000E+00  2.80001E+01
  0.00000E+00  0.00000E+00  0.00000E+00  0.00000E+00  2.80001E+01
  0.00000E+00  0.00000E+00  0.00000E+00  0.00000E+00  2.80001E+01
  0.00000E+00  0.00000E+00  0.00000E+00  0.00000E+00  2.80001E+01
  0.00000E+00  0.00000E+00  0.00000E+00  0.00000E+00  2.80001E+01
  0.00000E+00  0.00000E+00  0.00000E+00  0.00000E+00  2.80001E+01
  0.00000E+00  0.00000E+00  0.00000E+00  0.00000E+00  2.80001E+01
  0.00000E+00  0.00000E+00  0.00000E+00  0.00000E+00  2.80001E+01
  0.00000E+00  0.00000E+00  0.00000E+00  0.00000E+00  2.80001E+01
  0.00000E+00  0.00000E+00  0.00000E+00  0.00000E+00  2.80001E+01
  0.00000E+00  0.00000E+00  0.00000E+00  0.00000E+00  2.80001E+01
  0.00000E+00  0.00000E+00  0.00000E+00  0.00000E+00  2.80001E+01
  0.00000E+00  0.00000E+00  0.00000E+00  0.00000E+00  2.80001E+01
  0.00000E+00  0.00000E+00  0.00000E+00  0.00000E+00  2.80001E+01
  0.00000E+00  0.00000E+00  0.00000E+00  0.00000E+00  2.80001E+01
  0.00000E+00  0.00000E+00  0.00000E+00  0.00000E+00  2.80001E+01
  0.00000E+00  0.00000E+00  0.00000E+00  0.00000E+00  2.80001E+01
  0.00000E+00  0.00000E+00  0.00000E+00  0.00000E+00  2.80001E+01
  0.00000E+00  0.00000E+00  0.00000E+00  0.00000E+00  2.80001E+01
  0.00000E+00  0.00000E+00  0.00000E+00  0.00000E+00  2.80001E+01
  0.00000E+00  0.00000E+00  0.00000E+00  0.00000E+00  2.80001E+01
  0.00000E+00  0.00000E+00  0.00000E+00  0.00000E+00  2.80001E+01
  0.00000E+00  0.00000E+00  0.00000E+00  0.00000E+00  2.80001E+01
  0.00000E+00  0.00000E+00  0.00000E+00  0.00000E+00  2.80001E+01
  0.00000E+00  0.00000E+00  0.00000E+00  0.00000E+00  2.80001E+01
  0.00000E+00  0.00000E+00  0.00000E+00  0.00000E+00  2.80001E+01
  0.00000E+00  0.00000E+00  0.00000E+00  0.00000E+00  2.80001E+01
  0.00000E+00  0.00000E+00  0.00000E+00  0.00000E+00  2.80001E+01
  0.00000E+00  0.00000E+00  0.00000E+00  0.00000E+00  2.80001E+01
  0.00000E+00  0.00000E+00  0.00000E+00  0.00000E+00  2.80001E+01
  0.00000E+00  0.00000E+00  0.00000E+00  0.00000E+00  2.80001E+01
  0.00000E+00  0.00000E+00  0.00000E+00  0.00000E+00  2.80001E+01
# Full reference:
#H.Otsu
#Thes. Thesis or dissertation Name.Otsu, 1995
#Study of reaction mechanisms for (p,n) and (p,p`) quasi elastic scatterings
