# Target Z    :  73
# Target A    : 181
# Target state:  
# Projectile  : p
# Reaction    : (p,xn)
# E-inc       :   22.000 MeV
# Quantity    : Double-differential cross section
# Frame       : L
# MF          :    6
# MT          :  201
# X4 ID       : A0068050 
# X4 code     : 73-TA-181(P,X)0-NN-1,,DA/DE
# Author      : Biryukov                 
# Year        : 1980
# Data points :     96
# E-out(MeV) xs(mb/MeV.sr) dxs(mb/MeV.sr) dE(MeV)      Evaluation  C/E(F)      Chi-2     Delta(mb)
  9.10000E-01  1.57410E-04  8.81000E-06  0.00000E+00  6.00001E+01
  1.03000E+00  1.41060E-04  7.88000E-06  0.00000E+00  6.00001E+01
  1.15000E+00  1.26900E-04  7.09000E-06  0.00000E+00  6.00001E+01
  1.29000E+00  1.16760E-04  6.52000E-06  0.00000E+00  6.00001E+01
  1.39000E+00  1.01550E-04  5.67000E-06  0.00000E+00  6.00001E+01
  1.51000E+00  9.23600E-05  5.16000E-06  0.00000E+00  6.00001E+01
  1.63000E+00  8.38100E-05  4.69000E-06  0.00000E+00  6.00001E+01
  1.75000E+00  7.25600E-05  4.06000E-06  0.00000E+00  6.00001E+01
  1.87000E+00  6.57500E-05  3.69000E-06  0.00000E+00  6.00001E+01
  1.99000E+00  5.78300E-05  3.24000E-06  0.00000E+00  6.00001E+01
  2.11000E+00  5.13300E-05  2.89000E-06  0.00000E+00  6.00001E+01
  2.22000E+00  4.57900E-05  2.58000E-06  0.00000E+00  6.00001E+01
  2.34000E+00  4.08700E-05  2.31000E-06  0.00000E+00  6.00001E+01
  2.47000E+00  3.66000E-05  2.07000E-06  0.00000E+00  6.00001E+01
  2.59000E+00  3.24800E-05  1.85000E-06  0.00000E+00  6.00001E+01
  2.71000E+00  2.85200E-05  1.63000E-06  0.00000E+00  6.00001E+01
  2.83000E+00  2.55100E-05  1.47000E-06  0.00000E+00  6.00001E+01
  2.95000E+00  2.32900E-05  1.34000E-06  0.00000E+00  6.00001E+01
  3.07000E+00  2.12300E-05  1.23000E-06  0.00000E+00  6.00001E+01
  3.19000E+00  1.88500E-05  1.10000E-06  0.00000E+00  6.00001E+01
  3.31000E+00  1.69500E-05  9.90000E-07  0.00000E+00  6.00001E+01
  3.44000E+00  1.49600E-05  8.80000E-07  0.00000E+00  6.00001E+01
  3.55000E+00  1.40800E-05  8.60000E-07  0.00000E+00  6.00001E+01
  3.67000E+00  1.24800E-05  7.30000E-07  0.00000E+00  6.00001E+01
  3.79000E+00  1.13000E-05  7.10000E-07  0.00000E+00  6.00001E+01
  3.90000E+00  1.04700E-05  6.50000E-07  0.00000E+00  6.00001E+01
  4.01000E+00  9.65000E-06  6.00000E-07  0.00000E+00  6.00001E+01
  4.12000E+00  8.86000E-06  5.60000E-07  0.00000E+00  6.00001E+01
  4.24000E+00  8.41000E-06  5.40000E-07  0.00000E+00  6.00001E+01
  4.36000E+00  7.75000E-06  5.00000E-07  0.00000E+00  6.00001E+01
  4.49000E+00  6.83000E-06  4.40000E-07  0.00000E+00  6.00001E+01
  4.63000E+00  6.51000E-06  4.20000E-07  0.00000E+00  6.00001E+01
  4.77000E+00  6.13000E-06  4.00000E-07  0.00000E+00  6.00001E+01
  4.88000E+00  6.29000E-06  4.10000E-07  0.00000E+00  6.00001E+01
  5.00000E+00  6.05000E-06  4.00000E-07  0.00000E+00  6.00001E+01
  5.11000E+00  5.67000E-06  3.90000E-07  0.00000E+00  6.00001E+01
  5.24000E+00  5.16000E-06  3.60000E-07  0.00000E+00  6.00001E+01
  5.36000E+00  4.37000E-06  3.00000E-07  0.00000E+00  6.00001E+01
  5.45000E+00  3.80000E-06  2.70000E-07  0.00000E+00  6.00001E+01
  5.59000E+00  3.74000E-06  2.70000E-07  0.00000E+00  6.00001E+01
  5.73000E+00  3.42000E-06  2.60000E-07  0.00000E+00  6.00001E+01
  5.82000E+00  3.01000E-06  2.30000E-07  0.00000E+00  6.00001E+01
  5.92000E+00  2.92000E-06  2.30000E-07  0.00000E+00  6.00001E+01
  6.08000E+00  2.92000E-06  2.30000E-07  0.00000E+00  6.00001E+01
  6.23000E+00  2.50000E-06  2.00000E-07  0.00000E+00  6.00001E+01
  6.34000E+00  2.80000E-06  2.20000E-07  0.00000E+00  6.00001E+01
  6.46000E+00  2.34000E-06  1.90000E-07  0.00000E+00  6.00001E+01
  6.57000E+00  2.42000E-06  2.00000E-07  0.00000E+00  6.00001E+01
  6.69000E+00  2.22000E-06  1.80000E-07  0.00000E+00  6.00001E+01
  6.81000E+00  2.23000E-06  1.80000E-07  0.00000E+00  6.00001E+01
  6.94000E+00  2.14000E-06  1.80000E-07  0.00000E+00  6.00001E+01
  7.07000E+00  2.09000E-06  1.80000E-07  0.00000E+00  6.00001E+01
  7.20000E+00  1.85000E-06  1.70000E-07  0.00000E+00  6.00001E+01
  7.34000E+00  1.95000E-06  1.80000E-07  0.00000E+00  6.00001E+01
  7.48000E+00  1.81000E-06  1.70000E-07  0.00000E+00  6.00001E+01
  7.62000E+00  1.87000E-06  1.80000E-07  0.00000E+00  6.00001E+01
  7.77000E+00  1.71000E-06  1.60000E-07  0.00000E+00  6.00001E+01
  7.92000E+00  1.53000E-06  1.50000E-07  0.00000E+00  6.00001E+01
  8.08000E+00  1.57000E-06  1.60000E-07  0.00000E+00  6.00001E+01
  8.24000E+00  1.46000E-06  1.50000E-07  0.00000E+00  6.00001E+01
  8.41000E+00  1.55000E-06  1.70000E-07  0.00000E+00  6.00001E+01
  8.58000E+00  1.51000E-06  1.70000E-07  0.00000E+00  6.00001E+01
  8.76000E+00  1.33000E-06  1.50000E-07  0.00000E+00  6.00001E+01
  8.94000E+00  1.34000E-06  1.50000E-07  0.00000E+00  6.00001E+01
  9.13000E+00  1.21000E-06  1.40000E-07  0.00000E+00  6.00001E+01
  9.33000E+00  1.15000E-06  1.50000E-07  0.00000E+00  6.00001E+01
  9.53000E+00  1.16000E-06  1.50000E-07  0.00000E+00  6.00001E+01
  9.74000E+00  1.15000E-06  1.60000E-07  0.00000E+00  6.00001E+01
  9.96000E+00  1.10000E-06  1.60000E-07  0.00000E+00  6.00001E+01
  1.02000E+01  1.09000E-06  1.60000E-07  0.00000E+00  6.00001E+01
  1.04000E+01  8.60000E-07  1.60000E-07  0.00000E+00  6.00001E+01
  1.06400E+01  9.90000E-07  1.90000E-07  0.00000E+00  6.00001E+01
  1.09000E+01  8.10000E-07  1.40000E-07  0.00000E+00  6.00001E+01
  1.11400E+01  9.20000E-07  2.00000E-07  0.00000E+00  6.00001E+01
  1.14000E+01  8.70000E-07  2.00000E-07  0.00000E+00  6.00001E+01
  1.17000E+01  7.80000E-07  1.70000E-07  0.00000E+00  6.00001E+01
  1.20000E+01  7.20000E-07  1.60000E-07  0.00000E+00  6.00001E+01
  1.22600E+01  7.50000E-07  1.60000E-07  0.00000E+00  6.00001E+01
  1.25700E+01  6.30000E-07  1.40000E-07  0.00000E+00  6.00001E+01
  1.28800E+01  6.20000E-07  1.40000E-07  0.00000E+00  6.00001E+01
  1.32000E+01  6.50000E-07  1.40000E-07  0.00000E+00  6.00001E+01
  1.36000E+01  5.80000E-07  1.30000E-07  0.00000E+00  6.00001E+01
  1.39100E+01  5.50000E-07  1.20000E-07  0.00000E+00  6.00001E+01
  1.42800E+01  5.40000E-07  1.20000E-07  0.00000E+00  6.00001E+01
  1.46700E+01  5.20000E-07  1.20000E-07  0.00000E+00  6.00001E+01
  1.50700E+01  4.50000E-07  1.00000E-07  0.00000E+00  6.00001E+01
  1.54900E+01  3.90000E-07  9.00000E-08  0.00000E+00  6.00001E+01
  1.59300E+01  3.80000E-07  9.00000E-08  0.00000E+00  6.00001E+01
  1.63800E+01  3.70000E-07  8.00000E-08  0.00000E+00  6.00001E+01
  1.68600E+01  2.90000E-07  7.00000E-08  0.00000E+00  6.00001E+01
  1.73500E+01  2.90000E-07  7.00000E-08  0.00000E+00  6.00001E+01
  1.78700E+01  1.60000E-07  4.00000E-08  0.00000E+00  6.00001E+01
  1.84000E+01  1.30000E-07  4.00000E-08  0.00000E+00  6.00001E+01
  1.90000E+01  9.00000E-08  3.00000E-08  0.00000E+00  6.00001E+01
  1.96000E+01  4.00000E-08  2.00000E-08  0.00000E+00  6.00001E+01
  2.02000E+01  2.00000E-08  2.00000E-08  0.00000E+00  6.00001E+01
# Full reference:
#N.S.Biryukov, B.V.Zhuravlev, A.P.Rudenko, O.A.Salnikov, V.I.Trykova
#Jour. Yadernaya Fizika Vol.31, Issue.3, p.561, 1980
#Direct and equilibrium processes in (p,n) reactions at proton energy of 22.2 MeV
