# Target Z    :  73
# Target A    : 181
# Target state:  
# Projectile  : p
# Reaction    : (p,xn)
# E-inc       :    6.000 MeV
# Quantity    : Differential cross section
# Frame       : L
# MF          :    5
# MT          :  201
# X4 ID       : A0077002 
# X4 code     : 73-TA-181(P,X)0-NN-1,,DE
# Author      : Kotelnikova              
# Year        : 1980
# Data points :    277
# E-out(MeV)  xs(mb/MeV)  dxs(mb/MeV)     dE(MeV)      Evaluation  C/E(F)      Chi-2     Delta(mb)
  7.62000E-01  1.95000E-06  7.80000E-08  0.00000E+00
  8.36000E-01  1.79000E-06  7.16000E-08  0.00000E+00
  9.10000E-01  1.66000E-06  6.64000E-08  0.00000E+00
  9.86000E-01  1.46000E-06  5.84000E-08  0.00000E+00
  1.06000E+00  1.38000E-06  5.52000E-08  0.00000E+00
  1.14000E+00  1.25000E-06  5.00000E-08  0.00000E+00
  1.21000E+00  1.14000E-06  4.56000E-08  0.00000E+00
  1.29000E+00  9.87000E-07  3.94800E-08  0.00000E+00
  1.36000E+00  9.16000E-07  3.66400E-08  0.00000E+00
  1.44000E+00  8.37000E-07  3.34800E-08  0.00000E+00
  1.52000E+00  7.28000E-07  2.91200E-08  0.00000E+00
  1.59000E+00  6.72000E-07  2.68800E-08  0.00000E+00
  1.66000E+00  6.30000E-07  2.52000E-08  0.00000E+00
  1.74000E+00  5.99000E-07  2.39600E-08  0.00000E+00
  1.81000E+00  5.58000E-07  2.23200E-08  0.00000E+00
  1.89000E+00  5.08000E-07  2.03200E-08  0.00000E+00
  1.96000E+00  4.56000E-07  1.82400E-08  0.00000E+00
  2.03000E+00  3.97000E-07  1.59900E-08  0.00000E+00
  2.11000E+00  3.69000E-07  1.47600E-08  0.00000E+00
  2.19000E+00  3.23000E-07  1.51800E-08  0.00000E+00
  2.26000E+00  2.80000E-07  1.29900E-08  0.00000E+00
  2.34000E+00  2.53000E-07  1.17300E-08  0.00000E+00
  2.41000E+00  2.27000E-07  1.20900E-08  0.00000E+00
  2.48000E+00  1.98000E-07  1.14200E-08  0.00000E+00
  2.55000E+00  1.64000E-07  1.02000E-08  0.00000E+00
  2.63000E+00  1.48000E-07  9.41200E-09  0.00000E+00
  2.70000E+00  1.33000E-07  8.83100E-09  0.00000E+00
  2.78000E+00  1.23000E-07  8.30200E-09  0.00000E+00
  2.87000E+00  9.88000E-08  7.83400E-09  0.00000E+00
  2.94000E+00  9.22000E-08  8.55600E-09  0.00000E+00
  3.02000E+00  8.93000E-08  7.75100E-09  0.00000E+00
  3.10000E+00  7.51000E-08  7.96000E-09  0.00000E+00
  3.16000E+00  6.57000E-08  7.94900E-09  0.00000E+00
  3.23000E+00  5.84000E-08  7.53300E-09  0.00000E+00
  3.30000E+00  5.47000E-08  7.16500E-09  0.00000E+00
  3.37000E+00  5.18000E-08  6.88900E-09  0.00000E+00
  3.45000E+00  4.10000E-08  6.27300E-09  0.00000E+00
  3.52000E+00  3.40000E-08  5.71200E-09  0.00000E+00
  3.60000E+00  2.90000E-08  5.30700E-09  0.00000E+00
  3.68000E+00  2.34000E-08  4.86700E-09  0.00000E+00
  3.77000E+00  1.56000E-08  4.30500E-09  0.00000E+00
  3.83000E+00  1.63000E-08  4.23800E-09  0.00000E+00
  3.90000E+00  1.55000E-08  4.09200E-09  0.00000E+00
  4.00000E+00  1.42000E-08  3.97600E-09  0.00000E+00
  4.07000E+00  1.28000E-08  3.85200E-09  0.00000E+00
  4.14000E+00  1.19000E-08  3.59300E-09  0.00000E+00
  4.22000E+00  7.94000E-09  3.21500E-09  0.00000E+00
  4.29000E+00  8.93000E-09  3.23200E-09  0.00000E+00
  4.38000E+00  6.83000E-09  2.96400E-09  0.00000E+00
  4.43000E+00  5.93000E-09  2.84000E-09  0.00000E+00
  4.51000E+00  4.33000E-09  2.69700E-09  0.00000E+00
  4.60000E+00  2.87000E-09  2.48500E-09  0.00000E+00
  4.66000E+00  4.59000E-09  2.58400E-09  0.00000E+00
  4.72000E+00  2.74000E-09  2.44600E-09  0.00000E+00
  4.81000E+00  2.54000E-09  2.36700E-09  0.00000E+00
  4.91000E+00  6.55000E-10  2.10900E-09  0.00000E+00
  7.84000E-01  1.07000E-05  4.28000E-07  0.00000E+00
  8.73000E-01  9.72000E-06  3.88800E-07  0.00000E+00
  9.64000E-01  8.59000E-06  3.43600E-07  0.00000E+00
  1.06000E+00  7.60000E-06  3.04000E-07  0.00000E+00
  1.15000E+00  6.80000E-06  2.72000E-07  0.00000E+00
  1.23000E+00  6.09000E-06  2.43600E-07  0.00000E+00
  1.32000E+00  5.46000E-06  2.18400E-07  0.00000E+00
  1.41000E+00  4.93000E-06  1.97200E-07  0.00000E+00
  1.51000E+00  4.39000E-06  1.75600E-07  0.00000E+00
  1.60000E+00  3.93000E-06  1.57200E-07  0.00000E+00
  1.68000E+00  3.49000E-06  1.39600E-07  0.00000E+00
  1.77000E+00  3.08000E-06  1.23200E-07  0.00000E+00
  1.86000E+00  2.75000E-06  1.10000E-07  0.00000E+00
  1.95000E+00  2.39000E-06  9.56000E-08  0.00000E+00
  2.04000E+00  2.09000E-06  8.36000E-08  0.00000E+00
  2.13000E+00  1.80000E-06  7.20000E-08  0.00000E+00
  2.23000E+00  1.56000E-06  6.24000E-08  0.00000E+00
  2.32000E+00  1.36000E-06  5.44000E-08  0.00000E+00
  2.40000E+00  1.21000E-06  4.84000E-08  0.00000E+00
  2.49000E+00  1.05000E-06  4.20000E-08  0.00000E+00
  2.59000E+00  8.89000E-07  3.55600E-08  0.00000E+00
  2.68000E+00  7.93000E-07  3.17200E-08  0.00000E+00
  2.76000E+00  7.17000E-07  2.86800E-08  0.00000E+00
  2.85000E+00  6.37000E-07  2.54800E-08  0.00000E+00
  2.96000E+00  5.26000E-07  2.10400E-08  0.00000E+00
  3.05000E+00  4.54000E-07  1.81600E-08  0.00000E+00
  3.13000E+00  4.00000E-07  1.80000E-08  0.00000E+00
  3.21000E+00  3.67000E-07  1.54800E-08  0.00000E+00
  3.30000E+00  3.16000E-07  1.52000E-08  0.00000E+00
  3.39000E+00  2.78000E-07  1.28100E-08  0.00000E+00
  3.48000E+00  2.29000E-07  1.29300E-08  0.00000E+00
  3.56000E+00  1.96000E-07  1.18900E-08  0.00000E+00
  3.66000E+00  1.58000E-07  8.99000E-09  0.00000E+00
  3.77000E+00  1.32000E-07  9.29200E-09  0.00000E+00
  3.86000E+00  1.14000E-07  8.99400E-09  0.00000E+00
  3.95000E+00  9.52000E-08  8.19600E-09  0.00000E+00
  4.04000E+00  8.37000E-08  7.59100E-09  0.00000E+00
  4.12000E+00  6.75000E-08  6.95200E-09  0.00000E+00
  4.19000E+00  6.70000E-08  6.83400E-09  0.00000E+00
  4.29000E+00  5.29000E-08  6.08300E-09  0.00000E+00
  4.40000E+00  4.27000E-08  5.46500E-09  0.00000E+00
  4.49000E+00  4.23000E-08  5.28700E-09  0.00000E+00
  4.57000E+00  3.05000E-08  4.72700E-09  0.00000E+00
  4.66000E+00  2.01000E-08  4.16000E-09  0.00000E+00
  4.75000E+00  1.22000E-08  3.66000E-09  0.00000E+00
  4.84000E+00  1.18000E-08  3.56300E-09  0.00000E+00
  4.91000E+00  1.35000E-08  3.60400E-09  0.00000E+00
  5.00000E+00  1.46000E-08  3.59100E-09  0.00000E+00
  5.11000E+00  1.10000E-08  3.37700E-09  0.00000E+00
  5.17000E+00  1.22000E-08  3.47700E-09  0.00000E+00
  5.28000E+00  1.18000E-08  3.36300E-09  0.00000E+00
  5.39000E+00  1.05000E-08  3.23400E-09  0.00000E+00
  5.47000E+00  1.04000E-08  3.19200E-09  0.00000E+00
  5.54000E+00  5.88000E-09  2.86900E-09  0.00000E+00
  5.62000E+00  4.57000E-09  2.81900E-09  0.00000E+00
  5.70000E+00  4.48000E-09  2.77300E-09  0.00000E+00
  8.08000E-01  4.11000E-05  1.64400E-06  0.00000E+00
  9.16000E-01  3.54000E-05  1.41600E-06  0.00000E+00
  1.02000E+00  3.00000E-05  1.20000E-06  0.00000E+00
  1.13000E+00  2.62000E-05  1.04800E-06  0.00000E+00
  1.24000E+00  2.24000E-05  8.96000E-07  0.00000E+00
  1.35000E+00  1.97000E-05  7.88000E-07  0.00000E+00
  1.45000E+00  1.77000E-05  7.08000E-07  0.00000E+00
  1.56000E+00  1.56000E-05  6.24000E-07  0.00000E+00
  1.66000E+00  1.36000E-05  5.44000E-07  0.00000E+00
  1.77000E+00  1.19000E-05  4.76000E-07  0.00000E+00
  1.88000E+00  1.02000E-05  4.08000E-07  0.00000E+00
  1.98000E+00  8.64000E-06  3.45600E-07  0.00000E+00
  2.09000E+00  7.39000E-06  2.95600E-07  0.00000E+00
  2.20000E+00  6.30000E-06  2.52000E-07  0.00000E+00
  2.31000E+00  5.25000E-06  2.10000E-07  0.00000E+00
  2.41000E+00  4.32000E-06  1.72800E-07  0.00000E+00
  2.52000E+00  3.62000E-06  1.44800E-07  0.00000E+00
  2.63000E+00  3.05000E-06  1.22000E-07  0.00000E+00
  2.74000E+00  2.52000E-06  1.00800E-07  0.00000E+00
  2.85000E+00  2.12000E-06  8.48000E-08  0.00000E+00
  2.96000E+00  1.82000E-06  7.28000E-08  0.00000E+00
  3.05000E+00  1.54000E-06  6.16000E-08  0.00000E+00
  3.16000E+00  1.31000E-06  5.24000E-08  0.00000E+00
  3.28000E+00  1.05000E-06  4.20000E-08  0.00000E+00
  3.39000E+00  9.11000E-07  3.64400E-08  0.00000E+00
  3.48000E+00  8.10000E-07  3.24000E-08  0.00000E+00
  3.58000E+00  6.71000E-07  2.68400E-08  0.00000E+00
  3.71000E+00  5.50000E-07  2.20000E-08  0.00000E+00
  3.81000E+00  4.87000E-07  2.11300E-08  0.00000E+00
  3.90000E+00  4.10000E-07  1.91800E-08  0.00000E+00
  4.02000E+00  3.33000E-07  1.40800E-08  0.00000E+00
  4.14000E+00  2.68000E-07  1.50600E-08  0.00000E+00
  4.24000E+00  2.13000E-07  1.41200E-08  0.00000E+00
  4.35000E+00  1.79000E-07  1.27600E-08  0.00000E+00
  4.46000E+00  1.48000E-07  1.15400E-08  0.00000E+00
  4.57000E+00  1.12000E-07  1.02500E-08  0.00000E+00
  4.66000E+00  9.23000E-08  9.32200E-09  0.00000E+00
  4.75000E+00  7.31000E-08  8.47900E-09  0.00000E+00
  4.87000E+00  5.77000E-08  7.73100E-09  0.00000E+00
  4.97000E+00  4.92000E-08  7.18300E-09  0.00000E+00
  5.07000E+00  3.93000E-08  6.68100E-09  0.00000E+00
  5.21000E+00  2.52000E-08  5.97200E-09  0.00000E+00
  5.32000E+00  2.19000E-08  5.78100E-09  0.00000E+00
  5.39000E+00  1.96000E-08  5.52700E-09  0.00000E+00
  5.50000E+00  2.18000E-08  5.47100E-09  0.00000E+00
  5.62000E+00  1.99000E-08  5.43200E-09  0.00000E+00
  5.74000E+00  1.35000E-08  5.08900E-09  0.00000E+00
  5.86000E+00  1.76000E-08  5.03300E-09  0.00000E+00
  5.95000E+00  1.26000E-08  4.61100E-09  0.00000E+00
  6.04000E+00  1.39000E-08  4.53100E-09  0.00000E+00
  6.13000E+00  1.15000E-08  4.23200E-09  0.00000E+00
  6.26000E+00  4.61000E-09  3.81200E-09  0.00000E+00
  6.40000E+00  1.28000E-09  3.53200E-09  0.00000E+00
  8.37000E-01  7.73000E-05  3.09200E-06  0.00000E+00
  9.64000E-01  6.81000E-05  2.72400E-06  0.00000E+00
  1.09000E+00  5.99000E-05  2.39600E-06  0.00000E+00
  1.22000E+00  5.13000E-05  2.05200E-06  0.00000E+00
  1.35000E+00  4.51000E-05  1.80400E-06  0.00000E+00
  1.48000E+00  4.06000E-05  1.62400E-06  0.00000E+00
  1.60000E+00  3.58000E-05  1.43200E-06  0.00000E+00
  1.73000E+00  3.14000E-05  1.25600E-06  0.00000E+00
  1.86000E+00  2.72000E-05  1.08800E-06  0.00000E+00
  1.98000E+00  2.28000E-05  9.12000E-07  0.00000E+00
  2.11000E+00  1.92000E-05  7.68000E-07  0.00000E+00
  2.24000E+00  1.63000E-05  6.52000E-07  0.00000E+00
  2.36000E+00  1.36000E-05  5.44000E-07  0.00000E+00
  2.49000E+00  1.11000E-05  4.44000E-07  0.00000E+00
  2.63000E+00  9.44000E-06  3.77600E-07  0.00000E+00
  2.74000E+00  8.16000E-06  3.26400E-07  0.00000E+00
  2.87000E+00  6.85000E-06  2.74000E-07  0.00000E+00
  3.00000E+00  5.75000E-06  2.30000E-07  0.00000E+00
  3.13000E+00  4.84000E-06  1.93600E-07  0.00000E+00
  3.26000E+00  4.02000E-06  1.60800E-07  0.00000E+00
  3.39000E+00  3.43000E-06  1.37200E-07  0.00000E+00
  3.50000E+00  2.94000E-06  1.17600E-07  0.00000E+00
  3.62000E+00  2.49000E-06  9.96000E-08  0.00000E+00
  3.75000E+00  2.10000E-06  8.40000E-08  0.00000E+00
  3.88000E+00  1.73000E-06  6.92000E-08  0.00000E+00
  4.02000E+00  1.43000E-06  5.72000E-08  0.00000E+00
  4.14000E+00  1.23000E-06  5.01800E-08  0.00000E+00
  4.27000E+00  1.03000E-06  4.12000E-08  0.00000E+00
  4.40000E+00  8.33000E-07  3.97300E-08  0.00000E+00
  4.51000E+00  7.29000E-07  3.72500E-08  0.00000E+00
  4.63000E+00  6.39000E-07  3.41200E-08  0.00000E+00
  4.75000E+00  5.44000E-07  3.08400E-08  0.00000E+00
  4.87000E+00  4.77000E-07  2.80900E-08  0.00000E+00
  5.00000E+00  4.07000E-07  2.53900E-08  0.00000E+00
  5.14000E+00  3.60000E-07  2.35800E-08  0.00000E+00
  5.28000E+00  2.78000E-07  2.05100E-08  0.00000E+00
  5.43000E+00  2.20000E-07  1.79000E-08  0.00000E+00
  5.54000E+00  1.93000E-07  1.67700E-08  0.00000E+00
  5.66000E+00  1.59000E-07  1.53900E-08  0.00000E+00
  5.78000E+00  1.08000E-07  1.29600E-08  0.00000E+00
  5.91000E+00  8.09000E-08  1.11600E-08  0.00000E+00
  6.04000E+00  5.63000E-08  9.62700E-09  0.00000E+00
  6.17000E+00  4.28000E-08  8.56000E-09  0.00000E+00
  6.31000E+00  4.17000E-08  8.29800E-09  0.00000E+00
  6.40000E+00  3.53000E-08  8.01300E-09  0.00000E+00
  6.55000E+00  3.08000E-08  7.66900E-09  0.00000E+00
  6.70000E+00  2.07000E-08  7.12000E-09  0.00000E+00
  6.81000E+00  2.64000E-08  7.52400E-09  0.00000E+00
  6.91000E+00  3.02000E-08  7.61000E-09  0.00000E+00
  7.02000E+00  2.61000E-08  7.28100E-09  0.00000E+00
  7.19000E+00  2.06000E-08  6.79800E-09  0.00000E+00
  7.37000E+00  3.54000E-09  5.66400E-09  0.00000E+00
  7.49000E+00  1.52000E-09  5.36500E-09  0.00000E+00
  7.61000E+00  7.87000E-09  5.58700E-09  0.00000E+00
  7.74000E+00  2.44000E-09  5.17200E-09  0.00000E+00
  7.87000E+00  7.99000E-09  5.36100E-09  0.00000E+00
  8.62000E-01  2.19000E-04  8.76000E-06  0.00000E+00
  1.01000E+00  1.91000E-04  7.64000E-06  0.00000E+00
  1.15000E+00  1.63000E-04  6.52000E-06  0.00000E+00
  1.30000E+00  1.36000E-04  5.44000E-06  0.00000E+00
  1.44000E+00  1.15000E-04  4.60000E-06  0.00000E+00
  1.59000E+00  9.45000E-05  3.78000E-06  0.00000E+00
  1.73000E+00  7.74000E-05  3.09600E-06  0.00000E+00
  1.87000E+00  6.26000E-05  2.50400E-06  0.00000E+00
  2.02000E+00  4.98000E-05  1.99200E-06  0.00000E+00
  2.16000E+00  4.06000E-05  1.62400E-06  0.00000E+00
  2.31000E+00  3.31000E-05  1.32400E-06  0.00000E+00
  2.45000E+00  2.74000E-05  1.09600E-06  0.00000E+00
  2.59000E+00  2.30000E-05  9.20000E-07  0.00000E+00
  2.73000E+00  1.97000E-05  7.88000E-07  0.00000E+00
  2.87000E+00  1.66000E-05  6.64000E-07  0.00000E+00
  3.02000E+00  1.38000E-05  5.52000E-07  0.00000E+00
  3.16000E+00  1.16000E-05  4.64000E-07  0.00000E+00
  3.30000E+00  9.85000E-06  3.94000E-07  0.00000E+00
  3.45000E+00  8.33000E-06  3.33200E-07  0.00000E+00
  3.60000E+00  6.92000E-06  2.76800E-07  0.00000E+00
  3.75000E+00  5.95000E-06  2.38000E-07  0.00000E+00
  3.88000E+00  5.13000E-06  2.05200E-07  0.00000E+00
  4.02000E+00  4.38000E-06  1.75200E-07  0.00000E+00
  4.17000E+00  3.82000E-06  1.52800E-07  0.00000E+00
  4.32000E+00  3.28000E-06  1.31200E-07  0.00000E+00
  4.46000E+00  2.81000E-06  1.12400E-07  0.00000E+00
  4.60000E+00  2.44000E-06  9.76000E-08  0.00000E+00
  4.75000E+00  2.10000E-06  8.40000E-08  0.00000E+00
  4.87000E+00  1.83000E-06  7.32000E-08  0.00000E+00
  5.04000E+00  1.54000E-06  6.16000E-08  0.00000E+00
  5.21000E+00  1.29000E-06  5.31400E-08  0.00000E+00
  5.35000E+00  1.09000E-06  4.74100E-08  0.00000E+00
  5.50000E+00  9.28000E-07  4.24100E-08  0.00000E+00
  5.62000E+00  8.48000E-07  3.99400E-08  0.00000E+00
  5.74000E+00  7.22000E-07  3.61000E-08  0.00000E+00
  5.91000E+00  6.17000E-07  3.24500E-08  0.00000E+00
  6.04000E+00  5.61000E-07  2.96200E-08  0.00000E+00
  6.17000E+00  4.84000E-07  2.66200E-08  0.00000E+00
  6.36000E+00  3.93000E-07  2.31800E-08  0.00000E+00
  6.50000E+00  3.55000E-07  2.21100E-08  0.00000E+00
  6.60000E+00  3.01000E-07  2.04900E-08  0.00000E+00
  6.76000E+00  2.36000E-07  1.83100E-08  0.00000E+00
  6.91000E+00  1.87000E-07  1.64500E-08  0.00000E+00
  7.02000E+00  1.61000E-07  1.52100E-08  0.00000E+00
  7.19000E+00  1.01000E-07  1.27200E-08  0.00000E+00
  7.37000E+00  7.84000E-08  1.17600E-08  0.00000E+00
  7.49000E+00  6.79000E-08  1.10600E-08  0.00000E+00
  7.61000E+00  4.93000E-08  1.01500E-08  0.00000E+00
  7.74000E+00  3.26000E-08  9.35600E-09  0.00000E+00
  7.87000E+00  4.32000E-08  9.54700E-09  0.00000E+00
  8.07000E+00  3.50000E-08  8.96000E-09  0.00000E+00
  8.27000E+00  3.03000E-08  8.45300E-09  0.00000E+00
  8.42000E+00  3.86000E-08  8.60700E-09  0.00000E+00
  8.56000E+00  1.96000E-08  7.68300E-09  0.00000E+00
  8.71000E+00  1.42000E-08  7.24200E-09  0.00000E+00
  8.87000E+00  7.48000E-09  6.78400E-09  0.00000E+00
# Full reference:
#G.V.Kotelnikova,  G.N.Lovchikova,  O.A.Salnikov, S.P.Simakov,  A.M.Trufanov,  N.I.Fetisov
#Jour. Yadernaya Fizika Vol.31, p.1127, 1980
#Mechanism of Ta-181(P,N)W-181 reaction at proton energies below 10 MeV.
