$SPEC_ID:
22 1 23 ba133 drift test 1000secs ME
$SPEC_REM:
DET# 1
DETDESC# PHY-CSXP153 Easy-MCA-8k SN 12241568
AP# Maestro Version 7.01
$DATE_MEA:
01/23/2023 10:16:45
$MEAS_TIM:
1598 1626
$DATA:
0 8191
       0
       0
       0
       0
       0
       0
       0
       0
       1
       4
       0
       1
       0
       0
       0
       0
       0
       0
       1
       0
       0
       0
       0
       0
       0
       0
       0
       0
       0
       0
       0
       0
       0
       0
       0
       0
       0
       0
       0
       0
       0
       0
       0
       0
       0
       0
       0
       0
       0
       0
       0
       0
       0
       0
       0
       0
       0
       0
       0
       0
       0
       0
       2
      16
      26
     289
    1358
    1507
    1452
    1576
    1515
    1505
    1483
    1503
    1453
    1502
    1489
    1473
    1425
    1453
    1415
    1394
    1483
    1476
    1451
    1409
    1460
    1471
    1445
    1446
    1380
    1420
    1403
    1361
    1417
    1390
    1410
    1337
    1361
    1397
    1384
    1375
    1351
    1447
    1381
    1366
    1304
    1366
    1424
    1348
    1379
    1356
    1399
    1370
    1359
    1390
    1406
    1306
    1367
    1347
    1387
    1327
    1290
    1315
    1359
    1352
    1431
    1320
    1416
    1394
    1357
    1319
    1359
    1320
    1366
    1327
    1354
    1319
    1291
    1393
    1367
    1375
    1378
    1387
    1431
    1364
    1401
    1465
    1379
    1467
    1419
    1450
    1388
    1492
    1399
    1490
    1513
    1505
    1513
    1435
    1448
    1508
    1563
    1530
    1578
    1556
    1574
    1586
    1630
    1702
    1972
    2446
    3041
    3049
    2903
    2913
    3385
    4066
    4322
    3753
    2924
    2129
    1845
    1624
    1552
    1471
    1447
    1407
    1388
    1405
    1403
    1404
    1405
    1447
    1450
    1404
    1445
    1514
    1616
    1983
    2592
    2776
    2816
    2517
    2094
    1922
    1779
    1859
    1880
    1711
    1560
    1433
    1372
    1394
    1384
    1263
    1354
    1355
    1289
    1318
    1396
    1371
    1294
    1312
    1323
    1337
    1282
    1374
    1346
    1377
    1288
    1248
    1326
    1333
    1308
    1341
    1353
    1309
    1300
    1345
    1356
    1292
    1294
    1358
    1334
    1260
    1364
    1316
    1311
    1355
    1327
    1275
    1306
    1355
    1281
    1230
    1348
    1318
    1367
    1285
    1286
    1258
    1340
    1273
    1351
    1308
    1318
    1323
    1347
    1321
    1285
    1341
    1311
    1343
    1327
    1326
    1349
    1382
    1304
    1365
    1352
    1344
    1430
    1312
    1308
    1358
    1325
    1377
    1338
    1379
    1515
    1547
    1548
    1468
    1437
    1457
    1385
    1366
    1397
    1375
    1421
    1367
    1352
    1370
    1347
    1396
    1452
    1308
    1434
    1404
    1420
    1359
    1370
    1396
    1320
    1352
    1359
    1404
    1269
    1354
    1390
    1327
    1398
    1361
    1403
    1364
    1403
    1417
    1413
    1341
    1370
    1353
    1340
    1384
    1433
    1333
    1426
    1341
    1338
    1323
    1475
    1429
    1335
    1388
    1417
    1410
    1400
    1386
    1417
    1364
    1455
    1396
    1478
    1396
    1360
    1414
    1409
    1398
    1401
    1355
    1349
    1341
    1444
    1359
    1387
    1382
    1420
    1396
    1376
    1362
    1380
    1416
    1331
    1401
    1366
    1379
    1389
    1357
    1345
    1382
    1397
    1387
    1426
    1379
    1421
    1341
    1433
    1399
    1404
    1418
    1449
    1421
    1381
    1354
    1381
    1383
    1434
    1443
    1396
    1402
    1415
    1532
    1391
    1488
    1466
    1553
    1564
    1550
    1604
    1586
    1515
    1569
    1604
    1618
    1587
    1541
    1591
    1724
    1658
    1602
    1632
    1622
    1678
    1603
    1636
    1653
    1637
    1613
    1630
    1674
    1659
    1693
    1599
    1654
    1583
    1642
    1642
    1637
    1594
    1663
    1603
    1619
    1622
    1595
    1578
    1604
    1671
    1596
    1618
    1577
    1676
    1620
    1642
    1594
    1637
    1572
    1590
    1655
    1588
    1599
    1594
    1663
    1588
    1613
    1628
    1666
    1597
    1696
    1620
    1676
    1666
    1658
    1526
    1557
    1596
    1619
    1634
    1555
    1600
    1630
    1536
    1603
    1664
    1657
    1641
    1654
    1690
    1613
    1676
    1654
    1665
    1681
    1599
    1656
    1672
    1639
    1653
    1628
    1635
    1680
    1641
    1700
    1708
    1682
    1658
    1658
    1656
    1705
    1716
    1679
    1665
    1737
    1674
    1696
    1745
    1679
    1693
    1728
    1760
    1753
    1744
    1734
    1690
    1712
    1693
    1691
    1717
    1730
    1734
    1788
    1719
    1706
    1711
    1725
    1671
    1667
    1771
    1762
    1714
    1684
    1745
    1750
    1692
    1780
    1661
    1707
    1765
    1727
    1741
    1698
    1722
    1600
    1680
    1646
    1661
    1757
    1759
    1684
    1656
    1651
    1661
    1730
    1752
    1728
    1671
    1710
    1668
    1731
    1629
    1633
    1679
    1652
    1710
    1655
    1677
    1661
    1600
    1689
    1646
    1688
    1669
    1662
    1580
    1656
    1665
    1673
    1657
    1633
    1640
    1601
    1672
    1621
    1575
    1589
    1619
    1596
    1687
    1573
    1648
    1582
    1669
    1557
    1579
    1590
    1596
    1690
    1647
    1687
    1668
    1730
    1703
    1692
    1605
    1601
    1655
    1586
    1570
    1596
    1600
    1599
    1555
    1594
    1668
    1611
    1591
    1624
    1573
    1516
    1555
    1596
    1558
    1571
    1589
    1563
    1516
    1551
    1555
    1703
    1573
    1538
    1580
    1556
    1610
    1549
    1659
    1525
    1598
    1543
    1573
    1527
    1586
    1595
    1515
    1550
    1490
    1543
    1538
    1590
    1574
    1552
    1576
    1593
    1566
    1559
    1532
    1609
    1509
    1580
    1542
    1527
    1586
    1576
    1517
    1556
    1586
    1543
    1568
    1534
    1679
    1629
    1550
    1488
    1530
    1492
    1609
    1555
    1589
    1573
    1661
    1554
    1613
    1585
    1601
    1609
    1669
    1631
    1568
    1578
    1570
    1638
    1569
    1608
    1610
    1635
    1648
    1590
    1600
    1600
    1578
    1592
    1591
    1618
    1612
    1639
    1631
    1577
    1580
    1605
    1541
    1646
    1655
    1674
    1599
    1640
    1596
    1685
    1709
    1669
    1639
    1632
    1656
    1633
    1679
    1656
    1626
    1555
    1640
    1598
    1608
    1671
    1631
    1642
    1626
    1611
    1678
    1690
    1687
    1659
    1668
    1605
    1672
    1699
    1652
    1724
    1659
    1659
    1636
    1667
    1766
    1640
    1636
    1731
    1712
    1696
    1693
    1645
    1636
    1636
    1754
    1679
    1615
    1729
    1680
    1702
    1664
    1718
    1712
    1640
    1651
    1677
    1718
    1684
    1654
    1637
    1686
    1737
    1718
    1708
    1696
    1645
    1631
    1717
    1626
    1729
    1758
    1693
    1798
    1725
    1711
    1647
    1669
    1699
    1703
    1634
    1585
    1687
    1605
    1710
    1547
    1571
    1512
    1562
    1656
    1612
    1451
    1468
    1400
    1453
    1368
    1407
    1267
    1299
    1300
    1228
    1163
    1166
    1179
    1203
    1181
    1121
    1139
    1150
    1157
    1063
    1101
    1028
    1055
    1015
    1045
    1045
     994
     953
    1002
    1015
     974
     983
     969
     921
     959
    1027
     939
     935
     965
     927
     906
     973
     956
     915
     889
     925
     898
     899
     900
     855
     870
     889
     869
     922
     849
     879
     832
     867
     792
     824
     845
     797
     823
     810
     821
     851
     827
     819
     757
     815
     795
     772
     785
     744
     787
     783
     752
     786
     762
     753
     750
     709
     747
     736
     743
     746
     685
     712
     675
     710
     707
     713
     722
     712
     737
     678
     666
     630
     657
     658
     689
     673
     648
     641
     613
     634
     657
     633
     620
     600
     646
     640
     602
     637
     612
     590
     581
     612
     654
     672
     652
     589
     561
     581
     650
     579
     607
     566
     578
     546
     584
     576
     592
     570
     556
     519
     562
     567
     553
     574
     553
     542
     502
     547
     519
     514
     542
     537
     539
     549
     502
     554
     508
     526
     501
     523
     500
     460
     477
     468
     467
     499
     486
     487
     461
     478
     459
     439
     512
     464
     490
     447
     432
     446
     476
     432
     473
     450
     456
     420
     465
     439
     446
     430
     450
     427
     451
     411
     443
     392
     400
     420
     458
     446
     422
     432
     436
     413
     365
     418
     387
     387
     410
     407
     401
     376
     381
     450
     396
     381
     429
     373
     444
     384
     414
     391
     457
     388
     436
     435
     401
     444
     375
     375
     396
     421
     387
     404
     402
     410
     402
     379
     403
     394
     401
     419
     419
     391
     408
     382
     377
     415
     395
     397
     373
     375
     397
     365
     409
     413
     428
     412
     381
     404
     412
     389
     399
     414
     400
     404
     417
     388
     401
     374
     380
     434
     388
     412
     385
     401
     418
     396
     346
     406
     407
     403
     354
     401
     407
     365
     419
     386
     375
     425
     394
     395
     380
     385
     376
     403
     411
     408
     371
     389
     404
     372
     363
     404
     413
     399
     406
     393
     379
     399
     386
     386
     408
     403
     388
     378
     426
     420
     412
     417
     405
     397
     408
     414
     432
     393
     387
     434
     412
     433
     376
     374
     395
     420
     418
     380
     420
     398
     450
     401
     422
     435
     438
     415
     425
     435
     433
     428
     440
     467
     426
     448
     456
     499
     493
     488
     507
     520
     578
     567
     555
     522
     572
     560
     544
     543
     527
     543
     588
     598
     578
     657
     622
     643
     571
     624
     652
     632
     696
     710
     725
     757
     793
     792
     792
     826
     806
     858
     910
     876
     966
    1015
    1025
    1012
    1026
    1075
    1125
    1166
    1249
    1239
    1235
    1349
    1333
    1486
    1534
    1673
    1726
    1923
    2124
    2511
    3126
    4166
    5995
    8739
   12740
   18148
   23900
   29880
   35033
   38075
   38681
   36680
   32199
   26557
   20536
   14905
   10326
    6744
    4452
    2775
    1785
    1123
     797
     554
     444
     342
     318
     253
     233
     237
     218
     200
     214
     208
     196
     172
     187
     164
     201
     202
     190
     168
     169
     184
     159
     210
     196
     181
     180
     198
     174
     178
     206
     172
     201
     169
     173
     182
     200
     187
     162
     181
     171
     200
     204
     198
     159
     167
     165
     184
     193
     164
     178
     194
     164
     173
     176
     190
     157
     177
     177
     173
     152
     167
     185
     211
     184
     169
     154
     178
     171
     191
     186
     189
     169
     177
     166
     187
     199
     185
     201
     150
     166
     170
     185
     191
     192
     188
     191
     216
     150
     183
     150
     186
     170
     189
     186
     136
     168
     169
     169
     185
     186
     175
     176
     169
     179
     195
     174
     167
     158
     179
     159
     186
     188
     162
     181
     174
     148
     182
     188
     178
     167
     178
     187
     176
     167
     164
     172
     166
     172
     192
     205
     177
     177
     149
     158
     187
     192
     178
     160
     168
     207
     171
     157
     185
     165
     167
     186
     182
     166
     179
     171
     157
     204
     168
     166
     173
     168
     166
     171
     210
     184
     194
     203
     209
     172
     154
     151
     153
     165
     164
     165
     159
     173
     157
     185
     202
     152
     175
     155
     173
     171
     168
     159
     183
     180
     186
     177
     177
     173
     181
     167
     153
     177
     180
     186
     164
     184
     166
     155
     167
     171
     171
     156
     165
     184
     154
     164
     152
     196
     159
     167
     167
     176
     160
     161
     152
     183
     165
     169
     163
     164
     177
     192
     184
     187
     167
     198
     154
     169
     160
     189
     156
     174
     193
     172
     154
     166
     169
     172
     154
     161
     163
     166
     168
     174
     165
     176
     179
     179
     166
     154
     157
     174
     178
     167
     175
     179
     166
     180
     170
     149
     167
     171
     162
     175
     174
     170
     183
     168
     163
     168
     169
     145
     158
     161
     163
     181
     151
     175
     158
     170
     192
     173
     176
     175
     167
     175
     172
     164
     176
     186
     162
     171
     160
     159
     179
     201
     189
     164
     166
     163
     195
     143
     174
     192
     175
     141
     155
     169
     169
     165
     183
     163
     174
     189
     163
     181
     170
     178
     164
     167
     154
     165
     155
     174
     144
     168
     163
     148
     180
     179
     171
     162
     172
     162
     155
     166
     192
     162
     168
     180
     177
     185
     192
     170
     169
     176
     161
     169
     169
     160
     188
     162
     176
     157
     178
     176
     155
     148
     179
     175
     188
     185
     156
     165
     183
     175
     167
     176
     167
     156
     171
     176
     150
     178
     191
     167
     161
     181
     163
     199
     171
     183
     162
     154
     170
     157
     201
     176
     178
     170
     166
     165
     180
     180
     185
     203
     168
     175
     167
     187
     184
     158
     180
     174
     196
     167
     181
     172
     160
     169
     171
     192
     172
     187
     157
     181
     161
     153
     162
     201
     169
     174
     173
     198
     161
     143
     150
     163
     194
     165
     162
     156
     182
     193
     197
     182
     195
     191
     197
     182
     172
     175
     163
     149
     137
     162
     154
     171
     165
     158
     163
     167
     165
     169
     148
     164
     169
     168
     177
     176
     162
     172
     196
     158
     204
     157
     193
     170
     184
     165
     154
     185
     166
     172
     152
     175
     167
     175
     157
     161
     167
     203
     176
     183
     179
     180
     164
     192
     151
     204
     165
     156
     172
     174
     150
     153
     181
     191
     174
     169
     198
     184
     207
     178
     169
     172
     182
     167
     183
     190
     178
     156
     190
     179
     153
     182
     176
     194
     174
     172
     190
     190
     163
     184
     173
     169
     178
     176
     164
     169
     147
     184
     183
     173
     175
     187
     193
     174
     181
     173
     189
     187
     184
     164
     171
     194
     171
     180
     196
     176
     209
     189
     165
     175
     213
     187
     177
     192
     183
     169
     194
     207
     186
     179
     170
     170
     166
     183
     162
     190
     177
     175
     174
     169
     171
     175
     198
     205
     177
     178
     206
     168
     199
     166
     183
     150
     175
     184
     185
     197
     190
     206
     211
     199
     203
     199
     186
     214
     213
     209
     169
     202
     188
     177
     183
     191
     199
     200
     177
     191
     188
     181
     203
     187
     195
     195
     171
     170
     210
     197
     193
     178
     192
     193
     175
     187
     207
     182
     183
     178
     194
     183
     188
     177
     200
     165
     199
     181
     187
     186
     166
     172
     171
     184
     186
     179
     172
     195
     202
     208
     168
     193
     215
     178
     186
     192
     191
     212
     196
     194
     174
     201
     187
     190
     180
     199
     186
     201
     190
     167
     179
     209
     182
     187
     193
     156
     176
     187
     197
     226
     171
     196
     163
     184
     169
     174
     190
     188
     192
     187
     193
     196
     175
     178
     180
     183
     196
     184
     186
     202
     189
     207
     191
     191
     190
     186
     192
     182
     180
     188
     187
     177
     202
     215
     203
     212
     196
     190
     197
     187
     196
     179
     190
     173
     206
     209
     195
     198
     179
     169
     193
     181
     186
     202
     186
     191
     182
     188
     199
     224
     181
     216
     182
     236
     172
     207
     199
     206
     194
     185
     201
     198
     187
     183
     190
     168
     207
     205
     188
     201
     205
     236
     211
     222
     220
     218
     197
     211
     191
     180
     189
     204
     204
     215
     233
     197
     199
     203
     189
     200
     191
     184
     220
     177
     198
     189
     198
     230
     211
     166
     191
     180
     194
     196
     216
     192
     212
     197
     233
     185
     179
     204
     181
     201
     195
     202
     200
     208
     167
     214
     201
     193
     180
     210
     208
     163
     199
     217
     208
     180
     200
     187
     203
     217
     203
     209
     208
     227
     203
     239
     205
     198
     214
     218
     215
     224
     230
     219
     185
     204
     224
     197
     199
     186
     206
     200
     225
     199
     212
     203
     206
     207
     231
     223
     190
     223
     196
     190
     203
     212
     208
     193
     217
     262
     206
     218
     233
     204
     207
     195
     223
     204
     192
     189
     225
     235
     235
     244
     210
     199
     240
     218
     205
     213
     209
     219
     201
     215
     192
     234
     212
     240
     205
     187
     221
     208
     233
     227
     235
     215
     229
     221
     247
     231
     209
     210
     240
     211
     212
     246
     233
     208
     226
     240
     234
     220
     204
     197
     232
     221
     225
     232
     259
     221
     240
     235
     264
     222
     207
     233
     253
     228
     228
     222
     233
     218
     213
     208
     241
     205
     224
     226
     248
     241
     249
     224
     217
     250
     248
     241
     237
     218
     214
     251
     227
     222
     234
     228
     242
     244
     231
     238
     224
     223
     220
     219
     241
     217
     223
     227
     240
     249
     254
     229
     221
     244
     225
     248
     235
     242
     229
     231
     284
     267
     231
     228
     230
     232
     265
     250
     225
     261
     254
     251
     246
     239
     240
     244
     219
     219
     255
     244
     242
     246
     226
     256
     267
     268
     250
     242
     242
     262
     230
     256
     266
     270
     231
     250
     250
     243
     265
     262
     260
     259
     258
     260
     241
     260
     227
     255
     249
     260
     236
     269
     277
     252
     286
     243
     289
     249
     237
     263
     246
     284
     287
     240
     268
     267
     237
     245
     236
     269
     264
     245
     260
     271
     276
     257
     281
     232
     255
     279
     278
     268
     263
     249
     248
     266
     244
     266
     249
     234
     281
     263
     307
     258
     280
     300
     259
     266
     268
     263
     281
     266
     262
     290
     264
     286
     270
     277
     290
     268
     279
     294
     245
     305
     275
     294
     295
     302
     276
     255
     271
     277
     272
     257
     267
     304
     317
     282
     259
     301
     278
     317
     287
     298
     286
     311
     296
     294
     318
     279
     299
     294
     310
     285
     320
     288
     295
     274
     299
     309
     310
     304
     325
     325
     265
     284
     310
     308
     282
     309
     280
     324
     318
     289
     293
     306
     314
     309
     317
     303
     311
     308
     325
     295
     320
     313
     331
     308
     310
     317
     301
     331
     300
     388
     358
     330
     353
     292
     329
     324
     337
     324
     327
     341
     326
     289
     336
     322
     287
     324
     326
     317
     327
     357
     336
     331
     341
     315
     310
     320
     333
     348
     373
     334
     323
     353
     347
     344
     349
     325
     315
     344
     352
     333
     346
     338
     341
     344
     352
     336
     362
     322
     350
     362
     338
     333
     336
     319
     358
     348
     341
     364
     342
     357
     359
     369
     339
     360
     347
     329
     359
     333
     348
     334
     391
     341
     381
     393
     371
     348
     355
     351
     352
     356
     369
     349
     383
     347
     365
     368
     355
     348
     365
     369
     368
     350
     358
     375
     365
     391
     367
     361
     390
     349
     339
     380
     370
     378
     351
     384
     375
     380
     358
     381
     363
     372
     347
     348
     372
     348
     352
     374
     363
     386
     370
     362
     339
     389
     358
     351
     350
     353
     347
     329
     350
     344
     314
     372
     367
     341
     332
     317
     344
     318
     311
     338
     322
     311
     313
     293
     304
     284
     278
     298
     243
     271
     300
     268
     230
     251
     260
     219
     238
     211
     233
     244
     237
     228
     222
     224
     258
     240
     220
     205
     225
     217
     231
     215
     208
     224
     216
     192
     210
     211
     210
     209
     220
     199
     203
     215
     201
     210
     216
     217
     206
     203
     236
     180
     198
     192
     209
     239
     192
     197
     196
     206
     210
     195
     187
     179
     173
     199
     198
     205
     210
     214
     182
     189
     194
     191
     192
     188
     186
     194
     181
     167
     181
     188
     186
     182
     180
     171
     195
     182
     194
     186
     177
     163
     183
     163
     189
     173
     155
     169
     169
     184
     148
     158
     174
     164
     147
     162
     178
     173
     168
     168
     173
     153
     155
     168
     167
     156
     175
     144
     160
     166
     149
     151
     148
     166
     161
     155
     164
     143
     161
     164
     163
     190
     191
     195
     211
     174
     155
     169
     155
     157
     141
     145
     145
     142
     145
     144
     164
     144
     134
     156
     135
     131
     146
     125
     129
     127
     146
     148
     134
     143
     122
     123
     111
     128
     134
     114
     127
     141
     115
     137
     114
     133
     102
     114
     117
     116
     127
     118
      98
     101
     123
     131
     129
     104
     128
     113
     120
     110
     127
      93
     114
     110
     101
     109
      93
     103
      89
      99
     106
      98
     104
      96
     106
      83
      95
     106
      98
     103
     100
      95
      91
     102
      90
     103
      88
     112
      83
      86
      92
     103
      70
      80
      88
      92
      67
      88
      68
      84
      93
      70
      90
      69
      64
      96
      79
      74
      55
      91
      51
      78
      67
      66
      62
      74
      67
      74
      71
      68
      55
      49
      61
      63
      58
      81
      56
      56
      65
      54
      60
      72
      68
      66
      65
      58
      61
      59
      41
      58
      42
      63
      52
      52
      53
      63
      48
      68
      45
      52
      40
      47
      40
      43
      53
      57
      50
      51
      58
      59
      58
      38
      52
      51
      42
      41
      49
      52
      49
      46
      47
      47
      42
      53
      49
      45
      41
      42
      50
      38
      44
      40
      45
      44
      38
      43
      39
      38
      38
      34
      26
      33
      40
      50
      38
      31
      39
      47
      41
      34
      32
      35
      46
      42
      42
      41
      47
      39
      34
      36
      31
      34
      38
      36
      38
      34
      41
      42
      36
      42
      29
      33
      37
      34
      44
      41
      42
      39
      40
      47
      41
      33
      40
      32
      36
      34
      43
      43
      43
      42
      45
      40
      50
      44
      43
      35
      37
      49
      47
      37
      39
      31
      37
      53
      47
      42
      44
      33
      33
      47
      36
      47
      29
      41
      52
      39
      34
      48
      57
      47
      39
      52
      40
      37
      45
      48
      53
      46
      44
      48
      48
      54
      31
      52
      43
      59
      40
      42
      44
      40
      49
      45
      37
      49
      54
      46
      45
      50
      53
      48
      52
      56
      64
      54
      45
      70
      54
      68
      44
      39
      62
      55
      47
      54
      64
      57
      62
      64
      56
      56
      59
      92
      79
      79
      82
      87
      71
     107
     118
      95
      79
      78
      93
      87
      92
      95
      93
     112
     107
     110
     114
     114
     126
     115
     131
     132
     115
     119
     121
     152
     151
     187
     149
     156
     164
     166
     189
     184
     209
     215
     206
     228
     234
     246
     231
     262
     275
     292
     278
     294
     307
     334
     336
     355
     366
     401
     436
     457
     513
     615
     957
    1526
    2768
    4567
    7172
   10073
   12618
   13695
   13058
   10901
    8237
    5340
    3264
    1945
    1004
     518
     318
     197
      89
      54
      39
      24
      29
      21
      19
       8
      17
      10
      12
      10
      13
      17
      16
      10
      18
      21
      15
      12
       9
       7
      13
      10
      12
       7
      10
      13
      11
      13
       9
      12
       7
      14
       5
      17
      14
       9
      15
      13
      15
      12
      14
      11
      12
       4
      14
      17
      12
      10
       9
       9
      16
       9
      14
      11
      12
      15
      16
      14
      13
       8
      10
      13
      11
       4
       5
      12
       9
       5
       8
       8
      11
      11
       2
       8
       5
       6
      11
      14
       7
       9
      11
       6
       8
      11
      12
      11
      13
       8
      14
       6
      11
      11
      15
       7
       9
      14
      12
      12
       9
      11
      16
       6
       9
      16
      13
       6
       4
      13
      11
       7
      11
       7
      14
       8
      10
      15
      11
      14
      12
      10
      11
       8
      10
      12
      12
       9
       9
      15
       8
      10
      12
       9
       5
      12
       8
      14
       6
       6
       7
       9
       9
      10
      10
       9
       9
       4
      16
      12
       8
      13
       5
      14
       5
      11
       7
       7
      12
       9
      10
      11
       9
      16
      11
      11
      11
       8
      13
      10
       9
      15
      10
      14
      13
       6
      11
       8
       5
      13
       8
      10
      12
       9
      12
      11
       9
      12
      13
      10
      11
       6
      10
      11
      10
       6
      10
      14
      13
       7
      19
      10
       5
      13
      11
       6
       4
       5
       4
       6
       4
      14
       7
       9
      10
       5
      11
       7
      10
       7
       7
       7
       5
       4
       5
       9
      12
      10
       6
       6
      10
      14
       5
       7
      14
       9
      11
       8
      10
       3
      10
      11
      11
       4
       7
      11
       8
      16
       7
       3
       6
      14
       7
       5
      10
       6
       8
      15
       5
       7
       6
       5
       5
      14
      10
      10
       8
       6
       8
       9
       9
       8
      10
       6
       8
       7
       6
       4
       6
       7
       9
       4
       5
       9
      10
       5
       6
       4
       7
       6
       7
       3
       6
      10
       4
       8
      14
      10
       5
      13
       8
       5
       8
       9
      12
       6
      11
       8
       5
      10
       8
      10
       7
      10
       6
      10
      11
       4
       7
       6
      15
       8
      13
       4
       9
      10
      12
       4
       7
       4
       7
       9
       8
       5
       8
      16
       6
       6
       6
       2
       9
       9
       7
       9
       9
       5
       5
       7
       9
      11
       5
       5
       9
       5
       5
       9
      10
       3
       7
       9
       6
       4
       5
       3
       6
       4
       8
       6
       4
       5
       7
       5
       8
       6
       4
       6
       5
       4
      14
       5
       8
       6
       7
       9
       5
       8
       5
       6
       6
       8
       7
      11
      11
       7
       6
       5
      12
      10
       7
       4
       8
       7
       3
      19
       5
       5
      15
       6
      10
       6
       5
      14
       7
       9
      10
      11
       6
      12
       8
      10
      10
      13
       6
      13
       9
       3
       6
       6
      16
      10
      17
      15
      17
      21
      37
      37
      54
      59
      61
      41
      36
      30
      34
      19
       8
      11
       8
       7
       5
       7
       7
       6
       3
       3
       7
       5
      10
       3
       6
       9
       6
      10
       8
       7
       5
      11
       4
       8
       6
       7
       9
       4
       8
      11
       4
       7
       5
       5
       9
       7
       8
       3
       3
      13
       6
       9
      11
       4
       4
       6
      10
       8
       4
       5
       6
       9
       5
       6
       5
       4
       7
       2
       7
       6
       7
      10
       6
       5
       6
      10
       4
       7
       7
       4
       5
       8
      10
       9
       5
      11
       5
       5
      12
       7
       6
       5
       6
       6
      11
       7
       6
       8
      10
      11
       5
       6
      10
      10
       8
       7
       6
       8
       8
       7
      16
       5
       5
       6
       3
      10
      10
       6
       5
       5
       6
       5
       2
      11
       7
      12
       2
       7
       6
       8
       5
       9
       8
       9
       8
      12
       5
       7
       9
       8
       7
       7
       3
       8
       3
       5
       3
       5
       3
       6
       6
       4
       6
       8
       7
      11
       8
       6
      10
      10
       3
       6
       9
       4
       9
       6
       6
       7
       9
       6
       7
       7
       5
       7
       5
       9
       7
       1
       2
       8
      12
      11
       9
       9
       2
       4
       7
       7
      11
       6
       3
       5
       4
      11
       7
       6
       8
       7
       6
       8
       9
       6
       5
       6
       5
      10
       4
       6
       5
       7
       7
       6
       7
       7
       9
       9
      12
       7
      10
       5
       5
       7
       8
       6
       6
       5
      11
       7
       7
      11
       4
       8
       7
       5
       5
       4
       7
       7
       7
       4
       4
       5
       0
       5
       5
      11
       4
       7
       4
       5
      12
       8
       6
      11
       9
      10
       8
       6
      10
       4
       3
       4
      10
       7
       6
       9
       6
       6
       3
       4
       5
       5
       8
       8
       3
       4
       9
       0
       7
       5
       4
       6
       5
       6
       6
       8
       5
       9
       6
       6
       9
      10
       6
       5
       6
       4
       8
       4
       2
       5
       3
       3
       7
       3
       4
       6
       8
       1
       7
       7
       1
       8
       8
       5
       5
      14
       6
       6
       6
       7
       5
       4
      12
       7
       4
       3
      11
       2
       4
       2
       4
       4
       8
       8
       3
       4
       6
       5
       4
       2
       3
       4
       5
       3
      10
       5
       5
       5
       6
       4
       4
       6
       6
       5
       2
       8
       2
       4
       5
       5
       3
       6
       2
       5
       5
       3
       4
       3
       6
       6
       6
       4
       4
      11
       2
       5
       7
       1
       4
       8
       6
       7
       1
       4
       3
       6
       6
       4
       1
       5
       2
       2
       2
       3
       5
       3
       5
       3
       2
       5
       4
       3
       3
       4
       1
       5
       2
       3
       0
       6
       3
       6
       6
       6
       4
       2
       3
       4
       3
       4
       5
       1
       2
       3
       3
       4
       1
       3
       3
       5
       1
       1
       4
       1
       3
       3
       1
       2
       4
       0
       5
       2
       3
       4
       1
       1
       5
       1
       3
       4
       6
       2
       2
       1
       1
       2
       2
       0
       7
       3
       4
       1
       2
       2
       2
       0
       2
       2
       1
       4
       5
       1
       0
       4
       2
       1
       3
       2
       3
       2
       1
       2
       1
       2
       1
       4
       3
       2
       2
       2
       5
       4
       4
       2
       2
       1
       3
       3
       1
       1
       2
       2
       1
       3
       5
       2
       3
       3
       2
       3
       3
       3
       2
       1
       1
       2
       3
       0
       2
       1
       5
       4
       6
       2
       0
       0
       0
       2
       6
       2
       1
       5
       0
       4
       1
       4
       1
       1
       1
       1
       2
       1
       4
       1
       0
       1
       0
       1
       1
       3
       3
       2
       4
       0
       1
       1
       0
       2
       3
       1
       2
       1
       1
       2
       2
       1
       0
       1
       2
       1
       2
       2
       3
       2
       0
       0
       3
       0
       2
       0
       1
       3
       1
       3
       1
       2
       2
       2
       1
       3
       2
       1
       1
       2
       2
       3
       1
       2
       3
       0
       0
       0
       2
       1
       1
       1
       0
       1
       0
       4
       0
       0
       2
       2
       0
       2
       1
       2
       3
       1
       1
       3
       2
       1
       2
       1
       1
       4
       0
       2
       1
       2
       3
       1
       0
       0
       1
       2
       1
       3
       1
       0
       1
       1
       3
       3
       1
       2
       2
       3
       1
       4
       1
       0
       1
       3
       2
       2
       1
       1
       1
       3
       4
       0
       0
       2
       1
       0
       1
       1
       2
       0
       3
       3
       2
       3
       0
       1
       2
       3
       0
       0
       0
       2
       1
       0
       2
       3
       1
       2
       1
       2
       0
       2
       2
       0
       0
       2
       0
       2
       4
       1
       2
       0
       3
       1
       1
       1
       1
       3
       2
       3
       2
       1
       1
       0
       3
       1
       2
       1
       3
       1
       1
       2
       5
       1
       2
       3
       4
       5
       6
       9
       8
       5
       8
       2
       4
       5
       1
       8
       1
       2
       0
       3
       1
       5
       2
       3
       1
       3
       2
       1
       2
       4
       4
       0
       5
       1
       3
       1
       1
       2
       2
       2
       4
       1
       3
       4
       1
       5
       4
       3
       5
       4
       8
      25
      18
      22
      37
      53
      51
      50
      62
      59
      75
      62
      42
      40
      22
      12
      23
      16
       9
       3
       4
       5
       3
       1
       1
       0
       0
       1
       0
       1
       0
       2
       0
       1
       1
       0
       1
       0
       0
       1
       1
       0
       0
       1
       0
       1
       0
       2
       0
       1
       0
       0
       0
       1
       2
       0
       1
       1
       1
       0
       2
       1
       0
       1
       0
       0
       5
       2
       0
       0
       1
       0
       1
       1
       1
       0
       1
       0
       1
       2
       0
       1
       0
       3
       0
       1
       0
       0
       0
       1
       0
       0
       1
       0
       1
       1
       0
       0
       1
       0
       1
       1
       1
       0
       3
       1
       0
       0
       1
       0
       1
       0
       0
       0
       0
       0
       3
       0
       0
       1
       0
       2
       0
       1
       1
       0
       1
       0
       0
       0
       1
       1
       0
       1
       1
       1
       0
       1
       2
       1
       0
       2
       0
       0
       0
       0
       0
       0
       0
       0
       0
       0
       2
       0
       1
       0
       2
       1
       2
       1
       0
       2
       1
       1
       1
       0
       1
       1
       0
       2
       2
       0
       0
       0
       0
       1
       0
       1
       0
       1
       1
       0
       0
       1
       0
       2
       1
       1
       0
       1
       0
       0
       1
       0
       0
       1
       0
       1
       2
       0
       1
       0
       1
       0
       0
       3
       1
       1
       0
       1
       1
       0
       0
       0
       0
       1
       0
       0
       0
       0
       1
       1
       1
       0
       0
       1
       2
       0
       0
       0
       0
       0
       0
       0
       0
       0
       0
       0
       1
       1
       0
       0
       2
       0
       0
       0
       0
       0
       0
       0
       0
       0
       0
       0
       0
       0
       0
       0
       0
       0
       1
       0
       0
       0
       0
       0
       1
       0
       1
       1
       1
       0
       0
       2
       0
       1
       0
       1
       0
       2
       0
       2
       1
       0
       0
       0
       0
       0
       0
       0
       2
       0
       3
       0
       1
       0
       0
       0
       0
       0
       1
       0
       0
       0
       0
       1
       0
       0
       2
       1
       1
       2
       0
       0
       0
       3
       3
       0
       2
       2
       0
       0
       0
       1
       0
       0
       0
       0
       0
       4
       3
       0
       0
       0
       0
       0
       1
       1
       1
       1
       2
       3
       0
       0
       1
       1
       0
       0
       1
       0
       0
       0
       1
       1
       1
       0
       0
       0
       1
       0
       0
       1
       0
       0
       1
       0
       0
       0
       0
       0
       1
       0
       1
       2
       1
       0
       1
       2
       1
       0
       0
       0
       0
       2
       1
       0
       1
       0
       1
       0
       2
       0
       0
       0
       1
       0
       1
       0
       1
       0
       0
       0
       0
       1
       0
       0
       0
       2
       1
       0
       0
       0
       0
       0
       0
       0
       1
       0
       0
       2
       0
       0
       0
       0
       1
       1
       0
       0
       1
       0
       1
       1
       1
       1
       0
       1
       1
       0
       0
       0
       1
       0
       0
       1
       2
       1
       0
       0
       1
       0
       1
       1
       2
       2
       0
       1
       0
       0
       0
       0
       1
       1
       0
       1
       1
       0
       0
       0
       0
       0
       0
       2
       0
       1
       1
       1
       1
       1
       0
       0
       0
       0
       0
       1
       1
       0
       0
       0
       1
       0
       0
       0
       2
       0
       0
       1
       0
       0
       1
       0
       0
       0
       0
       1
       1
       0
       1
       2
       0
       1
       0
       0
       1
       1
       1
       1
       0
       2
       0
       0
       1
       0
       0
       0
       0
       0
       0
       0
       0
       0
       2
       1
       1
       1
       1
       1
       1
       1
       0
       0
       1
       0
       2
       0
       1
       1
       0
       0
       3
       0
       0
       1
       0
       0
       1
       1
       0
       0
       0
       0
       0
       1
       0
       0
       1
       1
       0
       1
       0
       2
       0
       1
       0
       0
       1
       1
       1
       2
       0
       0
       0
       0
       0
       0
       0
       0
       0
       0
       0
       1
       0
       0
       1
       0
       2
       0
       0
       1
       0
       0
       1
       0
       0
       1
       0
       0
       0
       0
       0
       1
       0
       1
       0
       0
       0
       1
       1
       0
       0
       0
       0
       0
       0
       1
       1
       0
       0
       0
       1
       0
       1
       0
       1
       1
       1
       0
       0
       1
       0
       0
       1
       2
       0
       0
       0
       0
       0
       1
       1
       0
       2
       0
       0
       0
       1
       1
       0
       0
       0
       0
       0
       1
       0
       3
       0
       0
       0
       0
       2
       0
       1
       0
       1
       0
       0
       0
       2
       0
       1
       0
       0
       1
       0
       0
       2
       0
       1
       0
       0
       1
       1
       0
       0
       0
       0
       2
       0
       0
       1
       0
       1
       0
       0
       0
       0
       1
       0
       1
       2
       0
       0
       0
       0
       1
       0
       2
       1
       0
       0
       0
       2
       0
       0
       0
       0
       0
       1
       1
       0
       0
       0
       0
       1
       0
       0
       1
       0
       1
       1
       1
       0
       0
       2
       0
       0
       0
       0
       0
       2
       0
       1
       0
       0
       0
       0
       0
       2
       2
       0
       0
       2
       1
       2
       1
       0
       0
       0
       1
       0
       0
       1
       2
       1
       1
       0
       0
       0
       0
       1
       1
       0
       1
       1
       0
       0
       0
       0
       2
       0
       0
       1
       0
       0
       0
       1
       0
       0
       0
       1
       1
       0
       1
       0
       1
       0
       0
       0
       1
       0
       0
       2
       0
       0
       0
       1
       1
       1
       1
       0
       0
       0
       0
       1
       0
       0
       1
       0
       0
       1
       0
       0
       0
       1
       0
       1
       0
       1
       0
       1
       1
       0
       1
       1
       1
       0
       1
       1
       0
       0
       0
       0
       0
       1
       0
       0
       0
       1
       0
       0
       2
       1
       0
       1
       1
       0
       1
       0
       1
       0
       0
       0
       1
       0
       0
       1
       0
       0
       0
       1
       3
       0
       0
       0
       0
       0
       0
       0
       1
       0
       0
       0
       0
       0
       0
       0
       0
       1
       0
       0
       0
       1
       2
       0
       0
       0
       0
       2
       1
       0
       0
       0
       2
       2
       3
       0
       0
       1
       0
       0
       0
       0
       0
       0
       1
       2
       0
       0
       0
       1
       0
       2
       1
       0
       0
       0
       0
       0
       0
       0
       1
       0
       2
       0
       1
       1
       1
       1
       0
       1
       0
       1
       1
       0
       0
       0
       0
       0
       0
       0
       0
       0
       2
       0
       0
       1
       1
       1
       0
       1
       0
       0
       0
       0
       0
       0
       0
       1
       0
       1
       0
       0
       0
       0
       1
       1
       0
       1
       0
       1
       1
       0
       0
       0
       0
       0
       0
       0
       0
       0
       2
       1
       1
       0
       0
       0
       1
       0
       0
       0
       1
       0
       0
       0
       0
       1
       1
       0
       0
       2
       0
       2
       1
       2
       1
       0
       2
       1
       1
       3
       0
       1
       0
       1
       2
       1
       1
       1
       0
       0
       0
       0
       2
       1
       1
       0
       1
       0
       0
       0
       1
       1
       0
       1
       0
       0
       1
       0
       0
       1
       0
       0
       1
       0
       0
       1
       0
       0
       0
       1
       0
       0
       0
       0
       0
       0
       0
       0
       0
       0
       2
       0
       0
       1
       1
       0
       0
       0
       1
       0
       0
       3
       1
       1
       0
       0
       0
       0
       0
       0
       0
       0
       0
       0
       0
       0
       0
       0
       0
       0
       1
       0
       1
       1
       1
       0
       1
       0
       0
       0
       0
       1
       1
       1
       0
       0
       1
       1
       0
       2
       0
       2
       0
       0
       1
       1
       0
       0
       0
       0
       1
       0
       0
       0
       0
       0
       2
       0
       0
       1
       2
       0
       1
       0
       0
       1
       0
       1
       0
       0
       0
       2
       0
       1
       1
       0
       0
       0
       1
       1
       0
       0
       0
       1
       0
       0
       0
       0
       1
       1
       0
       0
       0
       1
       0
       1
       0
       0
       0
       1
       2
       0
       1
       0
       0
       2
       0
       0
       0
       1
       0
       0
       0
       1
       1
       1
       3
       1
       0
       0
       1
       0
       0
       0
       0
       2
       0
       0
       0
       1
       1
       0
       0
       0
       1
       0
       0
       0
       0
       1
       2
       0
       0
       0
       1
       1
       0
       0
       1
       2
       0
       0
       0
       0
       1
       0
       0
       0
       2
       2
       1
       0
       0
       1
       0
       0
       0
       1
       0
       0
       1
       1
       1
       0
       0
       0
       0
       2
       0
       0
       0
       0
       1
       1
       2
       0
       0
       0
       0
       1
       1
       0
       0
       1
       0
       0
       0
       2
       0
       0
       0
       0
       1
       0
       0
       0
       0
       1
       0
       1
       0
       0
       0
       0
       0
       1
       0
       0
       0
       0
       0
       0
       0
       0
       3
       1
       0
       1
       0
       1
       0
       0
       0
       0
       0
       0
       1
       1
       0
       2
       1
       1
       1
       0
       0
       0
       0
       1
       0
       0
       0
       1
       0
       0
       0
       0
       0
       0
       0
       1
       2
       0
       1
       0
       0
       0
       1
       0
       2
       1
       2
       0
       1
       0
       1
       0
       0
       0
       0
       0
       0
       0
       0
       2
       1
       1
       0
       0
       3
       0
       0
       0
       0
       0
       0
       1
       0
       1
       1
       0
       0
       1
       1
       1
       2
       0
       0
       0
       1
       1
       0
       0
       1
       1
       0
       0
       0
       1
       0
       1
       0
       2
       1
       0
       0
       1
       0
       0
       0
       1
       0
       0
       0
       0
       0
       1
       0
       0
       1
       0
       1
       0
       1
       1
       0
       0
       0
       0
       1
       0
       0
       0
       0
       0
       0
       0
       1
       0
       0
       0
       0
       0
       0
       0
       0
       0
       0
       0
       0
       1
       0
       0
       0
       0
       0
       1
       0
       2
       2
       1
       1
       0
       0
       0
       0
       0
       0
       0
       0
       0
       0
       0
       0
       1
       0
       0
       1
       0
       0
       0
       1
       0
       0
       0
       0
       0
       0
       0
       0
       0
       0
       0
       1
       0
       0
       0
       1
       0
       0
       0
       0
       0
       1
       0
       0
       0
       0
       0
       0
       0
       2
       1
       0
       0
       0
       1
       0
       1
       0
       1
       0
       0
       0
       1
       2
       0
       0
       0
       1
       0
       1
       1
       0
       0
       0
       0
       0
       0
       0
       0
       0
       0
       0
       0
       0
       0
       0
       0
       0
       0
       2
       0
       0
       0
       1
       0
       0
       0
       0
       0
       0
       1
       0
       0
       0
       0
       0
       0
       0
       0
       0
       2
       1
       1
       0
       0
       0
       0
       0
       0
       0
       0
       0
       0
       0
       0
       0
       0
       1
       0
       0
       1
       0
       0
       0
       1
       0
       0
       0
       1
       0
       1
       0
       0
       1
       0
       0
       0
       0
       0
       0
       0
       0
       0
       0
       0
       0
       0
       0
       0
       0
       1
       0
       0
       0
       0
       0
       1
       0
       0
       0
       0
       0
       1
       0
       0
       0
       1
       0
       0
       0
       0
       0
       0
       0
       0
       0
       0
       0
       0
       0
       1
       0
       0
       0
       0
       1
       2
       0
       0
       0
       0
       0
       0
       1
       0
       0
       0
       2
       0
       0
       0
       0
       0
       0
       0
       1
       0
       1
       0
       0
       0
       1
       0
       1
       0
       0
       0
       0
       0
       0
       0
       0
       0
       1
       0
       0
       0
       0
       0
       0
       0
       0
       0
       0
       0
       0
       0
       0
       0
       0
       0
       0
       0
       0
       0
       0
       0
       0
       0
       0
       1
       0
       0
       0
       0
       0
       0
       0
       0
       0
       0
       0
       0
       1
       0
       0
       0
       0
       1
       1
       0
       0
       0
       1
       0
       0
       0
       0
       1
       0
       0
       0
       0
       0
       0
       0
       0
       0
       1
       0
       0
       1
       0
       0
       0
       0
       0
       0
       0
       0
       0
       0
       1
       0
       0
       0
       0
       0
       0
       0
       0
       0
       0
       0
       0
       0
       0
       0
       0
       0
       0
       0
       0
       0
       0
       0
       1
       0
       0
       0
       0
       0
       1
       0
       0
       1
       0
       0
       0
       0
       0
       0
       0
       0
       0
       0
       0
       0
       0
       0
       0
       0
       0
       0
       1
       1
       0
       0
       0
       2
       0
       0
       0
       0
       1
       0
       0
       0
       0
       0
       0
       0
       0
       0
       0
       0
       0
       0
       0
       1
       0
       0
       0
       0
       0
       0
       0
       0
       0
       0
       0
       0
       0
       0
       0
       0
       0
       1
       0
       0
       0
       0
       0
       0
       0
       0
       1
       0
       0
       0
       1
       0
       0
       0
       0
       0
       0
       0
       0
       0
       0
       0
       2
       0
       0
       0
       0
       0
       0
       0
       0
       0
       0
       0
       0
       0
       0
       0
       0
       0
       1
       0
       0
       0
       1
       1
       0
       0
       1
       0
       0
       0
       0
       0
       0
       1
       0
       0
       0
       0
       1
       0
       0
       0
       0
       0
       0
       0
       0
       0
       1
       1
       0
       0
       0
       0
       0
       0
       0
       1
       1
       0
       2
       0
       0
       0
       0
       1
       1
       0
       0
       0
       0
       1
       1
       0
       1
       0
       0
       0
       0
       0
       0
       0
       1
       1
       0
       0
       2
       0
       2
       0
       1
       0
       0
       1
       2
       2
       5
       5
       3
       8
       8
       8
       8
       3
       4
       8
       4
       1
       3
       2
       0
       0
       0
       0
       0
       0
       0
       0
       0
       0
       0
       1
       1
       0
       0
       0
       0
       0
       0
       0
       0
       0
       0
       0
       0
       0
       0
       0
       0
       0
       0
       0
       0
       0
       0
       0
       0
       0
       0
       0
       0
       0
       0
       0
       0
       0
       0
       0
       0
       0
       0
       0
       0
       0
       0
       0
       0
       0
       0
       0
       0
       0
       0
       0
       1
       0
       0
       0
       0
       0
       0
       1
       0
       0
       0
       0
       0
       0
       0
       0
       0
       1
       0
       0
       0
       0
       0
       0
       0
       0
       0
       0
       0
       0
       0
       0
       0
       0
       0
       0
       0
       0
       0
       0
       0
       0
       0
       0
       0
       1
       0
       0
       0
       0
       0
       0
       0
       0
       0
       0
       0
       0
       0
       0
       0
       0
       0
       0
       0
       0
       0
       0
       0
       0
       0
       0
       0
       0
       0
       0
       0
       0
       0
       0
       0
       0
       0
       0
       0
       0
       0
       0
       0
       0
       0
       0
       0
       0
       0
       0
       0
       0
       0
       0
       0
       0
       1
       0
       0
       0
       0
       0
       0
       0
       0
       0
       0
       0
       0
       0
       0
       0
       0
       0
       0
       0
       0
       0
       0
       0
       0
       0
       0
       0
       0
       0
       0
       0
       0
       1
       0
       0
       0
       0
       0
       0
       0
       0
       0
       0
       0
       0
       0
       0
       0
       0
       0
       0
       0
       0
       0
       0
       0
       0
       0
       0
       0
       0
       0
       0
       0
       0
       0
       0
       0
       0
       0
       0
       0
       0
       0
       0
       0
       0
       0
       0
       0
       0
       0
       0
       0
       0
       0
       0
       0
       0
       0
       0
       0
       0
       1
       0
       0
       0
       0
       0
       0
       0
       0
       0
       0
       0
       0
       0
       0
       0
       0
       0
       0
       0
       0
       1
       0
       0
       0
       0
       0
       0
       0
       0
       0
       0
       0
       0
       0
       0
       0
       0
       0
       0
       0
       0
       0
       0
       0
       0
       0
       0
       0
       0
       0
       0
       0
       0
       0
       0
       0
       1
       0
       0
       0
       0
       0
       0
       0
       0
       0
       0
       0
       0
       0
       0
       0
       0
       0
       0
       0
       0
       0
       0
       0
       0
       0
       0
       0
       0
       0
       0
       0
       0
       0
       0
       0
       0
       0
       0
       1
       0
       0
       0
       0
       0
       0
       0
       0
       0
       0
       0
       0
       0
       0
       0
       0
       0
       0
       0
       0
       0
       0
       0
       0
       0
       0
       0
       0
       0
       0
       0
       0
       0
       0
       0
       0
       0
       0
       0
       0
       0
       0
       0
       0
       0
       0
       0
       1
       0
       0
       0
       0
       0
       0
       0
       0
       0
       0
       0
       0
       0
       0
       0
       0
       0
       0
       0
       0
       0
       0
       0
       0
       0
       0
       0
       0
       0
       0
       0
       0
       0
       0
       0
       0
       0
       0
       0
       0
       0
       0
       0
       0
       0
       0
       0
       0
       0
       0
       0
       0
       0
       0
       0
       0
       0
       0
       0
       0
       0
       0
       0
       0
       0
       0
       0
       0
       0
       0
       0
       0
       0
       0
       0
       0
       0
       0
       0
       0
       0
       0
       0
       0
       0
       0
       0
       0
       0
       0
       0
       0
       0
       0
       0
       0
       0
       0
       0
       0
       0
       0
       0
       0
       0
       0
       0
       0
       0
       0
       0
       0
       0
       0
       0
       0
       0
       0
       0
       0
       0
       0
       0
       0
       0
       0
       0
       0
       0
       0
       0
       0
       0
       0
       0
       0
       0
       0
       0
       0
       0
       0
       0
       0
       0
       0
       0
       0
       0
       0
       0
       0
       0
       0
       0
       0
       0
       0
       0
       0
       0
       0
       0
       0
       0
       0
       0
       1
       0
       0
       0
       0
       0
       0
       0
       0
       0
       0
       0
       0
       0
       0
       0
       0
       0
       0
       0
       0
       0
       0
       0
       0
       0
       0
       0
       0
       0
       0
       0
       0
       0
       0
       0
       0
       0
       0
       0
       0
       0
       0
       0
       0
       0
       0
       0
       0
       0
       0
       0
       0
       0
       0
       0
       0
       0
       0
       0
       0
       0
       0
       0
       0
       0
       0
       0
       0
       0
       0
       0
       0
       0
       0
       0
       0
       0
       0
       0
       0
       0
       0
       0
       0
       0
       0
       0
       0
       0
       0
       0
       0
       0
       0
       0
       0
       0
       0
       0
       0
       0
       0
       0
       0
       0
       0
       0
       0
       0
       0
       0
       0
       0
       0
       0
       0
       0
       0
       0
       0
       0
       0
       0
       0
       0
       0
       0
       0
       0
       0
       0
       0
       0
       0
       0
       0
       0
       0
       0
       0
       0
       0
       0
       0
       0
       0
       0
       0
       0
       0
       0
       0
       0
       0
       0
       0
       0
       0
       0
       0
       0
       0
       0
       0
       0
       0
       0
       0
       0
       0
       0
       0
       0
       0
       0
       0
       0
       0
       0
       0
       0
       0
       0
       0
       0
       0
       0
       0
       0
       0
       0
       0
       0
       0
       0
       0
       0
       0
       0
       0
       0
       0
       0
       0
       0
       0
       0
       0
       0
       0
       0
       0
       0
       0
       0
       0
       0
       0
       0
       0
       0
       0
       0
       0
       0
       0
       0
       0
       0
       0
       0
       0
       0
       0
       0
       1
       0
       0
       0
       0
       0
       0
       0
       0
       0
       0
       0
       0
       0
       1
       0
       0
       0
       0
       0
       0
       0
       0
       0
       0
       0
       0
       0
       0
       0
       0
       0
       0
       0
       0
       0
       0
       0
       0
       0
       0
       0
       0
       0
       0
       0
       0
       0
       0
       0
       0
       0
       0
       0
       0
       0
       0
       0
       0
       0
       0
       0
       0
       0
       0
       0
       0
       0
       0
       0
       0
       0
       0
       0
       0
       0
       0
       1
       0
       0
       0
       1
       0
       0
       0
       0
       0
       0
       0
       0
       0
       0
       0
       0
       0
       0
       0
       0
       0
       0
       1
       0
       0
       0
       0
       0
       0
       0
       0
       0
       0
       0
       0
       0
       0
       0
       0
       0
       0
       0
       0
       0
       0
       0
       0
       0
       0
       0
       0
       0
       0
       0
       0
       0
       0
       0
       0
       0
       0
       1
       0
       0
       0
       0
       0
       0
       0
       0
       0
       0
       0
       0
       0
       0
       0
       0
       0
       0
       0
       0
       0
       0
       0
       0
       0
       0
       0
       0
       0
       0
       1
       0
       0
       0
       0
       0
       0
       0
       0
       0
       0
       0
       0
       0
       0
       0
       0
       0
       0
       1
       0
       0
       1
       0
       1
       0
       0
       0
       0
       0
       0
       0
       0
       0
       0
       0
       0
       0
       0
       0
       0
       0
       0
       0
       0
       0
       0
       0
       0
       0
       0
       0
       0
       0
       0
       0
       0
       0
       0
       0
       0
       0
       0
       0
       0
       0
       0
       0
       0
       0
       0
       0
       1
       0
       0
       0
       0
       0
       0
       0
       0
       0
       0
       0
       0
       0
       0
       0
       0
       0
       0
       0
       0
       0
       0
       0
       0
       0
       0
       0
       0
       0
       0
       0
       0
       0
       0
       0
       0
       0
       0
       0
       0
       0
       0
       0
       0
       0
       0
       0
       0
       0
       0
       0
       0
       0
       0
       0
       0
       0
       1
       0
       0
       0
       0
       0
       0
       0
       0
       0
       0
       0
       0
       0
       0
       0
       0
       0
       0
       0
       0
       0
       0
       0
       0
       0
       0
       0
       0
       0
       0
       0
       0
       0
       0
       0
       0
       0
       0
       0
       0
       0
       0
       1
       0
       0
       0
       0
       0
       0
       0
       1
       0
       0
       0
       0
       0
       0
       0
       0
       0
       0
       0
       0
       0
       0
       0
       0
       0
       0
       1
       0
       0
       0
       0
       0
       0
       0
       0
       0
       0
       0
       0
       0
       0
       0
       0
       0
       0
       0
       0
       0
       0
       0
       0
       0
       0
       0
       0
       0
       0
       0
       0
       0
       0
       0
       0
       0
       1
       0
       0
       0
       0
       0
       0
       1
       0
       0
       0
       0
       0
       0
       0
       0
       0
       0
       0
       0
       0
       0
       0
       0
       0
       0
       0
       0
       0
       0
       0
       0
       0
       0
       0
       0
       0
       0
       0
       0
       0
       0
       0
       0
       0
       0
       0
       0
       0
       0
       0
       0
       0
       0
       0
       0
       0
       0
       0
       0
       0
       0
       0
       0
       0
       0
       0
       0
       0
       0
       0
       0
       1
       0
       0
       0
       0
       0
       0
       0
       0
       0
       0
       0
       0
       0
       0
       0
       0
       0
       0
       0
       0
       0
       0
       0
       0
       0
       0
       0
       0
       0
       0
       0
       0
       0
       0
       0
       0
       0
       0
       0
       0
       0
       0
       0
       0
       0
       0
       0
       0
       0
       0
       0
       0
       0
       0
       0
       0
       0
       0
       0
       0
       0
       0
       0
       0
       0
       0
       0
       0
       0
       0
       0
       0
       0
       0
       0
       0
       0
       0
       0
       0
       0
       0
       0
       0
       0
       0
       1
       0
       0
       0
       0
       0
       0
       0
       0
       0
       0
       0
       0
       0
       0
       0
       0
       0
       0
       0
       0
       0
       0
       0
       0
       0
       0
       0
       0
       0
       0
       0
       0
       0
       0
       0
       0
       0
       0
       0
       0
       0
       0
       0
       0
       0
       0
       0
       0
       0
       0
       0
       0
       0
       0
       0
       0
       0
       0
       0
       0
       0
       0
       0
       0
       0
       0
       0
       0
       0
       0
       0
       0
       0
       0
       0
       0
       0
       0
       0
       0
       0
       0
       0
       0
       0
       0
       0
       0
       0
       0
       0
       0
       0
       0
       0
       0
       0
       0
       0
       0
       0
       0
       0
       0
       0
       0
       0
       0
       0
       0
       0
       0
       0
       0
       0
       0
       0
       0
       0
       0
       0
       0
       0
       0
       0
       0
       0
       0
       0
       0
       0
       0
       0
       0
       0
       0
       0
       0
       0
       0
       0
       0
       0
       0
       0
       0
       0
       0
       0
       0
       0
       0
       0
       0
       0
       0
       0
       0
       0
       0
       0
       0
       0
       0
       0
       0
       0
       0
       0
       0
       1
       0
       0
       0
       0
       0
       0
       0
       0
       0
       0
       0
       0
       0
       0
       0
       0
       0
       0
       0
       0
       0
       0
       0
       0
       0
       0
       0
       0
       0
       0
       0
       0
       0
       0
       0
       0
       0
       0
       0
       0
       0
       0
       1
       0
       0
       0
       1
       0
       0
       0
       0
       0
       0
       0
       0
       0
       0
       0
       0
       0
       0
       0
       0
       0
       0
       0
       0
       0
       0
       0
       0
       0
       0
       0
       0
       0
       0
       0
       0
       0
       0
       0
       0
       0
       0
       0
       0
       0
       0
       0
       0
       0
       0
       0
       0
       0
       0
       0
       0
       0
       0
       0
       0
       0
       0
       0
       0
       0
       0
       0
       0
       0
       0
       0
       0
       0
       0
       0
       0
       0
       0
       0
       0
       0
       0
       0
       0
       0
       0
       0
       0
       0
       0
       0
       0
       0
       0
       0
       0
       0
       0
       0
       0
       0
       0
       0
       0
       0
       0
       0
       0
       0
       0
       0
       0
       0
       0
       0
       0
       0
       0
       0
       0
       0
       0
       0
       0
       0
       0
       0
       0
       0
       0
       0
       0
       0
       0
       0
       0
       0
       0
       0
       0
       0
       0
       0
       0
       0
       0
       0
       0
       0
       0
       0
       0
       0
       0
       0
       0
       0
       0
       0
       0
       0
       0
       0
       0
       0
       0
       0
       0
       0
       0
       0
       0
       0
       0
       0
       0
       0
       0
       0
       0
       0
       0
       0
       0
       0
       0
       0
       0
       0
       0
       0
       0
       0
       0
       0
       0
       0
       0
       0
       0
       0
       0
       0
       0
       0
       0
       0
       0
       0
       0
       0
       0
       0
       0
       0
       0
       0
       0
       0
       0
       0
       0
       0
       0
       0
       0
       0
       0
       0
       0
       0
       0
       0
       0
       0
       0
       0
       0
       0
       0
       0
       0
       0
       0
       0
       0
       0
       0
       0
       0
       0
       0
       0
       0
       0
       0
       0
       0
       0
       0
       0
       0
       0
       0
       0
       0
       0
       0
       0
       0
       0
       0
       0
       0
       0
       0
       0
       0
       0
       0
       0
       0
       0
       0
       0
       0
       0
       0
       0
       0
       0
       0
       0
       0
       0
       0
       0
       0
       0
       0
       0
       0
       0
       0
       0
       0
       0
$ROI:
2
845 863
3063 3087
$PRESETS:
None
0
0
$ENER_FIT:
0.821043 0.415458
$MCA_CAL:
3
8.210427E-001 4.154576E-001 5.811550E-008 keV
$SHAPE_CAL:
3
3.551624E+000 9.344270E-004 -9.079200E-009
