$SPEC_ID:
22 1 23 ba133 drift test 1000secs ME
$SPEC_REM:
DET# 1
DETDESC# PHY-CSXP153 Easy-MCA-8k SN 12241568
AP# Maestro Version 7.01
$DATE_MEA:
01/23/2023 09:47:00
$MEAS_TIM:
418 424
$DATA:
0 8191
       0
       0
       0
       0
       0
       0
       0
       0
       0
       1
       0
       0
       0
       0
       0
       0
       0
       0
       0
       0
       0
       0
       0
       0
       0
       0
       0
       0
       0
       0
       0
       0
       0
       0
       0
       0
       0
       0
       0
       0
       0
       0
       0
       0
       0
       0
       0
       0
       0
       0
       0
       0
       0
       0
       0
       0
       0
       1
       0
       0
       0
       0
       0
       3
       4
      78
     290
     387
     358
     319
     357
     312
     333
     339
     348
     347
     338
     312
     299
     335
     320
     312
     366
     326
     336
     340
     336
     303
     326
     309
     314
     277
     331
     301
     311
     307
     324
     282
     297
     274
     291
     309
     301
     286
     296
     320
     295
     267
     318
     289
     320
     290
     276
     298
     306
     303
     316
     284
     274
     283
     301
     308
     275
     306
     293
     316
     274
     292
     287
     286
     293
     326
     284
     297
     339
     288
     318
     311
     334
     291
     286
     299
     323
     335
     329
     320
     291
     270
     299
     307
     335
     332
     325
     268
     323
     333
     334
     355
     316
     324
     292
     308
     329
     324
     334
     371
     372
     364
     361
     391
     479
     548
     605
     664
     586
     608
     729
     900
     943
     855
     606
     461
     380
     346
     360
     319
     324
     281
     344
     321
     310
     317
     331
     320
     302
     288
     324
     322
     357
     425
     532
     632
     653
     567
     414
     382
     384
     397
     424
     405
     351
     317
     297
     273
     310
     297
     279
     294
     313
     272
     289
     295
     291
     293
     287
     341
     307
     288
     293
     297
     275
     289
     255
     304
     316
     284
     280
     307
     272
     278
     304
     276
     300
     291
     279
     316
     287
     320
     279
     298
     273
     301
     296
     284
     285
     305
     290
     294
     296
     284
     315
     285
     293
     284
     299
     299
     311
     308
     298
     267
     296
     286
     307
     335
     294
     318
     266
     290
     272
     315
     284
     335
     311
     315
     319
     280
     300
     307
     316
     309
     338
     329
     321
     339
     299
     310
     284
     302
     309
     312
     306
     325
     290
     305
     305
     306
     283
     282
     322
     306
     307
     325
     269
     292
     271
     322
     287
     341
     297
     328
     298
     308
     323
     303
     308
     309
     311
     326
     305
     322
     290
     280
     285
     298
     290
     288
     327
     285
     334
     324
     290
     271
     285
     278
     294
     304
     304
     287
     291
     308
     352
     322
     311
     322
     289
     304
     323
     281
     331
     318
     296
     253
     297
     298
     301
     288
     312
     306
     283
     279
     319
     318
     322
     269
     299
     293
     304
     290
     293
     327
     301
     298
     311
     283
     312
     307
     274
     312
     311
     292
     307
     307
     317
     316
     313
     278
     315
     319
     293
     263
     281
     309
     310
     294
     309
     282
     311
     283
     330
     299
     323
     289
     316
     309
     293
     294
     295
     304
     323
     302
     315
     333
     320
     295
     309
     307
     315
     329
     284
     314
     296
     313
     323
     328
     265
     294
     315
     347
     309
     290
     310
     350
     333
     350
     337
     342
     368
     308
     365
     385
     349
     349
     330
     352
     355
     349
     341
     388
     365
     315
     353
     346
     357
     334
     321
     317
     317
     351
     371
     373
     364
     346
     386
     350
     333
     352
     336
     348
     328
     334
     356
     349
     335
     336
     346
     367
     329
     326
     365
     345
     341
     350
     320
     338
     313
     340
     320
     351
     349
     348
     339
     319
     349
     317
     320
     324
     354
     298
     311
     324
     330
     354
     311
     337
     304
     295
     303
     321
     299
     327
     323
     325
     358
     362
     351
     348
     332
     345
     333
     338
     350
     302
     324
     342
     317
     363
     380
     370
     332
     320
     323
     329
     318
     343
     347
     312
     343
     343
     342
     340
     334
     334
     336
     307
     306
     315
     366
     331
     333
     327
     374
     354
     348
     348
     378
     352
     291
     369
     362
     331
     373
     322
     304
     328
     339
     323
     366
     365
     375
     333
     346
     371
     351
     372
     368
     343
     365
     362
     352
     347
     309
     329
     363
     341
     371
     342
     332
     404
     295
     323
     360
     362
     359
     353
     317
     362
     376
     339
     373
     331
     358
     348
     353
     323
     330
     354
     322
     354
     341
     331
     373
     363
     292
     357
     342
     334
     308
     332
     359
     318
     335
     321
     344
     373
     373
     342
     346
     339
     334
     340
     308
     358
     330
     326
     329
     332
     326
     337
     300
     335
     311
     338
     369
     319
     299
     337
     319
     347
     302
     321
     322
     325
     365
     310
     330
     348
     313
     300
     325
     335
     298
     329
     350
     310
     336
     331
     333
     353
     344
     352
     340
     335
     297
     333
     302
     296
     322
     344
     319
     323
     295
     304
     300
     328
     327
     316
     323
     280
     316
     325
     353
     337
     305
     328
     297
     321
     330
     280
     309
     288
     325
     313
     304
     276
     283
     259
     298
     340
     295
     309
     290
     283
     347
     315
     304
     329
     309
     291
     294
     313
     297
     279
     327
     303
     299
     331
     298
     308
     325
     295
     301
     310
     309
     309
     299
     268
     301
     283
     285
     301
     291
     295
     295
     310
     289
     280
     300
     282
     293
     298
     285
     291
     306
     268
     299
     292
     292
     292
     279
     294
     285
     307
     266
     302
     282
     309
     270
     290
     314
     273
     281
     290
     272
     272
     296
     292
     293
     284
     277
     279
     288
     293
     321
     272
     271
     282
     270
     297
     291
     264
     280
     264
     306
     287
     254
     318
     304
     277
     253
     279
     268
     275
     296
     274
     293
     278
     275
     261
     261
     261
     246
     293
     313
     286
     279
     281
     285
     287
     280
     297
     286
     256
     300
     263
     284
     285
     265
     267
     285
     301
     305
     280
     267
     261
     268
     303
     283
     290
     296
     276
     264
     290
     273
     265
     274
     285
     289
     281
     242
     273
     268
     264
     291
     287
     267
     300
     272
     285
     287
     299
     273
     270
     254
     274
     295
     301
     280
     282
     293
     292
     271
     290
     265
     276
     300
     282
     255
     277
     302
     278
     286
     295
     257
     324
     293
     284
     285
     285
     293
     292
     264
     276
     285
     278
     279
     295
     267
     260
     273
     269
     309
     273
     271
     275
     274
     284
     282
     296
     307
     303
     256
     269
     301
     264
     256
     328
     273
     255
     282
     316
     314
     267
     281
     299
     319
     260
     279
     290
     293
     291
     290
     310
     321
     277
     272
     288
     278
     285
     306
     297
     274
     328
     294
     316
     284
     326
     273
     291
     302
     332
     279
     291
     283
     256
     295
     335
     313
     318
     313
     281
     317
     305
     320
     317
     278
     305
     314
     329
     316
     304
     306
     327
     284
     293
     318
     286
     313
     334
     305
     289
     337
     315
     322
     330
     299
     307
     321
     290
     307
     329
     329
     325
     310
     288
     308
     316
     324
     327
     341
     330
     329
     332
     301
     324
     298
     325
     359
     325
     339
     319
     317
     333
     347
     314
     351
     373
     368
     352
     334
     365
     320
     366
     339
     322
     354
     345
     330
     331
     335
     351
     359
     384
     338
     360
     354
     324
     326
     378
     376
     348
     360
     321
     366
     330
     364
     386
     353
     359
     344
     364
     387
     402
     337
     380
     378
     364
     391
     394
     370
     375
     336
     358
     403
     376
     384
     382
     402
     385
     372
     351
     366
     388
     372
     370
     404
     380
     414
     381
     372
     384
     368
     393
     366
     388
     423
     412
     392
     389
     393
     401
     356
     378
     421
     361
     382
     394
     393
     449
     366
     397
     388
     366
     424
     378
     356
     426
     362
     383
     424
     428
     428
     414
     371
     394
     411
     399
     395
     401
     391
     369
     372
     390
     357
     399
     388
     375
     379
     374
     369
     382
     352
     341
     330
     319
     322
     349
     305
     320
     289
     267
     264
     280
     296
     287
     275
     245
     250
     260
     226
     280
     246
     270
     205
     246
     230
     201
     229
     209
     232
     216
     188
     231
     239
     219
     203
     194
     229
     199
     183
     214
     174
     186
     183
     233
     225
     216
     199
     206
     177
     197
     205
     164
     184
     183
     180
     186
     199
     192
     207
     195
     177
     179
     164
     171
     171
     167
     175
     161
     168
     160
     169
     167
     151
     157
     131
     150
     171
     175
     135
     156
     180
     157
     150
     164
     167
     152
     142
     172
     180
     145
     152
     160
     146
     142
     147
     134
     140
     134
     149
     160
     157
     148
     129
     115
     144
     153
     117
     126
     128
     124
     132
     135
     134
     111
     137
     133
     109
     120
     130
     109
     106
     148
     114
     111
     114
     139
     126
     121
     106
     117
     103
     113
     109
     111
     114
     103
     126
     113
     112
     111
     113
     120
      91
     114
     105
     118
     110
     111
     119
     101
      86
      94
     100
     107
     108
     106
     104
      81
      85
      84
      84
      97
     101
      85
     100
      91
      94
      89
      79
      81
      78
      74
      79
      91
      70
      83
      85
      72
      77
      67
      75
      71
      68
      71
      64
      70
      71
      74
      68
      70
      72
      75
      91
      72
      63
      67
      68
      87
      62
      51
      80
      59
      60
      63
      64
      76
      61
      61
      64
      53
      59
      70
      63
      66
      63
      59
      69
      54
      59
      62
      61
      64
      57
      71
      59
      57
      63
      55
      50
      52
      56
      56
      60
      50
      57
      68
      64
      50
      52
      49
      42
      52
      61
      54
      51
      47
      44
      45
      51
      51
      49
      41
      52
      43
      46
      70
      55
      52
      35
      56
      43
      44
      34
      49
      55
      52
      46
      54
      44
      55
      40
      55
      41
      52
      39
      47
      30
      39
      43
      42
      46
      45
      37
      54
      40
      44
      42
      53
      43
      39
      46
      41
      39
      39
      32
      31
      44
      43
      38
      50
      42
      47
      42
      37
      44
      37
      42
      47
      48
      41
      47
      48
      28
      37
      49
      38
      31
      51
      42
      48
      35
      43
      51
      40
      52
      43
      31
      40
      48
      32
      35
      46
      43
      47
      44
      53
      38
      54
      39
      40
      46
      51
      46
      37
      37
      31
      40
      51
      34
      46
      41
      42
      46
      38
      42
      46
      27
      41
      51
      45
      40
      37
      45
      28
      55
      64
      66
      53
      64
      67
      65
      57
      71
      63
      66
      64
      63
      57
      73
      66
      64
      54
      63
      71
      66
      64
      77
      73
      58
      79
      85
     101
      86
      91
      84
      92
      89
     114
      96
     102
      96
     106
     126
     106
     103
     121
     130
     138
      92
     114
     141
     153
     157
     160
     149
     168
     191
     153
     169
     184
     176
     170
     181
     195
     204
     190
     240
     234
     244
     239
     286
     239
     262
     316
     325
     305
     352
     341
     364
     413
     428
     454
     484
     586
     815
    1557
    3505
    7103
   12204
   17069
   18742
   16543
   11986
    7527
    3957
    2078
    1033
     463
     258
     106
      50
      35
      19
       6
      11
       7
       6
       3
       5
       8
       9
       5
       6
       4
       6
       3
       5
       9
       7
       6
       9
       8
       8
       7
       1
       5
       7
       4
       1
       8
       5
       2
       5
       2
       6
       4
       6
       7
       3
       2
       2
       5
       2
       6
       5
       7
       3
       6
       3
       1
       5
       4
       4
       2
       6
       3
       5
       0
       6
       7
       6
       1
       4
       4
       3
       5
       2
       3
       4
       3
       8
       3
       8
       1
       5
       3
       1
       2
       1
       5
       4
       5
       0
       2
       3
       4
       7
       1
       2
       5
       3
       2
       4
       5
       4
       2
       2
       2
       4
       5
       6
       3
       2
       3
       3
       4
       8
       3
       2
       2
       5
       2
       3
       4
       4
       2
       4
       3
       3
       2
       4
       3
       2
       9
       3
       4
       1
       3
       3
       4
       4
       2
       5
       4
       4
       4
       5
       4
       3
       4
       3
       3
       4
       3
       4
       2
       3
       1
       3
       4
       7
       1
       5
       3
       4
       2
       4
       2
       4
       5
       4
       5
       3
       7
       3
       6
       3
       4
       3
       4
       4
       2
       3
       2
       6
       2
       2
       4
       6
       3
       2
       4
       2
       3
       4
       2
       1
       6
       5
       1
       7
       3
       1
       4
       4
       2
       1
       2
       3
       1
       2
       5
       7
       3
       6
       3
       4
       2
       1
       2
       4
       3
       3
       4
       5
       2
       3
       4
       3
       6
       2
       5
       0
       6
       4
       2
       2
       2
       2
       2
       0
       5
       7
       5
       5
       4
       2
       3
       0
       3
       3
       3
       5
       4
       4
       2
       1
       2
       6
       3
       2
       3
       1
       1
       1
       4
       3
       1
       2
       4
       2
       4
       4
       1
       3
       4
       2
       1
       2
       1
       4
       0
       1
       4
       1
       2
       4
       4
       5
       1
       1
       3
       3
       3
       1
       2
       3
       2
       1
       1
       3
       3
       1
       4
       2
       2
       4
       1
       1
       1
       7
       2
       0
       0
       0
       8
       3
       2
       2
       3
       1
       4
       3
       2
       2
       2
       1
       2
       2
       5
       2
       0
       0
       3
       1
       4
       1
       2
       1
       3
       2
       3
       2
       0
       6
       1
       7
       0
       1
       3
       2
       2
       3
       2
       3
       4
       4
       3
       1
       1
       2
       2
       3
       1
       2
       2
       3
       1
       3
       1
       3
       4
       2
       2
       2
       1
       2
       2
       2
       3
       5
       2
       2
       3
       0
       2
       1
       3
       3
       2
       1
       1
       2
       1
       5
       1
       1
       3
       2
       3
       0
       4
       5
       0
       0
       3
       4
       2
       2
       3
       3
       3
       6
       2
       5
       2
       2
       2
       3
       3
       5
       2
       0
       2
       1
       0
       2
       0
       2
       3
       5
       1
       2
       5
       4
       0
       3
       0
       3
       0
       4
       3
       4
       1
       3
       3
       3
       3
       5
       1
       2
       2
       1
       7
       0
       2
       1
       4
       3
       2
       4
       2
       1
       1
       4
       1
       3
       0
       5
       1
       4
       0
       2
       2
       0
       0
       2
       3
       1
       2
       1
       2
       3
       1
       0
       3
       2
       2
       1
       1
       3
       1
       6
       5
       1
       3
       2
       1
       2
       1
       5
       0
       4
       3
       0
       1
       1
       3
       4
       5
       2
       2
       2
       0
       0
       3
       3
       4
       2
       3
       1
       2
       6
       2
       1
       2
       2
       2
       3
       3
       4
       4
       3
       3
       3
       2
       2
       3
       1
       3
       1
       3
       0
       2
       3
       2
       0
       3
       0
       1
       1
       3
       2
       1
       2
       2
       1
       2
       1
       0
       1
       3
       1
       1
       1
       2
       0
       0
       4
       4
       0
       3
       4
       2
       2
       1
       1
       2
       5
       1
       1
       1
       1
       0
       2
       3
       5
       1
       5
       5
       5
       5
       3
       2
       4
       4
       1
       2
       2
       4
       4
       3
       5
       1
       1
       1
       1
       1
       1
       2
       1
       2
       1
       1
       4
       1
       1
       2
       3
       0
       2
       2
       2
       0
       2
       0
       1
       2
       0
       2
       2
       2
       2
       2
       1
       2
       3
       0
       2
       1
       1
       3
       2
       1
       1
       4
       1
       2
       1
       2
       2
       2
       1
       4
       0
       0
       2
       1
       1
       0
       1
       0
       0
       3
       0
       1
       3
       1
       1
       0
       0
       1
       2
       1
       1
       4
       1
       1
       4
       2
       2
       2
       1
       0
       1
       5
       3
       2
       2
       3
       2
       2
       2
       2
       2
       3
       0
       1
       3
       2
       2
       1
       1
       2
       1
       2
       2
       1
       1
       1
       1
       0
       2
       0
       0
       2
       2
       1
       2
       1
       0
       1
       0
       0
       1
       2
       1
       1
       3
       4
       1
       1
       3
       1
       4
       0
       3
       2
       2
       1
       7
       0
       5
       2
       1
       0
       2
       1
       0
       1
       0
       0
       1
       2
       0
       1
       1
       1
       1
       3
       0
       3
       3
       1
       2
       4
       0
       0
       2
       1
       2
       1
       1
       3
       1
       0
       2
       1
       2
       3
       0
       2
       1
       2
       1
       1
       3
       0
       3
       3
       2
       1
       1
       2
       3
       2
       2
       1
       0
       0
       0
       0
       0
       0
       1
       3
       0
       3
       1
       0
       2
       0
       0
       2
       1
       1
       1
       2
       1
       3
       0
       2
       1
       4
       1
       1
       0
       4
       2
       1
       2
       2
       2
       1
       0
       2
       0
       3
       1
       1
       2
       1
       3
       3
       1
       2
       2
       1
       1
       0
       3
       0
       2
       2
       1
       2
       1
       0
       0
       1
       0
       2
       1
       1
       2
       1
       3
       2
       0
       1
       3
       0
       0
       0
       1
       2
       0
       0
       1
       1
       0
       1
       4
       1
       0
       1
       2
       0
       1
       2
       3
       1
       1
       1
       0
       1
       1
       2
       0
       3
       1
       0
       1
       3
       1
       2
       0
       0
       1
       0
       1
       0
       0
       2
       0
       0
       1
       0
       1
       0
       1
       1
       3
       5
       2
       3
       0
       1
       0
       3
       1
       2
       0
       1
       2
       4
       0
       0
       1
       1
       1
       0
       4
       3
       1
       2
       3
       1
       0
       3
       2
       1
       3
       4
       1
       2
       0
       2
       3
       1
       0
       1
       2
       1
       1
       0
       2
       2
       1
       0
       1
       3
       0
       0
       1
       1
       1
       5
       1
       3
       0
       3
       0
       0
       1
       3
       1
       0
       1
       0
       0
       1
       2
       0
       0
       0
       0
       1
       0
       0
       2
       4
       0
       1
       2
       2
       2
       0
       1
       0
       1
       0
       1
       0
       1
       1
       2
       2
       0
       3
       2
       1
       1
       1
       3
       0
       0
       1
       0
       1
       1
       0
       1
       0
       1
       0
       0
       0
       0
       2
       1
       1
       1
       0
       0
       2
       0
       1
       4
       2
       0
       0
       1
       0
       1
       2
       2
       1
       2
       0
       0
       3
       1
       0
       2
       3
       0
       3
       1
       3
       1
       1
       0
       0
       2
       2
       3
       2
       1
       1
       3
       0
       0
       1
       1
       0
       2
       7
       2
       5
      11
       9
      11
       9
       9
       4
       6
       4
       1
       2
       2
       2
       3
       3
       2
       3
       2
       2
       0
       2
       2
       1
       4
       2
       2
       2
       0
       1
       1
       1
       1
       2
       2
       2
       0
       0
       0
       2
       1
       0
       0
       1
       0
       1
       1
       0
       1
       4
       0
       1
       0
       2
       1
       0
       1
       2
       0
       1
       0
       0
       2
       2
       1
       1
       1
       2
       0
       0
       1
       0
       2
       3
       0
       0
       1
       0
       1
       3
       0
       1
       3
       1
       1
       0
       1
       1
       1
       1
       1
       0
       2
       0
       2
       1
       2
       1
       1
       1
       0
       1
       1
       1
       0
       1
       0
       0
       0
       0
       0
       1
       0
       3
       1
       2
       1
       1
       2
       2
       1
       0
       0
       1
       2
       3
       1
       1
       0
       0
       1
       0
       2
       0
       2
       1
       1
       0
       2
       2
       3
       2
       1
       3
       0
       3
       1
       1
       1
       0
       0
       1
       0
       0
       0
       0
       1
       2
       1
       1
       1
       3
       0
       1
       2
       1
       0
       1
       2
       1
       0
       0
       2
       0
       0
       3
       1
       2
       0
       0
       2
       3
       0
       1
       0
       0
       2
       1
       0
       0
       0
       1
       0
       2
       0
       2
       0
       0
       0
       2
       0
       0
       1
       0
       1
       2
       0
       1
       0
       0
       2
       2
       1
       1
       1
       1
       1
       1
       0
       0
       1
       1
       1
       0
       0
       0
       2
       2
       0
       0
       0
       2
       0
       0
       0
       3
       2
       0
       2
       0
       0
       0
       1
       1
       0
       1
       0
       0
       0
       0
       2
       1
       0
       0
       2
       1
       1
       1
       1
       1
       0
       2
       2
       1
       0
       1
       0
       0
       2
       0
       0
       1
       0
       0
       0
       0
       0
       2
       0
       0
       0
       0
       1
       0
       3
       2
       1
       0
       0
       2
       1
       1
       3
       0
       3
       0
       1
       1
       0
       2
       1
       0
       2
       3
       0
       0
       2
       0
       0
       1
       2
       0
       3
       0
       0
       0
       2
       1
       2
       0
       0
       1
       1
       1
       0
       0
       1
       1
       2
       0
       0
       0
       2
       0
       1
       0
       1
       1
       0
       1
       0
       0
       0
       0
       0
       1
       2
       0
       0
       0
       0
       3
       3
       0
       0
       1
       0
       1
       1
       0
       1
       0
       0
       0
       0
       1
       0
       2
       0
       1
       0
       3
       1
       1
       0
       0
       0
       2
       2
       0
       1
       3
       1
       0
       1
       1
       1
       3
       0
       0
       1
       0
       0
       1
       0
       2
       0
       1
       0
       0
       3
       1
       0
       0
       0
       1
       0
       1
       1
       0
       0
       1
       1
       0
       1
       0
       1
       2
       2
       0
       1
       0
       2
       0
       0
       0
       1
       1
       0
       0
       1
       0
       0
       0
       2
       1
       0
       0
       0
       0
       1
       0
       0
       1
       0
       0
       2
       1
       0
       0
       0
       0
       3
       1
       2
       1
       0
       0
       1
       1
       1
       3
       1
       1
       1
       0
       1
       0
       1
       1
       0
       3
       1
       0
       1
       1
       2
       1
       1
       1
       2
       0
       0
       0
       0
       2
       1
       0
       0
       1
       1
       2
       0
       0
       0
       0
       2
       3
       1
       2
       1
       1
       2
       1
       0
       1
       0
       0
       3
       1
       0
       0
       0
       0
       0
       0
       1
       0
       0
       1
       0
       0
       0
       0
       0
       0
       2
       0
       0
       0
       0
       0
       0
       1
       0
       0
       0
       0
       0
       0
       0
       0
       0
       0
       1
       0
       0
       0
       0
       0
       0
       0
       0
       0
       0
       0
       1
       1
       1
       0
       1
       1
       2
       0
       0
       1
       0
       1
       0
       2
       0
       0
       1
       0
       0
       0
       0
       0
       0
       1
       0
       0
       0
       0
       0
       0
       1
       0
       0
       0
       0
       0
       0
       0
       1
       1
       0
       0
       0
       0
       0
       0
       0
       0
       0
       0
       0
       1
       1
       1
       2
       0
       0
       0
       1
       0
       0
       0
       0
       0
       1
       0
       1
       0
       1
       1
       0
       1
       0
       0
       0
       0
       1
       0
       0
       0
       0
       0
       1
       0
       0
       0
       1
       0
       1
       0
       0
       1
       0
       0
       0
       1
       1
       0
       1
       0
       1
       1
       0
       1
       0
       0
       0
       0
       0
       1
       0
       0
       0
       0
       0
       2
       2
       0
       0
       1
       0
       0
       0
       0
       0
       0
       0
       0
       1
       0
       2
       1
       0
       0
       0
       2
       0
       1
       0
       0
       1
       0
       0
       0
       0
       0
       1
       0
       0
       1
       0
       0
       1
       0
       0
       0
       0
       0
       0
       1
       1
       0
       0
       0
       0
       0
       0
       0
       0
       0
       0
       0
       0
       0
       0
       0
       1
       0
       0
       0
       0
       1
       0
       0
       0
       0
       0
       2
       1
       0
       0
       1
       0
       0
       0
       1
       0
       0
       1
       0
       0
       0
       0
       1
       0
       2
       0
       1
       0
       0
       0
       0
       0
       1
       0
       1
       0
       0
       0
       1
       0
       1
       0
       0
       0
       0
       0
       0
       0
       0
       1
       0
       0
       0
       0
       0
       0
       0
       1
       0
       2
       1
       1
       0
       0
       1
       0
       0
       0
       0
       0
       0
       0
       0
       1
       1
       3
       1
       0
       1
       0
       0
       0
       0
       0
       0
       0
       0
       1
       1
       3
       2
       3
       5
       3
       9
      16
       8
       7
      17
      11
      10
       5
       4
       4
       0
       1
       0
       1
       0
       0
       0
       0
       0
       0
       0
       1
       0
       0
       0
       0
       0
       1
       0
       0
       0
       2
       0
       1
       0
       0
       0
       1
       0
       1
       0
       0
       0
       1
       0
       1
       0
       1
       0
       0
       0
       1
       0
       0
       2
       1
       0
       0
       1
       0
       1
       0
       0
       0
       0
       0
       0
       0
       0
       0
       0
       0
       0
       0
       0
       0
       0
       0
       2
       0
       0
       0
       0
       0
       0
       0
       0
       0
       0
       0
       1
       0
       1
       0
       2
       0
       0
       0
       1
       0
       0
       0
       0
       0
       0
       0
       0
       0
       0
       0
       0
       0
       0
       0
       1
       0
       0
       0
       0
       0
       0
       0
       0
       0
       0
       0
       0
       0
       0
       0
       0
       0
       0
       0
       0
       0
       0
       0
       1
       0
       1
       0
       0
       0
       0
       0
       1
       0
       0
       0
       0
       0
       0
       0
       0
       1
       0
       1
       0
       0
       0
       0
       0
       0
       0
       0
       0
       1
       0
       0
       0
       0
       0
       0
       1
       0
       0
       0
       0
       0
       0
       1
       0
       0
       0
       0
       0
       0
       1
       0
       0
       0
       0
       1
       0
       0
       0
       1
       0
       0
       0
       0
       0
       0
       0
       0
       1
       0
       0
       0
       0
       0
       0
       0
       0
       0
       0
       0
       0
       0
       0
       0
       0
       0
       0
       1
       0
       0
       0
       0
       0
       0
       0
       0
       0
       1
       0
       0
       0
       0
       0
       0
       0
       0
       0
       0
       0
       0
       0
       0
       0
       0
       0
       0
       0
       0
       0
       0
       0
       1
       1
       0
       0
       0
       0
       0
       0
       0
       1
       1
       0
       1
       0
       0
       0
       0
       0
       0
       0
       0
       0
       0
       0
       0
       0
       0
       0
       1
       0
       1
       1
       0
       0
       0
       0
       0
       0
       1
       1
       0
       1
       0
       0
       0
       0
       0
       1
       0
       1
       1
       0
       0
       1
       0
       0
       0
       0
       0
       1
       1
       0
       0
       1
       1
       0
       0
       0
       0
       0
       0
       0
       0
       0
       1
       0
       0
       0
       0
       0
       0
       0
       0
       1
       0
       0
       0
       0
       0
       0
       0
       0
       1
       0
       0
       1
       0
       0
       0
       0
       0
       0
       1
       0
       0
       0
       0
       0
       0
       0
       0
       0
       0
       0
       1
       0
       0
       0
       0
       0
       0
       0
       0
       0
       1
       0
       0
       1
       0
       0
       0
       0
       0
       0
       0
       1
       2
       0
       0
       0
       1
       0
       0
       0
       0
       0
       0
       0
       0
       0
       0
       0
       0
       1
       0
       1
       0
       1
       0
       0
       0
       0
       0
       0
       0
       0
       1
       1
       0
       1
       0
       0
       0
       0
       0
       0
       0
       0
       0
       0
       0
       0
       0
       0
       0
       0
       0
       0
       0
       0
       0
       0
       0
       0
       0
       0
       0
       0
       0
       0
       0
       0
       0
       0
       0
       0
       0
       1
       0
       1
       0
       0
       0
       0
       0
       1
       1
       0
       0
       0
       0
       0
       0
       0
       0
       0
       0
       0
       0
       1
       0
       0
       1
       0
       0
       0
       0
       0
       0
       1
       0
       0
       0
       0
       0
       0
       0
       0
       0
       0
       0
       0
       0
       0
       0
       0
       1
       0
       0
       0
       0
       0
       1
       0
       0
       0
       0
       0
       0
       0
       0
       0
       0
       0
       0
       1
       0
       0
       0
       0
       1
       0
       0
       1
       0
       0
       0
       1
       0
       0
       0
       0
       1
       0
       0
       0
       1
       0
       0
       0
       0
       0
       0
       0
       0
       0
       0
       0
       0
       1
       0
       0
       0
       0
       0
       0
       0
       0
       0
       1
       0
       0
       1
       0
       0
       0
       0
       0
       0
       0
       0
       0
       0
       0
       0
       0
       0
       1
       0
       0
       0
       0
       0
       0
       0
       0
       0
       1
       0
       0
       0
       0
       0
       0
       0
       0
       0
       0
       0
       0
       0
       0
       0
       0
       0
       0
       0
       0
       0
       0
       0
       0
       0
       0
       0
       0
       1
       0
       0
       0
       0
       0
       0
       0
       0
       0
       0
       1
       0
       0
       0
       1
       0
       0
       1
       0
       0
       0
       0
       0
       0
       0
       0
       0
       0
       0
       0
       1
       0
       0
       0
       0
       0
       0
       1
       0
       0
       0
       0
       0
       0
       0
       0
       0
       0
       0
       0
       0
       0
       0
       0
       0
       0
       0
       0
       0
       0
       0
       0
       0
       0
       0
       0
       0
       0
       0
       0
       0
       0
       0
       0
       1
       0
       0
       0
       0
       0
       0
       0
       0
       0
       0
       0
       0
       0
       0
       1
       0
       0
       1
       0
       2
       1
       1
       2
       1
       0
       1
       1
       0
       1
       0
       0
       0
       0
       0
       0
       0
       0
       0
       0
       0
       0
       0
       0
       0
       0
       0
       0
       0
       0
       0
       1
       0
       0
       0
       0
       0
       1
       0
       0
       0
       0
       0
       1
       0
       0
       0
       0
       0
       0
       0
       0
       0
       0
       0
       0
       0
       0
       0
       0
       0
       0
       0
       0
       0
       0
       0
       0
       0
       0
       0
       0
       0
       0
       0
       0
       0
       0
       0
       0
       0
       1
       0
       0
       0
       0
       0
       0
       0
       0
       0
       0
       0
       0
       0
       0
       0
       0
       0
       0
       0
       0
       0
       2
       0
       0
       0
       0
       0
       1
       0
       0
       0
       0
       0
       0
       0
       0
       0
       0
       1
       0
       0
       0
       0
       0
       0
       0
       0
       0
       0
       0
       0
       0
       0
       0
       0
       0
       0
       0
       0
       0
       0
       0
       0
       0
       0
       0
       0
       0
       0
       0
       0
       0
       0
       0
       0
       0
       0
       0
       0
       0
       0
       1
       1
       0
       1
       0
       0
       1
       0
       0
       0
       0
       0
       0
       0
       2
       0
       1
       0
       0
       1
       0
       0
       0
       1
       0
       0
       0
       0
       1
       0
       0
       2
       0
       0
       0
       2
       0
       1
       0
       0
       0
       0
       0
       0
       0
       0
       0
       0
       0
       0
       0
       0
       0
       1
       0
       0
       0
       0
       0
       1
       1
       0
       0
       0
       1
       0
       0
       0
       1
       0
       1
       0
       1
       1
       0
       0
       0
       0
       1
       0
       0
       0
       0
       0
       1
       0
       0
       0
       0
       0
       0
       0
       0
       0
       0
       1
       0
       0
       0
       1
       0
       0
       0
       1
       0
       0
       0
       0
       0
       0
       0
       0
       0
       0
       0
       0
       0
       0
       0
       0
       1
       0
       0
       0
       0
       0
       0
       0
       0
       1
       0
       0
       0
       0
       0
       0
       0
       0
       0
       0
       0
       0
       0
       0
       0
       0
       0
       0
       1
       0
       0
       0
       0
       1
       1
       0
       0
       0
       0
       0
       0
       1
       0
       0
       0
       1
       0
       0
       0
       0
       1
       0
       0
       0
       0
       0
       0
       0
       0
       0
       0
       0
       0
       0
       0
       0
       0
       0
       0
       0
       0
       0
       0
       0
       0
       0
       0
       0
       0
       1
       0
       0
       0
       0
       0
       0
       0
       0
       0
       0
       0
       0
       0
       0
       0
       0
       0
       0
       1
       2
       0
       0
       0
       0
       0
       0
       1
       0
       0
       0
       0
       0
       0
       0
       0
       0
       0
       0
       0
       1
       0
       0
       0
       0
       0
       0
       0
       0
       0
       0
       0
       0
       0
       0
       0
       0
       0
       0
       0
       0
       0
       0
       0
       1
       0
       0
       0
       0
       0
       0
       0
       0
       0
       0
       0
       0
       0
       0
       0
       0
       0
       0
       0
       0
       0
       0
       0
       0
       0
       0
       0
       0
       0
       0
       0
       0
       0
       0
       0
       0
       0
       0
       0
       0
       0
       0
       0
       0
       0
       0
       0
       0
       0
       0
       0
       0
       0
       0
       0
       0
       0
       0
       0
       0
       0
       0
       0
       0
       0
       0
       0
       0
       1
       0
       0
       0
       0
       0
       0
       0
       0
       0
       1
       0
       1
       0
       0
       0
       0
       0
       0
       0
       0
       0
       0
       0
       0
       0
       0
       0
       0
       0
       0
       0
       0
       0
       0
       0
       0
       0
       0
       0
       0
       1
       0
       1
       1
       0
       0
       0
       0
       0
       0
       0
       0
       1
       0
       0
       0
       0
       0
       0
       0
       0
       0
       1
       0
       0
       0
       0
       0
       1
       0
       0
       0
       0
       0
       0
       0
       0
       0
       0
       0
       1
       0
       0
       0
       0
       0
       0
       0
       0
       0
       0
       0
       0
       0
       0
       0
       0
       0
       0
       0
       0
       0
       0
       0
       0
       0
       0
       1
       0
       0
       0
       0
       0
       0
       1
       1
       1
       0
       0
       0
       0
       0
       0
       0
       0
       0
       0
       0
       0
       0
       0
       0
       0
       0
       1
       1
       0
       0
       0
       0
       0
       0
       0
       0
       0
       1
       0
       0
       0
       0
       0
       1
       0
       0
       0
       0
       0
       0
       0
       0
       0
       0
       0
       0
       0
       0
       1
       1
       0
       0
       0
       0
       0
       0
       0
       0
       0
       0
       0
       0
       0
       0
       0
       0
       0
       0
       2
       0
       0
       0
       1
       1
       0
       0
       0
       0
       0
       0
       0
       0
       0
       0
       0
       0
       0
       0
       0
       0
       0
       0
       0
       0
       0
       0
       0
       0
       0
       0
       0
       1
       0
       0
       0
       0
       0
       0
       0
       0
       0
       0
       0
       0
       0
       0
       0
       0
       0
       0
       0
       0
       0
       0
       0
       0
       0
       0
       0
       0
       0
       0
       0
       0
       0
       0
       0
       0
       0
       0
       0
       0
       0
       0
       0
       0
       0
       0
       0
       0
       0
       0
       0
       0
       0
       0
       0
       0
       0
       0
       0
       0
       0
       1
       0
       0
       1
       0
       0
       0
       0
       0
       0
       0
       0
       0
       0
       1
       0
       0
       0
       0
       0
       0
       0
       0
       0
       0
       1
       0
       0
       0
       1
       0
       0
       0
       0
       0
       0
       0
       0
       0
       0
       0
       0
       0
       0
       0
       0
       0
       0
       0
       0
       0
       0
       0
       0
       0
       0
       0
       0
       0
       0
       0
       0
       0
       0
       0
       0
       1
       0
       0
       0
       0
       0
       0
       0
       0
       0
       0
       0
       0
       0
       1
       0
       0
       0
       0
       0
       0
       0
       1
       0
       0
       0
       0
       0
       0
       0
       0
       0
       0
       0
       0
       0
       0
       0
       0
       0
       0
       0
       0
       0
       0
       1
       0
       0
       0
       0
       0
       0
       0
       0
       0
       0
       0
       0
       0
       0
       0
       0
       0
       0
       0
       0
       0
       0
       0
       0
       0
       0
       0
       0
       0
       0
       0
       0
       0
       0
       0
       0
       0
       1
       0
       0
       0
       0
       0
       0
       0
       0
       0
       0
       0
       0
       0
       0
       0
       0
       0
       0
       0
       0
       0
       0
       0
       0
       0
       0
       0
       0
       0
       0
       0
       0
       0
       0
       0
       0
       0
       0
       0
       1
       0
       0
       0
       1
       0
       0
       0
       1
       0
       0
       0
       0
       0
       0
       0
       0
       0
       0
       0
       0
       0
       0
       0
       0
       0
       0
       0
       0
       0
       0
       0
       0
       0
       0
       0
       0
       0
       1
       1
       0
       0
       0
       0
       0
       0
       0
       0
       0
       0
       0
       0
       0
       0
       0
       0
       0
       0
       0
       0
       0
       0
       0
       0
       0
       0
       0
       0
       0
       0
       1
       0
       0
       0
       0
       1
       0
       0
       0
       0
       0
       0
       0
       1
       0
       0
       0
       0
       1
       0
       0
       0
       0
       0
       0
       0
       0
       1
       0
       1
       0
       0
       0
       0
       0
       0
       0
       0
       0
       0
       1
       0
       0
       0
       0
       0
       0
       0
       0
       0
       0
       0
       0
       0
       0
       0
       0
       1
       0
       0
       0
       0
       0
       0
       0
       0
       0
       0
       0
       0
       0
       0
       0
       0
       0
       0
       0
       0
       0
       2
       0
       0
       0
       0
       0
       0
       0
       0
       1
       0
       0
       0
       0
       0
       0
       0
       0
       0
       0
       0
       0
       0
       0
       1
       0
       0
       0
       0
       0
       0
       0
       0
       0
       0
       0
       0
       0
       0
       0
       0
       0
       0
       0
       0
       0
       1
       0
       0
       0
       0
       0
       0
       1
       0
       0
       0
       0
       0
       0
       0
       0
       0
       0
       0
       0
       0
       0
       0
       0
       0
       0
       0
       0
       0
       0
       0
       0
       0
       0
       0
       0
       0
       0
       0
       0
       0
       0
       0
       0
       0
       0
       0
       0
       0
       0
       0
       0
       0
       0
       0
       0
       0
       0
       0
       0
       0
       0
       0
       1
       0
       0
       0
       0
       0
       0
       0
       0
       0
       0
       0
       0
       0
       0
       0
       0
       0
       1
       0
       0
       0
       0
       0
       0
       1
       0
       0
       0
       0
       0
       0
       0
       0
       0
       0
       0
       0
       0
       0
       0
       0
       2
       0
       0
       0
       0
       0
       0
       0
       0
       1
       1
       0
       0
       0
       0
       0
       0
       1
       1
       0
       0
       0
       0
       0
       1
       0
       0
       0
       0
       0
       1
       0
       0
       0
       0
       0
       0
       0
       0
       0
       0
       1
       0
       0
       0
       0
       0
       1
       0
       0
       0
       1
       0
       0
       0
       0
       0
       1
       0
       1
       0
       0
       0
       0
       0
       0
       0
       0
       0
       0
       0
       0
       0
       0
       0
       0
       0
       0
       0
       0
       0
       0
       1
       0
       0
       0
       0
       0
       0
       0
       0
       0
       0
       0
       0
       0
       0
       0
       0
       0
       0
       0
       0
       0
       0
       0
       0
       0
       0
       0
       0
       0
       0
       0
       0
       0
       0
       0
       0
       0
       0
       1
       0
       0
       0
       0
       0
       1
       0
       0
       0
       1
       0
       0
       0
       0
       0
       0
       0
       0
       0
       1
       0
       1
       0
       1
       0
       0
       0
       0
       1
       0
       0
       0
       0
       0
       0
       0
       0
       0
       0
       0
       0
       1
       0
       0
       0
       0
       0
       0
       0
       0
       0
       1
       0
       0
       0
       0
       0
       1
       0
       0
       0
       0
       0
       0
       0
       0
       0
       0
       0
       0
       0
       0
       0
       0
       0
       0
       0
       0
       0
       0
       0
       0
       0
       0
       0
       0
       0
       0
       0
       0
       0
       0
       0
       0
       0
       0
       0
       0
       0
       0
       0
       0
       0
       0
       0
       0
       0
       0
       1
       0
       0
       0
       0
       0
       0
       0
       1
       0
       0
       0
       0
       0
       0
       0
       1
       0
       0
       0
       0
       0
       0
       0
       0
       0
       0
       0
       0
       0
       0
       0
       0
       0
       0
       0
       0
       0
       0
       2
       0
       0
       0
       0
       0
       0
       1
       1
       0
       0
       0
       0
       0
       0
       0
       0
       0
       0
       0
       0
       0
       0
       0
       0
       0
       0
       0
       0
       0
       0
       1
       0
       0
       0
       0
       1
       0
       0
       0
       0
       1
       0
       0
       0
       0
       1
       0
       0
       0
       0
       0
       0
       1
       0
       0
       0
       0
       0
       0
       0
       0
       0
       0
       0
       0
       0
       0
       0
       0
       1
       0
       0
       0
       0
       0
       0
       0
       0
       0
       0
       0
       0
       0
       0
       0
       0
       0
       0
       0
       0
       0
       0
       0
       0
       0
       0
       0
       0
       0
       0
       0
       0
       0
       0
       0
       0
       0
       0
       0
       0
       0
       0
       0
       0
       1
       0
       0
       1
       0
       0
       0
       0
       0
       0
       0
       1
       0
       0
       0
       0
       0
       0
       0
       0
       0
       0
       0
       0
       0
       0
       0
       0
       0
       0
       0
       0
       1
       0
       0
       0
       0
       0
       0
       0
       0
       1
       0
       0
       0
       0
       0
       0
       0
       0
       0
       0
       0
       0
       0
       0
       0
       0
       1
       0
       0
       0
       0
       0
       0
       0
       0
       0
       0
       0
       0
       1
       0
       0
       0
       0
       0
       0
       0
       0
       0
       0
       0
       0
       0
       0
       0
       0
       0
       0
       0
       0
       1
       0
       0
       0
       0
       0
       0
       0
       0
       1
       0
       0
       0
       0
       0
       0
       0
       0
       0
       0
       0
       0
       0
       0
       0
       0
       0
       0
       0
       0
       0
       0
       0
       0
       0
       0
       0
       0
       0
       0
       0
       0
       0
       0
       0
       0
       0
       0
       0
       0
       0
       0
       0
       0
       0
       0
       0
       0
       0
       0
       0
       0
       0
       0
       0
       0
       0
       0
       0
       0
       0
       0
       0
       0
       0
       0
       0
       0
       0
       0
       0
       0
       0
       0
       0
       0
       0
       0
       0
       0
       0
       0
       0
       0
       0
       0
       0
       0
       0
       0
       0
       0
       0
       0
       0
       0
       0
       0
       0
       1
       0
       0
       1
       0
       0
       0
       0
       0
       0
       0
       0
       0
       0
       0
       0
       0
       0
       0
       0
       0
       0
       0
       0
       0
       0
       0
       0
       0
       0
       0
       0
       0
       0
       0
       0
       0
       0
       0
       0
       0
       0
       0
       0
       0
       0
       0
       0
       0
       1
       0
       0
       0
       0
       0
       0
       0
       0
       0
       0
       0
       0
       0
       0
       0
       0
       0
       0
       0
       0
       0
       0
       0
       0
       0
       0
       0
       0
       0
       0
       0
       0
       0
       0
       0
       0
       0
       0
       0
       0
       0
       0
       0
       0
       0
       0
       0
       0
       0
       0
       0
       0
       0
       0
       0
       0
       0
       0
       0
       0
       0
       0
       0
       0
       0
       0
       0
       0
       0
       0
       0
       0
       0
       0
       0
       1
       0
       0
       0
       0
       0
       0
       0
       0
       0
       0
       0
       0
       0
       0
       0
       0
       0
       0
       0
       0
       0
       0
       0
       0
       0
       0
       0
       0
       0
       0
       0
       0
       1
       0
       0
       0
       0
       0
       0
       0
       0
       0
       0
       0
       0
       0
       0
       0
       0
       0
       0
       0
       0
       0
       0
       0
       0
       0
       0
       0
       0
       0
       0
       0
       1
       0
       1
       3
       3
       2
       0
       1
       3
       0
       3
       4
       0
       1
       0
       0
       0
       0
       0
       0
       0
       0
       0
       0
       0
       0
       0
       0
       0
       0
       0
       0
       0
       0
       0
       0
       0
       0
       0
       0
       0
       0
       0
       0
       0
       0
       0
       0
       0
       0
       0
       0
       0
       0
       0
       0
       0
       0
       0
       0
       0
       0
       0
       0
       0
       0
       0
       0
       0
       0
       0
       0
       0
       0
       0
       0
       0
       0
       0
       0
       0
       0
       0
       0
       0
       0
       0
       0
       0
       0
       0
       0
       0
       0
       0
       0
       0
       0
       0
       0
       1
       0
       0
       0
       0
       0
       0
       0
       0
       0
       0
       0
       0
       0
       0
       0
       0
       0
       0
       0
       0
       0
       0
       0
       0
       0
       0
       0
       0
       0
       0
       0
       0
       0
       0
       0
       0
       0
       0
       0
       0
       0
       0
       0
       0
       0
       0
       0
       0
       0
       0
       0
       0
       0
       0
       0
       0
       0
       0
       0
       0
       0
       0
       0
       0
       0
       0
       0
       0
       0
       0
       0
       0
       0
       0
       0
       0
       0
       0
       0
       0
       0
       0
       0
       0
       0
       0
       0
       0
       0
       0
       0
       0
       0
       0
       0
       0
       0
       0
       0
       0
       0
       0
       0
       0
       0
       0
       0
       0
       0
       0
       0
       0
       0
       0
       0
       0
       0
       0
       0
       0
       0
       0
       0
       0
       0
       0
       0
       0
       0
       0
       0
       0
       0
       0
       0
       0
       0
       0
       0
       0
       0
       0
       0
       0
       0
       0
       0
       0
       0
       0
       0
       0
       0
       0
       0
       0
       0
       0
       0
       0
       0
       0
       0
       0
       0
       0
       0
       0
       0
       0
       0
       0
       0
       0
       0
       0
       0
       0
       0
       0
       0
       0
       0
       0
       0
       0
       0
       0
       0
       0
       0
       0
       0
       0
       0
       0
       0
       0
       0
       0
       0
       0
       0
       0
       0
       0
       0
       0
       0
       0
       0
       0
       0
       0
       0
       0
       0
       0
       0
       0
       0
       0
       0
       0
       0
       0
       0
       0
       0
       0
       0
       0
       0
       0
       0
       0
       0
       0
       0
       0
       0
       0
       0
       0
       0
       0
       0
       0
       1
       0
       1
       0
       1
       0
       0
       0
       0
       0
       0
       0
       0
       0
       0
       0
       0
       0
       0
       0
       0
       0
       0
       0
       0
       0
       0
       0
       0
       0
       0
       0
       0
       0
       0
       0
       0
       0
       0
       0
       0
       0
       0
       0
       0
       0
       0
       0
       0
       0
       0
       0
       0
       0
       0
       0
       0
       0
       0
       0
       0
       0
       0
       0
       0
       0
       0
       0
       0
       0
       0
       0
       0
       0
       0
       0
       0
       0
       0
       0
       0
       0
       0
       0
       0
       0
       0
       0
       0
       0
       0
       0
       0
       0
       0
       0
       0
       0
       0
       0
       0
       0
       0
       0
       0
       0
       0
       0
       0
       0
       0
       0
       0
       0
       0
       0
       0
       0
       0
       0
       0
       0
       0
       0
       0
       0
       0
       0
       0
       0
       0
       0
       0
       0
       0
       0
       0
       0
       0
       0
       0
       0
       0
       0
       0
       0
       0
       0
       0
       0
       0
       0
       0
       0
       0
       0
       0
       0
       0
       0
       0
       0
       0
       0
       0
       0
       0
       0
       0
       0
       0
       0
       0
       0
       0
       0
       0
       0
       0
       0
       0
       0
       0
       0
       0
       0
       0
       0
       0
       0
       0
       0
       0
       0
       0
       0
       0
       0
       0
       0
       0
       0
       0
       0
       0
       0
       0
       0
       0
       0
       0
       0
       0
       0
       0
       0
       0
       0
       0
       0
       0
       0
       0
       0
       0
       0
       0
       0
       0
       0
       0
       0
       0
       0
       0
       0
       0
       0
       0
       0
       0
       0
       0
       0
       0
       0
       0
       0
       0
       0
       0
       0
       0
       0
       0
       0
       0
       0
       0
       0
       0
       0
       0
       0
       0
       0
       0
       0
       0
       0
       0
       0
       0
       0
       0
       0
       0
       0
       0
       0
       0
       0
       0
       0
       0
       0
       0
       0
       0
       0
       0
       0
       0
       0
       0
       0
       0
       0
       0
       0
       0
       0
       0
       0
       0
       0
       0
       0
       0
       0
       0
       0
       0
       0
       0
       0
       0
       0
       0
       0
       0
       0
       0
       0
       0
       0
       0
       0
       0
       0
       0
       0
       0
       0
       0
       0
       0
       0
       0
       0
       0
       0
       0
       0
       0
       0
       0
       0
       0
       0
       0
       0
       0
       0
       0
       0
       0
       0
       0
       0
       0
       0
       0
       0
       0
       0
       0
       0
       0
       0
       0
       0
       0
       0
       0
       0
       0
       1
       0
       0
       0
       0
       0
       0
       0
       0
       0
       0
       0
       0
       0
       0
       0
       0
       0
       0
       0
       0
       0
       0
       0
       0
       0
       0
       0
       0
       0
       0
       0
       0
       0
       0
       0
       0
       0
       0
       0
       0
       0
       0
       0
       0
       0
       0
       0
       0
       0
       0
       0
       0
       0
       0
       0
       0
       0
       0
       0
       0
       0
       0
       0
       0
       0
       0
       0
       0
       0
       0
       0
       0
       0
       0
       0
       0
       0
       0
       0
       0
       0
       0
       0
       0
       0
       0
       0
       0
       0
       0
       0
       0
       0
       0
       0
       0
       0
       0
       0
       0
       0
       0
       0
       0
       0
       0
       0
       0
       0
       0
       0
       0
       0
       0
       0
       0
       0
       0
       0
       0
       0
       0
       0
       0
       0
       0
       0
       0
       0
       0
       0
       0
       0
       0
       0
       0
       0
       0
       0
       0
       0
       0
       0
       0
       0
       0
       0
       0
       0
       0
       0
       0
       0
       0
       0
       0
       0
       0
       0
       0
       0
       0
       0
       0
       0
       0
       0
       0
       1
       0
       0
       0
       0
       0
       0
       0
       0
       0
       0
       0
       0
       0
       0
       0
       0
       0
       0
       0
       0
       0
       0
       0
       0
       0
       0
       0
       0
       0
       0
       0
       0
       0
       0
       0
       0
       0
       0
       0
       0
       0
       0
       0
       0
       0
       0
       0
       0
       0
       0
       0
       0
       0
       0
       0
       0
       0
       0
       0
       0
       0
       0
       0
       0
       0
       0
       0
       0
       0
       0
       0
       0
       0
       0
       0
       0
       0
       0
       0
       0
       0
       0
       0
       0
       0
       0
       0
       0
       0
       0
       0
       0
       0
       0
       0
       0
       0
       0
       0
       0
       0
       0
       0
       0
       0
       0
       0
       0
       0
       0
       0
       0
       0
       0
       0
       0
       0
       0
       0
       0
       0
       0
       0
       0
       0
       0
       0
       0
       0
       0
       0
       0
       0
       0
       0
       0
       0
       0
       0
       0
       0
       0
       0
       0
       0
       0
       0
       0
       0
       0
       0
       0
       0
       0
       0
       0
       0
       0
       0
       0
       0
       0
       0
       0
       0
       0
       0
       0
       0
       0
       0
       0
       0
       0
       0
       0
       0
       0
       0
       0
       0
       0
       0
       0
       0
       0
       0
       0
       0
       0
       0
       0
       0
       0
       0
       0
       0
       0
       0
       0
       0
       0
       0
       0
       0
       0
       0
       0
       0
       0
       0
       0
       0
       0
       0
       0
       0
       0
       0
       0
       0
       0
       0
       0
       0
       0
       0
       0
       0
       0
       0
       0
       0
       0
       0
       0
       0
       0
       0
       0
       0
       0
       0
       0
       0
       0
       0
       0
       0
       0
       0
       0
       0
       0
       0
       0
       0
       0
       0
       0
       0
       0
       0
       0
       0
       0
       0
       0
       0
       0
       0
       0
       0
       0
       0
       0
       0
       0
       0
       0
       0
       0
       0
       0
       0
       0
       0
       0
       0
       0
       0
       0
       0
       0
       0
       0
       0
       0
       0
       0
       0
       0
       0
       0
       0
       0
       0
       0
       0
       0
       0
       0
       0
       0
       0
       0
       0
       0
       0
       0
       0
       0
       0
       0
       0
       0
       0
       0
       0
       0
       0
       0
       0
       0
       0
       0
       0
       0
       0
       0
       0
       0
       0
       0
       0
       0
       0
       0
       0
       0
       0
       0
       0
       0
       0
       0
       0
       0
       0
       0
       0
       0
       0
       0
       0
       0
       0
       0
       0
       0
       0
       0
       0
       0
       0
       0
       0
       0
       0
       0
       0
       0
       1
       0
       0
       0
       0
       0
       0
       0
       0
       0
       0
       0
       0
       0
       0
       0
       0
       0
       0
       0
       0
       0
       0
       0
       0
       0
       0
       0
       0
       0
       0
       0
       0
       0
       0
       0
       0
       1
       0
       0
       0
       0
       0
       0
       0
       0
       0
       0
       0
       0
       0
       0
       0
       0
       0
       0
       0
       0
       0
       0
       0
       0
       0
       0
       0
       0
       0
       0
       0
       0
       0
       0
       0
       0
       0
       0
       0
       0
       0
       0
       0
       0
       0
       0
       0
       0
       0
       0
       0
       0
       0
       0
       0
       0
       0
       0
       0
       0
       1
       0
       0
       0
       0
       0
       0
       0
       0
       0
       0
       0
       0
       0
       0
       0
       0
       0
       0
       0
       0
       0
       0
       0
       0
       0
       0
       0
       0
       0
       0
       0
       0
       0
       0
       0
       0
       0
       0
       0
       0
       0
       0
       0
       0
       0
       0
       0
       0
       0
       0
       0
       0
       0
       0
       0
       0
       0
       0
       0
       0
       0
       0
       0
       0
       0
       0
       0
       0
       0
       0
       1
       0
       0
       0
       0
       0
       0
       0
       0
       0
       0
       0
       0
       0
       0
       0
       0
       0
       0
       0
       0
       0
       0
       0
       0
       0
       0
       0
       0
       0
       0
       0
       0
       0
       0
       0
       0
       0
       0
       0
       0
       0
       0
       0
       0
       0
       0
       0
       0
       0
       0
       0
       0
       0
       0
       0
       0
       0
       0
       0
       0
       0
       0
       0
       0
       0
       0
       0
       0
       0
       0
       0
       0
       0
       0
       0
       0
       0
       0
       0
       0
       0
       0
       0
       0
       0
       0
       0
       0
       0
       0
       0
       0
       0
       1
       0
       0
       0
       0
       0
       0
       0
       0
       0
       0
       0
       0
       0
       0
       0
       0
       0
       0
       0
       0
       0
       0
       0
       0
       0
       0
       0
       0
       0
       0
       0
       0
       0
       0
       0
       0
       0
       0
       0
       0
       0
       0
       0
       0
       0
       0
       0
       0
       0
       0
       0
       0
       1
       0
       0
       0
       0
       0
       0
       0
       0
       0
       0
       0
       0
       0
       0
       0
       0
       0
       0
       0
       0
       0
       0
       0
       0
       0
       0
       0
       0
       0
       0
       0
       0
       0
       0
       0
       0
       0
       0
       0
       0
       0
       0
       0
       0
       0
       0
       0
       0
       0
       0
       0
       0
       0
       0
       0
       0
       0
       0
       0
       0
       0
       0
       0
       0
       0
       0
       0
       0
       0
       0
       0
       0
       0
       0
       0
       0
       0
       0
       0
       0
       0
       0
       0
       0
       0
       0
       0
       0
       0
       0
       0
       0
       0
       0
       0
       0
       0
       0
       0
       0
       0
       0
       0
       0
       0
       0
       0
       0
       0
       0
       0
       0
       0
       0
       0
       0
       0
       0
       0
       0
       0
       0
       0
       0
       0
       0
       0
       0
       0
       0
       0
       0
       0
       0
       0
       0
       0
       0
       0
       0
       0
       0
       0
       0
       0
       0
       0
       0
       0
       0
       0
       0
       0
       0
       0
       0
       0
       0
       0
       0
       0
       0
       0
       0
       0
       0
       0
       0
       0
       0
       0
       0
       0
       0
       0
       0
       0
       0
       0
       0
       0
       0
       0
       0
       0
       0
       0
       0
       0
       0
       0
       0
       0
       0
       0
       0
       0
       0
       0
       0
       0
       0
       0
       0
       0
       0
       0
       0
       0
       0
       0
       0
       0
       0
       0
       0
       0
       0
       0
       0
       0
       0
       0
       0
       0
       0
       0
       0
       0
       0
       0
       0
       0
       0
       0
       0
       0
       0
       0
       0
       0
       0
       0
       0
       0
       0
       0
       0
       0
       0
       0
       0
       0
       0
       0
       0
       0
       0
       0
       0
       0
       0
       0
       0
       0
       0
       0
       0
       0
       0
       0
       0
       0
       0
       0
       0
       0
       0
       0
       0
       0
       0
       0
       0
       0
       0
       0
       0
       0
       0
       0
       0
       0
       0
       0
       0
       0
       0
       0
       0
       0
       0
       0
       0
       0
       0
       0
       0
       0
       0
       0
       0
       0
       0
       0
       0
       0
$ROI:
1
845 863
$PRESETS:
Live Time
1000
0
$ENER_FIT:
0.821043 0.415458
$MCA_CAL:
3
8.210427E-001 4.154576E-001 5.811550E-008 keV
$SHAPE_CAL:
3
3.551624E+000 9.344270E-004 -9.079200E-009
