$SPEC_ID:
22 1 23 ba133 drift test 1000secs ME
$SPEC_REM:
DET# 1
DETDESC# PHY-CSXP153 Easy-MCA-8k SN 12241568
AP# Maestro Version 7.01
$DATE_MEA:
01/23/2023 16:31:11
$MEAS_TIM:
1187 1188
$DATA:
0 8191
       0
       0
       0
       0
       0
       0
       0
       0
       1
       0
       0
       0
       0
       0
       0
       0
       0
       0
       0
       0
       0
       0
       0
       0
       0
       0
       0
       0
       0
       0
       0
       0
       0
       0
       0
       0
       0
       0
       0
       0
       0
       0
       0
       0
       0
       0
       0
       0
       0
       0
       0
       0
       0
       0
       0
       0
       0
       0
       0
       0
       0
       0
       0
       0
       2
      27
     102
     113
     118
     101
     119
     110
     112
     105
     109
     102
      90
      91
      91
      94
      91
      85
     101
      97
      87
     113
      93
     104
      82
      78
      87
      82
     102
      90
      91
      92
      78
      87
      80
      83
      74
      78
      76
      83
      73
      89
      87
      82
      80
     102
      98
      84
      62
      63
      82
      77
      88
      77
      89
      75
      67
      94
      97
      88
      94
     106
      86
     130
     129
     149
     228
     343
     449
     538
     525
     636
     598
     436
     234
     139
      80
      88
      98
      83
     103
      77
      76
     122
      91
     122
     146
     158
     208
     304
     359
     317
     213
     184
     182
     167
     155
     116
     116
     119
      96
     107
     100
     119
     104
     159
     180
     241
     298
     250
     230
     270
     346
     452
     458
     350
     223
     159
     124
     113
     100
     116
     115
      96
     137
     112
     126
     121
     129
     126
     115
     142
     131
     146
     142
     191
     223
     299
     242
     235
     155
     150
     157
     200
     168
     154
     141
     134
     132
     117
     130
     110
      92
     116
     130
     129
     133
     122
     136
     126
     138
     124
     136
     116
     134
     107
     133
     113
     152
     128
     136
     126
     126
     128
     114
     115
     128
     111
     141
     126
     121
     129
     134
     137
     132
     132
     124
     132
     128
     122
     121
     134
     132
     116
     146
     136
     116
     132
     137
     109
     122
     115
     138
     130
     136
     116
     103
     136
     125
     128
     120
     144
     110
     121
     136
     123
     140
     134
     117
     118
     116
     147
     118
     104
     120
     177
     254
     265
     249
     193
     144
     132
     122
     123
     128
     114
     118
     107
     121
     116
     105
     109
      97
     112
     134
     140
      99
     134
     118
     118
     108
     111
      98
     131
     100
     129
     112
     116
     113
     106
     124
     115
     131
     128
     116
     107
     120
     101
     100
     108
     113
     123
      99
     104
     112
     100
     124
     103
      92
     113
      96
     110
     100
     103
     107
      97
     111
     105
     100
     110
      86
     111
      87
      97
     110
      85
     103
     101
      94
      96
     102
     105
      93
     102
     111
      88
      73
     108
     100
      97
      95
      89
      81
      99
     110
      85
      99
     106
      89
      84
      90
     110
      85
      84
      75
      94
      79
      82
      96
      87
      81
      89
      85
      86
      80
      82
      79
     100
      72
      80
      71
      78
      96
      82
      66
      81
      73
      65
      76
      88
      82
      99
      59
      52
      83
      66
      70
      67
      80
      99
      78
      71
      81
      74
      76
      78
      75
      75
      70
      79
      80
      74
      62
      81
      86
      84
      81
      65
      86
      73
      69
      54
      81
      67
      64
      69
      75
      64
      77
      54
      58
      81
      60
      60
      61
      58
      66
      59
      76
      64
      69
      68
      74
      73
      59
      72
      73
      74
      63
      70
      66
      60
      56
      67
      62
      72
      50
      65
      59
      51
      42
      58
      56
      53
      44
      56
      67
      56
      62
      62
      57
      70
      61
      60
      54
      53
      66
      69
      73
      55
      64
      60
      48
      59
      53
      48
      61
      60
      49
      56
      52
      58
      40
      53
      66
      56
      52
      69
      66
      47
      49
      51
      42
      48
      51
      62
      66
      47
      53
      46
      55
      47
      55
      45
      51
      36
      56
      37
      43
      46
      41
      42
      56
      41
      45
      44
      52
      51
      51
      47
      59
      52
      49
      44
      35
      50
      45
      43
      46
      44
      37
      50
      41
      31
      34
      48
      56
      54
      74
      51
      58
      48
      36
      48
      47
      43
      46
      55
      49
      36
      45
      45
      48
      27
      37
      33
      42
      46
      50
      41
      28
      35
      37
      40
      36
      34
      43
      48
      38
      48
      39
      40
      39
      37
      38
      45
      29
      27
      46
      35
      42
      41
      39
      49
      39
      38
      31
      27
      25
      32
      35
      41
      37
      30
      33
      37
      31
      38
      22
      29
      39
      33
      27
      23
      29
      36
      30
      38
      33
      37
      29
      27
      32
      34
      27
      35
      34
      31
      27
      20
      33
      31
      32
      29
      32
      38
      29
      31
      30
      22
      28
      33
      23
      33
      27
      34
      27
      27
      33
      25
      27
      28
      29
      30
      25
      24
      19
      20
      21
      26
      28
      33
      28
      24
      19
      39
      40
      31
      27
      27
      23
      33
      18
      19
      31
      37
      16
      37
      24
      21
      30
      27
      27
      27
      34
      27
      29
      32
      26
      23
      21
      23
      21
      24
      26
      14
      31
      21
      19
      20
      28
      17
      23
      22
      22
      22
      20
      20
      22
      26
      23
      16
      10
      18
      17
      17
      21
      23
      20
      20
      26
      20
      18
      15
      29
      22
      11
      19
      19
      16
      27
      28
      23
      16
      22
      19
      26
      20
      28
      24
      19
      18
      17
      20
      23
      18
      22
      20
      28
      19
      24
      20
      16
      27
      14
      17
      17
      20
      29
      14
      19
      21
      28
      31
      16
      21
      21
      15
       9
      19
      19
      27
      20
      24
      19
      30
      15
      25
      10
      20
      14
      15
      18
      17
      18
      19
      20
      21
      21
      26
      20
      20
      12
      17
      19
      16
      15
      20
      19
      17
      17
      14
      14
      12
      12
      20
      16
      21
      16
      14
      15
      20
       9
      20
      17
       6
      20
      17
      24
      27
      34
      29
      22
      20
      20
      11
      17
      15
      15
      12
      14
      14
      18
      15
      17
      13
      17
      14
      15
      12
      11
      20
      14
      15
      17
      12
      12
      11
      17
      17
      10
       8
       9
      13
      14
      15
      11
      21
      10
      13
      14
       8
      14
      14
       7
      13
      10
      13
      13
      10
      15
      14
      17
       6
      12
      14
      10
      13
       8
       9
      18
      12
      16
      10
      15
      14
      11
      12
      10
      10
      16
      11
       8
      13
       9
      15
      13
      12
      12
      17
      10
      17
       7
       9
       9
      13
      17
      13
      11
      16
       8
      15
      18
      11
      13
      15
      11
       7
      14
       9
      12
      16
       9
       8
      12
       9
       7
      17
      14
       7
      12
      12
       5
       8
       8
       8
       7
       7
      12
      15
       7
       9
      10
      14
       9
      10
       9
       7
       9
       7
      12
      11
       9
       8
       7
       3
       7
      12
      14
      10
      10
      12
       6
      10
      14
       7
      14
      11
       7
      11
      13
       9
       4
      10
      14
      10
      11
      12
      14
      14
      12
       8
      16
       6
      16
       9
      10
      13
       3
      17
      14
       7
      14
       9
      10
       5
      12
      15
       6
      12
      11
      12
       7
       7
       9
      12
       9
      10
       7
       7
      11
       8
       9
       6
       6
       8
       9
       6
      12
       8
       8
      11
       8
       6
      16
       8
      12
       9
       9
       5
      12
      10
      10
       5
       4
       4
      11
       8
       7
       4
       7
      17
      12
       7
       8
       7
       3
       7
      12
       3
      10
      10
       8
      11
       8
       3
      16
       7
      12
      10
       5
      10
      12
      15
       6
       3
       5
       8
       6
       6
       7
      11
       5
       8
       6
       7
       9
       7
       6
       8
       8
       5
      17
       8
       8
       8
       9
      10
      11
      11
       8
       3
      11
       9
      10
       6
       6
      10
      10
       8
       7
      10
       8
       5
       6
       8
       5
       5
      11
      11
       8
      11
       4
      10
       9
       7
      11
      14
       5
      10
       6
       7
       9
       6
       7
       8
       5
       9
      11
       5
       7
      14
      10
      10
       7
       6
       7
      10
       7
       8
      12
       7
       2
       4
       6
       8
       7
       4
       9
      11
      12
       6
       6
      11
       5
      10
       6
       3
       6
       6
       5
       6
       2
       8
       4
       4
      10
       4
       5
       9
       7
       5
       9
       9
       2
       6
       5
       7
       9
      10
      11
       9
       8
      10
      11
      16
      14
       9
       4
       4
      10
       9
       9
      12
       3
       8
       9
       6
      13
      26
      31
      31
      44
      50
      43
      39
      29
      30
      13
       8
       9
       7
       8
       2
      11
       4
       6
       7
       3
       7
      10
       5
       8
      10
      10
       7
      10
       6
       7
       6
       7
       4
       9
       2
       2
       3
       9
      10
       7
       4
       3
       5
      10
       7
       2
       8
       6
       9
      13
      12
       5
       4
       6
       8
       8
       5
       6
       9
       5
      10
       5
       9
       6
      11
      10
       3
       5
       7
       8
       6
       7
       1
       7
       8
       5
       9
       6
      15
       9
       7
       4
       6
       4
       5
       6
       5
       4
      10
       7
       7
       5
       2
       7
       6
       2
       6
       8
       6
       5
       8
       8
       7
       6
       6
       4
      10
       6
       7
       5
      11
       4
       3
       4
       6
       6
       7
       6
       8
       0
       5
       7
       7
       7
       4
       5
       6
       5
       6
       4
       4
       8
       6
       3
       5
       6
       7
      10
       4
       9
       8
       3
       8
       5
      10
       9
       2
       7
       4
       6
       3
       4
       1
       3
       6
       5
       2
       7
       6
       3
       7
       3
       8
       5
       5
       1
       7
       2
       9
       7
       6
       5
       4
       6
       7
      11
      16
      21
      11
      15
      11
      15
       8
       7
       5
       4
       6
       8
       5
       5
       1
       5
       7
       6
       1
       7
       5
       3
       2
       4
       6
       2
       2
       7
       8
       5
       6
       5
       6
       5
       7
       5
       4
       2
       5
       6
       5
       3
       6
       7
       6
       1
       5
       7
       7
       6
       3
       7
       6
       7
       4
       4
       7
       2
       6
       5
       6
       9
      11
      10
      16
      17
      18
      18
       5
       4
       3
       1
       9
       5
       4
       5
       9
       3
       2
       7
       6
       6
       4
       6
       9
       5
       8
       5
       1
       3
       5
       5
       3
       7
       2
       5
       6
       4
       5
       7
      10
       5
       5
       5
       5
       6
       6
       5
       7
       6
       4
       5
       6
       3
       7
       2
       3
       4
       7
      10
       5
       7
       2
       4
       3
       6
       3
       8
       8
       4
       6
       6
       3
       7
       3
       4
       7
       3
       4
      10
       3
       7
       3
       4
       2
       4
       5
       1
       3
       3
       5
       3
       3
       6
       9
       9
       3
       4
       3
       3
       5
       8
       6
       7
       3
       7
       5
       6
       2
       5
       4
       5
       4
       5
       7
       6
       4
       3
       3
       2
       5
       3
       2
       7
       7
       7
       6
       6
       5
       9
      14
      12
       7
      11
       7
       8
       3
       6
      10
       5
      10
       1
       2
       5
       4
       3
       5
       3
       5
       4
       5
       4
       2
       3
       6
       5
       6
       3
       7
       3
       6
       5
       3
       2
       3
       3
       8
       5
       3
       3
       5
       3
       4
      10
       5
       1
       7
       3
       6
       0
       1
       3
       2
       1
       9
       3
       7
       1
       5
       6
       4
       2
      10
       4
      10
       3
       7
       2
       7
       4
       3
       4
       3
       4
       3
       5
       2
       2
       4
       5
       0
       7
       6
       4
       3
       1
       2
       8
       8
       5
       2
       2
       8
       4
       5
       6
       4
       4
       6
       9
       2
       6
       3
       1
       4
       4
       3
       2
       3
       8
       1
       5
       4
       5
       4
       3
       3
       5
       5
       5
       2
       5
       2
       3
       8
       4
       4
       5
       7
       2
       6
       5
       7
       5
       3
       3
       5
       5
       4
       9
       4
       5
       7
       5
       2
       6
       3
       6
       4
       4
       4
       6
       7
       5
       9
       6
       6
       3
      12
       4
       5
       3
       6
       1
       4
       4
       0
       2
       2
       5
       4
       7
       2
       7
       6
       0
       3
       7
       4
       2
       3
       6
       5
       2
       2
       2
       2
       5
       6
       4
       3
       3
       4
       6
       3
       6
       2
       8
       1
       2
       2
       3
       6
       3
       3
       3
       5
       2
       6
       8
       4
       7
       5
       3
       3
       6
       6
       3
       4
       5
       4
       3
       1
       0
       3
       4
       2
       3
       5
       8
       2
       6
       2
       5
       0
       4
       7
       3
       6
       6
       6
       2
       5
       4
       1
       3
       4
       5
       1
       5
       7
       3
       2
       1
       6
       3
       8
       4
       9
       5
       6
       2
       4
       2
       5
       4
       5
       3
       2
       4
       2
       3
       3
       4
       3
       4
       3
       4
       3
       3
       8
       3
       2
       2
       5
       3
       4
       5
       2
       5
       8
       1
       1
       1
       4
       5
       2
       5
       4
       4
       1
       3
       4
       3
       2
       6
       7
       4
       5
       6
       4
       8
       1
       3
       7
       7
       3
       7
       7
       6
       3
       3
       4
       3
       5
       2
       4
       8
       7
       7
       4
       5
       2
       4
       4
       3
       5
       2
       7
       0
       3
       8
       3
       2
       5
       4
       4
       1
       4
       9
       2
       6
       3
       2
       1
       2
       5
       2
       0
       2
       4
       2
       5
       3
       4
       4
       6
       1
       3
       4
       8
       6
       7
       4
       4
       4
       4
       4
       2
       4
       1
       5
       4
      10
       4
       1
       5
       7
       5
       4
       4
       2
       7
       7
       1
       4
       5
       3
       5
       0
       2
       2
       5
       7
       5
       2
       0
       4
       8
       3
       6
       2
       4
       4
       6
       7
       4
       5
      10
       6
       6
       6
       6
       2
       2
       5
       3
       3
       4
       1
       4
       3
       3
       2
       1
       5
       4
       4
       3
       3
       7
       4
       6
       2
       2
       2
       1
       4
       3
       5
       6
       4
       5
       3
       6
       4
       2
       3
       4
       6
       5
       6
       4
       4
       3
       2
       3
       3
       3
       2
       2
       6
       3
       3
       2
       3
       4
       3
       3
       6
       6
       5
       3
       4
       7
       4
       6
       5
       4
       3
       5
       4
       5
       6
       5
       3
       5
       3
       4
       2
       4
       4
       4
       2
       5
       5
       4
       3
       6
       4
       0
       5
       4
       5
       6
       2
       1
       3
       2
       8
       3
       3
       2
       1
       5
       2
       4
       3
       4
       4
       7
       5
       2
       4
       6
       4
       2
       6
       5
       3
       5
       4
       1
       3
       6
       3
       3
       2
       5
       5
       8
       3
       6
       4
       2
       2
       4
       7
       3
       6
       2
      12
       4
       2
       5
       3
       2
       5
       2
       5
       4
       4
       3
       1
       3
       2
       5
       7
       1
       2
       2
       2
       4
       2
       4
       2
       4
       2
       3
       4
       2
       7
       5
       2
       4
       3
       5
       3
      10
      14
      12
      10
      10
       7
       7
       7
       1
       4
       1
       2
       4
       2
       2
       6
       5
       3
       3
       2
       6
       3
       7
       3
       1
       2
       1
       4
       1
       6
       4
       1
       5
       2
       4
       2
       4
       4
       2
       2
       6
       3
       3
       2
       4
       2
       2
       4
       2
       4
       2
       4
       4
       7
       3
       6
       3
       2
       3
       3
       4
       4
       4
       4
       3
       1
       4
       5
       3
       3
       4
       2
       1
       2
       2
       3
       2
       1
       3
       4
       3
       4
       5
       2
       4
       2
       2
       3
       3
       5
       4
       7
       3
       7
       2
       1
       2
       4
       3
       7
       2
       3
       5
       4
       6
       2
       4
       3
       4
       2
       3
       3
       1
       1
       6
       2
       4
       2
       3
       0
       4
       5
       3
       5
       3
       5
       4
       3
       6
      10
       8
       1
       3
       6
       3
       3
       3
       5
       4
      10
       7
       6
       9
       5
       4
       3
       3
       3
       4
       1
       3
       2
       5
       3
       5
       3
       0
       3
       1
       4
       2
       3
       0
       2
       6
       0
       4
       1
       4
       4
       1
       1
       3
       7
       1
       2
       2
       1
       3
       4
       3
       4
       4
       6
       0
       4
       4
       1
       4
       2
       3
       1
       5
       2
       2
       3
       0
       1
       7
       4
       2
       6
       1
       3
       0
       4
       1
       4
       2
       1
       1
       2
       4
       3
       7
       3
       2
       4
       5
       2
       2
       9
       4
       3
       1
       6
       5
       4
       0
       1
       0
       1
       2
       2
       3
       4
       1
       5
       6
       3
       5
       2
       3
       0
       2
       1
       6
       5
       5
       5
       3
       5
       2
       2
       4
       3
       2
       2
       1
       5
       3
       2
       3
       0
       2
       1
       3
       3
      12
       4
       6
       3
       4
       7
       3
       3
       2
       3
       0
       2
       3
       1
       4
       3
       2
       5
       4
       6
       0
       4
       5
       1
       0
       4
       0
       3
       7
       2
       3
       3
       1
       4
       8
       3
       4
       4
       3
       4
       2
       6
       1
       3
       3
       5
       0
       3
       2
       3
       4
       0
       3
       1
       2
       0
       4
       0
       2
       2
       2
       4
       1
       2
       1
       3
       4
       1
       2
       1
       4
       2
       1
       3
       4
      11
       1
       2
       4
       2
       1
       2
       8
       0
       3
       2
       4
       6
       3
       3
       3
       5
       2
       3
       2
       3
       4
       6
       2
       3
       4
       1
       6
       1
       3
       3
       0
       3
       2
       4
       4
       5
       1
       2
       4
       2
       3
       8
       1
       3
       3
       3
       1
       1
       2
       2
       5
       2
       1
       6
       4
       1
       3
       4
       5
       6
       2
       4
       1
       0
       4
       1
       2
       2
       3
       6
       4
       6
       5
       3
       2
       8
       3
       3
       2
       7
       4
       4
       7
       5
       2
       2
       3
       3
       2
       2
       2
       2
       3
       2
       7
       4
       3
       4
       6
       4
       3
       2
       2
       2
       2
       4
       1
       3
       0
       4
       2
       1
       2
       6
       1
       5
       3
       3
       5
       1
       1
       2
       2
       4
       4
       1
       4
       5
       3
       1
       4
       1
       5
       7
       2
       7
       1
       2
       3
       7
       1
       4
       2
       6
       6
       5
       8
      18
      17
      27
      36
      40
      35
      16
       8
       8
       4
       4
       3
       3
       9
       8
      10
       3
       5
       3
       4
       5
       2
       5
       6
       1
       5
       0
       3
       1
       3
       3
       6
       1
       3
       6
       4
       4
       6
       4
       4
       4
       1
       0
       1
       4
       4
       3
       3
       1
       3
       1
       1
       2
       3
       2
       5
       7
       5
      11
       5
       2
       4
       3
       2
       3
       0
       5
       4
       2
       9
       1
       1
       5
       2
       5
       2
       7
       2
       5
       1
       3
       4
       2
       0
       2
       2
       4
       0
       1
       3
       4
       3
       5
       3
       3
       2
       2
       5
       3
       7
       4
       2
       4
       2
       2
       1
       2
       3
       3
       3
       2
       0
       4
       3
       3
       1
       2
       3
       5
       5
       3
       3
       2
       3
       2
       2
       1
       3
       2
       1
       4
       3
       3
       4
       3
       3
       1
       2
       1
       6
       3
       3
       3
       6
       4
       4
       6
       4
       0
       1
       3
       3
       1
       2
       2
       5
       4
       1
       3
       3
       5
       3
       2
       6
       4
       3
       1
       1
       0
       0
       2
       1
       1
       2
       3
       0
       0
       1
       0
       2
       4
       4
       4
       2
       1
       3
       3
       4
       3
       1
       1
       3
       1
       1
       6
       1
       2
       3
       4
       2
       3
       2
       2
       3
       2
       2
       0
       2
       2
       1
       3
       3
       1
       2
       6
       3
       3
       1
       1
       2
       4
       0
       0
       2
       3
       2
       3
       6
       3
       3
       2
       3
       1
       0
       1
       4
       4
       2
       2
       3
       6
       1
       0
       5
       1
       2
       1
       3
       3
       2
       2
       1
       3
       3
       4
       2
       2
       2
       5
       0
       5
       2
       1
       2
       2
       1
       1
       3
       2
       2
       3
       3
       1
       2
       5
       1
       2
       5
       0
       6
       4
       2
       0
       0
       2
       4
       3
       2
       2
       4
       2
       1
       0
       1
       4
       1
       2
       4
       3
       2
       2
       3
       1
       3
       3
       1
       2
       1
       0
       2
       1
       1
       5
       0
       0
       1
       1
       1
       3
       2
       2
       4
       3
       1
       1
       4
       0
       2
       1
       1
       1
       2
       0
       2
       2
       1
       1
       4
       1
       3
       3
       1
       2
       1
       2
       0
       0
       2
       3
       1
       1
       1
       2
       2
       1
       1
       1
       1
       2
       0
       0
       1
       1
       2
       3
       0
       2
       2
       2
       3
       3
       1
       3
       1
       2
       0
       1
       1
       1
       3
       3
       3
       3
       3
       3
       3
       4
       2
       4
       3
       2
       3
       1
       2
       1
       3
       1
       1
       1
       2
       2
       1
       2
       1
       4
       1
       2
       1
       2
       1
       0
       2
       0
       2
       2
       1
       1
       3
       2
       4
       0
       2
       2
       4
       1
       2
       0
       0
       2
       1
       3
       2
       8
       3
       2
       1
       2
       0
       0
       2
       2
       1
       1
       3
       3
       2
       3
       0
       2
       4
       1
       1
       4
       1
       1
       0
       0
       1
       2
       1
       0
       1
       4
       0
       0
       4
       2
       1
       3
       1
       3
       1
       0
       0
       2
       3
       1
       1
       2
       0
       1
       1
       0
       2
       3
       0
       0
       2
       1
       0
       2
       3
       1
       0
       1
       3
       1
       2
       4
       3
       1
       0
       4
       0
       0
       1
       0
       1
       1
       2
       2
       2
       1
       0
       2
       1
       0
       1
       2
       0
       0
       2
       2
       5
       4
       0
       4
       2
       4
       2
       2
       3
       0
       2
       1
       0
       1
       2
       1
       3
       0
       1
       0
       0
       2
       1
       0
       2
       4
       1
       1
       0
       0
       0
       0
       0
       0
       0
       0
       2
       0
       1
       0
       1
       0
       1
       2
       1
       1
       1
       0
       1
       1
       0
       0
       0
       2
       2
       2
       1
       1
       0
       0
       0
       0
       2
       1
       2
       0
       0
       3
       1
       2
       1
       1
       1
       1
       2
       2
       1
       1
       0
       1
       3
       5
       2
       6
      12
      21
      25
      42
      56
      40
      46
      34
      25
      13
       5
       4
       2
       1
       0
       2
       1
       2
       0
       0
       3
       1
       2
       1
       1
       0
       2
       2
       0
       2
       0
       2
       2
       1
       0
       3
       1
       2
       1
       2
       1
       1
       1
       2
       1
       2
       1
       0
       1
       1
       1
       1
       1
       1
       1
       0
       1
       4
       2
       0
       3
       2
       0
       0
       1
       0
       1
       0
       1
       0
       2
       0
       0
       1
       0
       0
       1
       0
       1
       1
       1
       0
       2
       0
       0
       4
       0
       0
       1
       0
       1
       0
       2
       1
       2
       0
       0
       2
       2
       3
       0
       1
       0
       0
       1
       1
       0
       1
       0
       0
       1
       1
       1
       0
       0
       1
       0
       0
       0
       0
       0
       2
       0
       3
       0
       2
       0
       1
       0
       0
       0
       2
       0
       1
       2
       0
       1
       0
       0
       1
       2
       1
       2
       0
       1
       0
       0
       2
       1
       2
       0
       1
       0
       1
       2
       1
       2
       1
       1
       1
       2
       3
       1
       1
       0
       1
       1
       0
       1
       0
       1
       2
       0
       0
       0
       1
       1
       1
       1
       0
       1
       0
       2
       1
       0
       2
       1
       0
       1
       0
       1
       0
       1
       2
       0
       0
       0
       0
       3
       1
       2
       0
       1
       1
       1
       1
       0
       1
       2
       1
       1
       1
       1
       1
       1
       0
       2
       2
       0
       0
       5
       4
      11
      20
      25
      24
      52
      33
      41
      38
      12
       9
       8
       4
       2
       1
       1
       0
       0
       2
       2
       2
       1
       2
       0
       1
       0
       0
       0
       1
       0
       0
       0
       3
       0
       1
       1
       1
       0
       0
       0
       0
       2
       1
       0
       2
       2
       1
       0
       1
       0
       0
       1
       1
       0
       0
       2
       1
       2
       1
       1
       1
       0
       0
       0
       0
       1
       0
       1
       0
       0
       0
       0
       0
       1
       0
       2
       0
       2
       0
       1
       2
       0
       1
       1
       1
       0
       1
       1
       0
       1
       0
       1
       0
       1
       1
       0
       0
       1
       1
       0
       1
       1
       0
       1
       1
       0
       0
       0
       0
       0
       1
       0
       0
       2
       0
       0
       0
       1
       0
       0
       0
       3
       1
       2
       1
       0
       0
       2
       0
       1
       0
       1
       2
       0
       0
       0
       0
       0
       1
       0
       0
       0
       1
       0
       2
       1
       0
       1
       1
       0
       0
       1
       0
       0
       0
       0
       0
       0
       1
       1
       0
       0
       0
       0
       0
       1
       0
       1
       0
       1
       0
       2
       0
       1
       0
       1
       1
       0
       2
       0
       0
       0
       0
       0
       0
       0
       1
       0
       0
       2
       1
       1
       1
       1
       1
       0
       1
       1
       1
       0
       0
       1
       1
       0
       0
       1
       0
       0
       0
       2
       0
       1
       1
       0
       0
       1
       0
       0
       1
       2
       2
       0
       1
       0
       1
       2
       0
       0
       1
       4
       0
       0
       1
       2
       0
       1
       1
       4
       0
       1
       0
       0
       0
       1
       1
       1
       0
       0
       1
       1
       0
       0
       0
       0
       0
       1
       2
       0
       0
       0
       1
       0
       0
       0
       0
       0
       0
       2
       1
       1
       0
       0
       1
       1
       0
       0
       0
       1
       2
       1
       1
       1
       2
       0
       0
       1
       0
       0
       0
       1
       1
       1
       0
       0
       0
       0
       0
       1
       1
       0
       0
       0
       0
       0
       0
       0
       1
       1
       1
       0
       1
       0
       1
       2
       5
       2
       0
       0
       2
       2
       2
       1
       1
       0
       0
       2
       0
       2
       0
       0
       0
       1
       2
       0
       1
       0
       1
       0
       0
       0
       0
       0
       0
       0
       1
       0
       0
       1
       0
       1
       0
       0
       0
       0
       0
       0
       1
       1
       0
       0
       0
       0
       0
       0
       0
       0
       0
       1
       0
       1
       1
       1
       0
       0
       0
       0
       1
       0
       1
       1
       0
       0
       1
       1
       2
       0
       2
       0
       1
       3
       1
       0
       0
       2
       0
       1
       1
       1
       0
       0
       1
       0
       0
       0
       0
       1
       0
       1
       0
       2
       0
       0
       1
       0
       0
       0
       1
       0
       0
       0
       1
       0
       0
       0
       0
       0
       0
       1
       1
       0
       0
       3
       1
       0
       2
       1
       0
       0
       0
       1
       1
       1
       0
       0
       0
       1
       0
       0
       1
       0
       1
       0
       0
       0
       1
       0
       0
       0
       0
       1
       0
       0
       0
       2
       0
       2
       0
       1
       0
       1
       0
       0
       0
       1
       0
       0
       0
       0
       0
       0
       1
       1
       0
       1
       2
       0
       1
       1
       2
       0
       2
       2
       0
       1
       0
       0
       1
       1
       2
       0
       1
       1
       0
       0
       0
       1
       0
       0
       1
       1
       2
       0
       0
       2
       0
       0
       0
       0
       0
       1
       1
       0
       1
       1
       0
       0
       1
       1
       0
       0
       2
       0
       0
       1
       0
       0
       1
       0
       1
       0
       3
       0
       1
       1
       1
       0
       0
       1
       0
       0
       0
       0
       0
       1
       1
       1
       1
       1
       0
       0
       1
       1
       0
       1
       0
       1
       1
       0
       1
       0
       1
       1
       0
       0
       0
       0
       1
       1
       1
       1
       1
       0
       0
       0
       0
       1
       1
       1
       0
       0
       1
       0
       0
       0
       0
       1
       1
       0
       0
       0
       0
       0
       0
       0
       0
       2
       0
       0
       1
       0
       2
       1
       0
       2
       1
       0
       0
       1
       0
       2
       1
       0
       0
       0
       0
       0
       2
       0
       0
       1
       1
       0
       0
       1
       0
       1
       0
       0
       0
       0
       0
       0
       2
       0
       0
       1
       2
       0
       0
       2
       3
       4
       1
       2
       1
       5
       4
       2
       6
       1
       4
       3
       0
       0
       0
       2
       0
       0
       1
       0
       2
       0
       1
       1
       0
       1
       0
       1
       0
       0
       0
       0
       0
       1
       0
       0
       0
       1
       1
       1
       4
       0
       1
       0
       1
       1
       0
       1
       0
       0
       0
       0
       0
       0
       0
       0
       1
       0
       1
       1
       0
       0
       0
       0
       2
       0
       0
       1
       0
       1
       0
       0
       1
       2
       1
       0
       0
       0
       1
       0
       2
       2
       1
       3
       5
       0
       3
       6
       4
       3
       1
       0
       1
       1
       1
       1
       2
       0
       1
       2
       0
       0
       2
       1
       1
       1
       0
       1
       0
       2
       1
       0
       0
       0
       0
       0
       1
       0
       0
       0
       0
       0
       1
       0
       0
       0
       0
       0
       0
       0
       2
       0
       1
       0
       0
       0
       0
       1
       1
       0
       2
       1
       0
       0
       0
       1
       0
       1
       0
       1
       0
       0
       1
       0
       0
       0
       0
       1
       0
       0
       0
       1
       0
       0
       0
       0
       0
       1
       1
       0
       0
       1
       0
       0
       1
       0
       0
       0
       1
       0
       0
       1
       0
       1
       0
       0
       0
       1
       0
       2
       0
       0
       1
       2
       1
       0
       0
       0
       0
       1
       0
       0
       1
       0
       0
       0
       0
       2
       0
       0
       0
       0
       1
       1
       2
       1
       2
       0
       0
       0
       0
       1
       0
       0
       1
       1
       1
       1
       0
       0
       1
       2
       0
       1
       1
       0
       0
       0
       1
       1
       1
       0
       0
       0
       0
       0
       0
       0
       0
       0
       0
       0
       1
       0
       1
       0
       1
       0
       2
       1
       0
       0
       1
       1
       1
       0
       2
       3
       0
       1
       0
       3
       0
       0
       2
       1
       0
       0
       0
       2
       0
       0
       0
       1
       0
       1
       1
       2
       1
       2
       0
       0
       0
       1
       1
       2
       1
       1
       0
       0
       0
       1
       0
       0
       1
       0
       0
       2
       1
       0
       1
       0
       1
       1
       1
       1
       2
       0
       0
       0
       0
       1
       1
       1
       0
       0
       1
       0
       0
       1
       0
       0
       0
       0
       0
       1
       0
       0
       0
       0
       1
       0
       0
       3
       0
       1
       1
       0
       0
       0
       0
       0
       3
       0
       0
       0
       0
       0
       0
       1
       1
       0
       0
       0
       0
       0
       0
       2
       2
       0
       0
       1
       0
       1
       1
       1
       0
       0
       0
       0
       1
       0
       0
       0
       0
       1
       0
       1
       2
       0
       0
       2
       0
       1
       0
       2
       0
       1
       0
       0
       0
       0
       0
       1
       1
       1
       0
       0
       1
       0
       0
       0
       1
       1
       0
       1
       0
       0
       0
       0
       0
       0
       0
       0
       0
       0
       0
       0
       0
       0
       0
       0
       1
       1
       1
       0
       1
       1
       0
       0
       0
       0
       2
       2
       0
       0
       0
       0
       0
       2
       0
       1
       1
       1
       0
       0
       0
       1
       1
       0
       0
       0
       1
       1
       0
       0
       1
       1
       1
       2
       1
       1
       1
       2
       0
       0
       1
       0
       0
       0
       0
       2
       1
       1
       1
       1
       0
       0
       1
       0
       0
       1
       0
       0
       0
       0
       1
       2
       0
       0
       1
       0
       1
       1
       0
       1
       0
       1
       1
       0
       0
       1
       1
       1
       0
       2
       1
       1
       0
       1
       0
       2
       0
       0
       0
       0
       0
       0
       1
       1
       1
       0
       1
       0
       0
       0
       1
       0
       1
       0
       0
       0
       1
       1
       0
       0
       0
       2
       0
       0
       1
       1
       0
       0
       1
       0
       0
       1
       0
       0
       0
       0
       0
       0
       0
       0
       0
       0
       0
       1
       0
       0
       0
       1
       1
       0
       0
       0
       0
       1
       1
       0
       3
       0
       0
       1
       0
       0
       0
       0
       1
       1
       0
       2
       2
       0
       0
       0
       0
       1
       2
       1
       0
       0
       0
       1
       2
       0
       0
       0
       0
       0
       0
       0
       1
       2
       0
       2
       0
       1
       2
       0
       0
       1
       0
       0
       1
       2
       0
       1
       1
       0
       1
       0
       0
       1
       1
       0
       1
       2
       0
       0
       0
       0
       0
       0
       0
       2
       0
       0
       1
       0
       1
       0
       0
       0
       0
       1
       1
       0
       2
       0
       0
       0
       0
       0
       1
       0
       0
       0
       0
       0
       0
       1
       0
       0
       1
       0
       0
       1
       0
       0
       2
       0
       0
       0
       0
       0
       0
       0
       1
       0
       0
       0
       0
       1
       2
       2
       0
       1
       0
       0
       1
       0
       0
       1
       0
       0
       1
       0
       0
       2
       0
       1
       1
       0
       0
       0
       0
       0
       2
       3
       0
       1
       0
       0
       0
       0
       1
       0
       0
       0
       1
       1
       1
       0
       0
       1
       0
       2
       0
       0
       1
       0
       2
       0
       1
       2
       0
       1
       2
       0
       1
       1
       0
       1
       0
       2
       0
       0
       0
       0
       1
       2
       0
       1
       0
       2
       2
       0
       0
       0
       0
       0
       2
       0
       1
       0
       0
       3
       0
       0
       2
       0
       0
       0
       0
       3
       2
       1
       0
       1
       0
       0
       3
       1
       0
       1
       1
       0
       0
       1
       0
       0
       0
       1
       0
       0
       1
       0
       1
       1
       0
       0
       1
       0
       0
       0
       0
       1
       1
       0
       0
       0
       1
       0
       0
       0
       0
       2
       0
       0
       2
       1
       2
       0
       0
       2
       0
       1
       0
       1
       2
       1
       1
       0
       0
       1
       1
       0
       0
       1
       0
       2
       1
       2
       2
       0
       1
       3
       0
       0
       0
       0
       1
       1
       1
       1
       0
       1
       1
       2
       1
       0
       1
       0
       0
       3
       0
       0
       0
       0
       0
       0
       0
       0
       0
       1
       0
       0
       0
       1
       0
       0
       2
       0
       0
       1
       3
       0
       2
       0
       2
       3
       0
       0
       0
       1
       0
       0
       1
       0
       0
       2
       0
       1
       0
       0
       1
       1
       0
       0
       0
       0
       0
       0
       0
       0
       0
       2
       0
       2
       1
       1
       0
       0
       3
       1
       0
       0
       1
       0
       0
       0
       0
       1
       1
       0
       2
       1
       0
       0
       0
       1
       0
       0
       0
       2
       1
       0
       2
       0
       0
       0
       0
       0
       0
       0
       0
       0
       0
       1
       2
       1
       0
       0
       0
       1
       0
       0
       0
       0
       1
       1
       0
       1
       1
       1
       0
       0
       0
       0
       0
       1
       1
       0
       0
       0
       1
       0
       2
       0
       0
       0
       0
       0
       1
       0
       0
       1
       1
       0
       0
       0
       1
       1
       1
       1
       0
       2
       1
       1
       0
       1
       0
       0
       0
       0
       0
       1
       0
       1
       1
       0
       0
       0
       1
       1
       0
       0
       1
       1
       0
       2
       0
       0
       1
       0
       0
       1
       2
       1
       2
       0
       2
       0
       1
       0
       0
       0
       0
       0
       0
       0
       1
       0
       0
       0
       0
       0
       1
       0
       0
       0
       2
       1
       2
       1
       0
       2
       1
       3
       1
       0
       0
       0
       0
       0
       0
       0
       2
       1
       3
       2
       1
       1
       0
       0
       1
       1
       0
       1
       1
       0
       0
       1
       0
       0
       0
       0
       0
       0
       1
       0
       0
       1
       1
       0
       1
       1
       0
       0
       0
       0
       0
       0
       0
       3
       0
       0
       0
       0
       2
       0
       1
       1
       0
       2
       2
       0
       0
       1
       2
       0
       0
       0
       1
       2
       2
       0
       2
       0
       0
       0
       1
       1
       1
       2
       1
       0
       0
       2
       1
       2
       1
       2
       2
       1
       2
       3
       1
       0
       1
       1
       0
       1
       2
       2
       0
       0
       1
       0
       0
       1
       1
       1
       1
       5
       2
       1
       0
       2
       0
       0
       0
       0
       1
       0
       0
       1
       2
       0
       1
       2
       1
       2
       0
       1
       0
       0
       1
       0
       1
       0
       0
       0
       0
       1
       1
       0
       0
       1
       0
       1
       0
       0
       1
       1
       1
       1
       3
       0
       3
       2
       2
       2
       4
       1
       2
       2
       1
       1
       0
       2
       2
       0
       0
       1
       0
       1
       1
       0
       0
       0
       2
       2
       0
       1
       0
       1
       0
       0
       2
       0
       0
       0
       1
       0
       1
       0
       1
       2
       1
       2
       0
       2
       0
       1
       0
       1
       1
       1
       2
       0
       0
       1
       0
       0
       2
       0
       1
       2
       0
       1
       0
       1
       0
       0
       1
       0
       1
       0
       0
       0
       1
       0
       0
       0
       0
       1
       0
       0
       1
       1
       1
       1
       0
       1
       2
       0
       0
       1
       1
       3
       1
       2
       0
       2
       0
       1
       1
       0
       0
       1
       1
       1
       0
       1
       1
       0
       1
       1
       0
       0
       0
       0
       3
       1
       1
       0
       2
       0
       1
       1
       0
       1
       2
       0
       0
       0
       3
       2
       1
       1
       1
       0
       1
       1
       0
       1
       2
       1
       0
       2
       0
       2
       1
       0
       1
       0
       0
       2
       0
       0
       2
       1
       1
       0
       0
       0
       0
       2
       0
       0
       1
       1
       2
       0
       0
       0
       0
       0
       0
       0
       0
       1
       1
       0
       0
       0
       0
       1
       0
       1
       0
       1
       1
       0
       0
       1
       1
       0
       0
       1
       0
       0
       0
       0
       0
       0
       0
       0
       1
       2
       0
       0
       0
       0
       2
       0
       0
       0
       1
       1
       1
       0
       1
       0
       0
       0
       0
       0
       1
       1
       2
       0
       1
       1
       2
       0
       2
       1
       1
       1
       3
       0
       1
       0
       0
       3
       4
       0
       0
       1
       1
       0
       2
       0
       0
       0
       2
       0
       1
       0
       1
       1
       1
       0
       3
       0
       1
       0
       1
       1
       1
       0
       0
       0
       0
       0
       0
       0
       0
       1
       0
       0
       0
       0
       1
       0
       2
       0
       1
       0
       0
       1
       2
       0
       1
       3
       1
       0
       1
       0
       0
       1
       0
       1
       0
       0
       0
       2
       0
       0
       2
       1
       0
       2
       0
       1
       1
       0
       0
       0
       0
       0
       2
       0
       1
       0
       0
       1
       0
       2
       1
       1
       1
       2
       2
       0
       0
       2
       0
       0
       0
       0
       0
       2
       2
       0
       1
       3
       1
       0
       0
       0
       0
       0
       1
       0
       0
       1
       1
       0
       0
       1
       2
       0
       0
       1
       1
       0
       0
       2
       0
       0
       0
       0
       2
       0
       1
       1
       1
       0
       0
       1
       1
       0
       0
       0
       1
       1
       0
       1
       0
       0
       0
       1
       1
       1
       1
       1
       1
       1
       1
       1
       0
       1
       0
       1
       0
       1
       1
       1
       1
       0
       0
       0
       1
       1
       0
       0
       3
       0
       1
       2
       3
       0
       0
       0
       0
       1
       0
       2
       2
       1
       0
       1
       1
       1
       3
       0
       2
       1
       0
       1
       0
       1
       0
       0
       0
       2
       1
       1
       1
       1
       1
       0
       0
       1
       0
       1
       0
       0
       1
       1
       4
       0
       2
       0
       1
       1
       1
       0
       0
       0
       2
       2
       1
       0
       2
       1
       1
       0
       0
       3
       1
       1
       3
       1
       1
       1
       1
       1
       1
       0
       0
       2
       1
       0
       1
       2
       0
       1
       1
       0
       0
       2
       1
       0
       1
       3
       0
       0
       2
       1
       1
       1
       1
       0
       0
       0
       0
       0
       1
       1
       1
       1
       1
       0
       0
       2
       0
       0
       0
       0
       0
       2
       0
       0
       1
       0
       0
       3
       1
       2
       0
       1
       0
       1
       0
       0
       1
       3
       0
       1
       0
       1
       1
       1
       1
       0
       0
       2
       2
       0
       1
       0
       0
       0
       0
       3
       1
       0
       0
       0
       1
       0
       2
       0
       0
       0
       0
       1
       0
       3
       0
       0
       0
       0
       2
       1
       0
       0
       1
       0
       0
       2
       1
       1
       1
       2
       2
       0
       0
       0
       0
       0
       1
       1
       1
       0
       2
       1
       0
       1
       0
       0
       0
       1
       1
       0
       1
       1
       0
       1
       0
       1
       1
       0
       1
       3
       0
       1
       2
       0
       1
       0
       0
       1
       2
       1
       3
       1
       3
       0
       1
       1
       0
       0
       1
       2
       0
       1
       1
       1
       0
       0
       0
       0
       0
       0
       1
       1
       0
       0
       0
       1
       1
       2
       0
       0
       1
       1
       0
       1
       3
       0
       0
       0
       1
       0
       0
       1
       0
       0
       0
       1
       0
       1
       1
       0
       0
       0
       1
       1
       0
       1
       2
       1
       0
       0
       2
       0
       0
       0
       1
       1
       0
       1
       0
       1
       0
       0
       0
       1
       0
       1
       1
       1
       0
       0
       1
       0
       0
       0
       0
       0
       1
       2
       0
       0
       0
       0
       1
       0
       0
       1
       0
       1
       0
       0
       1
       0
       0
       1
       1
       0
       0
       2
       1
       1
       2
       0
       0
       2
       0
       1
       0
       1
       0
       0
       0
       0
       1
       0
       2
       0
       1
       2
       1
       0
       0
       0
       0
       2
       0
       0
       1
       2
       1
       0
       0
       1
       1
       0
       0
       1
       1
       0
       0
       0
       0
       0
       1
       0
       0
       1
       2
       2
       1
       1
       0
       0
       0
       0
       0
       1
       0
       0
       1
       1
       1
       0
       1
       0
       1
       0
       1
       0
       0
       0
       0
       0
       0
       1
       0
       1
       0
       0
       0
       0
       0
       0
       0
       1
       0
       0
       1
       0
       1
       0
       1
       0
       1
       1
       0
       0
       0
       0
       1
       1
       0
       0
       0
       0
       1
       2
       0
       1
       0
       1
       1
       0
       0
       0
       0
       0
       1
       1
       0
       0
       1
       0
       1
       1
       0
       1
       1
       1
       0
       0
       2
       1
       0
       0
       0
       1
       0
       0
       0
       0
       1
       0
       0
       0
       0
       1
       0
       0
       1
       2
       2
       2
       3
       2
       4
       4
       1
       5
       8
       5
       6
       7
       5
       3
       2
       0
       0
       0
       0
       0
       1
       0
       0
       1
       1
       0
       0
       1
       0
       0
       1
       0
       0
       0
       0
       0
       0
       1
       1
       0
       0
       0
       0
       0
       0
       1
       0
       1
       0
       0
       1
       0
       0
       0
       0
       0
       0
       1
       0
       1
       0
       0
       1
       0
       0
       0
       0
       0
       0
       0
       0
       0
       1
       0
       0
       0
       0
       0
       0
       0
       0
       0
       0
       0
       0
       0
       0
       0
       0
       1
       0
       0
       0
       0
       1
       0
       2
       0
       0
       0
       0
       0
       0
       0
       0
       1
       0
       0
       0
       0
       0
       0
       0
       0
       0
       0
       0
       0
       0
       0
       0
       0
       0
       0
       0
       0
       0
       0
       1
       0
       0
       0
       0
       0
       0
       0
       1
       0
       0
       0
       0
       0
       0
       0
       0
       0
       0
       0
       0
       0
       0
       0
       0
       0
       0
       0
       0
       0
       0
       1
       0
       0
       1
       0
       1
       0
       0
       0
       0
       0
       0
       0
       0
       0
       0
       0
       0
       0
       0
       0
       0
       0
       0
       0
       0
       0
       0
       0
       0
       0
       0
       0
       0
       0
       0
       1
       0
       0
       0
       0
       0
       0
       0
       0
       1
       0
       0
       0
       0
       0
       0
       0
       0
       0
       0
       0
       0
       0
       1
       0
       0
       0
       0
       0
       0
       0
       0
       0
       0
       0
       0
       0
       0
       0
       0
       0
       0
       1
       0
       0
       0
       0
       0
       0
       0
       0
       0
       0
       0
       0
       0
       0
       0
       0
       0
       1
       0
       0
       0
       0
       0
       0
       0
       0
       0
       0
       0
       0
       0
       0
       0
       0
       0
       0
       0
       0
       0
       0
       0
       0
       0
       0
       0
       0
       0
       0
       0
       0
       0
       0
       0
       0
       0
       0
       0
       0
       0
       0
       0
       0
       0
       0
       1
       0
       0
       0
       0
       0
       0
       0
       0
       0
       0
       0
       0
       0
       0
       0
       0
       0
       0
       0
       0
       0
       0
       0
       0
       0
       0
       0
       1
       0
       0
       2
       2
       5
       5
       6
       5
      13
      18
      20
      18
      19
      16
      28
      14
       7
      13
       4
       1
       1
       1
       2
       0
       0
       1
       0
       0
       0
       0
       0
       0
       0
       0
       0
       0
       0
       0
       0
       0
       0
       0
       0
       0
       0
       0
       0
       0
       0
       0
       0
       0
       0
       0
       0
       0
       0
       0
       0
       0
       0
       0
       0
       0
       0
       0
       0
       0
       0
       0
       0
       0
       0
       0
       0
       0
       0
       0
       0
       0
       0
       0
       0
       0
       0
       0
       0
       0
       0
       0
       0
       0
       0
       0
       0
       0
       0
       0
       0
       0
       0
       0
       0
       0
       0
       0
       0
       0
       0
       0
       0
       0
       0
       0
       1
       0
       0
       0
       0
       0
       0
       0
       0
       0
       0
       0
       0
       0
       0
       0
       0
       1
       0
       0
       0
       0
       0
       0
       0
       0
       0
       0
       0
       0
       0
       0
       0
       0
       0
       0
       0
       0
       0
       0
       0
       0
       0
       0
       0
       0
       0
       0
       0
       0
       0
       0
       0
       0
       0
       0
       0
       0
       0
       0
       0
       0
       0
       0
       0
       0
       0
       0
       0
       0
       0
       0
       0
       0
       0
       0
       0
       0
       0
       0
       0
       0
       0
       0
       0
       0
       0
       0
       0
       0
       0
       0
       0
       0
       0
       0
       0
       0
       0
       0
       0
       0
       0
       0
       0
       0
       0
       0
       0
       0
       0
       0
       0
       0
       0
       0
       0
       0
       0
       0
       0
       0
       0
       0
       0
       0
       0
       0
       0
       0
       0
       0
       0
       0
       0
       0
       0
       0
       0
       0
       0
       0
       0
       0
       0
       0
       0
       0
       0
       0
       0
       0
       0
       0
       0
       0
       0
       0
       0
       0
       0
       0
       0
       0
       0
       0
       0
       0
       0
       1
       0
       0
       0
       0
       0
       0
       0
       0
       0
       0
       0
       0
       0
       0
       0
       0
       0
       0
       0
       0
       0
       0
       0
       0
       0
       0
       0
       0
       0
       0
       0
       0
       0
       0
       0
       0
       0
       0
       0
       0
       0
       0
       0
       0
       0
       0
       0
       0
       0
       0
       0
       0
       0
       0
       0
       0
       0
       0
       0
       0
       0
       0
       0
       0
       0
       0
       0
       0
       1
       0
       0
       0
       0
       0
       0
       0
       0
       0
       0
       0
       0
       0
       0
       0
       0
       0
       0
       0
       0
       0
       0
       0
       0
       0
       0
       0
       0
       0
       0
       0
       0
       0
       0
       0
       0
       0
       0
       0
       0
       0
       1
       0
       0
       0
       0
       0
       0
       0
       0
       0
       0
       0
       0
       0
       0
       0
       0
       0
       0
       0
       0
       0
       0
       0
       0
       0
       0
       0
       0
       0
       0
       0
       0
       0
       0
       0
       0
       0
       0
       0
       0
       0
       0
       0
       0
       0
       0
       0
       0
       0
       0
       0
       0
       0
       0
       0
       0
       0
       0
       0
       0
       0
       0
       0
       0
       0
       0
       0
       0
       0
       0
       0
       0
       0
       0
       0
       0
       0
       0
       0
       0
       0
       0
       0
       0
       0
       0
       0
       0
       0
       0
       1
       0
       0
       0
       0
       0
       0
       0
       0
       0
       0
       0
       0
       0
       0
       0
       0
       0
       0
       0
       0
       0
       0
       0
       0
       0
       0
       0
       0
       0
       0
       0
       0
       0
       0
       0
       0
       0
       0
       0
       0
       0
       0
       0
       0
       0
       0
       0
       0
       0
       0
       0
       0
       0
       0
       0
       0
       0
       0
       0
       0
       0
       0
       0
       0
       0
       0
       0
       0
       0
       0
       0
       0
       0
       0
       0
       0
       0
       0
       0
       0
       0
       0
       0
       0
       0
       0
       0
       0
       0
       0
       1
       0
       0
       0
       0
       0
       0
       0
       0
       0
       0
       0
       0
       0
       0
       0
       0
       0
       0
       0
       0
       0
       0
       0
       0
       0
       0
       0
       0
       0
       0
       0
       0
       0
       0
       0
       0
       0
       0
       0
       0
       0
       0
       0
       1
       0
       0
       0
       0
       0
       0
       0
       0
       0
       0
       0
       0
       0
       0
       0
       0
       0
       0
       0
       0
       0
       0
       0
       0
       0
       0
       0
       0
       0
       0
       1
       0
       0
       0
       0
       0
       0
       0
       0
       0
       0
       0
       0
       0
       0
       0
       0
       0
       0
       0
       0
       0
       0
       0
       0
       0
       0
       0
       0
       0
       0
       0
       0
       0
       0
       0
       0
       0
       0
       0
       0
       0
       0
       0
       0
       0
       0
       0
       0
       0
       0
       0
       0
       0
       0
       0
       0
       0
       0
       0
       0
       0
       0
       0
       0
       0
       0
       0
       0
       0
       0
       0
       0
       0
       0
       0
       0
       0
       0
       0
       0
       0
       0
       0
       0
       0
       0
       0
       0
       0
       0
       0
       0
       0
       0
       0
       0
       0
       0
       0
       0
       0
       0
       1
       0
       0
       0
       0
       0
       0
       0
       0
       0
       0
       0
       0
       0
       0
       0
       0
       0
       0
       0
       0
       0
       0
       0
       0
       0
       0
       0
       0
       0
       0
       0
       0
       0
       0
       0
       0
       0
       0
       0
       0
       0
       0
       0
       0
       0
       0
       0
       0
       0
       0
       0
       0
       0
       0
       0
       0
       0
       0
       0
       0
       0
       0
       0
       0
       0
       0
       0
       0
       0
       0
       0
       0
       0
       0
       0
       0
       0
       0
       0
       0
       0
       0
       0
       0
       0
       0
       0
       0
       0
       0
       0
       0
       0
       0
       0
       0
       0
       0
       0
       0
       0
       0
       0
       0
       0
       0
       0
       0
       0
       0
       0
       0
       0
       0
       0
       0
       0
       0
       0
       0
       0
       0
       0
       0
       0
       0
       0
       0
       0
       1
       0
       0
       0
       0
       0
       0
       0
       0
       0
       0
       0
       0
       0
       0
       0
       0
       1
       0
       0
       0
       0
       0
       0
       0
       0
       0
       0
       0
       0
       0
       0
       0
       0
       0
       0
       0
       0
       0
       0
       0
       0
       0
       0
       0
       0
       0
       0
       0
       0
       0
       0
       0
       0
       0
       0
       0
       0
       0
       0
       0
       1
       0
       0
       0
       0
       0
       0
       0
       0
       0
       0
       0
       0
       0
       0
       0
       0
       0
       0
       1
       0
       0
       0
       0
       0
       1
       0
       0
       0
       0
       0
       0
       0
       0
       0
       0
       0
       0
       0
       0
       0
       0
       0
       0
       0
       0
       0
       1
       0
       0
       0
       0
       0
       0
       0
       0
       0
       0
       0
       0
       0
       0
       0
       0
       0
       0
       0
       0
       0
       0
       0
       0
       0
       0
       0
       0
       0
       0
       0
       0
       0
       0
       0
       0
       0
       0
       0
       0
       0
       0
       0
       0
       0
       0
       0
       0
       0
       0
       0
       1
       0
       0
       0
       0
       0
       0
       0
       0
       0
       0
       0
       0
       0
       0
       0
       0
       0
       0
       0
       0
       0
       0
       0
       0
       0
       0
       0
       0
       0
       0
       0
       0
       0
       0
       0
       0
       0
       0
       0
       0
       0
       0
       0
       0
       0
       0
       0
       0
       0
       1
       0
       0
       0
       0
       0
       0
       0
       0
       0
       0
       0
       0
       0
       0
       0
       0
       0
       0
       0
       0
       0
       0
       0
       0
       0
       0
       0
       0
       0
       0
       0
       0
       0
       0
       0
       0
       0
       0
       0
       0
       0
       0
       0
       0
       0
       0
       0
       0
       0
       0
       0
       0
       0
       0
       0
       0
       0
       0
       0
       0
       0
       0
       0
       0
       1
       0
       0
       0
       0
       1
       0
       0
       0
       0
       0
       0
       0
       0
       0
       0
       0
       0
       0
       0
       0
       0
       0
       0
       1
       0
       0
       0
       1
       0
       0
       0
       0
       0
       0
       0
       0
       0
       0
       0
       0
       0
       0
       0
       0
       0
       0
       0
       0
       0
       0
       0
       0
       0
       0
       0
       0
       0
       0
       0
       0
       0
       0
       0
       0
       0
       0
       0
       0
       0
       0
       0
       0
       0
       0
       0
       0
       0
       0
       0
       0
       0
       0
       0
       0
       0
       0
       0
       0
       0
       0
       0
       0
       0
       0
       0
       0
       0
       0
       0
       0
       0
       0
       0
       0
       0
       0
       0
       0
       0
       0
       0
       0
       0
       1
       0
       0
       0
       0
       1
       0
       0
       0
       0
       0
       0
       0
       0
       0
       0
       0
       0
       0
       0
       0
       0
       0
       0
       0
       0
       0
       0
       0
       0
       0
       0
       0
       0
       0
       0
       0
       0
       0
       0
       0
       0
       1
       0
       0
       0
       0
       0
       0
       0
       0
       0
       0
       0
       0
       0
       0
       0
       0
       0
       0
       0
       0
       0
       0
       0
       0
       0
       0
       0
       0
       0
       0
       0
       0
       0
       0
       0
       0
       0
       0
       0
       0
       0
       0
       0
       0
       0
       0
       0
       0
       0
       0
       0
       0
       0
       0
       0
       0
       0
       0
       0
       0
       0
       0
       0
       0
       0
       0
       0
       0
       0
       0
       0
       0
       0
       0
       0
       0
       0
       0
       0
       0
       0
       0
       0
       0
       0
       0
       0
       0
       0
       0
       0
       0
       0
       0
       0
       0
       0
       0
       0
       0
       0
       0
       0
       0
       0
       0
       0
       0
       0
       0
       0
       0
       0
       0
       0
       0
       0
       0
       0
       0
       0
       0
       0
       0
       0
       0
       0
       0
       0
       0
       0
       0
       0
       0
       0
       0
       0
       0
       0
       0
       0
       0
       0
       0
       0
       0
       0
       0
       0
       0
       0
       0
       0
       0
       0
       0
       0
       0
       0
       0
       0
       0
       0
       0
       0
       0
       0
       0
       0
       0
       0
       0
       0
       0
       0
       0
       0
       0
       0
       0
       0
       0
       0
       0
       0
       0
       0
       0
       0
       0
       0
       0
       0
       0
       0
       0
       0
       0
       0
       0
       0
       0
       0
       0
       0
       0
       0
       0
       0
       0
       0
       0
       0
       0
       0
       0
       0
       0
       0
       0
       0
       0
       0
       0
       0
       0
       0
       0
       0
       0
       0
       0
       0
       0
       0
       0
       0
       0
       0
       0
       0
       0
       0
       0
       0
       0
       0
       0
       0
       0
       0
       0
       0
       0
       0
       0
       0
       0
       0
       0
       0
       0
       0
       0
       0
       0
       0
$ROI:
2
845 863
3063 3087
$PRESETS:
None
0
0
$ENER_FIT:
0.821043 0.415458
$MCA_CAL:
3
8.210427E-001 4.154576E-001 5.811550E-008 keV
$SHAPE_CAL:
3
3.551624E+000 9.344270E-004 -9.079200E-009
