# Target Z    :  13
# Target A    :  27
# Target state:  
# Projectile  : p
# Reaction    : Inelastic scattering
# E-inc       :    6.570 MeV
# E-exc       :  0.84376 MeV (EXFOR:  0.84200  1.01300)
# Quantity    : Angular distribution
# Frame       : C
# MF          :    4
# MT          :  601
# X4 ID       : F0257008 
# X4 code     : 13-AL-27(P,INL)13-AL-27,PAR,DA,,,EXP
# Author      : Kokame                   
# Year        : 1961
# Data points :    141
#  Angle(deg)    xs(mb/sr) dxs(mb/sr) dAngle(deg)
  2.96801E+01  5.52100E+00  4.00000E-03
  3.95701E+01  5.99700E+00  4.00000E-03
  4.90800E+01  5.50700E+00  4.00000E-03
  5.89701E+01  5.92600E+00  4.00000E-03
  6.89601E+01  6.01300E+00  4.00000E-03
  7.88501E+01  5.90300E+00  4.00000E-03
  8.91201E+01  6.11500E+00  4.00000E-03
  9.98602E+01  6.43700E+00  4.00000E-03
  1.09900E+02  6.95200E+00  4.00000E-03
  1.20100E+02  7.05800E+00  4.00000E-03
  1.30600E+02  6.87100E+00  4.00000E-03
  1.40800E+02  6.25200E+00  4.00000E-03
  1.51000E+02  6.20400E+00  4.00000E-03
  1.60800E+02  6.79100E+00  4.00000E-03
  4.27100E+01  5.77900E+00  4.00000E-03
  5.36801E+01  5.32600E+00  4.00000E-03
  6.38601E+01  5.40200E+00  4.00000E-03
  7.37801E+01  5.02300E+00  4.00000E-03
  8.34501E+01  6.25200E+00  4.00000E-03
  9.32201E+01  6.49100E+00  4.00000E-03
  1.03300E+02  7.21800E+00  4.00000E-03
  1.12900E+02  6.28300E+00  4.00000E-03
  1.13200E+02  7.87500E+00  4.00000E-03
  1.23000E+02  6.66500E+00  4.00000E-03
  1.32900E+02  6.78800E+00  4.00000E-03
  2.64100E+01  5.42700E+00  4.00000E-03
  3.15301E+01  5.27300E+00  4.00000E-03
  4.15901E+01  5.48000E+00  4.00000E-03
  5.13601E+01  6.04700E+00  4.00000E-03
  6.15201E+01  5.95500E+00  4.00000E-03
  7.13801E+01  5.98400E+00  4.00000E-03
  8.15401E+01  5.77700E+00  4.00000E-03
  9.17801E+01  5.56500E+00  4.00000E-03
  1.02000E+02  5.15600E+00  4.00000E-03
  1.12100E+02  4.74700E+00  4.00000E-03
  1.22100E+02  5.18900E+00  4.00000E-03
  1.32400E+02  5.06000E+00  4.00000E-03
  1.42600E+02  5.21800E+00  4.00000E-03
  1.52800E+02  4.89100E+00  4.00000E-03
  1.61900E+02  4.85200E+00  4.00000E-03
  2.61001E+01  5.23400E+00  4.00000E-03
  3.14101E+01  5.19800E+00  4.00000E-03
  4.18701E+01  5.72000E+00  4.00000E-03
  5.30401E+01  5.52700E+00  4.00000E-03
  6.34301E+01  5.60200E+00  4.00000E-03
  7.32901E+01  5.76100E+00  4.00000E-03
  8.28701E+01  5.52500E+00  4.00000E-03
  9.26001E+01  5.93700E+00  4.00000E-03
  1.02800E+02  5.55300E+00  4.00000E-03
  1.13200E+02  5.23400E+00  4.00000E-03
  1.22900E+02  5.55600E+00  4.00000E-03
  1.32600E+02  5.12500E+00  4.00000E-03
  1.41900E+02  4.84200E+00  4.00000E-03
  1.51500E+02  5.14800E+00  4.00000E-03
  1.60700E+02  4.53900E+00  4.00000E-03
  3.03701E+01  5.90400E+00  4.00000E-03
  4.02801E+01  6.18100E+00  4.00000E-03
  5.04501E+01  5.56800E+00  4.00000E-03
  6.03301E+01  5.02700E+00  4.00000E-03
  7.02101E+01  4.96000E+00  4.00000E-03
  8.03301E+01  4.58700E+00  4.00000E-03
  9.06601E+01  4.64900E+00  4.00000E-03
  1.01500E+02  4.98300E+00  4.00000E-03
  1.11400E+02  5.23200E+00  4.00000E-03
  1.21300E+02  5.34200E+00  4.00000E-03
  1.31400E+02  5.58500E+00  4.00000E-03
  1.41500E+02  5.01100E+00  4.00000E-03
  1.51800E+02  4.79600E+00  4.00000E-03
  1.60900E+02  4.43700E+00  4.00000E-03
  2.65701E+01  1.47500E+01  4.00000E-03
  3.24100E+01  1.19600E+01  4.00000E-03
  4.35800E+01  1.08800E+01  4.00000E-03
  5.34301E+01  8.45600E+00  4.00000E-03
  6.39801E+01  6.96000E+00  4.00000E-03
  7.36601E+01  5.96800E+00  4.00000E-03
  8.32001E+01  5.90000E+00  4.00000E-03
  9.31601E+01  5.71000E+00  4.00000E-03
  1.03600E+02  6.63500E+00  4.00000E-03
  1.13400E+02  7.86800E+00  4.00000E-03
  1.23300E+02  8.46300E+00  4.00000E-03
  1.33400E+02  8.99000E+00  4.00000E-03
  1.42500E+02  9.24100E+00  4.00000E-03
  1.51800E+02  9.85700E+00  4.00000E-03
  1.61400E+02  9.57700E+00  4.00000E-03
  2.50200E+01  7.17500E+00  4.00000E-03
  3.02400E+01  6.70100E+00  4.00000E-03
  4.04100E+01  7.09400E+00  4.00000E-03
  5.04100E+01  6.37800E+00  4.00000E-03
  6.02601E+01  5.97500E+00  4.00000E-03
  7.04501E+01  5.80400E+00  4.00000E-03
  8.20501E+01  5.65200E+00  4.00000E-03
  9.05701E+01  5.74700E+00  4.00000E-03
  1.00800E+02  5.88400E+00  4.00000E-03
  1.10800E+02  6.06400E+00  4.00000E-03
  1.21100E+02  5.72200E+00  4.00000E-03
  1.31300E+02  5.88300E+00  4.00000E-03
  1.41700E+02  5.66000E+00  4.00000E-03
  1.51500E+02  5.35200E+00  4.00000E-03
  1.61000E+02  4.66900E+00  4.00000E-03
  2.88601E+01  7.28300E+00  4.00000E-03
  3.43300E+01  8.12600E+00  4.00000E-03
  4.49200E+01  8.44200E+00  4.00000E-03
  5.58301E+01  7.84600E+00  4.00000E-03
  6.60601E+01  6.75800E+00  4.00000E-03
  7.59301E+01  6.24700E+00  4.00000E-03
  8.54501E+01  5.45200E+00  4.00000E-03
  9.53901E+01  5.59500E+00  4.00000E-03
  1.05100E+02  4.92000E+00  4.00000E-03
  1.15000E+02  4.69100E+00  4.00000E-03
  1.25100E+02  5.47800E+00  4.00000E-03
  1.34900E+02  6.24900E+00  4.00000E-03
  1.44100E+02  6.10300E+00  4.00000E-03
  1.53800E+02  6.53900E+00  4.00000E-03
  1.63100E+02  6.44100E+00  4.00000E-03
  3.04100E+01  6.38000E+00  4.00000E-03
  4.06600E+01  6.56100E+00  4.00000E-03
  5.06000E+01  6.17800E+00  4.00000E-03
  6.05201E+01  5.98100E+00  4.00000E-03
  7.06501E+01  5.61600E+00  4.00000E-03
  8.04901E+01  5.33800E+00  4.00000E-03
  9.06001E+01  5.14100E+00  4.00000E-03
  1.01200E+02  5.22600E+00  4.00000E-03
  1.11400E+02  5.05300E+00  4.00000E-03
  1.21400E+02  4.88500E+00  4.00000E-03
  1.31200E+02  4.64000E+00  4.00000E-03
  1.41500E+02  3.99400E+00  4.00000E-03
  1.51800E+02  3.75900E+00  4.00000E-03
  1.60900E+02  3.31800E+00  4.00000E-03
  2.67300E+01  7.84100E+00  4.00000E-03
  4.81800E+01  6.90300E+00  4.00000E-03
  5.89201E+01  6.35700E+00  4.00000E-03
  6.86401E+01  6.07400E+00  4.00000E-03
  7.87501E+01  5.91200E+00  4.00000E-03
  8.85601E+01  5.70200E+00  4.00000E-03
  9.87201E+01  5.35100E+00  4.00000E-03
  1.08800E+02  5.16800E+00  4.00000E-03
  1.17800E+02  5.12600E+00  4.00000E-03
  1.28800E+02  4.71200E+00  4.00000E-03
  1.37900E+02  4.66500E+00  4.00000E-03
  1.47900E+02  4.62900E+00  4.00000E-03
  1.57400E+02  4.48800E+00  4.00000E-03
# Full reference:
#J.Kokame
#Jour. Journal of the Physical Society of Japan Vol.16, p.2101, 1961
#Inelastic scattering of protons from several light odd-even nuclei in the energy range from 6MeV to 7.5MeV
