$SPEC_ID:
No sample description was entered.
$SPEC_REM:
DET# 1
DETDESC# EPS-140909 Easy-MCA-8k SN 16175454
AP# Maestro Version 7.01
$DATE_MEA:
01/23/2023 13:59:17
$MEAS_TIM:
3307 3381
$DATA:
0 8191
       0
       0
       0
       0
       0
       0
       0
       0
       0
       7
      63
     225
     934
    2373
    2957
    2634
    2639
    2793
    2973
    3669
   12300
    5594
    4137
    3935
    3929
    3815
    3914
    3821
    3671
    3079
    2623
    2186
    1981
    1914
    1825
    1869
    1739
    1804
    1699
    1748
    1760
    1732
    1675
    1724
    1594
    1704
    1596
    1754
    1648
    1718
    1617
    1668
    1684
    1693
    1657
    1649
    1701
    1639
    1624
    1599
    1942
    2371
    2297
    1891
    1668
    1707
    1714
    1687
    1678
    1726
    1683
    1857
    1933
    1876
    1894
    1884
    1843
    1889
    1899
    1935
    1885
    1883
    1941
    1894
    1904
    2078
    2216
    2460
    2645
    2913
    3619
    4476
    4718
    5749
    5126
    3160
    2391
    2315
    2505
    2677
    2984
    3001
    3188
    3187
    3299
    3472
    3582
    4005
    4499
    5411
    6475
    7590
    8951
   10133
   11484
   11648
   11904
   12109
   12611
   12577
   12684
   12203
   12351
   12275
   12276
   12055
   12562
   14769
   32839
   99536
  162214
  188466
  255882
  189755
   55586
   10042
    4809
    4201
    4007
    4203
    4877
    5624
    5580
    6417
    6419
    4619
    3574
    3431
    3326
    3678
    5047
   16874
   51561
   74358
   43500
   12427
    8130
   16768
   19185
   10185
    3071
    1430
    1237
    1189
    1363
    1900
    2013
    1578
    1181
    1167
    1204
    1370
    1274
    1095
    1093
    1059
    1077
    1056
    1032
    1055
    1069
    1020
    1090
    1070
    1046
    1032
    1005
    1064
    1066
     989
    1006
    1097
    1031
    1003
    1022
     993
    1088
    1106
     987
    1069
    1000
    1054
    1087
    1008
    1042
    1017
    1001
    1065
    1060
    1057
    1032
    1030
    1043
    1036
    1022
     965
     979
    1016
    1004
    1058
    1019
    1069
    1082
    1036
    1055
    1102
    1080
    1105
    1049
    1022
    1092
    1078
    1076
    1096
    1045
    1036
    1096
    1083
    1086
    1101
    1122
    1106
    1081
    1116
    1134
    1102
    1071
    1146
    1088
    1143
    1154
    1207
    1140
    1106
    1173
    1126
    1158
    1113
    1174
    1255
    1191
    1273
    1170
    1156
    1175
    1164
    1178
    1250
    1155
    1275
    1253
    1214
    1162
    1197
    1148
    1218
    1208
    1262
    1197
    1241
    1202
    1206
    1166
    1266
    1274
    1252
    1458
    1403
    1368
    1392
    1321
    1313
    1289
    1242
    1349
    1303
    1343
    1416
    1433
    1411
    1486
    1524
    1524
    1594
    1620
    1621
    1635
    1602
    1681
    1696
    1704
    1761
    1692
    1579
    1648
    1697
    1696
    1746
    1693
    1748
    1675
    1659
    1713
    1715
    1800
    1762
    1846
    1730
    1835
    1843
    1929
    1772
    1894
    1865
    1880
    1883
    1814
    1915
    1906
    1939
    1949
    1853
    1925
    1875
    1862
    1939
    1837
    1879
    1898
    1921
    1859
    1793
    1892
    1841
    1879
    1899
    1896
    1915
    1933
    1903
    1897
    1859
    1879
    1937
    1894
    1918
    1853
    1854
    1890
    1841
    1788
    1926
    1782
    1863
    1809
    1857
    1888
    1818
    1881
    1849
    1781
    1772
    1761
    1755
    1806
    1833
    1900
    1740
    1850
    1786
    1738
    1763
    1801
    1812
    1781
    1798
    1859
    1867
    1859
    1808
    1809
    1829
    1826
    1784
    1751
    1860
    1866
    1871
    1844
    1824
    1776
    1765
    1823
    1824
    1948
    1862
    1784
    1765
    1649
    1704
    1747
    1733
    1701
    1671
    1692
    1683
    1697
    1636
    1725
    1627
    1614
    1591
    1672
    1686
    1613
    1663
    1636
    1698
    1608
    1642
    1720
    1580
    1578
    1645
    1628
    1552
    1628
    1624
    1596
    2760
   13512
   59257
  133452
  140933
   70113
   16967
    3092
    2039
    2008
    1585
    1111
    1011
    1001
    1010
    1021
     936
    1020
    1073
    1075
    1049
     985
    1015
    1050
    1070
    1002
    1015
    1036
    1017
    1029
    1028
    1021
    1055
     977
    1032
     957
     961
    1044
    1002
    1028
     985
    1058
    1010
     985
    1018
    1031
     982
    1017
    1014
     983
     956
    1018
     959
    1109
    1048
     995
    1049
     994
    1061
     932
    1005
     977
    1082
     997
     976
    1010
     957
     977
    1015
     993
    1019
    1003
     982
    1015
     968
    1070
    1005
     955
     995
     992
     984
    1002
    1007
     981
    1018
    1007
    1003
     979
    1066
    1047
    1055
    1063
    1026
     986
    1078
    1120
    1056
    1120
    1027
    1040
    1103
    1066
    1021
    1120
    1098
    1083
    1172
    1155
    1153
    1178
    1151
    1146
    1062
    1110
    1067
    1089
    1088
    1056
    1052
    1090
    1074
    1103
    1018
    1080
    1068
    1095
    1060
    1117
    1056
    1090
    1062
    1034
    1034
    1014
    1110
    1080
    1052
    1091
    1117
    1030
    1057
    1104
    1069
    1088
    1038
    1058
    1031
    1113
    1114
    1148
    1067
    1070
    1094
    1122
    1155
    1086
    1055
    1252
    1225
    1345
    1318
    1379
    1228
    1075
    1038
    1020
    1034
    1040
    1036
    1013
    1063
    1038
    1096
     995
    1007
    1068
    1126
    1014
    1095
    1096
    1025
    1114
    1137
    1067
    1079
    1037
    1054
    1027
     993
     942
    1010
    1084
    1001
    1033
    1053
     972
    1008
    1018
    1000
    1033
    1003
    1035
    1053
    1012
    1080
     989
    1021
     999
    1054
    1018
    1005
     995
    1047
    1028
    1045
     997
    1063
    1118
     984
    1074
    1111
    1052
    1057
    1036
    1040
    1018
     977
    1020
    1072
    1059
    1061
    1063
     978
    1077
    1039
    1026
    1013
    1083
    1063
    1005
    1040
     961
    1007
    1056
    1062
     985
    1082
    1009
    1034
    1046
    1054
    1046
    1062
    1028
    1060
    1034
    1057
    1030
    1062
    1083
    1041
     989
    1056
    1070
     959
    1048
    1031
    1078
    1058
    1024
    1049
    1028
     990
    1045
    1063
    1036
    1001
     973
    1084
     989
    1015
    1170
     999
    1046
     987
     962
    1056
    1045
    1014
    1080
    1003
    1051
    1014
    1035
    1013
    1016
     966
     946
     958
     971
     899
     992
     913
     895
     875
     913
     885
     908
     864
     902
     939
     902
     875
     850
     888
     880
     836
     875
     849
     856
     876
     851
     845
     838
     814
     848
     838
     798
     851
     855
     828
     813
     828
     870
     813
     798
     795
     834
     780
     831
     832
     834
     868
     797
     795
     839
     782
     809
     764
     807
     775
     773
     796
     768
     739
     750
     788
     756
     840
     810
     840
     794
     767
     755
     765
     757
     769
     794
     734
     722
     756
     735
     775
     733
     754
     747
     785
     743
     772
     752
     743
     751
     725
     640
     744
     719
     673
     700
     661
     707
     703
     750
     627
     670
     695
     793
     692
     704
     689
     702
     699
     702
     702
     627
     685
     691
     700
     665
     676
     640
     687
     660
     618
     664
     663
     670
     663
     673
     613
     654
     703
     654
     635
     657
     658
     645
     679
     656
     651
     631
     627
     620
     653
     588
     633
     631
     643
     652
     634
     617
     674
     620
     655
     660
     570
     635
     656
     630
     608
     593
     616
     616
     614
     606
     625
     660
     659
     616
     652
     604
     698
     745
     796
     686
     650
     603
     547
     586
     580
     560
     595
     624
     630
     642
     616
     572
     596
     603
     571
     656
     636
     735
    1665
    4940
   11474
   15843
   13577
    7132
    2408
     867
     594
     586
     552
     524
     528
     605
     565
     624
     612
     603
     577
     560
     569
     549
     568
     507
     516
     542
     559
     588
     547
     614
     677
     649
     583
     536
     538
     533
     577
     522
     541
     529
     585
     546
     523
     538
     494
     552
     506
     505
     560
     531
     468
     540
     485
     491
     483
     478
     472
     511
     511
     469
     518
     506
     447
     498
     554
     520
     501
     475
     537
     489
     499
     540
     543
     507
     460
     471
     524
     510
     512
     473
     496
     499
     501
     491
     532
     538
     461
     475
     472
     482
     466
     539
     498
     492
     483
     457
     476
     506
     519
     499
     430
     518
     517
     527
     536
     542
     583
     575
     577
     536
     487
     463
     500
     488
     442
     431
     468
     462
     454
     519
     455
     472
     533
     553
     500
     487
     460
     436
     453
     472
     483
     459
     473
     465
     467
     444
     444
     441
     464
     467
     416
     459
     490
     483
     464
     469
     446
     456
     461
     460
     440
     464
     430
     455
     437
     486
     449
     447
     498
     523
     498
     454
     412
     467
     435
     486
     433
     417
     414
     418
     424
     431
     419
     411
     406
     396
     418
     406
     417
     417
     427
     457
     424
     407
     398
     402
     410
     388
     386
     406
     396
     416
     408
     414
     413
     420
     382
     405
     427
     399
     454
     579
     762
     942
     988
     946
     609
     420
     440
     399
     384
     395
     375
     346
     426
     417
     392
     377
     390
     410
     420
     423
     437
     384
     388
     374
     390
     379
     372
     407
     387
     429
     370
     413
     392
     373
     340
     356
     359
     359
     380
     380
     369
     358
     374
     377
     423
     408
     403
     365
     391
     347
     351
     373
     370
     385
     375
     371
     379
     392
     403
     385
     368
     351
     339
     375
     355
     364
     377
     373
     331
     351
     355
     371
     385
     377
     376
     342
     408
     404
     413
     384
     387
     352
     374
     384
     342
     345
     353
     341
     347
     353
     343
     348
     323
     335
     357
     337
     346
     312
     356
     334
     345
     387
     328
     347
     372
     334
     340
     344
     331
     351
     341
     372
     324
     375
     398
     444
     410
     382
     393
     348
     375
     336
     341
     363
     320
     310
     378
     334
     362
     365
     374
     416
     448
     467
     472
     397
     329
     324
     337
     342
     318
     321
     328
     315
     333
     322
     349
     343
     322
     311
     336
     332
     316
     332
     302
     320
     300
     337
     323
     314
     346
     323
     315
     329
     315
     304
     342
     349
     365
     329
     336
     318
     326
     318
     327
     330
     349
     345
     330
     351
     327
     311
     288
     308
     317
     332
     385
    1038
    3623
   10960
   22481
   30565
   27322
   16352
    6459
    1920
     566
     316
     299
     310
     301
     287
     294
     312
     298
     285
     281
     319
     287
     245
     275
     243
     268
     287
     287
     291
     276
     325
     259
     330
     370
     434
     383
     307
     298
     282
     277
     269
     296
     281
     312
     271
     284
     285
     281
     289
     296
     268
     291
     298
     258
     288
     276
     264
     324
     262
     279
     260
     308
     284
     256
     308
     282
     274
     285
     246
     293
     291
     267
     278
     269
     256
     271
     270
     276
     293
     309
     283
     282
     274
     268
     272
     271
     272
     291
     275
     296
     304
     295
     299
     400
     554
     933
    1097
    1040
     735
     498
     330
     268
     286
     269
     267
     260
     288
     236
     282
     252
     286
     274
     286
     271
     266
     288
     259
     265
     279
     240
     269
     287
     288
     266
     241
     220
     291
     228
     241
     269
     254
     238
     254
     282
     253
     227
     256
     259
     268
     255
     264
     274
     264
     280
     274
     255
     262
     274
     259
     268
     256
     253
     277
     254
     266
     257
     265
     270
     260
     256
     267
     244
     268
     236
     251
     268
     297
     321
     333
     301
     251
     237
     251
     254
     273
     236
     251
     256
     249
     229
     293
     263
     248
     277
     255
     255
     241
     251
     262
     259
     257
     215
     248
     256
     268
     263
     208
     216
     244
     240
     218
     255
     243
     225
     241
     249
     247
     238
     252
     227
     252
     193
     251
     248
     236
     251
     275
     241
     241
     256
     243
     253
     238
     252
     234
     264
     237
     264
     268
     238
     250
     223
     257
     232
     229
     241
     221
     229
     237
     262
     236
     237
     215
     242
     208
     259
     226
     214
     232
     257
     229
     250
     256
     249
     240
     235
     237
     228
     229
     214
     253
     256
     329
     602
    1130
    1774
    2094
    1846
    1178
     588
     354
     260
     223
     236
     220
     257
     241
     244
     238
     221
     238
     268
     235
     292
     311
     322
     336
     275
     254
     244
     232
     242
     225
     239
     229
     220
     221
     235
     221
     227
     220
     257
     253
     202
     211
     223
     221
     236
     221
     248
     245
     246
     236
     208
     227
     241
     232
     244
     233
     247
     212
     219
     225
     210
     240
     230
     234
     238
     211
     186
     215
     253
     241
     207
     246
     205
     234
     205
     227
     238
     216
     209
     211
     207
     246
     218
     216
     218
     214
     205
     191
     217
     245
     236
     218
     223
     220
     258
     220
     231
     228
     201
     221
     240
     226
     217
     258
     215
     243
     226
     218
     237
     246
     222
     238
     223
     257
     232
     233
     253
     234
     228
     213
     233
     212
     215
     238
     208
     240
     239
     278
     482
     939
    1756
    2366
    2464
    1926
    1082
     558
     344
     242
     231
     234
     224
     214
     243
     214
     232
     212
     239
     213
     241
     208
     232
     239
     223
     231
     252
     221
     225
     224
     223
     227
     230
     217
     210
     238
     215
     209
     229
     240
     228
     228
     226
     197
     237
     225
     192
     241
     226
     202
     213
     266
     246
     239
     239
     247
     219
     244
     225
     225
     214
     242
     213
     202
     235
     209
     200
     208
     202
     211
     218
     235
     201
     216
     223
     207
     245
     251
     236
     238
     249
     230
     236
     214
     244
     250
     215
     200
     217
     234
     247
     232
     206
     209
     215
     225
     227
     207
     217
     199
     223
     205
     237
     205
     223
     231
     225
     210
     220
     251
     217
     209
     226
     213
     251
     219
     208
     211
     206
     189
     260
     265
     220
     204
     207
     227
     212
     213
     236
     222
     233
     202
     239
     209
     207
     242
     211
     230
     218
     223
     234
     235
     203
     237
     216
     224
     221
     239
     214
     210
     243
     224
     204
     230
     274
     228
     220
     224
     224
     239
     232
     222
     205
     252
     216
     247
     217
     202
     250
     209
     230
     227
     223
     228
     228
     259
     285
     389
     450
     453
     434
     345
     287
     216
     202
     212
     219
     227
     219
     221
     210
     185
     230
     210
     212
     208
     224
     268
     222
     261
     242
     199
     251
     229
     216
     245
     223
     233
     230
     220
     247
     222
     212
     209
     213
     206
     243
     223
     214
     214
     212
     233
     260
     232
     197
     216
     208
     204
     214
     198
     209
     241
     230
     209
     221
     272
     303
     345
     283
     223
     210
     212
     227
     213
     222
     227
     238
     237
     238
     209
     201
     213
     201
     219
     223
     209
     227
     203
     200
     220
     223
     237
     214
     264
     266
     289
     255
     265
     255
     240
     228
     244
     234
     239
     227
     246
     224
     200
     254
     230
     224
     207
     223
     211
     234
     217
     178
     231
     211
     210
     209
     205
     217
     224
     222
     268
     214
     215
     194
     218
     242
     249
     257
     244
     254
     257
     250
     240
     193
     219
     213
     220
     219
     223
     236
     219
     245
     191
     233
     193
     239
     206
     206
     187
     238
     216
     224
     232
     258
     230
     225
     242
     226
     233
     217
     232
     246
     208
     233
     239
     246
     217
     221
     243
     211
     199
     239
     253
     201
     215
     202
     234
     219
     232
     209
     207
     258
     237
     236
     227
     203
     238
     220
     233
     208
     224
     231
     213
     239
     233
     197
     228
     237
     256
     223
     220
     228
     216
     205
     210
     213
     225
     216
     219
     196
     216
     236
     224
     222
     214
     230
     227
     198
     219
     224
     222
     214
     194
     218
     236
     221
     208
     214
     211
     229
     225
     215
     202
     206
     249
     215
     204
     216
     226
     228
     216
     234
     215
     228
     214
     233
     239
     210
     214
     218
     214
     236
     221
     197
     225
     240
     255
     230
     222
     227
     233
     211
     221
     255
     208
     265
     213
     246
     215
     255
     235
     234
     251
     223
     237
     230
     223
     252
     207
     237
     209
     246
     241
     222
     243
     204
     229
     229
     234
     218
     220
     266
     231
     263
     248
     288
     328
     394
     457
     479
     413
     338
     281
     285
     238
     250
     249
     315
     272
     292
     272
     286
     255
     234
     217
     235
     236
     232
     253
     227
     243
     252
     238
     237
     214
     239
     253
     262
     251
     251
     224
     243
     218
     228
     249
     217
     233
     230
     240
     226
     214
     214
     228
     227
     230
     231
     239
     240
     256
     261
     245
     231
     208
     232
     243
     239
     216
     218
     218
     226
     243
     220
     261
     222
     250
     219
     275
     264
     211
     237
     246
     249
     254
     293
     284
     272
     256
     243
     242
     230
     227
     230
     247
     262
     387
     383
     427
     399
     337
     303
     251
     206
     228
     222
     216
     191
     192
     223
     217
     218
     206
     191
     184
     208
     210
     217
     207
     206
     200
     230
     199
     204
     213
     206
     234
     173
     227
     197
     214
     187
     216
     168
     185
     177
     211
     191
     180
     167
     186
     168
     184
     192
     202
     195
     192
     203
     182
     180
     197
     192
     184
     208
     218
     176
     202
     180
     196
     192
     184
     195
     185
     179
     173
     213
     209
     172
     182
     183
     218
     192
     181
     177
     210
     194
     202
     200
     162
     193
     179
     185
     173
     197
     173
     196
     229
     237
     263
     268
     238
     218
     211
     199
     179
     197
     226
     185
     189
     208
     169
     184
     187
     185
     174
     198
     189
     203
     181
     209
     178
     184
     175
     197
     191
     186
     195
     195
     190
     193
     182
     192
     169
     176
     193
     184
     189
     189
     183
     172
     150
     178
     192
     190
     175
     179
     201
     207
     186
     171
     234
     185
     199
     187
     207
     214
     194
     174
     148
     198
     189
     186
     201
     187
     170
     193
     197
     173
     185
     192
     184
     184
     182
     166
     179
     212
     170
     212
     192
     173
     184
     188
     180
     184
     163
     181
     196
     205
     200
     166
     165
     179
     170
     202
     191
     184
     194
     178
     194
     162
     223
     184
     178
     172
     183
     189
     201
     190
     186
     173
     183
     170
     175
     186
     170
     183
     189
     172
     155
     168
     209
     170
     176
     213
     207
     181
     168
     200
     191
     173
     176
     190
     186
     167
     175
     164
     153
     205
     179
     197
     205
     205
     182
     186
     188
     188
     181
     181
     194
     177
     195
     192
     200
     192
     169
     194
     197
     195
     210
     189
     218
     175
     177
     172
     174
     197
     171
     193
     187
     169
     204
     172
     171
     173
     172
     181
     175
     202
     190
     193
     168
     219
     243
     242
     219
     207
     193
     188
     170
     179
     198
     193
     178
     183
     227
     180
     183
     193
     179
     197
     169
     211
     180
     179
     201
     169
     198
     174
     184
     167
     162
     198
     174
     182
     172
     195
     173
     178
     154
     163
     202
     198
     174
     171
     186
     217
     164
     189
     169
     183
     188
     181
     162
     188
     175
     166
     184
     189
     156
     200
     180
     179
     191
     170
     175
     178
     159
     171
     165
     162
     196
     235
     213
     231
     230
     256
     223
     208
     193
     188
     170
     154
     164
     175
     182
     174
     220
     246
     304
     341
     354
     295
     235
     229
     212
     182
     162
     192
     175
     168
     159
     192
     175
     165
     166
     166
     156
     161
     161
     177
     161
     156
     150
     182
     150
     161
     156
     198
     170
     179
     182
     198
     207
     180
     173
     212
     284
     371
     446
     477
     443
     365
     269
     219
     192
     171
     183
     163
     184
     172
     174
     187
     163
     157
     179
     182
     185
     172
     187
     174
     162
     170
     185
     168
     170
     164
     178
     168
     160
     167
     172
     203
     169
     157
     176
     195
     153
     188
     176
     175
     144
     176
     190
     160
     173
     158
     175
     157
     186
     182
     164
     158
     160
     170
     187
     175
     160
     177
     168
     174
     177
     145
     150
     156
     188
     152
     170
     185
     178
     141
     187
     179
     185
     188
     174
     193
     169
     162
     170
     174
     198
     181
     212
     173
     182
     164
     193
     176
     179
     180
     211
     159
     221
     195
     219
     210
     208
     190
     184
     175
     167
     179
     178
     196
     170
     177
     178
     169
     174
     173
     170
     190
     175
     189
     187
     198
     203
     255
     258
     292
     299
     227
     224
     201
     211
     173
     188
     205
     163
     204
     172
     200
     228
     216
     202
     199
     210
     182
     209
     176
     157
     195
     177
     197
     181
     174
     164
     193
     186
     191
     188
     214
     177
     156
     175
     198
     182
     183
     192
     200
     195
     169
     182
     198
     178
     177
     183
     193
     187
     204
     189
     196
     164
     175
     207
     205
     190
     192
     177
     188
     173
     177
     173
     193
     184
     187
     184
     174
     192
     199
     169
     176
     163
     166
     194
     158
     203
     179
     182
     180
     171
     183
     189
     189
     185
     182
     191
     179
     177
     182
     188
     165
     214
     209
     177
     161
     188
     185
     158
     196
     149
     172
     171
     194
     193
     172
     191
     184
     176
     180
     164
     207
     179
     203
     188
     190
     186
     183
     203
     183
     181
     164
     182
     194
     208
     157
     190
     178
     182
     206
     198
     174
     189
     206
     179
     174
     189
     195
     192
     179
     205
     171
     197
     196
     192
     196
     194
     188
     182
     188
     184
     201
     187
     168
     199
     171
     194
     182
     185
     191
     177
     180
     172
     164
     185
     183
     165
     176
     153
     202
     183
     185
     157
     191
     166
     194
     222
     239
     236
     237
     190
     198
     182
     154
     153
     168
     163
     163
     177
     177
     176
     187
     181
     190
     203
     191
     182
     144
     167
     157
     168
     142
     176
     155
     153
     146
     147
     146
     173
     158
     155
     160
     152
     148
     153
     141
     150
     155
     183
     156
     163
     139
     142
     159
     148
     175
     199
     327
     659
    1299
    2270
    3250
    3940
    3798
    2939
    1910
    1060
     513
     273
     166
     162
     162
     147
     155
     157
     141
     153
     172
     151
     154
     157
     163
     136
     163
     158
     160
     149
     166
     148
     186
     166
     147
     150
     133
     165
     136
     160
     139
     153
     160
     175
     146
     149
     140
     136
     138
     130
     156
     175
     175
     158
     153
     136
     164
     152
     133
     146
     154
     153
     142
     149
     171
     154
     183
     167
     149
     158
     158
     156
     132
     183
     171
     159
     141
     148
     158
     164
     151
     160
     149
     164
     139
     150
     173
     127
     150
     124
     134
     155
     160
     158
     143
     156
     155
     156
     134
     171
     147
     158
     136
     184
     138
     147
     148
     148
     165
     153
     176
     141
     172
     151
     158
     171
     184
     144
     141
     155
     132
     164
     157
     136
     159
     146
     182
     209
     234
     246
     236
     194
     191
     159
     156
     142
     151
     153
     173
     146
     163
     159
     159
     143
     143
     138
     159
     163
     143
     149
     140
     155
     158
     168
     145
     143
     134
     161
     153
     148
     175
     154
     138
     170
     151
     140
     160
     141
     136
     166
     150
     148
     163
     159
     145
     164
     149
     147
     167
     151
     146
     153
     174
     168
     158
     134
     144
     134
     147
     147
     168
     175
     149
     139
     171
     163
     136
     167
     158
     140
     170
     159
     146
     178
     116
     156
     157
     139
     158
     145
     166
     154
     149
     166
     159
     150
     134
     157
     163
     150
     185
     167
     137
     153
     147
     143
     150
     165
     166
     167
     149
     155
     176
     164
     155
     140
     147
     136
     150
     169
     161
     168
     180
     156
     145
     152
     175
     179
     172
     199
     217
     180
     194
     171
     166
     141
     132
     164
     146
     155
     176
     158
     162
     153
     125
     180
     160
     157
     158
     149
     143
     160
     148
     156
     147
     155
     151
     161
     170
     132
     163
     133
     164
     170
     172
     153
     157
     149
     151
     156
     171
     158
     149
     161
     152
     153
     138
     165
     157
     164
     146
     162
     160
     167
     145
     153
     163
     163
     184
     176
     153
     131
     156
     146
     151
     145
     161
     153
     168
     173
     151
     153
     151
     183
     158
     157
     183
     169
     175
     155
     173
     152
     149
     158
     161
     173
     174
     170
     150
     172
     133
     163
     157
     189
     181
     160
     222
     288
     445
     663
     899
    1166
    1183
    1015
     790
     545
     365
     277
     182
     196
     174
     163
     161
     178
     164
     168
     138
     166
     176
     167
     178
     173
     186
     172
     176
     207
     180
     165
     172
     174
     156
     185
     162
     166
     183
     158
     128
     140
     155
     167
     164
     164
     190
     166
     171
     166
     161
     169
     156
     166
     167
     140
     146
     170
     149
     165
     152
     143
     147
     174
     156
     155
     165
     150
     141
     132
     143
     159
     143
     151
     149
     158
     146
     147
     146
     153
     135
     155
     171
     131
     146
     143
     142
     144
     141
     154
     139
     143
     160
     150
     140
     141
     145
     144
     137
     128
     167
     143
     162
     151
     151
     156
     141
     149
     152
     131
     155
     144
     156
     165
     155
     137
     131
     154
     158
     135
     156
     175
     152
     163
     155
     145
     150
     140
     155
     132
     176
     142
     145
     149
     173
     150
     144
     165
     170
     155
     157
     151
     136
     125
     128
     125
     150
     135
     143
     114
     127
     125
     129
     118
     118
     123
     139
     132
     147
     157
     137
     141
     125
     146
     133
     109
     114
     130
     101
     135
     121
     114
     110
     143
     123
     130
     147
     152
     129
     136
     127
     130
     122
     105
     114
     129
     150
     118
     111
     119
     111
     102
     128
     124
     127
     108
     104
     109
      95
     123
     113
     115
     112
     111
     125
     105
     143
     191
     197
     230
     205
     188
     161
     126
     122
     110
     112
     108
     123
     104
     113
     117
     126
     112
     110
     126
     108
     111
     107
     104
     109
     128
     123
     137
     145
     159
     157
     162
     164
     117
     137
     104
     110
      97
     116
      93
     125
     125
     109
     101
     118
     110
     104
     136
     123
     135
     110
     117
      84
     109
     113
      90
     102
     100
     115
      98
     107
      92
      96
     113
     103
     117
     113
     103
     104
     106
      89
     105
     100
     104
     115
     116
     122
     102
      99
     100
     112
     109
     107
     101
     116
     134
      88
     126
      92
      94
      90
     100
      85
      94
      99
      96
     107
     113
     118
      95
     131
     102
     101
      94
     108
     110
      95
     106
     115
     108
     114
      97
      88
     112
      94
     106
     107
     102
     114
     104
     113
     102
      97
     107
      95
     113
     100
     113
     101
     117
     114
      97
     103
      90
     110
     110
     116
      92
     113
      92
     106
      87
     107
     101
      92
     105
     114
     107
     111
     109
      94
      95
      94
      89
      99
      80
     110
     106
     111
      83
     101
     101
      93
      96
     100
     101
     108
     105
     104
     122
     104
     128
     211
     374
     728
    1292
    1944
    2782
    2967
    2895
    2528
    1680
     983
     540
     301
     139
     116
      98
      81
      95
      83
      76
      95
      99
      93
      99
     114
     101
     115
      86
      89
      87
      83
      86
      79
      84
      90
      84
     102
      72
      86
      82
      77
      86
      89
     100
      98
      84
      86
      71
      75
      92
      79
      84
      88
      67
      99
      87
      95
      74
      75
      77
      81
      98
      91
      68
      84
      66
      93
      78
      85
      85
      75
      84
      79
     100
      74
      77
      72
      84
      71
      87
      97
      71
      76
      86
      92
      65
      59
      71
      81
      76
      82
      73
      96
      72
      89
      83
      71
      74
      58
      77
      74
      56
      72
      69
      85
      94
      81
      82
      83
      74
      61
      87
      84
      84
      68
      70
      67
      89
      78
      73
      70
      84
      71
      84
      74
      80
      86
      64
      77
      72
      80
      89
      93
      85
      92
      66
      74
      78
      63
      78
      54
      71
      74
      75
      65
      71
      56
      70
      84
      75
      69
      79
      57
      70
      70
      51
      72
      54
      87
      87
      85
      83
     108
     122
     152
     182
     192
     228
     198
     182
     149
     127
     103
      88
      69
      54
      66
      79
      67
      78
      68
      79
      69
      78
      75
      65
      63
      87
      74
      57
      62
      68
      56
      64
      73
      81
      73
      69
      70
      69
      77
      74
      76
      48
      66
      54
      65
      58
      67
      68
      59
      64
      82
      50
      69
      52
      70
      58
      74
      68
      67
      78
      82
      53
      85
      67
      80
      71
      69
      75
      67
      63
      74
      63
      76
      59
      78
      65
      76
      55
      58
      65
      59
      64
      61
      70
      70
      50
      60
      71
      74
      54
      72
      62
      61
      62
      70
      69
      62
      84
      61
      70
      79
      66
      58
      89
      72
      83
      63
      76
      67
      56
      47
      75
      74
      65
      75
      73
      66
      72
      77
      67
      69
      56
      63
      57
      70
      67
      63
      67
      65
      78
      52
      64
      71
      64
      78
      68
      64
      64
      66
      68
      59
      60
      79
      65
      80
      76
      68
      69
      64
      72
      68
      61
      70
      67
      66
      70
      60
      69
      70
      72
      62
      67
      70
      68
      75
      62
      78
      71
      49
      82
      62
      69
      68
      68
      51
      61
      75
      83
      74
      74
      75
      79
      64
      80
      72
      73
      73
      79
      73
      62
      84
      76
      65
      62
      65
      81
      70
      55
      63
      69
      69
      71
      58
      83
      69
      69
      71
      83
      72
      73
      64
      86
      67
      69
      55
      71
      68
      77
      64
      65
      51
      65
      66
      64
      64
      57
      77
      63
      68
      77
      79
      63
      52
      58
      60
      77
      61
      43
      67
      71
      68
      60
      60
      76
      72
      71
      66
      65
      65
      70
      65
      57
      76
      65
      67
      94
      71
      69
      78
      74
      71
      59
      77
      69
      77
      71
      71
      55
      64
      54
      80
      66
      76
      72
      68
      70
      77
      72
      62
      67
      72
      62
      64
      61
      56
      86
      63
      81
      85
      68
      91
      91
      68
      61
      73
      74
      76
      69
      71
      62
      60
      75
      88
      59
      56
      72
      59
      67
      64
      75
      65
      66
      71
      67
     111
     185
     280
     616
     913
    1260
    1578
    1801
    1752
    1356
     953
     597
     341
     208
     125
     106
      95
      98
     140
     185
     229
     344
     365
     391
     319
     241
     161
     119
     104
      77
      60
      76
      67
      63
      62
      80
      67
      71
      61
      77
      68
      56
      73
      63
      62
      70
      68
      70
      74
      56
      67
      51
      86
      71
      80
      68
      74
      84
      58
      68
      63
      64
      64
      71
      68
      75
      78
      56
      74
      72
      83
      64
      75
      73
      67
      70
      70
      85
      76
      80
      81
      63
      68
      76
      81
      65
      77
      68
      78
      70
      75
      77
      77
      87
      86
      87
      95
     112
     118
     135
     106
     101
     113
     156
     264
     486
     749
    1374
    1790
    2199
    2373
    2191
    1654
    1104
     689
     347
     210
     109
      85
      68
      79
      71
      65
      61
      81
      62
      57
      81
      76
      66
      62
      79
      93
      83
      66
      74
      80
      89
      79
      67
      79
      78
      91
      88
      74
      75
      81
      83
      68
      69
      82
      72
      56
      94
      81
      66
      69
      77
      59
      70
      78
      64
      75
      74
      80
      77
      83
      76
      81
      87
      70
      66
      69
      78
      65
      73
      87
      66
      72
      79
      71
      58
      77
      73
      69
      82
      75
      55
      75
      99
      75
      95
      65
      68
      68
      64
      78
      63
      71
      69
      79
      66
      62
      64
      79
      78
      69
      83
      84
      69
      58
      55
      76
      85
      62
      71
      71
      69
      61
      77
      70
      70
      78
      70
      82
      82
      75
      79
      62
      66
      90
      61
      69
      71
      83
      58
      67
      75
      75
      73
      65
      75
      69
      82
      72
      73
      75
      84
      67
      77
      73
      78
      70
      80
      74
      78
      75
      86
      81
      81
      64
      92
      82
      81
      86
     102
      95
      98
      80
      89
      77
      77
      77
      78
      78
      74
      80
      83
      76
      92
      82
      81
      75
      70
      70
      76
      60
      78
      82
      97
      61
      77
      81
      67
      98
      73
      73
      70
      84
      81
      82
      67
      74
      97
      89
      64
      67
      68
      72
      83
      79
      64
      77
      68
      91
      82
      79
      83
      72
      75
      86
      83
      72
      88
      87
      81
      71
      70
      81
      94
      77
      75
      66
      75
      94
      62
      68
      78
      94
      79
      86
      96
      92
     111
     185
     240
     391
     517
     697
     712
     729
     664
     482
     339
     202
     148
     110
      85
      92
      85
      88
      93
      76
      78
      81
      88
      80
      90
      59
      82
      95
      85
      67
      84
      95
      72
      95
      75
      82
      86
      83
     104
      81
      86
      77
      67
      66
      80
      96
      80
      90
      92
      88
      75
      83
      79
      59
      80
      80
      88
      83
      72
      74
      67
      80
      65
      77
      91
      94
      76
      67
      70
      73
      76
      80
      61
      78
      79
      74
      82
      69
      62
      64
      70
      63
      64
      72
      52
      51
      44
      54
      63
      46
      59
      50
      54
      52
      39
      55
      56
      68
      64
      40
      44
      42
      57
      46
      43
      40
      47
      40
      42
      53
      36
      48
      39
      44
      46
      42
      33
      33
      58
      44
      53
      49
      53
      50
      49
      42
      46
      46
      45
      38
      47
      48
      51
      48
      42
      52
      48
      52
      57
      56
      42
      42
      41
      42
      33
      47
      51
      39
      51
      40
      41
      40
      42
      40
      60
      52
      70
      73
     120
     162
     191
     254
     242
     206
     198
     161
      99
      74
      39
      45
      35
      24
      35
      30
      42
      36
      61
      40
      36
      43
      53
      48
      45
      52
      38
      34
      40
      33
      35
      38
      37
      43
      35
      31
      33
      36
      35
      39
      42
      36
      38
      45
      43
      39
      47
      45
      33
      48
      42
      44
      42
      39
      49
      47
      34
      41
      40
      32
      41
      46
      41
      35
      27
      41
      28
      42
      46
      39
      42
      27
      46
      34
      49
      38
      43
      31
      32
      38
      35
      50
      31
      27
      29
      38
      40
      29
      36
      32
      41
      27
      31
      36
      30
      31
      33
      33
      32
      31
      53
      44
      37
      32
      37
      41
      30
      31
      38
      44
      39
      34
      33
      31
      33
      29
      26
      26
      21
      36
      37
      38
      28
      30
      31
      37
      30
      32
      25
      22
      34
      38
      28
      30
      28
      31
      31
      31
      36
      34
      32
      28
      30
      28
      29
      45
      47
      54
      48
      52
      58
      41
      24
      29
      28
      32
      24
      28
      34
      34
      25
      26
      17
      37
      31
      17
      24
      31
      14
      23
      30
      20
      39
      30
      28
      27
      28
      25
      25
      27
      19
      33
      19
      23
      19
      25
      22
      24
      19
      33
      28
      37
      28
      41
      35
      31
      23
      38
      40
      32
      28
      20
      27
      32
      24
      19
      35
      23
      27
      20
      25
      24
      26
      21
      21
      26
      22
      22
      23
      21
      24
      25
      27
      26
      27
      17
      29
      19
      23
      22
      31
      22
      21
      19
      17
      21
      17
      20
      29
      21
      28
      26
      44
      36
      46
      52
      40
      36
      42
      22
      22
      29
      20
      26
      22
      23
      19
      21
      21
      27
      14
      22
      18
      26
      15
      17
      14
      14
      25
      27
      16
      16
      11
      16
      21
      18
      18
      27
       9
      17
      18
      19
      15
      22
      12
      18
      15
      13
      17
      27
       6
      18
      13
      11
      19
      22
      15
      11
      21
      15
      26
      15
      11
      18
      20
      16
      15
      17
      20
      15
      17
      14
      15
      20
      25
      28
      28
      30
      15
      26
      19
      14
      13
      16
      12
      15
      17
      10
       9
      18
      13
      14
      18
      12
      23
      25
      51
      74
     116
     169
     214
     231
     216
     197
     148
     102
      56
      33
      23
      20
      13
      11
      18
      13
      12
      13
      14
      17
      16
      13
      12
      16
       8
      17
      11
      13
       8
      16
      13
      12
      12
      14
      11
       7
      13
       9
      14
      10
       6
      10
       6
       6
       9
       7
      11
      12
       7
       5
      15
      11
       8
       8
      12
      13
      10
       6
       5
       8
       4
      14
      11
       6
      14
       4
      12
       8
       7
       5
      12
       6
       8
      16
      13
       6
      10
      13
       6
       6
      11
       7
       4
       7
      10
       3
      11
      10
       8
       9
       9
       6
       7
      14
       6
       7
       9
       7
      13
       5
       8
      14
       4
       8
       9
       5
       7
       8
       6
       8
       1
       7
      12
      10
       4
       9
       6
      12
       6
       7
       6
       9
      12
      12
       6
      14
      19
      39
      77
     111
     203
     333
     439
     537
     558
     503
     409
     291
     204
      88
      57
      26
      14
       9
       9
       5
       7
       6
       5
       7
       7
      10
       8
       5
       7
       5
       4
       1
       5
      11
       5
       8
       9
       7
       7
       1
       3
       7
       7
       2
       5
       8
       5
      10
      10
       2
       9
       8
       6
       6
       6
       4
       3
       9
       5
       7
       7
       3
       6
       7
       5
      12
       4
      10
      14
       3
       3
       8
       4
      10
       8
       8
       6
       2
       2
       3
       5
       3
       0
       6
       5
       8
       6
       9
       9
       8
       7
       5
       4
       3
       1
       3
       6
       6
       4
       9
       5
       6
       4
       4
       3
       6
       7
       4
       8
       7
       2
       7
       3
       8
       3
       7
       9
       5
       1
       6
       5
       6
       3
       3
       2
       7
       8
       4
       5
       9
       6
       7
      12
       5
       4
       3
       5
       9
       4
       3
       5
       3
       4
       3
       4
       4
       4
       5
       5
       3
       5
       6
       6
       4
       1
       1
       5
       6
       3
       2
       2
       3
       2
       3
       5
       7
       3
       4
       5
       8
       5
       3
       3
       3
       4
       6
       2
       8
       1
       1
       3
       4
       7
       6
       5
       9
       3
       8
       8
       5
       6
       7
       7
       2
       3
       9
       7
       2
       7
       1
       3
       2
       4
       7
       3
       6
       4
       4
       3
       0
       4
       3
       3
       7
       7
       4
       5
       4
       6
       2
       5
       6
       3
       5
       4
       4
       2
       5
       4
       5
       3
       7
       6
       6
       2
       5
       3
       6
       5
       3
       1
       4
       4
       4
       4
       7
       4
       4
       4
       7
       3
       1
       4
       0
       5
       2
       4
       4
       6
       2
       4
       3
       3
       4
       6
       2
       6
       3
       1
       4
       5
       5
       4
       6
       4
       2
       5
       5
       4
       4
       6
       5
       4
       3
       2
       5
       5
       4
       7
       4
       9
      11
      10
      10
      23
      49
     110
     201
     435
     734
    1145
    1651
    1996
    2335
    2444
    2130
    1698
    1150
     695
     386
     186
      80
      27
      21
      10
       4
       3
       3
       4
       6
       2
       3
       2
       3
       7
       4
       4
       1
       5
       4
       1
       5
       2
       4
       2
       3
       5
       0
       7
       7
       6
       3
       2
       5
       7
       4
       3
       2
       5
       4
       5
       2
       2
       5
       6
       4
       5
       3
       2
       4
       4
       2
       3
       3
       2
       1
       4
       2
       2
       9
       3
       5
       4
       4
       0
       2
       3
       4
       4
       4
       4
       2
       0
       4
       2
       0
       3
       2
       3
       2
       2
       2
       3
       3
       6
       1
       2
       1
       2
       4
       3
       5
       2
       1
       2
       1
       3
       3
       3
       2
       2
       2
       6
       1
       4
       0
       3
       4
       4
       2
       2
       2
       2
       3
       1
       2
       5
       5
       4
       2
       4
       4
       4
       3
       3
       2
       3
       2
       4
       3
       2
       2
       5
       5
       4
       4
       2
       3
       5
       2
       4
       3
       3
       6
       3
       7
       4
      11
      13
       8
      17
      17
      13
       9
       3
       4
       2
       3
       4
       1
       0
       1
       2
       2
       3
       2
       2
       5
       2
       6
       2
       6
       2
       4
       3
       2
       4
       2
       2
       5
       4
       6
       8
      17
      21
      40
      46
      55
      51
      47
      40
      28
      20
      23
      31
      27
      46
      64
      74
     101
     103
     111
      74
      66
      53
      31
      20
      10
       1
       1
       4
       1
       1
       0
       3
       2
       0
       1
       0
       1
       1
       1
       0
       6
       3
       1
       0
       0
       2
       2
       0
       3
       0
       1
       1
       1
       2
       3
       1
       0
       0
       2
       2
       1
       0
       2
       3
       3
       2
       2
       1
       3
       1
       4
       1
       0
       2
       2
       2
       0
       1
       2
       1
       2
       2
       3
       1
       1
       1
       1
       1
       0
       0
       2
       0
       0
       4
       4
       1
       3
       2
       0
       0
       0
       1
       0
       1
       0
       3
       3
       0
       2
       2
       4
       1
       5
       0
       1
       3
       2
       3
       2
       1
       2
       1
       1
       0
       0
       1
       4
       1
       3
       0
       1
       0
       0
       3
       1
       1
       1
       0
       1
       2
       1
       2
       0
       2
       5
       1
       1
       1
       6
       2
       1
       2
       4
       2
       2
       2
       2
       2
       0
       1
       1
       3
       2
       4
       3
       4
       0
       1
       1
       1
       3
       2
       2
       2
       4
       1
       3
       2
       4
       1
       1
       3
       1
       1
       1
       0
       3
       1
       1
       1
       1
       1
       2
       2
       0
       1
       0
       1
       2
       1
       1
       1
       3
       0
       0
       6
       1
       1
       2
       4
       3
       1
       1
       0
       1
       2
       1
       1
       1
       1
       1
       3
       1
       2
       3
       1
       3
       3
       1
       0
       0
       1
       0
       5
       1
       2
       2
       3
       0
       4
       2
       1
       1
       3
       0
       2
       2
       1
       1
       2
       1
       3
       4
       3
       3
       2
       2
       2
       2
       3
       1
       3
       1
       0
       2
       3
       1
       2
       0
       1
       3
       3
       2
       4
       3
       9
       4
      16
      29
      24
      26
      26
      20
      23
      14
      22
      13
      12
       7
       6
       8
       6
       3
       2
       2
       0
       4
       2
       1
       1
       2
       2
       3
       3
       2
       1
       1
       0
       0
       2
       1
       0
       1
       2
       2
       0
       3
       0
       1
       4
       3
       2
       0
       0
       2
       1
       1
       2
       0
       0
       0
       1
       0
       1
       1
       1
       1
       1
       3
       0
       1
       1
       3
       2
       1
       2
       0
       1
       2
       2
       2
       1
       0
       0
       1
       1
       1
       2
       2
       2
       3
       0
       2
       2
       2
       1
       0
       1
       1
       0
       0
       2
       0
       2
       0
       1
       3
       0
       0
       2
       0
       3
       3
       2
       1
       3
       2
       2
       0
       1
       0
       1
       1
       2
       0
       1
       2
       0
       1
       0
       1
       2
       0
       0
       2
       3
       1
       0
       0
       1
       0
       1
       1
       1
       1
       1
       1
       0
       1
       4
       0
       0
       0
       0
       2
       1
       0
       1
       3
       0
       1
       3
       4
       2
       2
       1
       2
       0
       0
       1
       1
       0
       1
       3
       3
       0
       2
       0
       1
       1
       0
       1
       0
       2
       1
       0
       0
       2
       1
       2
       3
       1
       1
       3
       3
       1
       0
       0
       0
       1
       0
       0
       2
       0
       1
       0
       1
       0
       0
       4
       1
       1
       2
       0
       0
       2
       1
       2
       1
       0
       2
       0
       1
       0
       1
       4
       1
       2
       2
       1
       1
       0
       2
       0
       1
       2
       1
       2
       2
       1
       0
       1
       0
       3
       5
       4
       1
       7
       2
       0
       2
       2
       0
       0
       2
       0
       1
       1
       4
       5
       5
       8
      11
       7
       8
       4
       4
       6
       3
       2
       2
       3
       2
       1
       1
       1
       1
       0
       1
       1
       4
       1
       0
       2
       0
       2
       2
       0
       2
       1
       1
       2
       1
       2
       1
       1
       2
       0
       2
       0
       0
       1
       1
       0
       0
       2
       3
       4
       2
       2
       2
       3
       4
       1
       0
       1
       2
       1
       2
       2
       1
       0
       3
       1
       0
       2
       0
       2
       4
       1
       2
       2
       1
       1
       2
       1
       0
       0
       1
       1
       1
       4
       2
       0
       1
       0
       0
       1
       0
       2
       0
       0
       1
       0
       1
       2
       0
       0
       1
       0
       1
       0
       3
       0
       0
       2
       1
       0
       1
       0
       1
       1
       1
       0
       1
       2
       3
       3
       0
       4
       1
       1
       3
       1
       1
       0
       1
       0
       1
       2
       2
       1
       3
       1
       1
       1
       1
       1
       2
       2
       1
       0
       0
       0
       1
       1
       0
       1
       2
       2
       4
       3
       0
       0
       2
       0
       4
       2
       3
       0
       2
       1
       4
       1
       1
       0
       2
       0
       2
       0
       0
       0
       0
       0
       2
       1
       1
       2
       1
       0
       1
       0
       2
       0
       1
       0
       2
       0
       1
       1
       0
       1
       1
       2
       0
       3
       3
       1
       0
       0
       3
       1
       2
       2
       1
       0
       1
       1
       2
       1
       0
       2
       0
       1
       1
       0
       3
       4
       2
       0
       3
       0
       2
       0
       0
       2
       0
       0
       1
       1
       0
       0
       1
       0
       1
       0
       2
       0
       1
       0
       0
       2
       1
       2
       1
       2
       1
       0
       2
       1
       0
       1
       1
       0
       1
       1
       1
       2
       1
       3
       2
       1
       1
       0
       1
       1
       2
       1
       0
       2
       2
       1
       0
       1
       1
       2
       1
       1
       0
       0
       0
       0
       1
       0
       0
       0
       1
       0
       0
       1
       0
       1
       1
       1
       2
       2
       0
       0
       1
       2
       0
       0
       2
       1
       0
       0
       3
       0
       2
       1
       1
       0
       2
       2
       2
       0
       3
       2
       0
       0
       1
       0
       0
       1
       2
       3
       2
       0
       0
       1
       2
       1
       1
       0
       0
       0
       1
       1
       2
       0
       1
       2
       0
       0
       0
       0
       3
       1
       0
       1
       0
       0
       0
       1
       0
       0
       0
       0
       1
       1
       2
       2
       2
       0
       0
       2
       3
       1
       1
       1
       0
       0
       0
       1
       1
       2
       1
       0
       0
       0
       0
       0
       2
       2
       1
       0
       1
       1
       0
       2
       0
       0
       2
       1
       0
       1
       1
       2
       1
       1
       1
       1
       0
       1
       1
       0
       0
       3
       2
       0
       0
       0
       1
       0
       0
       1
       1
       0
       0
       3
       0
       2
       0
       1
       1
       0
       0
       1
       1
       0
       0
       0
       0
       1
       1
       4
       2
       0
       2
       2
       0
       0
       0
       0
       2
       0
       2
       1
       0
       1
       3
       2
       0
       1
       1
       1
       1
       2
       0
       1
       0
       0
       0
       0
       0
       0
       1
       2
       1
       2
       2
       1
       2
       0
       1
       1
       2
       1
       0
       3
       0
       1
       0
       1
       2
       0
       0
       0
       1
       2
       0
       0
       1
       0
       3
       0
       0
       1
       1
       1
       0
       0
       0
       0
       0
       1
       0
       0
       0
       1
       0
       1
       1
       2
       1
       1
       0
       1
       1
       0
       0
       2
       0
       0
       0
       3
       0
       1
       1
       1
       2
       0
       0
       1
       1
       1
       2
       3
       4
       4
       4
       1
       3
       4
       1
       1
       1
       2
       1
       0
       1
       1
       0
       0
       0
       1
       2
       1
       0
       1
       0
       0
       0
       0
       0
       0
       1
       0
       1
       0
       0
       1
       0
       0
       2
       0
       2
       2
       1
       0
       0
       0
       1
       0
       0
       1
       0
       1
       0
       1
       1
       1
       0
       0
       3
       1
       1
       0
       0
       0
       1
       2
       1
       1
       2
       0
       1
       0
       0
       0
       2
       1
       1
       1
       1
       1
       0
       1
       1
       1
       0
       3
       0
       1
       1
       1
       2
       2
       0
       0
       1
       0
       1
       1
       0
       1
       1
       1
       0
       1
       1
       0
       1
       0
       1
       2
       1
       1
       1
       1
       1
       0
       1
       1
       1
       0
       1
       1
       0
       1
       0
       1
       2
       1
       1
       0
       0
       1
       0
       4
       4
       5
       6
       6
      11
      12
      13
      11
       9
       5
       8
       5
       5
       2
       1
       0
       0
       0
       0
       2
       1
       1
       2
       1
       1
       0
       4
       1
       1
       0
       1
       1
       0
       0
       3
       1
       0
       0
       1
       0
       0
       0
       1
       0
       0
       0
       2
       0
       1
       1
       0
       0
       0
       1
       1
       1
       3
       1
       1
       1
       1
       1
       1
       0
       0
       0
       0
       1
       0
       0
       0
       1
       1
       2
       1
       1
       0
       0
       1
       2
       0
       1
       1
       1
       0
       2
       0
       0
       1
       1
       0
       1
       1
       0
       0
       1
       0
       0
       0
       0
       0
       1
       0
       0
       0
       2
       0
       0
       1
       1
       0
       0
       2
       0
       0
       3
       0
       0
       0
       1
       1
       1
       0
       0
       1
       0
       1
       1
       0
       0
       0
       2
       0
       0
       1
       1
       0
       0
       0
       0
       1
       0
       0
       0
       1
       0
       2
       0
       1
       1
       2
       3
       0
       1
       1
       1
       1
       1
       0
       0
       0
       0
       2
       0
       3
       0
       0
       1
       0
       0
       1
       0
       2
       1
       0
       0
       0
       0
       0
       2
       1
       0
       1
       0
       0
       1
       1
       2
       0
       1
       1
       0
       0
       1
       0
       0
       0
       3
       0
       3
       0
       0
       1
       3
       1
       0
       0
       0
       0
       0
       0
       0
       0
       2
       2
       0
       1
       1
       1
       0
       1
       1
       1
       2
       0
       0
       1
       1
       0
       0
       1
       0
       0
       1
       0
       1
       2
       1
       1
       0
       3
       1
       0
       0
       1
       1
       0
       0
       1
       0
       0
       0
       0
       0
       1
       0
       0
       0
       0
       0
       3
       1
       0
       0
       0
       2
       1
       0
       1
       0
       1
       0
       0
       1
       0
       1
       1
       0
       1
       2
       0
       2
       0
       0
       0
       0
       0
       1
       1
       1
       0
       0
       1
       0
       0
       1
       1
       3
       0
       0
       1
       0
       1
       2
       0
       1
       0
       1
       0
       2
       0
       1
       0
       1
       1
       1
       0
       2
       0
       0
       3
       0
       0
       0
       1
       0
       1
       0
       4
       0
       3
       0
       4
       0
       2
       0
       2
       2
       0
       1
       0
       3
       1
       0
       0
       1
       0
       1
       0
       2
       0
       1
       0
       1
       1
       0
       0
       1
       0
       0
       0
       3
       0
       1
       2
       0
       2
       1
       0
       1
       1
       0
       0
       1
       1
       1
       0
       1
       0
       2
       1
       0
       1
       0
       0
       2
       1
       0
       2
       0
       2
       0
       2
       0
       0
       0
       0
       2
       0
       0
       1
       0
       0
       0
       0
       2
       1
       0
       0
       0
       0
       0
       1
       0
       0
       1
       1
       1
       0
       0
       1
       0
       0
       0
       0
       0
       0
       0
       0
       0
       0
       2
       0
       2
       0
       1
       2
       0
       0
       2
       0
       0
       1
       2
       1
       0
       0
       0
       0
       1
       2
       2
       1
       2
       0
       0
       0
       0
       0
       0
       1
       2
       0
       1
       2
       2
       3
       1
       1
       0
       2
       1
       1
       0
       0
       0
       2
       1
       0
       1
       0
       0
       1
       1
       2
       0
       0
       0
       1
       2
       0
       2
       2
       0
       2
       0
       0
       1
       1
       0
       2
       0
       0
       0
       2
       0
       1
       2
       0
       1
       0
       1
       0
       3
       1
       1
       0
       0
       1
       0
       1
       1
       0
       2
       0
       0
       2
       2
       0
       1
       0
       2
       1
       0
       0
       0
       0
       1
       0
       1
       1
       1
       3
       0
       1
       0
       0
       0
       0
       0
       0
       1
       0
       0
       1
       0
       0
       3
       0
       0
       0
       0
       0
       0
       0
       0
       0
       0
       1
       0
       1
       0
       1
       1
       1
       0
       0
       1
       1
       1
       2
       1
       0
       0
       0
       0
       0
       0
       2
       1
       0
       1
       0
       2
       0
       1
       1
       0
       1
       0
       0
       1
       0
       0
       0
       0
       2
       0
       0
       2
       0
       0
       1
       1
       2
       0
       0
       2
       1
       0
       1
       3
       1
       0
       0
       1
       3
       0
       0
       1
       3
       0
       0
       0
       1
       1
       0
       0
       1
       0
       0
       0
       0
       1
       1
       1
       1
       0
       0
       1
       0
       1
       0
       0
       0
       2
       0
       0
       0
       1
       0
       0
       2
       1
       1
       0
       1
       0
       0
       0
       0
       0
       0
       0
       3
       2
       3
       0
       2
       0
       1
       0
       0
       1
       0
       2
       1
       0
       0
       0
       0
       0
       3
       0
       1
       1
       0
       0
       0
       0
       0
       0
       1
       0
       3
       0
       1
       1
       1
       0
       2
       2
       1
       0
       1
       1
       4
       0
       1
       2
       0
       0
       3
       2
       0
       0
       0
       0
       0
       0
       0
       1
       0
       1
       0
       0
       2
       0
       1
       0
       1
       0
       1
       1
       0
       1
       0
       0
       0
       1
       1
       1
       0
       0
       0
       0
       0
       1
       0
       1
       1
       1
       1
       0
       0
       0
       0
       0
       0
       0
       0
       1
       1
       0
       0
       0
       1
       0
       0
       0
       0
       0
       0
       3
       0
       1
       0
       0
       0
       0
       0
       1
       0
       0
       0
       0
       0
       0
       1
       0
       0
       0
       0
       1
       1
       2
       0
       0
       0
       1
       1
       2
       0
       0
       0
       1
       1
       1
       0
       1
       0
       0
       0
       0
       0
       1
       0
       0
       0
       2
       0
       0
       2
       2
       2
       0
       1
       0
       0
       1
       0
       0
       0
       0
       1
       0
       0
       0
       3
       1
       0
       0
       1
       1
       0
       0
       0
       1
       0
       2
       0
       0
       0
       0
       0
       1
       0
       1
       0
       0
       0
       0
       1
       1
       0
       0
       0
       1
       0
       0
       1
       0
       1
       1
       0
       0
       2
       1
       0
       0
       0
       0
       1
       1
       2
       1
       0
       1
       2
       2
       1
       0
       0
       2
       1
       0
       0
       1
       0
       0
       2
       1
       1
       0
       0
       0
       0
       0
       0
       1
       0
       1
       0
       1
       0
       0
       0
       1
       1
       0
       0
       1
       1
       1
       2
       2
       1
       0
       0
       1
       0
       0
       2
       3
       0
       1
       0
       1
       1
       0
       0
       0
       0
       0
       1
       0
       1
       1
       1
       0
       0
       0
       1
       0
       0
       0
       2
       2
       0
       1
       0
       0
       1
       2
       0
       1
       0
       0
       1
       0
       0
       0
       1
       1
       0
       1
       1
       0
       0
       0
       1
       0
       0
       3
       0
       0
       1
       0
       0
       1
       0
       0
       1
       0
       1
       0
       0
       1
       1
       1
       0
       0
       1
       1
       1
       0
       0
       0
       0
       1
       0
       0
       0
       0
       0
       0
       0
       0
       0
       0
       0
       0
       1
       1
       0
       0
       2
       0
       0
       0
       0
       0
       0
       1
       1
       0
       0
       2
       0
       1
       0
       0
       0
       0
       1
       0
       1
       1
       1
       0
       2
       0
       0
       0
       0
       2
       1
       0
       1
       0
       0
       0
       0
       0
       0
       3
       1
       0
       0
       1
       1
       0
       0
       1
       0
       1
       0
       0
       1
       0
       0
       0
       2
       0
       0
       1
       0
       0
       0
       1
       0
       1
       1
       0
       1
       1
       1
       0
       1
       1
       0
       1
       0
       0
       1
       1
       0
       0
       0
       0
       0
       2
       1
       1
       0
       0
       0
       0
       1
       0
       1
       0
       0
       0
       0
       0
       0
       0
       0
       0
       2
       1
       1
       1
       0
       1
       1
       0
       0
       1
       2
       0
       0
       1
       1
       1
       0
       1
       0
       0
       0
       2
       1
       0
       0
       1
       0
       0
       1
       0
       0
       0
       0
       3
       0
       0
       0
       0
       3
       0
       0
       0
       2
       1
       0
       0
       0
       0
       0
       0
       0
       0
       0
       0
       0
       0
       0
       0
       0
       0
       0
       0
       0
       0
       0
       0
       0
       0
       0
       0
       0
       0
       0
       0
       0
       0
       0
       0
       0
       0
       0
       0
       0
       0
       0
       0
       0
       0
       0
       0
       0
       0
       0
       0
       0
       0
       0
       0
       0
       0
       0
       0
       0
       0
       0
       0
       0
       0
       0
       0
       0
       0
       0
       0
       0
       0
       0
       0
       0
       0
       0
       0
       0
       0
       0
       0
       0
       0
       0
       0
       0
       0
       0
       0
       0
       0
       0
       0
       0
       0
       0
       0
       0
       0
       0
       0
       0
       0
       0
       0
       0
       0
       0
       0
       0
       0
       0
       0
       0
       0
       0
       0
       0
       0
       0
       0
       0
       0
       0
       0
       0
       0
       0
$ROI:
2
971 990
2431 2451
$PRESETS:
None
0
0
$ENER_FIT:
0.938745 0.520792
$MCA_CAL:
3
9.387446E-001 5.207915E-001 0.000000E+000 keV
$SHAPE_CAL:
3
7.941502E+000 -1.582080E-003 0.000000E+000
