$SPEC_ID:
No sample description was entered.
$SPEC_REM:
DET# 1
DETDESC# EPS-140909 Easy-MCA-8k SN 16175454
AP# Maestro Version 7.01
$DATE_MEA:
01/23/2023 15:23:41
$MEAS_TIM:
799 949
$DATA:
0 8191
       0
       0
       0
       0
       0
       0
       0
       0
       6
     124
     724
    2092
    4716
    8643
   10328
    9364
    8131
    7776
    7850
   12116
   62179
   13495
    8763
    8339
    7897
    7788
    7641
    7195
    6593
    4987
    3167
    2337
    2093
    2001
    1936
    1856
    1829
    1792
    1677
    1677
    1682
    1671
    1690
    1723
    1664
    1701
    1650
    1630
    1664
    1705
    1875
    3078
    4561
    3748
    2869
    5846
   14524
   14888
    6116
    1949
    2356
    3544
    3247
    1847
    1310
    1227
    1273
    1245
    1278
    1196
    1313
    1423
    1705
    1789
    1613
    1487
    1521
    1720
    1658
    1714
    1693
    1890
    2085
    2334
    2497
    2704
    2701
    3012
    3534
    4558
    5731
    7415
    9855
   32727
  184102
  475061
  432264
  131883
   14369
    2088
    1479
    1338
    1217
    1221
    1178
    1102
    1152
    1130
    1101
    1012
    1088
    1091
    1074
    1116
    1098
    1047
    1086
    1102
    1085
    1077
    1105
    1141
    1184
    1181
    1215
    1334
    1366
    1429
    1382
    1415
    1466
    1559
    1567
    1446
    1429
    1518
    1453
    1500
    1613
    1613
    1636
    1615
    1662
    1749
    1683
    1764
    1863
    1907
    1865
    2013
    2226
    2406
    2861
    2938
    2983
    3695
    6001
    7688
    6169
    4480
    5082
    8151
    9497
    6712
    4465
    3790
    3815
    3803
    3928
    4179
    4317
    4414
    4735
    5080
    5576
    6068
    6568
    7182
    7749
    8330
    8906
    9393
    9886
   10431
   10908
   11462
   12497
   16315
   27602
   38695
   32631
   24137
   33973
   83302
  240286
  538675
  596309
  290815
  132514
  374203
  927623
  988607
  433781
   89449
   19328
   10386
    8101
    7342
    6658
    5877
    5604
    5254
    5365
    5208
    5302
    5162
    5435
    5240
    5145
    5472
    6426
   10202
   16519
   18148
   12913
    8580
    8133
   15444
   54261
  166005
  296454
  280011
  133966
   36857
   11850
   11136
   30336
   72119
   87520
   54159
   20633
    6570
    3071
    2330
    2183
    2078
    1866
    1917
    1912
    1912
    1978
    2048
    2168
    2338
    2366
    2587
    2683
    2723
    2719
    2712
    2872
    2689
    2693
    2729
    2735
    2797
    2735
    2779
    2787
    2751
    2722
    2698
    2861
    2674
    2794
    2718
    2751
    2711
    2710
    2690
    2696
    2752
    2828
    2770
    2756
    2784
    2707
    2749
    2750
    2729
    2896
    2741
    2827
    2877
    2950
    2951
    3060
    2985
    3022
    2922
    3108
    3073
    3089
    3069
    3275
    3155
    3344
    3285
    3392
    3443
    3491
    3632
    3702
    3857
    4170
    4543
    4405
    4038
    3793
    4035
    4356
    4317
    3644
    3401
    3129
    2345
    2052
    1923
    1944
    1939
    1939
    2039
    1924
    1918
    2030
    1993
    1998
    1975
    2217
    3287
    5786
    7164
    5044
    2937
    2230
    2128
    2248
    2231
    2420
    2525
    2535
    2450
    2107
    1921
    1850
    1911
    2026
    1922
    1977
    1883
    1800
    1850
    1799
    1804
    1813
    1842
    1765
    1921
    1883
    1854
    1933
    1924
    1880
    1941
    2057
    1948
    1995
    2048
    2074
    2097
    2520
    2892
    2648
    2325
    2141
    2088
    2156
    2151
    2097
    2170
    2120
    2181
    2265
    2190
    2308
    2261
    2345
    2252
    2386
    2320
    2440
    2446
    2495
    2637
    2626
    2584
    2714
    2838
    2773
    2845
    3009
    3143
    3239
    3325
    3625
    3723
    3707
    3698
    3928
    4070
    4333
    4271
    3632
    2866
    2931
    3140
    2948
    2159
    1515
    1226
    1172
    1121
    1198
    1178
    1231
    1180
    1205
    1288
    1222
    1324
    1287
    1341
    1345
    1410
    1391
    1500
    1548
    1694
    1777
    1860
    2010
    1823
    1777
    1717
    1748
    1948
    1702
    1326
     925
     740
     686
     624
     695
     672
     565
     446
     353
     340
     363
     352
     342
     346
     342
     348
     367
     337
     349
     361
     385
     356
     371
     398
     391
     432
     414
     449
     420
     354
     305
     275
     300
     270
     302
     289
     267
     253
     277
     435
    1009
    1812
    1881
     956
     374
     234
     183
     204
     198
     182
     170
     172
     174
     190
     179
     186
     190
     192
     179
     202
     187
     158
     193
     192
     211
     203
     186
     167
     173
     209
     161
     188
     172
     176
     169
     174
     161
     145
     168
     196
     153
     180
     177
     165
     171
     170
     161
     161
     154
     152
     145
     162
     151
     140
     160
     158
     144
     144
     144
     162
     161
     164
     173
     167
     139
     133
     154
     165
     145
     155
     132
     127
     130
     135
     136
     140
     134
     130
     100
     121
     129
     137
     120
     105
     124
      97
     109
     106
     104
     114
     110
     124
      98
     103
      96
     113
     117
     130
     109
     104
     119
     104
     102
     126
     108
     126
     123
     107
     116
     122
     121
     102
     124
     105
      94
     115
      90
      99
     123
     111
     110
     117
     107
      94
     103
     100
     114
     101
     100
      99
      94
     117
      91
     116
      98
     101
      93
     117
     100
      95
     107
      85
      76
      83
     101
      95
      86
      78
     100
      73
     102
      93
      88
      68
      62
      79
      68
      68
      76
      73
      91
      83
      80
      61
      76
      75
      93
      86
      83
      67
      72
      73
      68
      67
      81
      85
      71
      44
      84
      76
      71
      57
      56
      72
      55
      69
      58
      54
      51
      75
      61
      55
      72
      37
      48
      61
      64
      50
      46
      52
      63
      64
      59
      46
      52
      79
      73
      55
      51
      64
      68
      55
      51
      67
      53
      58
      62
      56
      52
      61
      60
      41
      62
      59
      51
      55
      51
      58
      37
      47
      39
      42
      52
      43
      35
      40
      35
      48
      40
      48
      40
      36
      44
      46
      48
      46
      42
      43
      45
      37
      28
      49
      49
      52
      43
      41
      47
      37
      48
      48
      52
      33
      39
      43
      35
      34
      31
      41
      59
      37
      42
      40
      39
      48
      35
      37
      35
      51
      39
      47
      38
      34
      42
      31
      37
      35
      30
      31
      46
      40
      28
      31
      30
      41
      39
      39
      33
      38
      45
      31
      37
      42
      39
      38
      36
      33
      34
      32
      42
      37
      38
     117
     328
     659
     710
     413
     168
      55
      26
      31
      43
      38
      44
      32
      31
      40
      41
      37
      36
      23
      37
      36
      45
      37
      35
      33
      35
      27
      28
      26
      38
      37
      34
      37
      32
      33
      45
      46
      44
      49
      37
      33
      40
      36
      42
      35
      39
      38
      25
      35
      35
      30
      33
      29
      34
      29
      25
      34
      31
      42
      31
      26
      34
      37
      34
      24
      26
      31
      26
      31
      32
      38
      33
      24
      36
      33
      23
      35
      20
      35
      36
      31
      30
      24
      31
      37
      22
      33
      29
      25
      30
      32
      30
      22
      26
      29
      23
      22
      26
      30
      39
      39
      70
      67
      57
      34
      36
      35
      21
      17
      34
      39
      35
      31
      28
      37
      37
      27
      30
      27
      29
      25
      21
      32
      13
      35
      20
      27
      18
      29
      20
      24
      17
      27
      18
      25
      24
      32
      33
      31
      24
      27
      27
      24
      30
      24
      19
      23
      16
      26
      30
      20
      24
      26
      25
      22
      35
      21
      28
      28
      19
      35
      24
      22
      23
      23
      33
      15
      29
      30
      20
      23
      21
      34
      21
      29
      29
      28
      25
      30
      32
      28
      24
      17
      30
      19
      32
      26
      17
      21
      27
      22
      23
      20
      19
      21
      34
      19
      22
      21
      25
      22
      22
      27
      25
      19
      20
      20
      23
      31
      21
      24
      33
      20
      13
      23
      24
      27
      26
      23
      26
      22
      24
      24
      26
      18
      25
      29
      19
      13
      24
      18
      23
      19
      24
      16
      25
      14
      29
      13
      16
      15
      18
      15
      18
      20
      22
      19
      19
      26
      17
      18
      15
      26
      22
      28
      23
      23
      14
      21
      19
      10
      19
      18
      24
      18
      18
      20
      20
      14
      19
      18
      20
      15
      21
      14
      21
      15
      11
      17
       8
      16
      10
       9
      18
      16
      14
      20
      12
      17
      11
      16
      12
      11
      17
      11
      16
      12
      19
      18
      21
      19
      19
      13
      13
      20
      18
      14
      18
      22
      21
      16
      14
      15
      19
      16
      15
      20
      22
      13
      16
       7
      29
      23
      32
      32
      23
      14
      15
      11
      15
      19
      18
      15
      19
      10
      19
      20
      24
      12
      11
      15
      15
      16
      19
      18
      11
      18
      16
      13
      19
      15
      12
      14
      11
      16
      13
      20
      14
      11
      15
      18
      15
      18
      10
       9
      21
      18
      19
       9
      18
      22
       8
      11
      14
      16
      16
      15
      19
      15
      22
      14
      11
      11
      10
      14
      12
      13
      16
       8
      18
      15
      12
      10
      13
      12
      14
      12
      12
      13
      12
      16
      12
      16
      15
      15
      13
      13
      21
      11
      11
      10
      11
      15
      13
      12
      12
      12
      20
       9
      16
      14
      14
      16
      19
      10
      12
      12
      14
      14
       7
      14
      16
      16
      11
      12
      17
       8
      14
      29
      76
     160
     296
     358
     284
     144
      64
      20
      17
      16
      13
       9
       7
      13
      19
       8
      10
      15
      14
      18
      12
       9
      11
      23
      36
      76
     121
     142
      87
      46
      26
      10
       8
      12
      13
      18
      14
      14
       9
      19
      11
      12
      17
       8
      12
      12
      12
      10
      10
      14
      16
      11
      22
      13
      15
      13
      10
      10
      12
       7
       7
      10
      12
      12
      11
      16
      10
      12
      12
      11
      13
       4
      15
      12
      18
       7
      10
      14
      10
      13
      14
      15
       9
      12
      10
       7
      10
      10
      11
       7
      12
      10
       6
       8
      12
       7
      14
      10
      10
       8
       9
      11
      10
      15
      14
      33
      38
      31
      16
       9
       6
       7
      11
       8
      11
      10
       8
       4
      10
       6
       6
      12
      12
       7
       2
      14
       9
      10
       9
      18
      12
       6
       9
       9
      15
       4
       8
       9
       9
       9
      11
       9
      10
       4
       7
       8
       9
      19
      12
      19
      11
      11
       9
       9
       6
      10
       9
      10
      11
       9
      12
      14
      14
       8
      10
       7
       8
      13
       7
       4
      12
      11
       9
       8
       9
       7
       6
       5
       5
       7
      11
       8
       9
      12
       8
      10
       8
       9
       5
      10
       9
       9
       9
       4
       7
       9
      11
      11
       8
      10
       4
       7
       7
      12
       8
       8
       7
      12
      13
       6
      14
       4
       9
      12
      11
       6
       7
       9
      10
      12
       9
       8
       7
       7
       9
      10
      12
      11
      13
       7
       5
      10
      12
      10
       7
       9
       9
       5
      12
      12
      11
       6
       8
       8
       3
       8
      10
      11
      11
      10
       8
       7
      12
      13
       7
       4
      10
       9
       6
      10
      10
      13
       4
       8
       6
      11
       4
       6
       8
       9
       8
      10
      10
       9
       8
       9
      15
       3
       2
       6
      13
       5
       3
       6
       6
       6
      10
       1
       9
       6
       6
       9
      11
      11
       7
      11
      12
       5
       4
       4
       5
       6
       6
       3
       6
       5
       7
       8
       7
       3
       8
       8
       6
       6
      12
       6
       5
       7
       9
       6
       5
       7
       3
      11
       6
       4
       5
      10
       7
      15
       8
       8
       8
       8
      10
       3
       4
       6
       9
       5
       6
       7
      10
       9
       5
       7
       6
       6
       6
       5
       6
       9
       8
       5
       4
       7
       2
       7
       8
      14
       5
       4
       9
       6
       7
       4
       3
       7
       7
      10
      10
       5
       4
       4
      10
       1
       4
       4
       8
       4
       2
      11
      10
       4
       4
       6
       5
       3
       6
       2
       4
      12
       8
      12
      23
      64
     138
     208
     245
     202
      94
      38
      15
       4
       5
       4
       3
       5
       6
       7
       3
       7
       8
       7
      10
       4
       7
       3
       5
       7
      11
       9
      10
       9
       6
       8
       7
       6
       3
       5
      10
       3
       4
       2
       5
       3
       5
       9
       5
       6
       5
       4
       2
       5
      11
       4
       9
      10
      10
       4
       6
       7
       6
      10
       5
       8
       6
       4
       8
       4
       4
       5
       6
       7
       5
       8
       6
       3
       6
       8
       4
      11
       2
       5
       4
      10
       1
       5
       3
       7
       4
      10
       4
       7
       7
      12
       4
      10
       4
       4
       6
       7
      12
       6
       8
       6
       9
       2
       2
       8
       6
       5
       9
       6
       6
       3
       4
       4
       7
       8
       5
       6
       5
       5
       9
       9
       2
       3
       8
       7
       2
       5
       4
       3
       6
       8
       4
       8
       3
       6
       3
       9
       8
      11
       5
       8
       8
       6
       7
       8
       3
       6
       6
       5
       5
       2
       7
       7
       3
       5
       4
       8
       5
       4
       2
       6
       6
       5
       2
       3
       5
       7
       4
       4
       6
       5
       4
       4
       3
       4
       2
       7
       5
       4
       7
       4
       5
       6
       5
       4
       3
       4
       6
       6
       2
       9
       7
       5
       3
       5
       6
       5
       5
       5
       6
      10
       4
       4
       5
       5
       8
       7
       5
       5
       6
       8
      10
       6
      10
       5
      10
       8
      10
       5
       3
       6
       4
       6
       6
       6
       3
       5
       5
       3
       7
       5
       5
       4
       3
       3
       3
       3
       5
       6
       2
       5
       2
       4
       8
       7
       6
       3
       4
       2
       2
       4
       6
       4
      10
       2
       7
       5
       7
       2
       2
       5
       2
       7
       9
       4
       3
       5
       7
       4
       3
       9
       8
       4
       2
       3
       3
       4
       4
       5
       6
       3
       3
       2
       5
       5
       5
       4
       4
       2
       4
       5
       2
       7
       7
       2
       0
       5
       3
       0
       5
       4
       3
       5
       2
       6
       5
       6
       3
       5
       4
       1
       2
       4
       4
       8
       5
       3
       5
      11
       2
       3
       6
       3
       3
       6
       3
      10
       5
      12
      12
      17
      20
      26
      28
      37
      30
      26
      17
      18
       7
      10
       9
       5
       5
       5
       5
       4
       7
       4
       3
       5
       1
       1
       8
       4
       5
       4
       5
       3
       4
       0
       4
       4
       3
       6
       4
       3
       7
       5
       3
       3
       3
       5
       3
       2
       6
       3
       3
       4
       5
       2
       3
       7
       6
       4
       4
       4
       3
       5
       4
       3
       3
       2
       5
       8
       1
       3
       2
       4
       3
       2
       6
       4
       2
       5
       2
       1
       7
       3
       3
       5
       2
       3
       4
       4
       5
       9
       9
       2
       1
       6
       4
       3
       1
       4
       3
       1
       3
       7
       4
       4
       2
       7
       3
       5
       7
       4
       5
       2
       4
       1
       2
       4
       5
       8
       6
       3
       6
       4
       3
       3
       7
       2
       4
       2
       3
       2
       2
       8
       5
       3
       9
       3
       4
       3
       5
       2
       1
       4
       2
       8
       7
       5
       1
       4
       1
       5
       6
       3
       1
       4
       1
       2
       0
       2
       4
       7
       0
       6
       1
       7
       2
       5
       6
       5
       6
       5
       6
       1
       1
       5
       3
       3
       5
       5
       4
       2
       4
       4
       2
       5
       8
       2
       6
       4
       4
       5
       3
       3
       2
       5
       1
       3
       4
       6
       5
       3
       2
       3
       2
       3
       4
       2
       7
       6
       3
       3
       1
       3
       0
       1
       6
       2
       3
       5
       2
       6
       6
       5
       3
       4
       4
       2
       6
       2
       3
       2
       2
       3
       1
       2
       4
       3
       3
       4
       1
       5
       4
       4
       6
       3
       1
       4
       3
       3
       3
       4
       3
       3
       3
       2
       3
       5
       1
       2
       3
       3
       4
       7
       6
       1
       3
       8
       3
       2
       4
       5
       2
       3
       8
       4
       6
       4
       3
       5
       2
       5
       6
       5
       4
       4
       3
       2
       7
       6
       5
      13
      10
      15
      11
       4
       7
       3
       1
       3
       2
       3
       4
       2
       5
       6
       2
       2
       3
       1
       4
       5
       3
       4
       3
       3
       5
       2
       2
       5
       2
       4
       4
       5
       5
       2
       3
       2
       1
       9
       4
       2
       4
       3
       5
       1
      10
       5
       4
       0
       3
       3
       5
       4
       3
       4
       1
       3
       3
       3
       3
       5
       3
       7
       3
       4
       1
       2
       3
       3
       3
       3
       3
       1
       2
       1
       2
       1
       2
       2
       5
       4
       0
       3
       3
       1
       3
       7
       1
       3
       1
       1
       5
       1
       3
       3
       8
       4
       2
       4
       4
       7
      15
      10
      17
      19
      16
      16
       5
       9
       3
       6
       3
       1
       2
       1
       5
       4
       5
       2
       4
       2
       0
       8
       6
       2
       0
       3
       2
       1
       3
       1
       0
       2
       2
       3
       5
       4
       4
       5
       7
       2
       3
       1
       6
       5
       0
       2
       3
       2
       3
       2
       0
       1
       2
       3
       5
       1
       1
       3
       2
       4
       2
       2
       5
       6
       0
       4
       4
       1
       3
       2
       0
       3
       3
       2
       1
       2
       4
       4
       0
       0
       2
       6
       4
       5
       4
       3
       1
       6
       3
       3
       4
       1
       3
       1
       2
       1
       4
       5
       5
       0
       3
       3
       4
       1
       5
       3
       4
       3
       5
       0
       6
       6
       2
       5
       3
       3
       3
       1
       4
       4
       4
       2
       0
       0
       7
       1
       5
       0
       6
       3
       2
       3
       2
       4
       4
       5
       3
       4
       2
       3
       2
       4
       2
       8
       3
       4
       2
       2
       3
       2
       3
       2
       1
       3
       1
       3
       2
       2
       3
       1
       6
       5
       5
       2
       4
       4
       2
       4
       3
       4
       1
       1
       3
       2
       0
       1
       3
       3
       6
       4
       1
       3
       2
       3
       2
       2
       1
       0
       2
       4
       4
       0
       3
       2
       0
       5
       1
       3
       7
       5
       2
       1
       4
       3
       2
       1
       6
       7
       6
       5
       4
       5
       5
       2
       2
       6
       2
       0
       1
       4
       1
       3
       1
       1
       4
       4
       3
       5
       1
       1
       0
       1
       1
       4
       2
       5
       0
       0
       2
       5
       2
       2
       3
       1
       3
       0
       3
       1
       5
       3
       4
       5
       1
       5
       3
       3
       4
       1
       6
       2
       1
       4
       2
       3
       3
       2
       3
       3
       1
       3
       0
       5
       3
       3
       3
       2
       5
       4
       5
       1
       4
       2
       4
       3
       1
       4
       2
       4
       1
       3
       1
       5
       2
       3
       3
       3
       2
       3
       4
       5
       2
       1
       8
       1
       4
       0
       2
       5
       3
       3
       4
       2
       1
       2
       1
       2
       2
       3
       2
       1
       2
       3
       5
       4
       2
       4
       6
       3
       3
       1
       5
       3
       7
       3
       1
       1
       4
       1
       4
       3
       2
       1
       2
       4
       3
       2
       1
       2
       0
       3
       2
       2
       2
       5
       1
       3
       1
       4
       3
       2
       4
       3
       5
       2
       1
       5
       4
       6
       2
       5
       6
       5
       3
       2
       1
       3
       2
       3
       3
       2
       3
       3
       2
       1
       2
       4
       2
       3
       1
       2
       0
       4
       3
       2
       0
       1
       1
       4
       3
       2
       5
       0
       0
       3
       0
       2
       2
       2
       4
       1
       1
       3
       1
       2
       2
       3
       6
       2
       3
       0
       2
       2
       7
       4
       2
       0
       2
       5
       1
       2
       1
       1
       2
       2
       2
       4
       4
       3
       4
       3
       1
       1
       1
       3
       2
       3
       2
       0
       3
       3
       4
       2
       3
       1
       1
       3
       2
       4
       1
       2
       1
       2
       3
       5
       6
       1
       7
       6
       2
       4
       3
       5
       2
       0
       3
       1
       2
       5
       0
       2
       5
       3
       1
       2
       2
       3
       3
       4
       5
       3
       3
       1
       1
       1
       2
       5
       2
       0
       4
       3
       1
       2
       5
       4
       2
       2
       3
       4
       3
       1
       4
       1
       2
       2
       2
       3
       1
       0
       2
       4
       2
       4
       5
       4
       2
       0
       5
       4
       2
       3
       0
       2
       3
       0
       3
       0
       2
       1
       2
       2
       3
       2
       3
       4
       0
       1
       0
       1
       2
       1
       3
       3
       4
       2
       2
       1
       5
       3
       3
       7
       3
       3
       5
       2
       3
       3
       3
       3
       1
       5
       3
       3
       2
       1
       2
       3
       2
       1
       0
       2
       0
       1
       2
       3
       0
       3
       2
       2
       4
       1
       2
       3
       3
       0
       3
       2
       2
       0
       3
       0
       3
       1
       2
       3
       2
       1
       3
       2
       2
       2
       4
       3
       4
       3
       2
       0
       1
       6
       1
       1
       4
       3
       3
       1
       2
       2
       3
       2
       3
       0
       1
       2
       2
       2
       0
       1
       2
       2
       2
       1
       3
       2
       1
       5
       0
       2
       2
       1
       2
       2
       1
       1
       1
       3
       1
       0
       1
       4
       3
       3
       0
       1
       3
       2
       0
       1
       5
       5
       2
       1
       6
       1
       2
       3
       1
       3
       4
       4
       4
       1
       3
       1
       2
       4
       4
       2
       0
       0
       1
       3
       1
       5
       3
       1
       5
       1
       2
       1
       2
       3
       1
       3
       1
       1
       0
       0
       1
       1
       3
       1
       0
       2
       1
       0
       3
       0
       0
       1
       2
       3
       0
       0
       2
       0
       1
       1
       3
       1
       3
       2
       1
       2
       2
       1
       1
       3
       1
       3
       4
       4
       4
       1
       0
       4
       2
       0
       2
       3
       3
       1
       1
       3
       1
       1
       0
       2
       3
       2
       1
       3
       3
       2
       2
       2
       2
       3
       1
       1
       2
       1
       2
       0
       3
       2
       3
       1
       0
       0
       3
       1
       2
       3
       5
       1
       1
       2
       2
       0
       1
       0
       0
       1
       2
       2
       1
       1
       0
       0
       1
       1
       2
       1
       2
       2
       2
       1
       0
       1
       0
       2
       1
       2
       0
       1
       0
       2
       2
       4
       2
       0
       2
       0
       0
       2
       1
       1
       2
       1
       0
       0
       1
       1
       3
       3
       3
       1
       2
       4
       0
       1
       0
       2
       2
       1
       2
       2
       3
       2
       2
       3
       2
       1
       3
       3
       1
       2
       1
       2
       2
       2
       3
       2
       1
       3
       1
       2
       2
       0
       4
       5
       2
       2
       1
       3
       2
       2
       1
       2
       5
       1
       1
       1
       0
       3
       1
       3
       3
       2
       2
       6
       5
       0
       2
       0
       0
       2
       1
       1
       3
       4
       5
       2
       2
       1
       0
       1
       4
       0
       3
       1
       2
       1
       2
       3
       0
       1
       0
       0
       5
       3
       2
       2
       1
       1
       1
       2
       4
       2
       0
       5
       2
       2
       2
       1
       2
       3
       4
       4
       0
       0
       1
       2
       4
       5
       3
       1
       1
       3
       3
       2
       0
       0
       1
       3
       2
       3
       2
       2
       1
       0
       1
       2
       1
       1
       1
       4
       3
       4
       5
       4
       1
       0
       0
       1
       3
       1
       1
       1
       0
       1
       1
       2
       2
       2
       3
       3
       2
       1
       2
       1
       0
       3
       3
       2
       2
       0
       1
       3
       2
       6
       7
       5
       2
       2
       0
       2
       1
       0
       2
       1
       1
       2
       2
       3
       1
       5
       2
       4
       0
       1
       0
       1
       3
       0
       2
       7
       6
       4
       8
       2
       5
       3
       3
       3
       3
       1
       1
       1
       1
       3
       3
       2
       1
       1
       1
       3
       2
       1
       4
       3
       2
       1
       4
       4
       3
       4
       2
       1
       4
       2
       0
       0
       1
       2
       1
       0
       2
       1
       0
       1
       1
       2
       1
       4
       0
       1
       1
       1
       3
       4
       0
       2
       3
       4
       3
       0
       0
       1
       3
       2
       2
       2
       0
       1
       4
       1
       0
       1
       0
       2
       0
       3
       3
       3
       1
       2
       4
       1
       1
       2
       4
       0
       1
       4
       0
       0
       1
       1
       2
       1
       0
       2
       1
       1
       2
       2
       1
       3
       5
       0
       0
       2
       2
       1
       1
       2
       0
       3
       1
       0
       1
       0
       5
       3
       0
       3
       2
       0
       1
       1
       2
       0
       2
       1
       1
       1
       2
       4
       2
       2
       4
       0
       1
       1
       1
       2
       0
       1
       1
       3
       1
       2
       2
       1
       4
       2
       3
       1
       1
       2
       4
       3
       2
       2
      13
       4
       7
       3
       6
       2
       2
       2
       0
       2
       1
       1
       3
       3
       1
       0
       2
       3
       1
       1
       3
       3
       1
       5
       2
       2
       1
       0
       1
       1
       2
       2
       4
       3
       3
       5
       1
       0
       1
       0
       1
       3
       1
       3
       2
       2
       2
       2
       0
       2
       2
       0
       2
       2
       4
       1
       1
       2
       1
       0
       0
       6
       1
       0
       0
       4
       1
       0
       4
       1
       2
       5
       2
       0
       1
       1
       2
       2
       1
       2
       3
       1
       1
       1
       3
       2
       1
       0
       1
       2
       2
       5
       5
       2
       1
       1
       3
       3
       0
       1
       1
       2
       1
       0
       3
       3
       1
       3
       0
       2
       3
       2
       0
       3
       1
       4
       1
       4
       3
       2
       2
       2
       4
       3
       4
       1
       4
       0
       5
       1
       1
       2
       2
       2
       2
       1
       2
       1
       2
       1
       3
       1
       0
       0
       4
       1
       1
       5
       3
       3
       2
       1
       0
       3
       0
       2
       2
       3
       1
       4
       1
       3
       0
       2
       1
       0
       1
       0
       0
       2
       0
       1
       3
       2
       1
       2
       2
       3
       0
       1
       4
       1
       2
       2
       0
       0
       2
       2
       2
       4
       4
       1
       3
       2
       0
       2
       3
       0
       1
       3
       3
       5
       0
       2
       2
       2
       2
       1
       3
       2
       1
       3
       1
       7
       2
       1
       1
       1
       2
       3
       0
       2
       1
       4
       6
       4
       4
       8
       5
       7
       1
       3
       3
       2
       3
       4
       2
       1
       3
       1
       1
       3
       1
       1
       3
       2
       2
       2
       2
       3
       2
       1
       0
       0
       2
       2
       3
       6
       1
       2
       2
       1
       3
       2
       1
       1
       1
       2
       1
       2
       5
       2
       1
       0
       0
       1
       1
       0
       3
       2
       0
       2
       0
       1
       1
       5
       1
       2
       2
       0
       4
       2
       2
       0
       1
       1
       0
       4
       1
       1
       1
       0
       1
       2
       0
       3
       1
       1
       1
       3
       1
       2
       3
       0
       0
       0
       1
       1
       1
       3
       4
       1
       3
       4
       5
       3
       2
       0
       0
       1
       0
       2
       2
       2
       0
       3
       0
       0
       3
       1
       2
       2
       3
       1
       2
       4
       3
       2
       0
       2
       4
       0
       3
       2
       4
       2
       0
       2
       2
       1
       1
       2
       5
       2
       2
       2
       1
       0
       0
       1
       1
       0
       3
       3
       3
       3
       2
       4
       2
       0
       1
       1
       3
       0
       3
       2
       1
       3
       1
       2
       3
       2
       2
       3
       2
       2
       0
       1
       0
       3
       0
       0
       1
       3
       0
       2
       2
       0
       4
       2
       1
       0
       3
       1
       3
       0
       1
       0
       0
       4
       5
       0
       2
       2
       0
       1
       0
       2
       2
       2
       1
       0
       3
       1
       1
       2
       1
       2
       1
       0
       2
       2
       2
       4
       0
       1
       0
       0
       2
       1
       1
       2
       2
       2
       1
       1
       0
       0
       0
       3
       1
       2
       2
       3
       0
       2
       2
       0
       5
       2
       0
       1
       1
       2
       2
       1
       2
       0
       3
       2
       2
       1
       0
       1
       1
       0
       2
       3
       1
       3
       0
       2
       1
       2
       3
       1
       2
       1
       2
       0
       0
       1
       2
       0
       4
       1
       1
       1
       3
       1
       3
       0
       0
       4
       2
       1
       2
       0
       0
       2
       2
       1
       2
       4
       1
       1
       1
       2
       2
       2
       0
       2
       1
       0
       1
       1
       1
       0
       0
       0
       1
       2
       1
       0
       1
       0
       2
       2
       2
       0
       1
       1
       3
       1
       2
       4
       0
       2
       3
       1
       3
       2
       2
       2
       2
       1
       0
       2
       3
       1
       0
       2
       3
       2
       2
       1
       0
       2
       1
       0
       0
       1
       3
       1
       0
       0
       2
       0
       2
       1
       1
       2
       2
       0
       2
       4
       3
       1
       0
       1
       3
       0
       2
       1
       0
       1
       0
       0
       1
       0
       2
       1
       1
       1
       1
       2
       1
       1
       3
       1
       1
       0
       2
       3
       2
       2
       2
       3
       1
       0
       1
       3
       3
       1
       1
       2
       1
       1
       1
       3
       1
       1
       2
       1
       1
       1
       0
       1
       1
       2
       1
       2
       3
       0
       0
       0
       1
       1
       2
       0
       0
       0
       2
       1
       3
       1
       3
       2
       1
       3
       1
       1
       0
       1
       0
       1
       1
       1
       1
       1
       0
       1
       0
       1
       2
       1
       2
       3
       0
       2
       1
       1
       0
       1
       1
       0
       0
       1
       1
       0
       3
       0
       3
       2
       1
       1
       1
       1
       1
       0
       3
       2
       1
       1
       1
       0
       3
       0
       0
       1
       1
       1
       3
       3
       2
       2
       0
       2
       1
       0
       1
       1
       0
       2
       4
       2
       0
       2
       2
       1
       2
       0
       1
       0
       0
       2
       2
       1
       3
       2
       2
       0
       2
       5
       2
       5
       1
       1
       1
       0
       4
       3
       5
       3
       1
       2
       1
       2
       1
       2
       1
       2
       2
       1
       1
       3
       1
       0
       0
       1
       1
       2
       1
       0
       3
       0
       0
       2
       0
       2
       2
       4
       3
       4
       1
       0
       1
       0
       1
       1
       1
       1
       2
       0
       1
       0
       1
       0
       0
       2
       2
       0
       2
       0
       1
       3
       4
       4
       2
       6
       1
       7
       1
       4
       2
       3
       2
       0
       2
       2
       1
       3
       0
       1
       3
       1
       2
       0
       1
       0
       4
       1
       2
       3
       5
       2
       1
       1
       0
       3
       2
       1
       2
       1
       1
       1
       2
       0
       1
       0
       1
       1
       0
       0
       3
       2
       0
       0
       2
       7
       2
       3
       0
       2
       6
       0
       2
       1
       1
       3
       0
       1
       4
       1
       2
       1
       0
       2
       0
       1
       1
       1
       2
       3
       2
       2
       2
       5
       0
       2
       0
       1
       1
       1
       0
       1
       1
       4
       0
       3
       2
       0
       1
       1
       1
       1
       2
       3
       0
       1
       2
       0
       1
       5
       0
       2
       2
       1
       3
       1
       3
       2
       0
       1
       5
       0
       0
       2
       2
       1
       1
       3
       3
       1
       2
       0
       0
       1
       3
       2
       0
       0
       1
       1
       1
       1
       3
       1
       3
       1
       0
       3
       4
       4
       1
       3
       2
       0
       0
       0
       2
       1
       0
       0
       0
       3
       1
       1
       1
       2
       2
       1
       0
       1
       0
       0
       1
       1
       2
       3
       0
       0
       0
       1
       2
       1
       4
       3
       2
       3
       0
       0
       2
       0
       2
       2
       3
       1
       2
       0
       0
       2
       1
       1
       2
       2
       2
       1
       0
       0
       5
       4
       4
       5
       6
      13
      15
      10
       2
      12
      10
       2
       5
       2
       0
       3
       0
       0
       1
       0
       1
       3
       0
       1
       0
       1
       3
       0
       0
       0
       3
       1
       2
       2
       1
       1
       2
       1
       1
       1
       1
       1
       0
       1
       4
       0
       2
       1
       0
       4
       2
       2
       1
       1
       0
       0
       0
       1
       1
       1
       1
       2
       1
       1
       0
       1
       1
       2
       2
       1
       0
       1
       2
       1
       0
       1
       0
       0
       0
       3
       1
       2
       1
       0
       1
       1
       0
       1
       1
       1
       0
       0
       1
       2
       0
       0
       2
       2
       1
       1
       1
       1
       0
       2
       0
       0
       1
       1
       2
       2
       2
       0
       0
       1
       1
       0
       3
       0
       0
       2
       0
       1
       2
       4
       1
       3
       5
       0
       1
       1
       0
       1
       0
       1
       0
       2
       0
       4
       2
       1
       0
       5
       3
       2
       3
       1
       0
       1
       1
       1
       2
       0
       1
       1
       0
       0
       3
       4
       0
       1
       2
       1
       3
       3
       1
       2
       2
       0
       1
       2
       3
       2
       0
       2
       1
       1
       0
       1
       0
       0
       1
       0
       1
       0
       0
       1
       0
       0
       0
       0
       2
       0
       0
       1
       0
       1
       1
       3
       1
       0
       0
       1
       0
       2
       0
       1
       1
       1
       2
       0
       1
       3
       3
       2
       1
       2
       0
       0
       1
       4
       1
       2
       2
       2
       2
       1
       0
       0
       3
       2
       3
       0
       1
       2
       2
       1
       1
       2
       0
       2
       0
       0
       1
       2
       2
       4
       3
       0
       0
       1
       1
       2
       3
       2
       1
       1
       3
       1
       3
       1
       2
       3
       5
       3
       0
       1
       3
       2
       0
       1
       1
       0
       1
       1
       2
       2
       2
       2
       3
       0
       0
       1
       0
       0
       1
       1
       2
       0
       1
       1
       2
       1
       2
       0
       2
       0
       0
       2
       3
       1
       1
       0
       0
       1
       2
       0
       3
       1
       2
       1
       0
       0
       3
       0
       2
       1
       2
       0
       0
       2
       1
       0
       1
       1
       1
       0
       0
       1
       0
       1
       0
       1
       0
       0
       1
       3
       2
       0
       1
       3
       1
       1
       2
       1
       0
       0
       0
       0
       0
       1
       2
       2
       1
       2
       0
       6
       2
       0
       1
       1
       0
       0
       0
       1
       0
       1
       2
       1
       0
       1
       1
       0
       1
       3
       2
       2
       0
       2
       0
       0
       1
       1
       0
       0
       0
       1
       2
       1
       2
       1
       0
       0
       0
       0
       1
       0
       0
       2
       1
       0
       0
       2
       2
       2
       5
       1
       1
       1
       0
       1
       1
       1
       0
       3
       2
       1
       0
       1
       0
       1
       0
       1
       0
       1
       0
       1
       1
       2
       2
       0
       1
       3
       0
       3
       0
       1
       1
       2
       1
       1
       0
       1
       1
       0
       4
       0
       0
       1
       0
       0
       1
       1
       1
       2
       0
       0
       1
       1
       0
       4
       0
       2
       0
       0
       1
       0
       0
       0
       1
       0
       1
       2
       0
       2
       0
       1
       1
       0
       1
       0
       0
       0
       1
       1
       0
       0
       0
       1
       0
       1
       1
       0
       2
       0
       1
       0
       0
       1
       3
       2
       0
       0
       1
       0
       0
       1
       0
       1
       0
       0
       0
       0
       1
       0
       0
       0
       1
       0
       0
       1
       2
       1
       1
       0
       0
       0
       0
       0
       0
       1
       1
       2
       0
       2
       3
       1
       0
       2
       0
       2
       0
       0
       1
       0
       0
       0
       0
       0
       0
       0
       0
       0
       2
       2
       0
       1
       1
       2
       0
       0
       0
       1
       0
       0
       1
       1
       0
       1
       0
       0
       0
       2
       0
       0
       0
       1
       0
       0
       0
       2
       1
       2
       0
       2
       3
       1
       3
       1
       0
       0
       0
       0
       0
       0
       1
       0
       1
       0
       0
       1
       2
       2
       0
       1
       2
       1
       0
       0
       0
       0
       0
       0
       0
       1
       0
       1
       2
       0
       0
       0
       1
       1
       0
       2
       4
       0
       4
       5
       5
       3
       7
       6
       6
       8
       3
       1
       3
       0
       0
       0
       0
       0
       0
       1
       0
       0
       1
       0
       2
       0
       1
       0
       1
       1
       1
       0
       0
       0
       0
       1
       0
       1
       1
       3
       1
       2
       1
       1
       2
       0
       0
       1
       1
       1
       0
       1
       1
       0
       0
       1
       0
       0
       0
       1
       1
       1
       0
       0
       0
       0
       1
       0
       0
       2
       1
       0
       2
       1
       1
       3
       1
       2
       0
       0
       1
       0
       0
       0
       1
       0
       0
       0
       2
       1
       1
       0
       1
       0
       0
       2
       0
       0
       0
       0
       0
       1
       0
       1
       1
       1
       2
       0
       0
       0
       0
       0
       1
       0
       0
       0
       0
       0
       1
       0
       0
       1
       2
       0
       3
       2
       1
       2
       3
       0
       0
       0
       0
       1
       0
       3
       1
       0
       1
       0
       1
       0
       1
       2
       0
       0
       0
       0
       0
       0
       1
       0
       0
       1
       0
       0
       0
       0
       0
       1
       0
       2
       0
       1
       0
       1
       0
       0
       0
       0
       0
       0
       0
       0
       0
       0
       1
       1
       0
       1
       2
       0
       2
       1
       0
       1
       2
       1
       0
       0
       2
       0
       1
       0
       0
       0
       0
       1
       0
       0
       1
       2
       0
       0
       1
       0
       0
       0
       0
       0
       1
       1
       2
       0
       3
       0
       0
       0
       0
       0
       0
       2
       0
       0
       0
       0
       0
       0
       1
       0
       1
       1
       0
       0
       2
       0
       0
       0
       0
       0
       0
       0
       0
       1
       0
       0
       0
       0
       0
       0
       0
       0
       0
       1
       0
       0
       1
       0
       0
       1
       1
       0
       1
       1
       0
       1
       0
       0
       1
       0
       0
       0
       2
       0
       0
       3
       0
       1
       0
       0
       0
       1
       1
       0
       0
       1
       0
       0
       1
       0
       1
       0
       0
       0
       0
       1
       1
       2
       0
       1
       2
       0
       0
       1
       1
       0
       0
       1
       0
       0
       0
       0
       0
       0
       2
       1
       0
       0
       0
       0
       1
       2
       0
       0
       0
       0
       0
       0
       1
       2
       0
       0
       1
       0
       0
       0
       2
       0
       0
       1
       0
       2
       0
       0
       0
       0
       0
       0
       0
       0
       0
       0
       0
       0
       1
       0
       0
       0
       0
       2
       0
       1
       1
       0
       0
       0
       1
       0
       1
       0
       1
       0
       0
       0
       0
       0
       0
       0
       0
       0
       1
       1
       1
       1
       0
       0
       0
       0
       0
       0
       0
       1
       3
       0
       0
       0
       1
       1
       1
       1
       2
       0
       0
       0
       1
       1
       0
       0
       0
       0
       2
       1
       0
       0
       0
       2
       0
       0
       0
       2
       1
       0
       1
       0
       1
       0
       0
       0
       0
       0
       0
       0
       1
       0
       1
       0
       0
       0
       0
       0
       0
       1
       0
       0
       0
       0
       1
       0
       1
       0
       1
       0
       1
       1
       1
       0
       0
       0
       0
       0
       1
       1
       1
       0
       1
       1
       1
       0
       1
       0
       0
       1
       0
       0
       0
       1
       0
       1
       1
       0
       0
       0
       0
       2
       0
       0
       0
       0
       0
       1
       0
       0
       0
       1
       1
       1
       0
       0
       0
       0
       1
       1
       3
       3
       9
      10
      18
      20
      29
      22
      20
      20
      11
       7
       3
       2
       0
       1
       1
       0
       0
       0
       0
       0
       0
       0
       1
       0
       0
       1
       2
       1
       0
       0
       0
       0
       1
       0
       0
       2
       2
       1
       1
       1
       0
       0
       0
       1
       0
       1
       1
       1
       0
       0
       0
       1
       1
       0
       0
       0
       0
       0
       0
       0
       1
       0
       0
       1
       1
       1
       0
       0
       0
       0
       1
       1
       1
       0
       3
       1
       1
       0
       0
       1
       1
       0
       0
       1
       0
       1
       2
       0
       1
       0
       2
       0
       0
       2
       0
       0
       0
       0
       1
       0
       0
       1
       0
       1
       0
       0
       0
       0
       1
       1
       0
       1
       0
       1
       0
       1
       0
       0
       1
       0
       0
       1
       0
       1
       0
       1
       0
       0
       0
       0
       0
       0
       0
       0
       0
       2
       0
       0
       0
       0
       1
       1
       1
       1
       0
       0
       0
       0
       2
       0
       0
       1
       1
       0
       2
       0
       0
       0
       1
       0
       0
       1
       0
       2
       0
       0
       0
       0
       0
       1
       1
       0
       0
       0
       0
       0
       0
       0
       0
       3
       1
       0
       0
       1
       0
       0
       0
       1
       1
       0
       1
       1
       2
       2
       0
       2
       0
       0
       0
       2
       1
       0
       0
       2
       0
       0
       1
       0
       0
       0
       0
       0
       0
       0
       1
       0
       1
       0
       1
       1
       0
       1
       0
       0
       0
       0
       1
       0
       0
       0
       1
       0
       1
       0
       0
       2
       1
       0
       0
       0
       0
       0
       0
       0
       0
       0
       1
       0
       0
       0
       1
       0
       0
       0
       0
       0
       1
       1
       2
       0
       0
       0
       0
       0
       0
       1
       0
       0
       0
       0
       1
       0
       1
       0
       0
       1
       1
       0
       0
       0
       0
       0
       1
       1
       0
       0
       1
       1
       0
       1
       0
       1
       0
       0
       2
       0
       0
       0
       0
       0
       0
       0
       0
       0
       0
       1
       0
       0
       0
       0
       0
       0
       0
       0
       0
       0
       1
       0
       0
       1
       1
       0
       0
       0
       2
       2
       0
       0
       0
       0
       1
       0
       1
       0
       0
       0
       2
       0
       0
       0
       1
       1
       0
       1
       1
       1
       0
       0
       0
       0
       1
       1
       0
       0
       2
       0
       0
       0
       0
       2
       0
       0
       0
       0
       1
       0
       0
       0
       0
       2
       0
       0
       0
       1
       0
       0
       1
       0
       0
       0
       0
       1
       1
       2
       0
       0
       0
       0
       0
       0
       0
       0
       0
       0
       0
       0
       1
       0
       0
       0
       0
       2
       0
       1
       0
       1
       0
       1
       1
       0
       0
       0
       0
       0
       0
       0
       0
       0
       0
       0
       0
       0
       0
       0
       0
       0
       1
       0
       0
       0
       0
       0
       0
       0
       1
       0
       0
       0
       1
       0
       0
       1
       1
       0
       0
       0
       0
       0
       0
       2
       0
       0
       0
       0
       0
       0
       0
       0
       1
       1
       0
       0
       0
       0
       0
       0
       0
       0
       0
       0
       0
       1
       1
       0
       0
       0
       0
       0
       0
       0
       0
       0
       0
       1
       1
       0
       1
       0
       0
       0
       0
       1
       0
       0
       0
       0
       1
       0
       0
       1
       0
       0
       0
       1
       1
       1
       2
       0
       1
       0
       0
       0
       1
       0
       0
       0
       0
       1
       4
       2
       4
       2
       4
       4
       1
       0
       1
       0
       0
       0
       0
       0
       1
       1
       0
       1
       0
       0
       0
       0
       0
       0
       0
       0
       0
       1
       0
       0
       0
       1
       0
       1
       0
       0
       0
       0
       1
       0
       1
       0
       0
       1
       0
       0
       0
       0
       0
       0
       0
       0
       0
       0
       0
       0
       0
       0
       0
       0
       0
       0
       0
       0
       0
       0
       1
       0
       1
       0
       0
       0
       1
       0
       0
       0
       0
       0
       0
       0
       0
       0
       0
       0
       0
       0
       0
       0
       0
       0
       0
       0
       0
       0
       0
       1
       0
       0
       0
       0
       0
       0
       1
       0
       1
       0
       0
       0
       0
       0
       0
       1
       0
       0
       0
       1
       0
       1
       0
       0
       0
       0
       0
       0
       0
       1
       0
       0
       0
       0
       1
       0
       0
       0
       0
       0
       0
       2
       1
       0
       0
       0
       0
       1
       0
       0
       0
       0
       0
       0
       0
       1
       0
       0
       1
       1
       1
       1
       0
       0
       0
       0
       1
       0
       0
       0
       0
       0
       0
       0
       1
       0
       0
       0
       0
       1
       0
       0
       1
       0
       0
       0
       0
       0
       1
       0
       0
       0
       0
       0
       0
       0
       0
       0
       0
       0
       1
       0
       0
       0
       0
       1
       0
       0
       0
       2
       0
       1
       0
       0
       0
       0
       0
       1
       0
       0
       0
       0
       0
       0
       0
       1
       0
       0
       0
       0
       0
       0
       0
       0
       0
       0
       0
       0
       0
       0
       0
       1
       0
       1
       0
       1
       0
       1
       0
       1
       1
       0
       0
       0
       0
       0
       0
       0
       0
       0
       0
       0
       0
       0
       0
       0
       0
       0
       0
       0
       0
       0
       0
       1
       1
       0
       0
       0
       0
       0
       0
       0
       0
       1
       0
       1
       0
       0
       0
       0
       0
       0
       1
       0
       0
       0
       0
       0
       0
       0
       0
       1
       0
       0
       1
       0
       0
       0
       1
       0
       0
       1
       0
       0
       0
       0
       0
       0
       0
       1
       0
       0
       0
       0
       1
       0
       1
       0
       0
       0
       1
       0
       0
       0
       1
       0
       0
       0
       0
       0
       0
       1
       0
       0
       0
       0
       0
       0
       0
       1
       0
       0
       1
       0
       0
       0
       0
       0
       0
       1
       0
       1
       0
       0
       0
       0
       0
       1
       1
       0
       1
       0
       0
       1
       0
       0
       0
       0
       0
       0
       0
       0
       2
       0
       0
       0
       1
       0
       0
       0
       2
       2
       0
       0
       1
       0
       0
       0
       0
       0
       0
       0
       1
       0
       1
       1
       0
       0
       0
       0
       0
       0
       0
       0
       0
       0
       0
       0
       0
       0
       0
       0
       0
       0
       0
       0
       0
       0
       0
       0
       0
       0
       0
       0
       0
       0
       0
       0
       0
       1
       0
       0
       0
       1
       0
       1
       1
       0
       0
       0
       0
       1
       0
       1
       0
       0
       0
       0
       0
       0
       1
       0
       0
       0
       0
       0
       0
       0
       0
       0
       0
       0
       0
       0
       0
       0
       0
       0
       0
       0
       0
       0
       0
       0
       0
       0
       0
       0
       0
       0
       0
       0
       1
       0
       1
       0
       0
       0
       0
       0
       0
       0
       0
       0
       1
       0
       0
       0
       1
       1
       1
       0
       0
       0
       0
       0
       0
       0
       0
       0
       1
       0
       0
       1
       0
       0
       0
       0
       0
       0
       0
       0
       0
       0
       0
       0
       0
       0
       0
       0
       0
       0
       0
       1
       1
       0
       0
       0
       0
       0
       0
       0
       0
       0
       0
       0
       0
       0
       0
       0
       0
       0
       0
       1
       0
       0
       0
       0
       1
       0
       0
       0
       2
       0
       0
       0
       1
       0
       0
       1
       0
       0
       0
       0
       0
       0
       0
       0
       0
       0
       0
       0
       0
       0
       0
       0
       0
       0
       0
       0
       0
       0
       0
       0
       0
       0
       0
       0
       0
       1
       1
       0
       0
       0
       0
       0
       0
       0
       0
       0
       0
       0
       0
       0
       0
       0
       0
       0
       0
       0
       0
       0
       0
       1
       0
       0
       0
       0
       0
       0
       1
       0
       0
       0
       1
       0
       0
       0
       0
       0
       0
       0
       0
       0
       0
       0
       0
       0
       0
       0
       0
       0
       0
       0
       0
       0
       0
       0
       1
       0
       0
       0
       0
       1
       0
       1
       1
       0
       2
       2
       2
       2
       1
       0
       0
       0
       1
       0
       1
       0
       0
       0
       0
       0
       0
       0
       1
       0
       0
       1
       0
       0
       0
       2
       0
       0
       0
       0
       0
       0
       0
       1
       1
       0
       0
       1
       0
       0
       0
       2
       0
       0
       0
       0
       0
       1
       0
       0
       0
       0
       1
       1
       0
       0
       0
       0
       0
       0
       0
       0
       0
       0
       1
       0
       0
       0
       1
       0
       0
       1
       0
       0
       0
       1
       0
       0
       0
       0
       1
       1
       0
       0
       0
       0
       0
       1
       0
       0
       0
       0
       0
       0
       1
       0
       0
       0
       0
       0
       1
       0
       0
       0
       0
       0
       0
       0
       1
       0
       0
       0
       0
       0
       0
       0
       0
       0
       0
       0
       0
       0
       0
       0
       0
       0
       0
       0
       0
       0
       0
       0
       0
       0
       1
       0
       0
       0
       0
       0
       0
       1
       0
       0
       0
       0
       1
       0
       1
       0
       0
       0
       0
       0
       1
       0
       0
       0
       0
       0
       1
       0
       1
       0
       0
       0
       0
       0
       0
       0
       0
       0
       0
       1
       0
       0
       0
       0
       0
       0
       0
       0
       0
       0
       1
       0
       0
       1
       0
       0
       0
       0
       1
       0
       0
       0
       0
       0
       1
       0
       0
       0
       0
       0
       0
       0
       0
       0
       1
       0
       0
       0
       0
       0
       0
       0
       0
       0
       0
       0
       0
       0
       0
       0
       0
       0
       0
       0
       0
       0
       0
       1
       0
       1
       0
       0
       1
       0
       1
       0
       0
       0
       0
       0
       0
       0
       1
       0
       0
       0
       0
       0
       0
       0
       0
       0
       0
       0
       0
       0
       0
       1
       0
       0
       1
       0
       0
       0
       0
       1
       0
       0
       0
       0
       0
       0
       0
       0
       1
       0
       0
       0
       0
       0
       0
       0
       1
       0
       1
       0
       0
       1
       0
       0
       0
       0
       0
       0
       0
       2
       0
       0
       0
       0
       0
       0
       0
       0
       0
       0
       1
       1
       0
       0
       0
       0
       0
       0
       0
       0
       0
       0
       0
       0
       0
       0
       0
       0
       1
       0
       1
       1
       0
       0
       0
       0
       1
       0
       0
       1
       0
       0
       0
       0
       0
       0
       0
       0
       0
       0
       0
       2
       0
       0
       0
       0
       1
       1
       0
       0
       0
       0
       0
       0
       0
       0
       0
       0
       0
       0
       0
       0
       0
       0
       1
       0
       0
       0
       0
       0
       1
       0
       0
       0
       0
       0
       0
       0
       0
       1
       0
       0
       0
       0
       0
       0
       0
       0
       0
       0
       0
       1
       0
       0
       0
       0
       0
       0
       0
       0
       1
       0
       0
       0
       0
       0
       1
       0
       0
       0
       0
       0
       0
       0
       0
       0
       0
       1
       2
       0
       0
       1
       0
       0
       0
       0
       0
       0
       0
       0
       0
       0
       0
       1
       0
       0
       1
       0
       0
       0
       0
       0
       0
       0
       0
       0
       0
       0
       1
       0
       0
       0
       1
       0
       0
       0
       0
       0
       0
       0
       0
       0
       1
       0
       0
       0
       0
       0
       0
       0
       0
       0
       0
       0
       0
       0
       0
       1
       0
       0
       0
       0
       0
       0
       0
       0
       0
       1
       0
       0
       1
       0
       0
       0
       0
       0
       1
       1
       0
       0
       1
       1
       0
       0
       0
       0
       0
       1
       0
       1
       0
       0
       0
       1
       1
       0
       0
       1
       0
       0
       0
       0
       0
       0
       1
       0
       0
       0
       0
       0
       0
       0
       0
       0
       0
       0
       0
       0
       0
       0
       0
       0
       1
       0
       0
       0
       0
       0
       0
       0
       0
       0
       0
       0
       0
       0
       0
       0
       0
       0
       1
       1
       1
       0
       0
       0
       0
       1
       1
       0
       0
       0
       2
       0
       0
       0
       0
       0
       0
       0
       0
       1
       0
       0
       0
       0
       0
       0
       0
       1
       0
       0
       0
       0
       1
       0
       0
       0
       0
       0
       0
       0
       0
       0
       0
       1
       0
       0
       0
       1
       1
       0
       1
       0
       0
       0
       0
       0
       0
       0
       0
       0
       0
       0
       0
       1
       0
       0
       0
       0
       0
       0
       0
       1
       0
       0
       0
       0
       0
       0
       0
       1
       0
       0
       1
       0
       0
       0
       0
       0
       0
       0
       0
       1
       0
       1
       0
       0
       0
       0
       0
       0
       0
       0
       0
       0
       0
       0
       0
       0
       0
       0
       1
       0
       0
       0
       0
       0
       0
       0
       0
       0
       1
       0
       0
       0
       0
       0
       0
       0
       0
       0
       0
       0
       0
       0
       0
       0
       1
       0
       0
       0
       1
       1
       0
       0
       0
       0
       0
       0
       1
       1
       0
       0
       1
       0
       0
       0
       0
       0
       0
       0
       1
       0
       0
       0
       0
       0
       0
       0
       0
       0
       0
       0
       0
       0
       0
       0
       1
       0
       0
       0
       0
       0
       0
       0
       0
       1
       0
       0
       0
       0
       0
       0
       0
       0
       0
       0
       0
       0
       0
       0
       0
       0
       0
       0
       1
       0
       2
       0
       0
       0
       1
       0
       0
       0
       0
       0
       0
       0
       0
       0
       0
       0
       0
       0
       0
       0
       0
       0
       0
       0
       0
       0
       0
       0
       0
       0
       0
       0
       0
       0
       0
       0
       0
       0
       0
       0
       0
       0
       0
       0
       0
       0
       0
       0
       0
       0
       0
       0
       0
       0
       0
       0
       0
       0
       1
       0
       0
       1
       0
       1
       0
       0
       0
       0
       0
       0
       0
       0
       0
       0
       0
       0
       0
       1
       0
       1
       0
       0
       0
       0
       0
       0
       0
       0
       0
       0
       0
       0
       0
       0
       0
       0
       0
       0
       0
       0
       0
       1
       0
       1
       0
       0
       0
       0
       0
       0
       0
       0
       0
       0
       0
       0
       0
       0
       0
       0
       0
       0
       0
       0
       0
       0
       0
       0
       0
       1
       0
       1
       0
       0
       1
       0
       0
       0
       0
       0
       0
       0
       0
       0
       0
       0
       0
       0
       1
       0
       0
       1
       0
       0
       0
       0
       0
       0
       0
       0
       0
       0
       0
       0
       0
       1
       0
       0
       0
       0
       0
       0
       0
       0
       0
       0
       0
       0
       0
       0
       0
       0
       0
       0
       0
       0
       0
       1
       0
       0
       0
       0
       0
       0
       0
       1
       0
       0
       0
       0
       0
       0
       0
       0
       0
       0
       0
       0
       0
       1
       0
       0
       0
       0
       0
       0
       0
       0
       0
       0
       0
       0
       0
       0
       0
       0
       0
       0
       0
       0
       0
       0
       0
       0
       0
       1
       0
       0
       0
       0
       0
       0
       0
       0
       0
       0
       0
       0
       1
       1
       0
       1
       0
       0
       0
       1
       0
       0
       0
       1
       0
       0
       0
       0
       0
       0
       0
       0
       0
       0
       0
       0
       0
       0
       0
       0
       0
       0
       0
       0
       0
       0
       0
       0
       0
       0
       0
       0
       0
       0
       0
       0
       0
       0
       0
       0
       0
       0
       0
       0
       0
       0
       0
       1
       1
       0
       0
       1
       0
       1
       1
       0
       0
       0
       0
       0
       0
       0
       0
       0
       0
       0
       0
       0
       0
       0
       0
       0
       1
       0
       2
       0
       0
       0
       0
       0
       0
       1
       0
       0
       1
       0
       0
       0
       0
       0
       0
       0
       0
       0
       0
       0
       0
       0
       1
       0
       0
       0
       1
       0
       0
       0
       0
       0
       1
       1
       0
       0
       0
       0
       0
       0
       2
       0
       0
       0
       0
       0
       0
       0
       0
       0
       0
       0
       0
       0
       0
       0
       0
       0
       0
       1
       0
       0
       0
       0
       0
       0
       2
       0
       0
       1
       0
       0
       0
       0
       0
       0
       0
       0
       0
       0
       0
       0
       0
       0
       0
       0
       0
       0
       0
       0
       0
       0
       0
       0
       0
       0
       0
       0
       0
       0
       0
       0
       0
       0
       0
       0
       0
       0
       0
       0
       0
       0
       0
       0
       0
       0
       0
       0
       0
       0
       0
       0
       0
       0
       0
       0
       0
       0
       0
       0
       0
       0
       0
       0
       0
       0
       0
       0
       0
       0
       0
       0
       0
       0
       0
       0
       0
       0
       0
       0
       0
       0
       0
       0
       0
       0
       0
       0
       0
       0
       0
       0
       0
       0
       0
       0
       0
       0
       0
       0
       0
       0
       0
       0
       0
       0
       0
       0
       0
       0
       0
       0
       0
       0
       0
       0
       0
       0
       0
       0
       0
       0
       0
       0
       0
       0
       0
       0
$ROI:
2
971 990
2431 2451
$PRESETS:
None
0
0
$ENER_FIT:
0.938745 0.520792
$MCA_CAL:
3
9.387446E-001 5.207915E-001 0.000000E+000 keV
$SHAPE_CAL:
3
7.941502E+000 -1.582080E-003 0.000000E+000
