# Target Z    :  73
# Target A    : 181
# Target state:  
# Projectile  : p
# Reaction    : (p,xa)
# E-inc       :   30.000 MeV
# Quantity    : Double-differential cross section
# Frame       : L
# MF          :    6
# MT          :  207
# X4 ID       : O0759005 
# X4 code     : 73-TA-181(P,X)2-HE-4,,DA/DE
# Author      : Muto                     
# Year        : 1963
# Data points :    417
# E-out(MeV) xs(mb/MeV.sr) dxs(mb/MeV.sr) dE(MeV)      Evaluation  C/E(F)      Chi-2     Delta(mb)
  7.12000E+00  8.00000E-10  0.00000E+00  0.00000E+00  6.25001E+01
  8.07000E+00  2.00000E-09  0.00000E+00  0.00000E+00  6.25001E+01
  9.19000E+00  3.20000E-09  0.00000E+00  0.00000E+00  6.25001E+01
  9.99000E+00  5.20000E-09  0.00000E+00  0.00000E+00  6.25001E+01
  1.10100E+01  5.10000E-09  0.00000E+00  0.00000E+00  6.25001E+01
  1.10300E+01  8.40000E-09  0.00000E+00  0.00000E+00  6.25001E+01
  1.19700E+01  6.30000E-09  0.00000E+00  0.00000E+00  6.25001E+01
  1.30200E+01  1.32000E-08  0.00000E+00  0.00000E+00  6.25001E+01
  1.40100E+01  2.21000E-08  0.00000E+00  0.00000E+00  6.25001E+01
  1.51600E+01  3.15000E-08  0.00000E+00  0.00000E+00  6.25001E+01
  1.61200E+01  3.43000E-08  0.00000E+00  0.00000E+00  6.25001E+01
  1.71900E+01  6.56000E-08  0.00000E+00  0.00000E+00  6.25001E+01
  1.82200E+01  6.44000E-08  0.00000E+00  0.00000E+00  6.25001E+01
  1.91100E+01  7.04000E-08  0.00000E+00  0.00000E+00  6.25001E+01
  2.01700E+01  7.81000E-08  0.00000E+00  0.00000E+00  6.25001E+01
  2.11900E+01  7.64000E-08  0.00000E+00  0.00000E+00  6.25001E+01
  2.22300E+01  7.76000E-08  0.00000E+00  0.00000E+00  6.25001E+01
  2.32900E+01  6.65000E-08  0.00000E+00  0.00000E+00  6.25001E+01
  2.42000E+01  5.67000E-08  0.00000E+00  0.00000E+00  6.25001E+01
  2.52400E+01  4.23000E-08  0.00000E+00  0.00000E+00  6.25001E+01
  2.61000E+01  3.99000E-08  0.00000E+00  0.00000E+00  6.25001E+01
  2.69800E+01  4.06000E-08  0.00000E+00  0.00000E+00  6.25001E+01
  2.80500E+01  3.20000E-08  0.00000E+00  0.00000E+00  6.25001E+01
  2.92700E+01  2.17000E-08  0.00000E+00  0.00000E+00  6.25001E+01
  3.01200E+01  1.68000E-08  0.00000E+00  0.00000E+00  6.25001E+01
  3.10400E+01  9.40000E-09  0.00000E+00  0.00000E+00  6.25001E+01
  3.20600E+01  6.90000E-09  0.00000E+00  0.00000E+00  6.25001E+01
  3.32400E+01  6.00000E-09  0.00000E+00  0.00000E+00  6.25001E+01
  3.41000E+01  4.70000E-09  0.00000E+00  0.00000E+00  6.25001E+01
  3.51300E+01  4.30000E-09  0.00000E+00  0.00000E+00  6.25001E+01
  3.71800E+01  2.10000E-09  0.00000E+00  0.00000E+00  6.25001E+01
  9.02000E+00  1.60000E-09  0.00000E+00  0.00000E+00  9.00000E+01
  1.11100E+01  8.80000E-09  0.00000E+00  0.00000E+00  9.00000E+01
  1.20100E+01  1.57000E-08  0.00000E+00  0.00000E+00  9.00000E+01
  1.30700E+01  2.38000E-08  0.00000E+00  0.00000E+00  9.00000E+01
  1.40300E+01  2.70000E-08  0.00000E+00  0.00000E+00  9.00000E+01
  1.49900E+01  4.86000E-08  0.00000E+00  0.00000E+00  9.00000E+01
  1.60000E+01  4.45000E-08  0.00000E+00  0.00000E+00  9.00000E+01
  1.71300E+01  5.09000E-08  0.00000E+00  0.00000E+00  9.00000E+01
  1.81200E+01  6.11000E-08  0.00000E+00  0.00000E+00  9.00000E+01
  1.90800E+01  6.15000E-08  0.00000E+00  0.00000E+00  9.00000E+01
  2.00200E+01  6.14000E-08  0.00000E+00  0.00000E+00  9.00000E+01
  2.11500E+01  4.66000E-08  0.00000E+00  0.00000E+00  9.00000E+01
  2.21100E+01  4.99000E-08  0.00000E+00  0.00000E+00  9.00000E+01
  2.31600E+01  3.59000E-08  0.00000E+00  0.00000E+00  9.00000E+01
  2.41000E+01  3.34000E-08  0.00000E+00  0.00000E+00  9.00000E+01
  2.49700E+01  3.30000E-08  0.00000E+00  0.00000E+00  9.00000E+01
  2.60200E+01  1.90000E-08  0.00000E+00  0.00000E+00  9.00000E+01
  2.69500E+01  1.57000E-08  0.00000E+00  0.00000E+00  9.00000E+01
  2.79600E+01  1.16000E-08  0.00000E+00  0.00000E+00  9.00000E+01
  2.89800E+01  9.50000E-09  0.00000E+00  0.00000E+00  9.00000E+01
  3.00900E+01  9.40000E-09  0.00000E+00  0.00000E+00  9.00000E+01
  3.11000E+01  6.10000E-09  0.00000E+00  0.00000E+00  9.00000E+01
  3.19600E+01  2.00000E-09  0.00000E+00  0.00000E+00  9.00000E+01
  3.32200E+01  1.50000E-09  0.00000E+00  0.00000E+00  9.00000E+01
  3.40900E+01  1.90000E-09  0.00000E+00  0.00000E+00  9.00000E+01
  8.94000E+00  8.00000E-10  0.00000E+00  0.00000E+00  1.20000E+02
  1.01300E+01  2.70000E-09  0.00000E+00  0.00000E+00  1.20000E+02
  1.11000E+01  6.40000E-09  0.00000E+00  0.00000E+00  1.20000E+02
  1.20700E+01  1.12000E-08  0.00000E+00  0.00000E+00  1.20000E+02
  1.30400E+01  1.60000E-08  0.00000E+00  0.00000E+00  1.20000E+02
  1.40800E+01  1.97000E-08  0.00000E+00  0.00000E+00  1.20000E+02
  1.49800E+01  2.74000E-08  0.00000E+00  0.00000E+00  1.20000E+02
  1.60300E+01  3.26000E-08  0.00000E+00  0.00000E+00  1.20000E+02
  1.72400E+01  3.79000E-08  0.00000E+00  0.00000E+00  1.20000E+02
  1.82700E+01  3.78000E-08  0.00000E+00  0.00000E+00  1.20000E+02
  1.92200E+01  4.02000E-08  0.00000E+00  0.00000E+00  1.20000E+02
  2.02400E+01  3.73000E-08  0.00000E+00  0.00000E+00  1.20000E+02
  2.10100E+01  3.11000E-08  0.00000E+00  0.00000E+00  1.20000E+02
  2.20900E+01  2.46000E-08  0.00000E+00  0.00000E+00  1.20000E+02
  2.31700E+01  1.96000E-08  0.00000E+00  0.00000E+00  1.20000E+02
  2.40400E+01  1.96000E-08  0.00000E+00  0.00000E+00  1.20000E+02
  2.51400E+01  1.66000E-08  0.00000E+00  0.00000E+00  1.20000E+02
  2.59900E+01  1.33000E-08  0.00000E+00  0.00000E+00  1.20000E+02
  2.70200E+01  1.20000E-08  0.00000E+00  0.00000E+00  1.20000E+02
  2.80400E+01  1.08000E-08  0.00000E+00  0.00000E+00  1.20000E+02
  2.89800E+01  8.30000E-09  0.00000E+00  0.00000E+00  1.20000E+02
  3.00700E+01  4.90000E-09  0.00000E+00  0.00000E+00  1.20000E+02
  3.11000E+01  4.50000E-09  0.00000E+00  0.00000E+00  1.20000E+02
  3.18900E+01  4.40000E-09  0.00000E+00  0.00000E+00  1.20000E+02
  3.31500E+01  3.60000E-09  0.00000E+00  0.00000E+00  1.20000E+02
  3.40900E+01  2.70000E-09  0.00000E+00  0.00000E+00  1.20000E+02
  3.50400E+01  2.60000E-09  0.00000E+00  0.00000E+00  1.20000E+02
  3.60700E+01  2.20000E-09  0.00000E+00  0.00000E+00  1.20000E+02
  8.72000E+00  8.60000E-09  0.00000E+00  0.00000E+00  6.25001E+01
  9.67000E+00  9.90000E-09  0.00000E+00  0.00000E+00  6.25001E+01
  1.05000E+01  2.35000E-08  0.00000E+00  0.00000E+00  6.25001E+01
  1.14700E+01  4.26000E-08  0.00000E+00  0.00000E+00  6.25001E+01
  1.25800E+01  5.90000E-08  0.00000E+00  0.00000E+00  6.25001E+01
  1.35500E+01  7.53000E-08  0.00000E+00  0.00000E+00  6.25001E+01
  1.46100E+01  1.09500E-07  0.00000E+00  0.00000E+00  6.25001E+01
  1.56300E+01  1.82200E-07  0.00000E+00  0.00000E+00  6.25001E+01
  1.66300E+01  2.26000E-07  0.00000E+00  0.00000E+00  6.25001E+01
  1.76600E+01  2.31400E-07  0.00000E+00  0.00000E+00  6.25001E+01
  1.84800E+01  2.36800E-07  0.00000E+00  0.00000E+00  6.25001E+01
  1.96400E+01  2.35300E-07  0.00000E+00  0.00000E+00  6.25001E+01
  2.05400E+01  2.57100E-07  0.00000E+00  0.00000E+00  6.25001E+01
  2.16900E+01  2.43300E-07  0.00000E+00  0.00000E+00  6.25001E+01
  2.28800E+01  2.10200E-07  0.00000E+00  0.00000E+00  6.25001E+01
  2.37900E+01  1.64800E-07  0.00000E+00  0.00000E+00  6.25001E+01
  2.47300E+01  1.52300E-07  0.00000E+00  0.00000E+00  6.25001E+01
  2.58300E+01  1.54900E-07  0.00000E+00  0.00000E+00  6.25001E+01
  2.67600E+01  1.32900E-07  0.00000E+00  0.00000E+00  6.25001E+01
  2.77600E+01  1.14900E-07  0.00000E+00  0.00000E+00  6.25001E+01
  2.87700E+01  9.56000E-08  0.00000E+00  0.00000E+00  6.25001E+01
  2.98300E+01  6.94000E-08  0.00000E+00  0.00000E+00  6.25001E+01
  3.07000E+01  5.28000E-08  0.00000E+00  0.00000E+00  6.25001E+01
  3.17900E+01  5.00000E-08  0.00000E+00  0.00000E+00  6.25001E+01
  3.26800E+01  5.40000E-08  0.00000E+00  0.00000E+00  6.25001E+01
  3.28900E+01  5.40000E-08  0.00000E+00  0.00000E+00  6.25001E+01
  3.31200E+01  2.24000E-08  0.00000E+00  0.00000E+00  6.25001E+01
  3.35200E+01  1.41000E-08  0.00000E+00  0.00000E+00  6.25001E+01
  3.43400E+01  9.90000E-09  0.00000E+00  0.00000E+00  6.25001E+01
  3.52200E+01  9.80000E-09  0.00000E+00  0.00000E+00  6.25001E+01
  3.61800E+01  1.10000E-08  0.00000E+00  0.00000E+00  6.25001E+01
  3.69200E+01  8.20000E-09  0.00000E+00  0.00000E+00  6.25001E+01
  3.80100E+01  8.10000E-09  0.00000E+00  0.00000E+00  6.25001E+01
  9.40000E+00  8.50000E-09  0.00000E+00  0.00000E+00  9.00000E+01
  1.05800E+01  3.04000E-08  0.00000E+00  0.00000E+00  9.00000E+01
  1.14100E+01  5.09000E-08  0.00000E+00  0.00000E+00  9.00000E+01
  1.25400E+01  8.23000E-08  0.00000E+00  0.00000E+00  9.00000E+01
  1.35000E+01  9.32000E-08  0.00000E+00  0.00000E+00  9.00000E+01
  1.45700E+01  1.43900E-07  0.00000E+00  0.00000E+00  9.00000E+01
  1.56400E+01  1.87700E-07  0.00000E+00  0.00000E+00  9.00000E+01
  1.64700E+01  2.72700E-07  0.00000E+00  0.00000E+00  9.00000E+01
  1.74500E+01  1.96800E-07  0.00000E+00  0.00000E+00  9.00000E+01
  1.84600E+01  2.18900E-07  0.00000E+00  0.00000E+00  9.00000E+01
  1.96400E+01  1.68000E-07  0.00000E+00  0.00000E+00  9.00000E+01
  2.07000E+01  1.34900E-07  0.00000E+00  0.00000E+00  9.00000E+01
  2.19300E+01  1.41700E-07  0.00000E+00  0.00000E+00  9.00000E+01
  2.27400E+01  1.40200E-07  0.00000E+00  0.00000E+00  9.00000E+01
  2.37300E+01  1.07100E-07  0.00000E+00  0.00000E+00  9.00000E+01
  2.46600E+01  7.41000E-08  0.00000E+00  0.00000E+00  9.00000E+01
  2.57800E+01  3.97000E-08  0.00000E+00  0.00000E+00  9.00000E+01
  2.66100E+01  5.33000E-08  0.00000E+00  0.00000E+00  9.00000E+01
  2.79700E+01  4.90000E-08  0.00000E+00  0.00000E+00  9.00000E+01
  2.88700E+01  5.99000E-08  0.00000E+00  0.00000E+00  9.00000E+01
  3.00900E+01  5.29000E-08  0.00000E+00  0.00000E+00  9.00000E+01
  3.08800E+01  3.22000E-08  0.00000E+00  0.00000E+00  9.00000E+01
  3.18300E+01  2.66000E-08  0.00000E+00  0.00000E+00  9.00000E+01
  3.27800E+01  1.97000E-08  0.00000E+00  0.00000E+00  9.00000E+01
  3.36700E+01  1.94000E-08  0.00000E+00  0.00000E+00  9.00000E+01
  3.45900E+01  1.98000E-08  0.00000E+00  0.00000E+00  9.00000E+01
  8.64000E+00  1.80000E-09  0.00000E+00  0.00000E+00  1.20000E+02
  9.55000E+00  2.91000E-08  0.00000E+00  0.00000E+00  1.20000E+02
  1.05000E+01  2.63000E-08  0.00000E+00  0.00000E+00  1.20000E+02
  1.13900E+01  2.20000E-08  0.00000E+00  0.00000E+00  1.20000E+02
  1.25000E+01  5.07000E-08  0.00000E+00  0.00000E+00  1.20000E+02
  1.34900E+01  8.22000E-08  0.00000E+00  0.00000E+00  1.20000E+02
  1.46200E+01  1.19100E-07  0.00000E+00  0.00000E+00  1.20000E+02
  1.56000E+01  1.47900E-07  0.00000E+00  0.00000E+00  1.20000E+02
  1.66700E+01  1.98500E-07  0.00000E+00  0.00000E+00  1.20000E+02
  1.76800E+01  1.84700E-07  0.00000E+00  0.00000E+00  1.20000E+02
  1.86000E+01  1.50300E-07  0.00000E+00  0.00000E+00  1.20000E+02
  1.95900E+01  1.24100E-07  0.00000E+00  0.00000E+00  1.20000E+02
  2.05300E+01  1.08900E-07  0.00000E+00  0.00000E+00  1.20000E+02
  2.17400E+01  8.95000E-08  0.00000E+00  0.00000E+00  1.20000E+02
  2.27400E+01  6.88000E-08  0.00000E+00  0.00000E+00  1.20000E+02
  2.36200E+01  5.91000E-08  0.00000E+00  0.00000E+00  1.20000E+02
  2.46900E+01  3.70000E-08  0.00000E+00  0.00000E+00  1.20000E+02
  2.55600E+01  2.46000E-08  0.00000E+00  0.00000E+00  1.20000E+02
  2.66500E+01  2.03000E-08  0.00000E+00  0.00000E+00  1.20000E+02
  2.78100E+01  2.02000E-08  0.00000E+00  0.00000E+00  1.20000E+02
  2.88300E+01  1.87000E-08  0.00000E+00  0.00000E+00  1.20000E+02
  2.99200E+01  1.72000E-08  0.00000E+00  0.00000E+00  1.20000E+02
  3.07300E+01  1.30000E-08  0.00000E+00  0.00000E+00  1.20000E+02
  3.17500E+01  1.02000E-08  0.00000E+00  0.00000E+00  1.20000E+02
  3.27400E+01  1.30000E-08  0.00000E+00  0.00000E+00  1.20000E+02
  3.36400E+01  1.02000E-08  0.00000E+00  0.00000E+00  1.20000E+02
  3.45800E+01  8.90000E-09  0.00000E+00  0.00000E+00  1.20000E+02
  1.13200E+01  2.10000E-08  0.00000E+00  0.00000E+00  1.75000E+01
  1.28800E+01  3.60000E-08  0.00000E+00  0.00000E+00  1.75000E+01
  1.37300E+01  8.10000E-08  0.00000E+00  0.00000E+00  1.75000E+01
  1.45800E+01  1.32000E-07  0.00000E+00  0.00000E+00  1.75000E+01
  1.57500E+01  1.96000E-07  0.00000E+00  0.00000E+00  1.75000E+01
  1.68600E+01  3.32000E-07  0.00000E+00  0.00000E+00  1.75000E+01
  1.77300E+01  4.06000E-07  0.00000E+00  0.00000E+00  1.75000E+01
  1.88500E+01  3.76000E-07  0.00000E+00  0.00000E+00  1.75000E+01
  1.97600E+01  3.56000E-07  0.00000E+00  0.00000E+00  1.75000E+01
  2.08200E+01  4.04000E-07  0.00000E+00  0.00000E+00  1.75000E+01
  2.18400E+01  3.80000E-07  0.00000E+00  0.00000E+00  1.75000E+01
  2.27800E+01  3.96000E-07  0.00000E+00  0.00000E+00  1.75000E+01
  2.39200E+01  4.21000E-07  0.00000E+00  0.00000E+00  1.75000E+01
  2.48300E+01  3.85000E-07  0.00000E+00  0.00000E+00  1.75000E+01
  2.57700E+01  3.97000E-07  0.00000E+00  0.00000E+00  1.75000E+01
  2.68000E+01  3.99000E-07  0.00000E+00  0.00000E+00  1.75000E+01
  2.78800E+01  4.80000E-07  0.00000E+00  0.00000E+00  1.75000E+01
  2.89600E+01  3.88000E-07  0.00000E+00  0.00000E+00  1.75000E+01
  2.98600E+01  3.35000E-07  0.00000E+00  0.00000E+00  1.75000E+01
  3.09900E+01  3.41000E-07  0.00000E+00  0.00000E+00  1.75000E+01
  3.18000E+01  3.04000E-07  0.00000E+00  0.00000E+00  1.75000E+01
  3.29000E+01  2.45000E-07  0.00000E+00  0.00000E+00  1.75000E+01
  3.38900E+01  1.73000E-07  0.00000E+00  0.00000E+00  1.75000E+01
  3.49100E+01  1.52000E-07  0.00000E+00  0.00000E+00  1.75000E+01
  3.58500E+01  1.84000E-07  0.00000E+00  0.00000E+00  1.75000E+01
  3.69900E+01  1.90000E-07  0.00000E+00  0.00000E+00  1.75000E+01
  3.78000E+01  1.60000E-07  0.00000E+00  0.00000E+00  1.75000E+01
  3.88200E+01  1.49000E-07  0.00000E+00  0.00000E+00  1.75000E+01
  3.98600E+01  1.61000E-07  0.00000E+00  0.00000E+00  1.75000E+01
  4.09800E+01  1.41000E-07  0.00000E+00  0.00000E+00  1.75000E+01
  4.18900E+01  1.05000E-07  0.00000E+00  0.00000E+00  1.75000E+01
  4.29100E+01  8.10000E-08  0.00000E+00  0.00000E+00  1.75000E+01
  4.38400E+01  9.00000E-08  0.00000E+00  0.00000E+00  1.75000E+01
  4.47600E+01  7.00000E-08  0.00000E+00  0.00000E+00  1.75000E+01
  4.57800E+01  5.60000E-08  0.00000E+00  0.00000E+00  1.75000E+01
  4.69100E+01  5.50000E-08  0.00000E+00  0.00000E+00  1.75000E+01
  4.81400E+01  4.40000E-08  0.00000E+00  0.00000E+00  1.75000E+01
  4.89700E+01  4.00000E-08  0.00000E+00  0.00000E+00  1.75000E+01
  5.00300E+01  2.70000E-08  0.00000E+00  0.00000E+00  1.75000E+01
  5.09400E+01  2.30000E-08  0.00000E+00  0.00000E+00  1.75000E+01
  5.19600E+01  1.10000E-08  0.00000E+00  0.00000E+00  1.75000E+01
  5.30900E+01  1.30000E-08  0.00000E+00  0.00000E+00  1.75000E+01
  5.38000E+01  1.30000E-08  0.00000E+00  0.00000E+00  1.75000E+01
  5.48200E+01  1.00000E-09  0.00000E+00  0.00000E+00  1.75000E+01
  5.57500E+01  1.10000E-08  0.00000E+00  0.00000E+00  1.75000E+01
  5.68700E+01  9.00000E-09  0.00000E+00  0.00000E+00  1.75000E+01
  5.77900E+01  1.00000E-09  0.00000E+00  0.00000E+00  1.75000E+01
  5.89200E+01  1.00000E-08  0.00000E+00  0.00000E+00  1.75000E+01
  5.98300E+01  1.00000E-09  0.00000E+00  0.00000E+00  1.75000E+01
  1.18700E+01  2.10000E-08  0.00000E+00  0.00000E+00  3.25000E+01
  1.28900E+01  4.90000E-08  0.00000E+00  0.00000E+00  3.25000E+01
  1.38200E+01  6.10000E-08  0.00000E+00  0.00000E+00  3.25000E+01
  1.45900E+01  1.39000E-07  0.00000E+00  0.00000E+00  3.25000E+01
  1.56700E+01  2.22000E-07  0.00000E+00  0.00000E+00  3.25000E+01
  1.67100E+01  2.44000E-07  0.00000E+00  0.00000E+00  3.25000E+01
  1.77000E+01  3.61000E-07  0.00000E+00  0.00000E+00  3.25000E+01
  1.87800E+01  4.48000E-07  1.00000E-07  0.00000E+00  3.25000E+01
  1.96700E+01  3.72000E-07  0.00000E+00  0.00000E+00  3.25000E+01
  2.07400E+01  3.68000E-07  0.00000E+00  0.00000E+00  3.25000E+01
  2.17900E+01  4.68000E-07  0.00000E+00  0.00000E+00  3.25000E+01
  2.26100E+01  4.68000E-07  0.00000E+00  0.00000E+00  3.25000E+01
  2.38500E+01  2.98000E-07  0.00000E+00  0.00000E+00  3.25000E+01
  2.48800E+01  2.84000E-07  0.00000E+00  0.00000E+00  3.25000E+01
  2.57300E+01  3.32000E-07  0.00000E+00  0.00000E+00  3.25000E+01
  2.68700E+01  3.38000E-07  0.00000E+00  0.00000E+00  3.25000E+01
  2.79600E+01  2.72000E-07  0.00000E+00  0.00000E+00  3.25000E+01
  2.89000E+01  2.87000E-07  0.00000E+00  0.00000E+00  3.25000E+01
  2.98400E+01  2.99000E-07  0.00000E+00  0.00000E+00  3.25000E+01
  3.08700E+01  3.08000E-07  0.00000E+00  0.00000E+00  3.25000E+01
  3.17000E+01  3.14000E-07  0.00000E+00  0.00000E+00  3.25000E+01
  3.29000E+01  2.45000E-07  0.00000E+00  0.00000E+00  3.25000E+01
  3.39100E+01  2.05000E-07  0.00000E+00  0.00000E+00  3.25000E+01
  3.48300E+01  2.04000E-07  0.00000E+00  0.00000E+00  3.25000E+01
  3.60500E+01  1.74000E-07  0.00000E+00  0.00000E+00  3.25000E+01
  3.69700E+01  1.57000E-07  0.00000E+00  0.00000E+00  3.25000E+01
  3.77800E+01  1.34000E-07  0.00000E+00  0.00000E+00  3.25000E+01
  3.90000E+01  1.07000E-07  0.00000E+00  0.00000E+00  3.25000E+01
  4.00200E+01  8.30000E-08  0.00000E+00  0.00000E+00  3.25000E+01
  4.08500E+01  8.60000E-08  0.00000E+00  0.00000E+00  3.25000E+01
  4.19700E+01  5.60000E-08  0.00000E+00  0.00000E+00  3.25000E+01
  4.30100E+01  7.40000E-08  0.00000E+00  0.00000E+00  3.25000E+01
  4.39700E+01  1.39000E-07  0.00000E+00  0.00000E+00  3.25000E+01
  4.48700E+01  8.30000E-08  0.00000E+00  0.00000E+00  3.25000E+01
  4.59800E+01  3.60000E-08  0.00000E+00  0.00000E+00  3.25000E+01
  4.69100E+01  4.20000E-08  0.00000E+00  0.00000E+00  3.25000E+01
  4.80300E+01  3.10000E-08  0.00000E+00  0.00000E+00  3.25000E+01
  4.89600E+01  2.40000E-08  0.00000E+00  0.00000E+00  3.25000E+01
  5.00200E+01  2.00000E-08  0.00000E+00  0.00000E+00  3.25000E+01
  5.09400E+01  2.30000E-08  0.00000E+00  0.00000E+00  3.25000E+01
  5.19600E+01  1.10000E-08  0.00000E+00  0.00000E+00  3.25000E+01
  5.28900E+01  2.00000E-08  0.00000E+00  0.00000E+00  3.25000E+01
  5.39000E+01  2.00000E-09  0.00000E+00  0.00000E+00  3.25000E+01
  5.58500E+01  1.40000E-08  0.00000E+00  0.00000E+00  3.25000E+01
  5.67600E+01  3.00000E-09  0.00000E+00  0.00000E+00  3.25000E+01
  5.89100E+01  1.00000E-09  0.00000E+00  0.00000E+00  3.25000E+01
  9.46000E+00  1.20000E-08  0.00000E+00  0.00000E+00  6.25001E+01
  1.04900E+01  1.10000E-08  0.00000E+00  0.00000E+00  6.25001E+01
  1.16400E+01  2.40000E-08  0.00000E+00  0.00000E+00  6.25001E+01
  1.26800E+01  5.20000E-08  0.00000E+00  0.00000E+00  6.25001E+01
  1.37400E+01  9.40000E-08  0.00000E+00  0.00000E+00  6.25001E+01
  1.47000E+01  1.61000E-07  0.00000E+00  0.00000E+00  6.25001E+01
  1.56700E+01  2.32000E-07  0.00000E+00  0.00000E+00  6.25001E+01
  1.67500E+01  3.13000E-07  0.00000E+00  0.00000E+00  6.25001E+01
  1.77900E+01  3.31000E-07  0.00000E+00  0.00000E+00  6.25001E+01
  1.87000E+01  3.05000E-07  0.00000E+00  0.00000E+00  6.25001E+01
  1.98000E+01  2.45000E-07  0.00000E+00  0.00000E+00  6.25001E+01
  2.08200E+01  2.15000E-07  0.00000E+00  0.00000E+00  6.25001E+01
  2.19200E+01  1.62000E-07  0.00000E+00  0.00000E+00  6.25001E+01
  2.30600E+01  1.68000E-07  0.00000E+00  0.00000E+00  6.25001E+01
  2.37900E+01  1.77000E-07  0.00000E+00  0.00000E+00  6.25001E+01
  2.49200E+01  1.86000E-07  0.00000E+00  0.00000E+00  6.25001E+01
  2.58400E+01  1.62000E-07  0.00000E+00  0.00000E+00  6.25001E+01
  2.68500E+01  1.32000E-07  0.00000E+00  0.00000E+00  6.25001E+01
  2.78900E+01  1.38000E-07  0.00000E+00  0.00000E+00  6.25001E+01
  2.89200E+01  1.44000E-07  0.00000E+00  0.00000E+00  6.25001E+01
  2.98400E+01  1.27000E-07  0.00000E+00  0.00000E+00  6.25001E+01
  3.06600E+01  1.13000E-07  0.00000E+00  0.00000E+00  6.25001E+01
  3.18800E+01  9.60000E-08  0.00000E+00  0.00000E+00  6.25001E+01
  3.29000E+01  6.90000E-08  0.00000E+00  0.00000E+00  6.25001E+01
  3.37100E+01  3.90000E-08  0.00000E+00  0.00000E+00  6.25001E+01
  3.49400E+01  2.20000E-08  0.00000E+00  0.00000E+00  6.25001E+01
  3.58700E+01  4.10000E-08  0.00000E+00  0.00000E+00  6.25001E+01
  3.70100E+01  5.00000E-08  0.00000E+00  0.00000E+00  6.25001E+01
  3.78300E+01  3.90000E-08  0.00000E+00  0.00000E+00  6.25001E+01
  3.88500E+01  2.20000E-08  0.00000E+00  0.00000E+00  6.25001E+01
  3.99900E+01  1.80000E-08  0.00000E+00  0.00000E+00  6.25001E+01
  4.10100E+01  1.10000E-08  0.00000E+00  0.00000E+00  6.25001E+01
  4.21500E+01  1.00000E-08  0.00000E+00  0.00000E+00  6.25001E+01
  4.28700E+01  1.60000E-08  0.00000E+00  0.00000E+00  6.25001E+01
  4.41100E+01  2.80000E-08  0.00000E+00  0.00000E+00  6.25001E+01
  4.48400E+01  3.10000E-08  0.00000E+00  0.00000E+00  6.25001E+01
  4.58600E+01  1.70000E-08  0.00000E+00  0.00000E+00  6.25001E+01
  4.68900E+01  1.30000E-08  0.00000E+00  0.00000E+00  6.25001E+01
  4.81200E+01  2.00000E-09  0.00000E+00  0.00000E+00  6.25001E+01
  9.15000E+00  6.00000E-09  0.00000E+00  0.00000E+00  9.00000E+01
  1.08000E+01  8.00000E-09  0.00000E+00  0.00000E+00  9.00000E+01
  1.14200E+01  1.10000E-08  0.00000E+00  0.00000E+00  9.00000E+01
  1.29800E+01  3.90000E-08  0.00000E+00  0.00000E+00  9.00000E+01
  1.38200E+01  6.10000E-08  0.00000E+00  0.00000E+00  9.00000E+01
  1.46100E+01  1.74000E-07  0.00000E+00  0.00000E+00  9.00000E+01
  1.56500E+01  1.87000E-07  0.00000E+00  0.00000E+00  9.00000E+01
  1.66900E+01  2.09000E-07  0.00000E+00  0.00000E+00  9.00000E+01
  1.77300E+01  2.21000E-07  0.00000E+00  0.00000E+00  9.00000E+01
  1.87700E+01  2.36000E-07  0.00000E+00  0.00000E+00  9.00000E+01
  1.97800E+01  1.96000E-07  0.00000E+00  0.00000E+00  9.00000E+01
  2.07900E+01  1.70000E-07  0.00000E+00  0.00000E+00  9.00000E+01
  2.18000E+01  1.26000E-07  0.00000E+00  0.00000E+00  9.00000E+01
  2.30200E+01  9.60000E-08  0.00000E+00  0.00000E+00  9.00000E+01
  2.38400E+01  8.60000E-08  0.00000E+00  0.00000E+00  9.00000E+01
  2.47700E+01  9.50000E-08  0.00000E+00  0.00000E+00  9.00000E+01
  2.58800E+01  5.80000E-08  0.00000E+00  0.00000E+00  9.00000E+01
  2.69100E+01  4.40000E-08  0.00000E+00  0.00000E+00  9.00000E+01
  2.79500E+01  6.60000E-08  0.00000E+00  0.00000E+00  9.00000E+01
  2.87700E+01  5.30000E-08  0.00000E+00  0.00000E+00  9.00000E+01
  2.98900E+01  3.90000E-08  0.00000E+00  0.00000E+00  9.00000E+01
  3.10200E+01  2.80000E-08  0.00000E+00  0.00000E+00  9.00000E+01
  3.19500E+01  2.40000E-08  0.00000E+00  0.00000E+00  9.00000E+01
  3.27700E+01  2.40000E-08  0.00000E+00  0.00000E+00  9.00000E+01
  3.37000E+01  2.60000E-08  0.00000E+00  0.00000E+00  9.00000E+01
  3.49400E+01  3.20000E-08  0.00000E+00  0.00000E+00  9.00000E+01
  3.59700E+01  2.40000E-08  0.00000E+00  0.00000E+00  9.00000E+01
  3.69900E+01  1.40000E-08  0.00000E+00  0.00000E+00  9.00000E+01
  3.78200E+01  1.30000E-08  0.00000E+00  0.00000E+00  9.00000E+01
  3.87500E+01  1.60000E-08  0.00000E+00  0.00000E+00  9.00000E+01
  3.99800E+01  1.50000E-08  0.00000E+00  0.00000E+00  9.00000E+01
  4.10100E+01  1.10000E-08  0.00000E+00  0.00000E+00  9.00000E+01
  4.18300E+01  4.00000E-09  0.00000E+00  0.00000E+00  9.00000E+01
  4.27600E+01  6.00000E-09  0.00000E+00  0.00000E+00  9.00000E+01
  4.40000E+01  8.00000E-09  0.00000E+00  0.00000E+00  9.00000E+01
  4.48200E+01  8.00000E-09  0.00000E+00  0.00000E+00  9.00000E+01
  4.60600E+01  1.00000E-08  0.00000E+00  0.00000E+00  9.00000E+01
  4.68900E+01  9.00000E-09  0.00000E+00  0.00000E+00  9.00000E+01
  4.78200E+01  1.20000E-08  0.00000E+00  0.00000E+00  9.00000E+01
  4.90500E+01  8.00000E-09  0.00000E+00  0.00000E+00  9.00000E+01
  9.56000E+00  2.00000E-09  0.00000E+00  0.00000E+00  1.20000E+02
  1.05900E+01  5.00000E-09  0.00000E+00  0.00000E+00  1.20000E+02
  1.16300E+01  1.40000E-08  0.00000E+00  0.00000E+00  1.20000E+02
  1.25800E+01  4.60000E-08  0.00000E+00  0.00000E+00  1.20000E+02
  1.36300E+01  9.00000E-08  0.00000E+00  0.00000E+00  1.20000E+02
  1.46800E+01  1.19000E-07  0.00000E+00  0.00000E+00  1.20000E+02
  1.56600E+01  2.13000E-07  0.00000E+00  0.00000E+00  1.20000E+02
  1.67000E+01  2.25000E-07  0.00000E+00  0.00000E+00  1.20000E+02
  1.75400E+01  2.47000E-07  0.00000E+00  0.00000E+00  1.20000E+02
  1.87500E+01  2.14000E-07  0.00000E+00  0.00000E+00  1.20000E+02
  1.97400E+01  1.41000E-07  0.00000E+00  0.00000E+00  1.20000E+02
  2.11700E+01  1.04000E-07  0.00000E+00  0.00000E+00  1.20000E+02
  2.18900E+01  1.07000E-07  0.00000E+00  0.00000E+00  1.20000E+02
  2.29100E+01  8.30000E-08  0.00000E+00  0.00000E+00  1.20000E+02
  2.37200E+01  7.00000E-08  0.00000E+00  0.00000E+00  1.20000E+02
  2.48500E+01  5.60000E-08  0.00000E+00  0.00000E+00  1.20000E+02
  2.59800E+01  3.90000E-08  0.00000E+00  0.00000E+00  1.20000E+02
  2.70000E+01  2.80000E-08  0.00000E+00  0.00000E+00  1.20000E+02
  2.80300E+01  3.40000E-08  0.00000E+00  0.00000E+00  1.20000E+02
  2.88600E+01  4.30000E-08  0.00000E+00  0.00000E+00  1.20000E+02
  2.98900E+01  2.90000E-08  0.00000E+00  0.00000E+00  1.20000E+02
  3.09100E+01  1.90000E-08  0.00000E+00  0.00000E+00  1.20000E+02
  3.17300E+01  1.10000E-08  0.00000E+00  0.00000E+00  1.20000E+02
  3.29700E+01  1.00000E-08  0.00000E+00  0.00000E+00  1.20000E+02
  3.37900E+01  1.00000E-08  0.00000E+00  0.00000E+00  1.20000E+02
  3.48200E+01  6.00000E-09  0.00000E+00  0.00000E+00  1.20000E+02
  3.61700E+01  1.40000E-08  0.00000E+00  0.00000E+00  1.20000E+02
  3.71000E+01  1.70000E-08  0.00000E+00  0.00000E+00  1.20000E+02
  3.81300E+01  1.30000E-08  0.00000E+00  0.00000E+00  1.20000E+02
  3.89500E+01  1.90000E-08  0.00000E+00  0.00000E+00  1.20000E+02
  4.00800E+01  5.00000E-09  0.00000E+00  0.00000E+00  1.20000E+02
  4.11100E+01  4.00000E-09  0.00000E+00  0.00000E+00  1.20000E+02
  4.22500E+01  7.00000E-09  0.00000E+00  0.00000E+00  1.20000E+02
  4.31100E+01  6.00000E-09  0.00000E+00  0.00000E+00  1.20000E+02
  4.41000E+01  8.00000E-09  0.00000E+00  0.00000E+00  1.20000E+02
  4.57500E+01  1.00000E-08  0.00000E+00  0.00000E+00  1.20000E+02
  4.73000E+01  9.00000E-09  0.00000E+00  0.00000E+00  1.20000E+02
  7.60000E+00  4.00000E-09  0.00000E+00  0.00000E+00  1.50000E+02
  8.63000E+00  3.00000E-09  0.00000E+00  0.00000E+00  1.50000E+02
  9.56000E+00  2.00000E-09  0.00000E+00  0.00000E+00  1.50000E+02
  1.07000E+01  8.00000E-09  0.00000E+00  0.00000E+00  1.50000E+02
  1.16400E+01  3.00000E-08  0.00000E+00  0.00000E+00  1.50000E+02
  1.28900E+01  6.20000E-08  0.00000E+00  0.00000E+00  1.50000E+02
  1.37500E+01  1.23000E-07  0.00000E+00  0.00000E+00  1.50000E+02
  1.46300E+01  2.13000E-07  0.00000E+00  0.00000E+00  1.50000E+02
  1.57100E+01  2.91000E-07  2.00000E-07  0.00000E+00  1.50000E+02
  1.67400E+01  3.00000E-07  0.00000E+00  0.00000E+00  1.50000E+02
  1.76500E+01  2.73000E-07  0.00000E+00  0.00000E+00  1.50000E+02
  1.86500E+01  2.04000E-07  0.00000E+00  0.00000E+00  1.50000E+02
  1.97500E+01  1.54000E-07  0.00000E+00  0.00000E+00  1.50000E+02
  2.09600E+01  9.80000E-08  0.00000E+00  0.00000E+00  1.50000E+02
  2.17600E+01  6.50000E-08  0.00000E+00  0.00000E+00  1.50000E+02
  2.28900E+01  5.10000E-08  0.00000E+00  0.00000E+00  1.50000E+02
  2.39100E+01  4.00000E-08  0.00000E+00  0.00000E+00  1.50000E+02
  2.49400E+01  3.90000E-08  0.00000E+00  0.00000E+00  1.50000E+02
  2.59800E+01  4.20000E-08  0.00000E+00  0.00000E+00  1.50000E+02
  2.70000E+01  3.10000E-08  0.00000E+00  0.00000E+00  1.50000E+02
  2.79300E+01  2.40000E-08  0.00000E+00  0.00000E+00  1.50000E+02
  2.88500E+01  2.30000E-08  0.00000E+00  0.00000E+00  1.50000E+02
  2.99800E+01  1.60000E-08  0.00000E+00  0.00000E+00  1.50000E+02
  3.09100E+01  1.20000E-08  0.00000E+00  0.00000E+00  1.50000E+02
  3.17300E+01  5.00000E-09  0.00000E+00  0.00000E+00  1.50000E+02
  3.28700E+01  7.00000E-09  0.00000E+00  0.00000E+00  1.50000E+02
  3.39000E+01  6.00000E-09  0.00000E+00  0.00000E+00  1.50000E+02
  3.50300E+01  2.00000E-09  0.00000E+00  0.00000E+00  1.50000E+02
  3.57500E+01  8.00000E-09  0.00000E+00  0.00000E+00  1.50000E+02
  3.70900E+01  4.00000E-09  0.00000E+00  0.00000E+00  1.50000E+02
  3.78100E+01  3.00000E-09  0.00000E+00  0.00000E+00  1.50000E+02
  3.88400E+01  6.00000E-09  0.00000E+00  0.00000E+00  1.50000E+02
  4.01800E+01  2.00000E-09  0.00000E+00  0.00000E+00  1.50000E+02
  4.08000E+01  4.00000E-09  0.00000E+00  0.00000E+00  1.50000E+02
  4.21400E+01  7.00000E-09  0.00000E+00  0.00000E+00  1.50000E+02
  4.30700E+01  3.00000E-09  0.00000E+00  0.00000E+00  1.50000E+02
# Full reference:
#J.Muto,  H.Iton,  K.Okano,  N.Shiomi,  K.Fukuda,  Y.Omori, M.Kinara
#
#Jour. Nuclear Physics Vol.47, p.19, 1963
#Alpha-Particles from Several Elements Bombarded with 30,43 and 56 MeV Protons.
