# Target Z    :  73
# Target A    : 181
# Target state:  
# Projectile  : p
# Reaction    : (p,xa)
# E-inc       : 1200.000 MeV
# Quantity    : Double-differential cross section
# Frame       : L
# MF          :    6
# MT          :  207
# X4 ID       : O1305019 
# X4 code     : 73-TA-181(P,X)2-HE-4,,DA/DE
# Author      : Herbach                  
# Year        : 2006
# Data points :     61
# E-out(MeV) xs(mb/MeV.sr) dxs(mb/MeV.sr) dE(MeV)      Evaluation  C/E(F)      Chi-2     Delta(mb)
  4.50000E+00  1.27000E-08  2.79400E-09  0.00000E+00  3.00000E+01
  8.00000E+00  3.30000E-07  4.95000E-08  0.00000E+00  3.00000E+01
  1.12000E+01  8.10000E-07  1.21500E-07  0.00000E+00  3.00000E+01
  1.44000E+01  2.70000E-06  5.13000E-07  0.00000E+00  3.00000E+01
  1.74000E+01  5.50000E-06  7.15000E-07  0.00000E+00  3.00000E+01
  2.03000E+01  6.70000E-06  8.71000E-07  0.00000E+00  3.00000E+01
  2.37000E+01  6.20000E-06  9.30000E-07  0.00000E+00  3.00000E+01
  2.59000E+01  3.50000E-06  4.90000E-07  0.00000E+00  3.00000E+01
  2.91000E+01  2.60000E-06  3.90000E-07  0.00000E+00  3.00000E+01
  3.23000E+01  1.92000E-06  2.49600E-07  0.00000E+00  3.00000E+01
  3.57000E+01  1.17000E-06  1.98900E-07  0.00000E+00  3.00000E+01
  3.84000E+01  1.20000E-06  1.80000E-07  0.00000E+00  3.00000E+01
  4.16000E+01  8.00000E-07  1.04000E-07  0.00000E+00  3.00000E+01
  4.40000E+01  5.00000E-07  4.00000E-08  0.00000E+00  3.00000E+01
  4.58000E+01  5.31000E-07  0.00000E+00  0.00000E+00  3.00000E+01
  4.74000E+01  5.30000E-07  9.01000E-08  0.00000E+00  3.00000E+01
  5.01000E+01  6.00000E-07  7.20000E-08  0.00000E+00  3.00000E+01
  5.57000E+01  3.40000E-07  5.10000E-08  0.00000E+00  3.00000E+01
  6.55000E+01  1.87000E-07  2.61800E-08  0.00000E+00  3.00000E+01
  7.53000E+01  1.44000E-07  1.58400E-08  0.00000E+00  3.00000E+01
  8.52000E+01  7.80000E-08  1.17000E-08  0.00000E+00  3.00000E+01
  9.53000E+01  5.40000E-08  7.02000E-09  0.00000E+00  3.00000E+01
  3.80000E+00  1.42000E-08  0.00000E+00  0.00000E+00  7.50001E+01
  7.50000E+00  2.33000E-07  0.00000E+00  0.00000E+00  7.50001E+01
  1.15000E+01  6.27000E-07  0.00000E+00  0.00000E+00  7.50001E+01
  1.39000E+01  2.01000E-06  0.00000E+00  0.00000E+00  7.50001E+01
  1.65000E+01  3.93000E-06  0.00000E+00  0.00000E+00  7.50001E+01
  1.97000E+01  4.10000E-06  6.97000E-07  0.00000E+00  7.50001E+01
  2.30000E+01  2.80000E-06  3.92000E-07  0.00000E+00  7.50001E+01
  2.56000E+01  2.10000E-06  2.94000E-07  0.00000E+00  7.50001E+01
  2.89000E+01  1.38000E-06  1.93200E-07  0.00000E+00  7.50001E+01
  3.13000E+01  8.90000E-07  1.86900E-07  0.00000E+00  7.50001E+01
  3.51000E+01  7.50000E-07  9.00000E-08  0.00000E+00  7.50001E+01
  3.72000E+01  4.70000E-07  7.05000E-08  0.00000E+00  7.50001E+01
  4.07000E+01  4.80000E-07  6.24000E-08  0.00000E+00  7.50001E+01
  4.37000E+01  3.20000E-07  4.16000E-08  0.00000E+00  7.50001E+01
  4.63000E+01  3.50000E-07  4.90000E-08  0.00000E+00  7.50001E+01
  4.99000E+01  2.50000E-07  4.00000E-08  0.00000E+00  7.50001E+01
  5.49000E+01  1.50000E-07  0.00000E+00  0.00000E+00  7.50001E+01
  6.52000E+01  1.03000E-07  1.75100E-08  0.00000E+00  7.50001E+01
  7.54000E+01  9.20000E-08  1.47200E-08  0.00000E+00  7.50001E+01
  8.54000E+01  5.30000E-08  7.95000E-09  0.00000E+00  7.50001E+01
  9.49000E+01  2.90000E-08  4.93000E-09  0.00000E+00  7.50001E+01
  1.40000E+00  9.50000E-09  1.90000E-09  0.00000E+00  1.50000E+02
  4.10000E+00  1.15000E-08  2.41500E-09  0.00000E+00  1.50000E+02
  8.00000E+00  3.84000E-07  0.00000E+00  0.00000E+00  1.50000E+02
  1.07000E+01  2.00000E-06  4.00000E-07  0.00000E+00  1.50000E+02
  1.36000E+01  3.80000E-06  0.00000E+00  0.00000E+00  1.50000E+02
  1.66000E+01  5.92000E-06  0.00000E+00  0.00000E+00  1.50000E+02
  1.99000E+01  5.30000E-06  1.00700E-06  0.00000E+00  1.50000E+02
  2.32000E+01  3.80000E-06  7.98000E-07  0.00000E+00  1.50000E+02
  2.54000E+01  2.29000E-06  2.29000E-07  0.00000E+00  1.50000E+02
  2.87000E+01  1.63000E-06  2.44500E-07  0.00000E+00  1.50000E+02
  3.18000E+01  8.20000E-07  5.74000E-08  0.00000E+00  1.50000E+02
  3.48000E+01  5.00000E-07  9.00000E-08  0.00000E+00  1.50000E+02
  3.81000E+01  4.60000E-07  7.82000E-08  0.00000E+00  1.50000E+02
  4.06000E+01  4.00000E-07  6.00000E-08  0.00000E+00  1.50000E+02
  4.36000E+01  2.07000E-07  2.69100E-08  0.00000E+00  1.50000E+02
  4.66000E+01  1.43000E-07  1.43000E-08  0.00000E+00  1.50000E+02
  4.94000E+01  1.08000E-07  1.62000E-08  0.00000E+00  1.50000E+02
  5.51000E+01  7.30000E-08  7.30000E-09  0.00000E+00  1.50000E+02
# Full reference:
#C.-M.Herbach,  D.Hilscher,  U.Jahnke,  V.G.Tishchenko, J.Galin,  A.Letourneau,  A.Peghaire,  D.Filges, F.Goldenbaum,
# L.Pienkowski,  W.U.Schroeder,  J.Toke
#Jour. Nuclear Physics, Section A Vol.765, p.426, 2006
#Charged-particle evaporation and pre-equilibrium emission in 1.2 GeV proton-induced spallation reactions
