# Target Z    :  74
# Target A    : 184
# Target state:  
# Projectile  : p
# Reaction    : Inelastic scattering
# E-inc       :   65.000 MeV
# E-exc       :  0.90331 MeV (EXFOR:  0.90300)
# Quantity    : Angular distribution
# Frame       : L
# MF          :    4
# MT          :  604
# X4 ID       : O06970091
# X4 code     : 74-W-184(P,INL)74-W-184,PAR,DA
# Author      : Ogawa                    
# Year        : 1986
# Data points :    160
#  Angle(deg)    xs(mb/sr) dxs(mb/sr) dAngle(deg)
  1.31200E+01  2.76000E+00  2.17000E-01
  1.40800E+01  9.71400E+01  2.58000E+00
  1.41200E+01  2.38800E+00  1.80000E-01
  1.50900E+01  8.68400E+01  1.90000E+00
  1.51199E+01  2.44700E+00  1.41000E-01
  1.61300E+01  2.30900E+00  1.13000E-01
  1.65800E+01  2.04700E+00  1.56000E-01
  1.71300E+01  1.93900E+00  1.02000E-01
  1.81000E+01  4.22600E+01  1.04000E+00
  1.81300E+01  1.66000E+00  9.50000E-02
  1.81300E+01  1.68100E-01  3.72000E-02
  1.91100E+01  2.91400E+01  5.60000E-01
  1.91301E+01  1.16800E+00  7.10000E-02
  1.91301E+01  2.01300E-01  3.31000E-02
  2.01100E+01  1.62000E+01  4.40000E-01
  2.01300E+01  8.21700E-01  5.81000E-02
  2.01300E+01  1.78400E-01  3.08000E-02
  2.11200E+01  8.75200E+00  3.01000E-01
  2.11400E+01  5.26000E-01  3.67000E-02
  2.11400E+01  1.69300E-01  2.07000E-02
  2.21200E+01  6.72200E+00  1.93000E-01
  2.21400E+01  4.52700E-01  2.68000E-02
  2.21400E+01  1.71800E-01  2.20000E-02
  2.31300E+01  6.80400E+00  2.36000E-01
  2.31401E+01  1.50700E-01  1.73000E-02
  2.41400E+01  1.04700E+01  3.20000E-01
  2.41501E+01  1.42000E-01  2.28000E-02
  2.46400E+01  4.03200E+00  1.18000E-01
  2.51401E+01  1.60000E+01  3.30000E-01
  2.51401E+01  3.84400E+00  1.11000E-01
  2.61500E+01  2.27600E+01  3.40000E-01
  2.61500E+01  3.58800E+00  8.90000E-02
  2.71500E+01  2.67200E+01  3.90000E-01
  2.71500E+01  3.01700E+00  6.30000E-02
  2.81600E+01  3.06400E+01  3.30000E-01
  2.81600E+01  2.69100E+00  4.80000E-02
  2.91601E+01  3.14300E+01  3.30000E-01
  2.91601E+01  2.48800E+00  1.04000E-01
  3.01901E+01  9.41100E-01  1.80000E-02
  3.11700E+01  2.51600E+01  2.60000E-01
  3.11700E+01  8.25800E-01  4.00000E-02
  3.21800E+01  1.93800E+01  2.10000E-01
  3.21800E+01  1.40600E+00  4.40000E-02
  3.21900E+01  6.42300E-01  1.66000E-02
  3.31800E+01  1.39300E+01  1.90000E-01
  3.31800E+01  1.13700E+00  2.40000E-02
  3.32000E+01  4.76400E-01  1.28000E-02
  3.41901E+01  9.24000E+00  1.30000E-01
  3.41901E+01  9.75400E-01  3.24000E-02
  3.42001E+01  3.80200E-01  1.16000E-02
  3.42001E+01  6.43700E-02  5.87000E-03
  3.51900E+01  5.38600E+00  1.12000E-01
  3.51900E+01  8.95500E-01  2.24000E-02
  3.52001E+01  7.42800E-02  5.75000E-03
  3.62000E+01  3.45300E+00  4.20000E-02
  3.62000E+01  9.74700E-01  2.02000E-02
  3.62100E+01  7.76700E-02  3.91000E-03
  3.82101E+01  3.52400E+00  3.80000E-02
  3.82101E+01  9.29800E-01  1.79000E-02
  3.82101E+01  7.04000E-02  4.61000E-03
  4.02100E+01  6.90900E+00  5.70000E-02
  4.02100E+01  9.81700E-01  2.06000E-02
  4.02201E+01  1.83100E-01  6.00000E-03
  4.12201E+01  8.41200E+00  1.16000E-01
  4.12201E+01  1.00900E+00  4.10000E-02
  4.12201E+01  1.38400E-01  1.92000E-02
  4.22201E+01  9.54600E+00  6.00000E-02
  4.22201E+01  9.93800E-01  1.78000E-02
  4.22201E+01  9.38500E-02  7.83000E-03
  4.22301E+01  2.71300E-01  6.50000E-03
  4.32301E+01  1.03500E+01  1.30000E-01
  4.32301E+01  9.66700E-01  4.10000E-02
  4.42300E+01  1.01500E+01  6.00000E-02
  4.42300E+01  9.56400E-01  1.84000E-02
  4.42300E+01  2.97300E-01  6.90000E-03
  4.52401E+01  8.94600E+00  9.90000E-02
  4.52401E+01  8.39400E-01  3.18000E-02
  4.62401E+01  7.20300E+00  4.10000E-02
  4.62401E+01  7.05200E-01  1.34000E-02
  4.62401E+01  7.60700E-02  6.30000E-03
  4.62401E+01  2.70600E-01  5.60000E-03
  4.82401E+01  2.08800E-01  4.50000E-03
  4.82401E+01  2.89000E-02  1.72000E-03
  4.82501E+01  4.21700E+00  2.90000E-02
  4.82501E+01  5.41600E-01  1.07000E-02
  4.82501E+01  5.47000E-02  5.63000E-03
  4.92501E+01  2.79900E+00  4.40000E-02
  4.92501E+01  4.32100E-01  1.72000E-02
  4.92501E+01  6.54900E-02  1.10000E-02
  5.02501E+01  1.10000E-01  3.60000E-03
  5.02501E+01  3.38100E-02  1.76000E-03
  5.02601E+01  2.05700E+00  2.00000E-02
  5.02601E+01  3.81800E-01  8.50000E-03
  5.02601E+01  4.57100E-02  2.20000E-03
  5.12601E+01  1.55800E+00  2.90000E-02
  5.12601E+01  3.27100E-01  1.34000E-02
  5.22601E+01  1.53900E+00  1.60000E-02
  5.22601E+01  2.92600E-01  6.90000E-03
  5.22601E+01  3.64400E-02  5.19000E-03
  5.22601E+01  5.12300E-02  2.02000E-03
  5.22601E+01  3.30600E-02  1.63000E-03
  5.42601E+01  5.31000E-02  2.03000E-03
  5.42601E+01  2.45900E-02  1.56000E-03
  5.42701E+01  2.15600E+00  1.80000E-02
  5.42701E+01  2.75700E-01  6.00000E-03
  5.42701E+01  3.40900E-02  1.83000E-03
  5.62701E+01  7.88600E-02  2.74000E-03
  5.62801E+01  2.88000E+00  2.30000E-02
  5.62801E+01  2.91000E-01  7.10000E-03
  5.62801E+01  4.82300E-02  2.41000E-03
  5.82701E+01  9.07000E-02  2.63000E-03
  5.82701E+01  1.16800E-02  1.06000E-03
  5.82801E+01  3.05200E+00  2.10000E-02
  5.82801E+01  3.02500E-01  6.30000E-03
  5.82801E+01  4.28200E-02  2.16000E-03
  6.02801E+01  8.96600E-02  4.06000E-03
  6.02801E+01  1.04000E-02  1.62000E-03
  6.02901E+01  2.50700E+00  2.40000E-02
  6.02901E+01  2.76300E-01  7.90000E-03
  6.02901E+01  4.55600E-02  3.65000E-03
  6.22801E+01  7.26000E-02  2.35000E-03
  6.22801E+01  1.09300E-02  9.10000E-04
  6.22901E+01  1.71600E+00  1.40000E-02
  6.22901E+01  2.41400E-01  5.20000E-03
  6.22901E+01  3.31500E-02  1.78000E-03
  6.42901E+01  4.57200E-02  1.86000E-03
  6.42901E+01  1.34900E-02  1.02000E-03
  6.43001E+01  9.82100E-01  1.04000E-02
  6.43001E+01  1.74400E-01  4.40000E-03
  6.43001E+01  2.86100E-02  1.64000E-03
  6.62901E+01  2.77000E-02  1.26000E-03
  6.62901E+01  1.25300E-02  6.40000E-04
  6.63001E+01  6.27100E-01  7.30000E-03
  6.63001E+01  1.30100E-01  3.30000E-03
  6.63001E+01  2.33900E-02  1.24000E-03
  6.82901E+01  2.09900E-02  1.03000E-03
  6.82901E+01  1.10300E-02  7.50000E-04
  6.83101E+01  6.48800E-01  7.00000E-03
  6.83101E+01  1.07200E-01  2.80000E-03
  6.83101E+01  1.95800E-02  1.07000E-03
  7.03001E+01  2.41500E-02  1.17000E-03
  7.03001E+01  9.28000E-03  7.30000E-04
  7.03101E+01  8.28700E-01  8.70000E-03
  7.03101E+01  1.02700E-01  2.90000E-03
  7.03101E+01  1.94300E-02  1.23000E-03
  7.23001E+01  2.72100E-02  1.44000E-03
  7.23001E+01  6.68000E-03  7.10000E-04
  7.23201E+01  9.53000E-01  9.70000E-03
  7.23201E+01  1.07900E-01  3.20000E-03
  7.23201E+01  2.00200E-02  1.49000E-03
  7.43001E+01  3.27400E-02  1.58000E-03
  7.43001E+01  5.33000E-03  6.40000E-04
  7.43201E+01  9.02000E-01  9.30000E-03
  7.43201E+01  1.13900E-01  3.20000E-03
  7.43201E+01  2.24100E-02  1.54000E-03
  7.63001E+01  2.75900E-02  1.71000E-03
  7.63001E+01  4.43000E-03  6.90000E-04
  7.63201E+01  6.90900E-01  9.30000E-03
  7.63201E+01  9.82300E-02  3.47000E-03
  7.63201E+01  2.18500E-02  2.07000E-03
# Full reference:
#H.Ogawa,  H.Sakaguchi,  M.Nakamura,  T.Noro,  H.Sakamoto, T.Ichihara,  M.Yosoi,  M.Ieiri,  N.Isshiki,
# Y.Takeuchi, S.Kobayashi
#Jour. Physical Review, Part C, Nuclear Physics Vol.33, p.834, 1986
#Inelastic Scattering of 65-MeV Polarized Protons from Hf-172, Hf-180, W-182 and W-184 and Multipole Moments Of the Optical Potential.
#
